 -2.0000001E-03   2.845074    
 -1.9959963E-03   2.855356    
 -1.9919921E-03   2.860933    
 -1.9879881E-03   2.861617    
 -1.9839841E-03   2.855391    
 -1.9799802E-03   2.841925    
 -1.9759762E-03   2.824045    
 -1.9719722E-03   2.805656    
 -1.9679682E-03   2.792475    
 -1.9639642E-03   2.789775    
 -1.9599602E-03   2.796062    
 -1.9559562E-03   2.801225    
 -1.9519520E-03   2.796589    
 -1.9479481E-03   2.787359    
 -1.9439441E-03   2.788977    
 -1.9399400E-03   2.809927    
 -1.9359362E-03   2.839132    
 -1.9319321E-03   2.859737    
 -1.9279281E-03   2.869108    
 -1.9239242E-03   2.879916    
 -1.9199200E-03   2.901834    
 -1.9159161E-03   2.928534    
 -1.9119122E-03   2.947592    
 -1.9079080E-03   2.957308    
 -1.9039041E-03   2.969374    
 -1.8999000E-03   2.993718    
 -1.8958960E-03   3.025211    
 -1.8918922E-03   3.048433    
 -1.8878881E-03   3.052292    
 -1.8838841E-03   3.038981    
 -1.8798800E-03   3.019855    
 -1.8758760E-03   3.004937    
 -1.8718721E-03   2.995864    
 -1.8678680E-03   2.988808    
 -1.8638640E-03   2.984906    
 -1.8598601E-03   2.994747    
 -1.8558560E-03   3.029005    
 -1.8518521E-03   3.084643    
 -1.8478479E-03   3.145500    
 -1.8438440E-03   3.196446    
 -1.8398401E-03   3.237373    
 -1.8358360E-03   3.277057    
 -1.8318320E-03   3.319881    
 -1.8278279E-03   3.364023    
 -1.8238240E-03   3.409873    
 -1.8198200E-03   3.458222    
 -1.8158159E-03   3.499175    
 -1.8118119E-03   3.512560    
 -1.8078081E-03   3.491674    
 -1.8038040E-03   3.461635    
 -1.7998000E-03   3.459913    
 -1.7957959E-03   3.496511    
 -1.7917920E-03   3.541542    
 -1.7877880E-03   3.558687    
 -1.7837839E-03   3.544944    
 -1.7797799E-03   3.526352    
 -1.7757760E-03   3.524498    
 -1.7717719E-03   3.535980    
 -1.7677679E-03   3.547817    
 -1.7637638E-03   3.558114    
 -1.7597600E-03   3.573084    
 -1.7557560E-03   3.590586    
 -1.7517519E-03   3.599505    
 -1.7477479E-03   3.592279    
 -1.7437440E-03   3.573520    
 -1.7397399E-03   3.550999    
 -1.7357359E-03   3.529407    
 -1.7317318E-03   3.512869    
 -1.7277279E-03   3.508438    
 -1.7237237E-03   3.520157    
 -1.7197198E-03   3.544400    
 -1.7157159E-03   3.574800    
 -1.7117118E-03   3.611497    
 -1.7077079E-03   3.658072    
 -1.7037039E-03   3.710264    
 -1.6996998E-03   3.752144    
 -1.6956959E-03   3.769815    
 -1.6916919E-03   3.765668    
 -1.6876878E-03   3.759444    
 -1.6836839E-03   3.774347    
 -1.6796797E-03   3.819067    
 -1.6756759E-03   3.880957    
 -1.6716719E-03   3.933951    
 -1.6676678E-03   3.962114    
 -1.6636639E-03   3.978357    
 -1.6596598E-03   4.015254    
 -1.6556558E-03   4.089382    
 -1.6516518E-03   4.177086    
 -1.6476478E-03   4.235336    
 -1.6436438E-03   4.247881    
 -1.6396398E-03   4.240700    
 -1.6356357E-03   4.247605    
 -1.6316319E-03   4.269168    
 -1.6276278E-03   4.276073    
 -1.6236238E-03   4.251262    
 -1.6196198E-03   4.212463    
 -1.6156157E-03   4.192286    
 -1.6116118E-03   4.203984    
 -1.6076078E-03   4.238503    
 -1.6036037E-03   4.284323    
 -1.5995997E-03   4.338826    
 -1.5955957E-03   4.397108    
 -1.5915917E-03   4.445168    
 -1.5875878E-03   4.471879    
 -1.5835837E-03   4.483718    
 -1.5795798E-03   4.500681    
 -1.5755757E-03   4.534204    
 -1.5715717E-03   4.575016    
 -1.5675678E-03   4.603883    
 -1.5635637E-03   4.614102    
 -1.5595597E-03   4.621076    
 -1.5555557E-03   4.646587    
 -1.5515516E-03   4.691704    
 -1.5475478E-03   4.727366    
 -1.5435437E-03   4.721257    
 -1.5395397E-03   4.674484    
 -1.5355357E-03   4.627334    
 -1.5315317E-03   4.621572    
 -1.5275277E-03   4.657010    
 -1.5235236E-03   4.699235    
 -1.5195196E-03   4.728610    
 -1.5155156E-03   4.766294    
 -1.5115116E-03   4.845376    
 -1.5075076E-03   4.964382    
 -1.5035035E-03   5.086402    
 -1.4994997E-03   5.181661    
 -1.4954957E-03   5.251740    
 -1.4914917E-03   5.308712    
 -1.4874877E-03   5.347816    
 -1.4834836E-03   5.356843    
 -1.4794796E-03   5.344530    
 -1.4754756E-03   5.338902    
 -1.4714716E-03   5.356674    
 -1.4674676E-03   5.390792    
 -1.4634635E-03   5.434071    
 -1.4594595E-03   5.493297    
 -1.4554557E-03   5.568147    
 -1.4514516E-03   5.627017    
 -1.4474476E-03   5.630452    
 -1.4434436E-03   5.579794    
 -1.4394395E-03   5.525735    
 -1.4354356E-03   5.514724    
 -1.4314316E-03   5.540910    
 -1.4274275E-03   5.565753    
 -1.4234236E-03   5.574810    
 -1.4194195E-03   5.593747    
 -1.4154156E-03   5.648411    
 -1.4114116E-03   5.728399    
 -1.4074075E-03   5.801785    
 -1.4034036E-03   5.855934    
 -1.3993995E-03   5.902551    
 -1.3953955E-03   5.949557    
 -1.3913916E-03   5.983870    
 -1.3873874E-03   5.990166    
 -1.3833835E-03   5.973007    
 -1.3793795E-03   5.950779    
 -1.3753754E-03   5.933507    
 -1.3713716E-03   5.918221    
 -1.3673675E-03   5.906858    
 -1.3633635E-03   5.915582    
 -1.3593596E-03   5.960422    
 -1.3553554E-03   6.039525    
 -1.3513515E-03   6.133389    
 -1.3473475E-03   6.217895    
 -1.3433434E-03   6.275398    
 -1.3393395E-03   6.299603    
 -1.3353354E-03   6.302403    
 -1.3313314E-03   6.312867    
 -1.3273275E-03   6.359619    
 -1.3233233E-03   6.444811    
 -1.3193195E-03   6.542458    
 -1.3153154E-03   6.627235    
 -1.3113114E-03   6.701439    
 -1.3073074E-03   6.786302    
 -1.3033034E-03   6.890051    
 -1.2992994E-03   6.996676    
 -1.2952955E-03   7.090650    
 -1.2912914E-03   7.178658    
 -1.2872875E-03   7.276371    
 -1.2832835E-03   7.378445    
 -1.2792794E-03   7.457546    
 -1.2752755E-03   7.499947    
 -1.2712714E-03   7.527705    
 -1.2672674E-03   7.575874    
 -1.2632634E-03   7.653506    
 -1.2592594E-03   7.740417    
 -1.2552554E-03   7.816769    
 -1.2512513E-03   7.883166    
 -1.2472473E-03   7.948368    
 -1.2432433E-03   8.009003    
 -1.2392394E-03   8.054325    
 -1.2352354E-03   8.081386    
 -1.2312314E-03   8.097175    
 -1.2272274E-03   8.108454    
 -1.2232234E-03   8.123567    
 -1.2192193E-03   8.160153    
 -1.2152153E-03   8.233595    
 -1.2112113E-03   8.327541    
 -1.2072073E-03   8.396903    
 -1.2032033E-03   8.415466    
 -1.1991992E-03   8.411319    
 -1.1951954E-03   8.433616    
 -1.1911913E-03   8.488227    
 -1.1871873E-03   8.532701    
 -1.1831833E-03   8.546074    
 -1.1791792E-03   8.575371    
 -1.1751753E-03   8.683151    
 -1.1711712E-03   8.860598    
 -1.1671672E-03   9.029633    
 -1.1631633E-03   9.138871    
 -1.1591592E-03   9.224874    
 -1.1551552E-03   9.354540    
 -1.1511513E-03   9.527121    
 -1.1471473E-03   9.669683    
 -1.1431432E-03   9.729846    
 -1.1391392E-03   9.738735    
 -1.1351353E-03   9.763379    
 -1.1311313E-03   9.824963    
 -1.1271272E-03   9.890361    
 -1.1231232E-03   9.935106    
 -1.1191192E-03   9.983362    
 -1.1151151E-03   10.07446    
 -1.1111113E-03   10.21677    
 -1.1071071E-03   10.39063    
 -1.1031033E-03   10.58013    
 -1.0990992E-03   10.78255    
 -1.0950952E-03   10.98352    
 -1.0910912E-03   11.15670    
 -1.0870872E-03   11.29728    
 -1.0830831E-03   11.44498    
 -1.0790792E-03   11.64810    
 -1.0750751E-03   11.90442    
 -1.0710711E-03   12.14699    
 -1.0670673E-03   12.30085    
 -1.0630632E-03   12.35017    
 -1.0590592E-03   12.34814    
 -1.0550552E-03   12.36410    
 -1.0510512E-03   12.42750    
 -1.0470471E-03   12.52051    
 -1.0430432E-03   12.60876    
 -1.0390391E-03   12.66945    
 -1.0350351E-03   12.69023    
 -1.0310311E-03   12.66644    
 -1.0270271E-03   12.61206    
 -1.0230232E-03   12.56765    
 -1.0190191E-03   12.57387    
 -1.0150151E-03   12.62665    
 -1.0110112E-03   12.67746    
 -1.0070070E-03   12.69010    
 -1.0030031E-03   12.69557    
 -9.9899911E-04   12.76175    
 -9.9499500E-04   12.91546    
 -9.9099113E-04   13.11354    
 -9.8698703E-04   13.30249    
 -9.8298315E-04   13.47792    
 -9.7897905E-04   13.66265    
 -9.7497512E-04   13.83642    
 -9.7097107E-04   13.93438    
 -9.6696703E-04   13.93074    
 -9.6296304E-04   13.89798    
 -9.5895911E-04   13.94992    
 -9.5495506E-04   14.13370    
 -9.5095101E-04   14.39709    
 -9.4694702E-04   14.65755    
 -9.4294309E-04   14.87588    
 -9.3893893E-04   15.05871    
 -9.3493500E-04   15.21771    
 -9.3093107E-04   15.35886    
 -9.2692696E-04   15.49895    
 -9.2292303E-04   15.66249    
 -9.1891899E-04   15.86307    
 -9.1491506E-04   16.09965    
 -9.1091095E-04   16.37720    
 -9.0690702E-04   16.70636    
 -9.0290298E-04   17.07322    
 -8.9889899E-04   17.42327    
 -8.9489494E-04   17.69705    
 -8.9089101E-04   17.88150    
 -8.8688690E-04   18.01263    
 -8.8288297E-04   18.13632    
 -8.7887893E-04   18.27535    
 -8.7487500E-04   18.42936    
 -8.7087089E-04   18.58603    
 -8.6686696E-04   18.72629    
 -8.6286303E-04   18.84079    
 -8.5885887E-04   18.95483    
 -8.5485494E-04   19.11769    
 -8.5085095E-04   19.35215    
 -8.4684690E-04   19.61312    
 -8.4284286E-04   19.82276    
 -8.3883893E-04   19.94497    
 -8.3483494E-04   20.01844    
 -8.3083089E-04   20.11956    
 -8.2682684E-04   20.30812    
 -8.2282291E-04   20.60490    
 -8.1881881E-04   20.98321    
 -8.1481488E-04   21.36110    
 -8.1081083E-04   21.63099    
 -8.0680696E-04   21.74460    
 -8.0280280E-04   21.77421    
 -7.9879886E-04   21.85685    
 -7.9479493E-04   22.06096    
 -7.9079083E-04   22.33308    
 -7.8678690E-04   22.58841    
 -7.8278285E-04   22.81911    
 -7.7877886E-04   23.09076    
 -7.7477482E-04   23.43836    
 -7.7077089E-04   23.82258    
 -7.6676684E-04   24.19032    
 -7.6276285E-04   24.54010    
 -7.5875880E-04   24.89737    
 -7.5475487E-04   25.25870    
 -7.5075077E-04   25.60078    
 -7.4674684E-04   25.93663    
 -7.4274279E-04   26.31330    
 -7.3873874E-04   26.74491    
 -7.3473481E-04   27.18234    
 -7.3073083E-04   27.58525    
 -7.2672690E-04   27.99950    
 -7.2272273E-04   28.52064    
 -7.1871880E-04   29.18130    
 -7.1471481E-04   29.90307    
 -7.1071077E-04   30.57824    
 -7.0670672E-04   31.17367    
 -7.0270279E-04   31.73901    
 -6.9869880E-04   32.32827    
 -6.9469475E-04   32.94066    
 -6.9069071E-04   33.54375    
 -6.8668678E-04   34.12785    
 -6.8268267E-04   34.72420    
 -6.7867874E-04   35.36657    
 -6.7467469E-04   36.05370    
 -6.7067071E-04   36.74603    
 -6.6666678E-04   37.39930    
 -6.6266273E-04   38.00950    
 -6.5865880E-04   38.62793    
 -6.5465469E-04   39.33414    
 -6.5065076E-04   40.19012    
 -6.4664672E-04   41.19741    
 -6.4264267E-04   42.30165    
 -6.3863868E-04   43.42215    
 -6.3463475E-04   44.49054    
 -6.3063059E-04   45.46684    
 -6.2662666E-04   46.33953    
 -6.2262267E-04   47.11567    
 -6.1861874E-04   47.80804    
 -6.1461458E-04   48.43740    
 -6.1061064E-04   49.03811    
 -6.0660666E-04   49.65294    
 -6.0260261E-04   50.31586    
 -5.9859868E-04   51.03805    
 -5.9459469E-04   51.82330    
 -5.9059076E-04   52.69270    
 -5.8658660E-04   53.68557    
 -5.8258267E-04   54.82950    
 -5.7857868E-04   56.11549    
 -5.7457463E-04   57.50913    
 -5.7057058E-04   58.97592    
 -5.6656665E-04   60.48938    
 -5.6256255E-04   62.02174    
 -5.5855862E-04   63.55715    
 -5.5455457E-04   65.10757    
 -5.5055064E-04   66.70482    
 -5.4654654E-04   68.35564    
 -5.4254261E-04   70.01492    
 -5.3853856E-04   71.62217    
 -5.3453457E-04   73.16553    
 -5.3053064E-04   74.69726    
 -5.2652659E-04   76.28867    
 -5.2252255E-04   77.98131    
 -5.1851856E-04   79.78435    
 -5.1451463E-04   81.70524    
 -5.1051058E-04   83.78043    
 -5.0650653E-04   86.06513    
 -5.0250255E-04   88.60636    
 -4.9849862E-04   91.38781    
 -4.9449445E-04   94.30546    
 -4.9049052E-04   97.20215    
 -4.8648650E-04   99.96825    
 -4.8248249E-04   102.6170    
 -4.7847847E-04   105.2647    
 -4.7447454E-04   108.0396    
 -4.7047061E-04   111.0141    
 -4.6646647E-04   114.2017    
 -4.6246254E-04   117.5779    
 -4.5845853E-04   121.0959    
 -4.5445448E-04   124.7171    
 -4.5045046E-04   128.4702    
 -4.4644653E-04   132.4639    
 -4.4244251E-04   136.8005    
 -4.3843850E-04   141.4700    
 -4.3443445E-04   146.3646    
 -4.3043052E-04   151.4073    
 -4.2642641E-04   156.6374    
 -4.2242248E-04   162.1602    
 -4.1841844E-04   168.0426    
 -4.1441442E-04   174.3007    
 -4.1041040E-04   180.9389    
 -4.0640647E-04   187.9457    
 -4.0240254E-04   195.2452    
 -3.9839841E-04   202.7410    
 -3.9439448E-04   210.4181    
 -3.9039046E-04   218.3802    
 -3.8638641E-04   226.7245    
 -3.8238239E-04   235.4160    
 -3.7837846E-04   244.3130    
 -3.7437433E-04   253.2667    
 -3.7037040E-04   262.1205    
 -3.6636638E-04   270.6618    
 -3.6236245E-04   278.7025    
 -3.5835832E-04   286.2846    
 -3.5435439E-04   293.6829    
 -3.5035037E-04   301.1044    
 -3.4634635E-04   308.4298    
 -3.4234230E-04   315.3959    
 -3.3833840E-04   322.0294    
 -3.3433427E-04   328.7496    
 -3.3033034E-04   335.9418    
 -3.2632641E-04   343.5464    
 -3.2232248E-04   351.2097    
 -3.1831834E-04   358.8038    
 -3.1431441E-04   366.6681    
 -3.1031031E-04   375.2958    
 -3.0630638E-04   384.9509    
 -3.0230224E-04   395.6708    
 -2.9829831E-04   407.5352    
 -2.9429438E-04   420.7623    
 -2.9029025E-04   435.5384    
 -2.8628614E-04   451.8724    
 -2.8228239E-04   469.6750    
 -2.7827828E-04   488.8919    
 -2.7427435E-04   509.4949    
 -2.7027042E-04   531.4648    
 -2.6626629E-04   554.9029    
 -2.6226236E-04   580.1537    
 -2.5825822E-04   607.7537    
 -2.5425432E-04   638.2001    
 -2.5025039E-04   671.8459    
 -2.4624626E-04   708.9395    
 -2.4224212E-04   749.6785    
 -2.3823840E-04   794.1978    
 -2.3423426E-04   842.6071    
 -2.3023014E-04   895.1014    
 -2.2622621E-04   952.0331    
 -2.2222228E-04   1013.735    
 -2.1821816E-04   1080.314    
 -2.1421423E-04   1151.673    
 -2.1021010E-04   1227.729    
 -2.0620637E-04   1308.247    
 -2.0220225E-04   1392.323    
 -1.9819812E-04   1477.889    
 -1.9419439E-04   1561.825    
 -1.9019026E-04   1640.535    
 -1.8618614E-04   1710.201    
 -1.8218221E-04   1766.847    
 -1.7817828E-04   1806.623    
 -1.7417416E-04   1826.708    
 -1.7017023E-04   1826.441    
 -1.6616609E-04   1807.766    
 -1.6216218E-04   1774.667    
 -1.5815825E-04   1731.923    
 -1.5415411E-04   1683.979    
 -1.5014999E-04   1634.287    
 -1.4614625E-04   1585.291    
 -1.4214213E-04   1538.744    
 -1.3813801E-04   1496.181    
 -1.3413427E-04   1458.914    
 -1.3013015E-04   1427.688    
 -1.2612622E-04   1402.480    
 -1.2212209E-04   1382.886    
 -1.1811817E-04   1368.837    
 -1.1411423E-04   1360.752    
 -1.1011012E-04   1358.984    
 -1.0610599E-04   1363.196    
 -1.0210225E-04   1372.530    
 -9.8098128E-05   1386.370    
 -9.4094001E-05   1404.827    
 -9.0090070E-05   1428.389    
 -8.6086147E-05   1457.228    
 -8.2082021E-05   1490.983    
 -7.8078090E-05   1529.093    
 -7.4073963E-05   1571.174    
 -7.0070033E-05   1617.016    
 -6.6066110E-05   1666.401    
 -6.2061983E-05   1719.060    
 -5.8058249E-05   1774.832    
 -5.4054122E-05   1833.795    
 -5.0049995E-05   1896.197    
 -4.6046069E-05   1962.307    
 -4.2042138E-05   2032.060    
 -3.8038012E-05   2104.711    
 -3.4034085E-05   2178.727    
 -3.0029958E-05   2252.195    
 -2.6026029E-05   2323.333    
 -2.2022101E-05   2390.643    
 -1.8017976E-05   2452.361    
 -1.4013849E-05   2505.995    
 -1.0010118E-05   2548.639    
 -6.0059915E-06   2577.968    
 -2.0018651E-06   2592.801    
  2.0018651E-06   2592.801    
  6.0059915E-06   2577.962    
  1.0010118E-05   2548.638    
  1.4014046E-05   2505.988    
  1.8017976E-05   2452.360    
  2.2021904E-05   2390.649    
  2.6026029E-05   2323.333    
  3.0030156E-05   2252.190    
  3.4033888E-05   2178.735    
  3.8038012E-05   2104.710    
  4.2042138E-05   2032.060    
  4.6046069E-05   1962.308    
  5.0049995E-05   1896.197    
  5.4054122E-05   1833.795    
  5.8058053E-05   1774.836    
  6.2061983E-05   1719.060    
  6.6066110E-05   1666.402    
  7.0070033E-05   1617.016    
  7.4074160E-05   1571.174    
  7.8078090E-05   1529.094    
  8.2082021E-05   1490.982    
  8.6086147E-05   1457.228    
  9.0090070E-05   1428.390    
  9.4094001E-05   1404.827    
  9.8098128E-05   1386.371    
  1.0210206E-04   1372.530    
  1.0610618E-04   1363.198    
  1.1011012E-04   1358.984    
  1.1411404E-04   1360.752    
  1.1811817E-04   1368.838    
  1.2212229E-04   1382.887    
  1.2612602E-04   1402.478    
  1.3013015E-04   1427.689    
  1.3413427E-04   1458.914    
  1.3813801E-04   1496.182    
  1.4214213E-04   1538.745    
  1.4614625E-04   1585.291    
  1.5015018E-04   1634.291    
  1.5415411E-04   1683.979    
  1.5815825E-04   1731.923    
  1.6216218E-04   1774.667    
  1.6616630E-04   1807.766    
  1.7017002E-04   1826.439    
  1.7417416E-04   1826.708    
  1.7817828E-04   1806.622    
  1.8218221E-04   1766.846    
  1.8618614E-04   1710.201    
  1.9019026E-04   1640.535    
  1.9419419E-04   1561.829    
  1.9819812E-04   1477.889    
  2.0220225E-04   1392.323    
  2.0620618E-04   1308.250    
  2.1021030E-04   1227.724    
  2.1421423E-04   1151.674    
  2.1821816E-04   1080.314    
  2.2222228E-04   1013.735    
  2.2622642E-04   952.0298    
  2.3023014E-04   895.1012    
  2.3423426E-04   842.6068    
  2.3823819E-04   794.1994    
  2.4224233E-04   749.6760    
  2.4624626E-04   708.9391    
  2.5025019E-04   671.8485    
  2.5425432E-04   638.1995    
  2.5825843E-04   607.7515    
  2.6226215E-04   580.1555    
  2.6626629E-04   554.9032    
  2.7027042E-04   531.4646    
  2.7427415E-04   509.4955    
  2.7827828E-04   488.8922    
  2.8228239E-04   469.6753    
  2.8628632E-04   451.8716    
  2.9029025E-04   435.5388    
  2.9429438E-04   420.7626    
  2.9829831E-04   407.5353    
  3.0230245E-04   395.6703    
  3.0630638E-04   384.9510    
  3.1031031E-04   375.2953    
  3.1431441E-04   366.6680    
  3.1831834E-04   358.8037    
  3.2232227E-04   351.2097    
  3.2632641E-04   343.5467    
  3.3033034E-04   335.9419    
  3.3433427E-04   328.7494    
  3.3833840E-04   322.0296    
  3.4234230E-04   315.3960    
  3.4634644E-04   308.4294    
  3.5035037E-04   301.1046    
  3.5435430E-04   293.6829    
  3.5835843E-04   286.2842    
  3.6236257E-04   278.7022    
  3.6636629E-04   270.6622    
  3.7037040E-04   262.1208    
  3.7437453E-04   253.2657    
  3.7837846E-04   244.3127    
  3.8238239E-04   235.4160    
  3.8638632E-04   226.7253    
  3.9039046E-04   218.3803    
  3.9439456E-04   210.4175    
  3.9839832E-04   202.7413    
  4.0240242E-04   195.2456    
  4.0640656E-04   187.9451    
  4.1041028E-04   180.9389    
  4.1441442E-04   174.3006    
  4.1841855E-04   168.0424    
  4.2242248E-04   162.1603    
  4.2642641E-04   156.6376    
  4.3043052E-04   151.4075    
  4.3443445E-04   146.3646    
  4.3843858E-04   141.4700    
  4.4244251E-04   136.8007    
  4.4644644E-04   132.4641    
  4.5045058E-04   128.4702    
  4.5445448E-04   124.7172    
  4.5845841E-04   121.0959    
  4.6246254E-04   117.5781    
  4.6646647E-04   114.2016    
  4.7047040E-04   111.0146    
  4.7447454E-04   108.0396    
  4.7847847E-04   105.2647    
  4.8248257E-04   102.6168    
  4.8648650E-04   99.96820    
  4.9049046E-04   97.20184    
  4.9449457E-04   94.30541    
  4.9849867E-04   91.38783    
  5.0250243E-04   88.60645    
  5.0650653E-04   86.06525    
  5.1051070E-04   83.78043    
  5.1451463E-04   81.70535    
  5.1851856E-04   79.78432    
  5.2252266E-04   77.98125    
  5.2652659E-04   76.28883    
  5.3053052E-04   74.69746    
  5.3453445E-04   73.16563    
  5.3853856E-04   71.62220    
  5.4254272E-04   70.01530    
  5.4654642E-04   68.35596    
  5.5055058E-04   66.70509    
  5.5455469E-04   65.10735    
  5.5855862E-04   63.55723    
  5.6256255E-04   62.02188    
  5.6656665E-04   60.48930    
  5.7057058E-04   58.97616    
  5.7457475E-04   57.50888    
  5.7857868E-04   56.11561    
  5.8258261E-04   54.82951    
  5.8658671E-04   53.68566    
  5.9059082E-04   52.69264    
  5.9459457E-04   51.82304    
  5.9859868E-04   51.03808    
  6.0260261E-04   50.31580    
  6.0660654E-04   49.65324    
  6.1061064E-04   49.03803    
  6.1461458E-04   48.43747    
  6.1861874E-04   47.80791    
  6.2262267E-04   47.11569    
  6.2662660E-04   46.33992    
  6.3063070E-04   45.46693    
  6.3463481E-04   44.49048    
  6.3863856E-04   43.42244    
  6.4264267E-04   42.30157    
  6.4664683E-04   41.19734    
  6.5065076E-04   40.19019    
  6.5465469E-04   39.33411    
  6.5865880E-04   38.62758    
  6.6266273E-04   38.00937    
  6.6666666E-04   37.39935    
  6.7067076E-04   36.74581    
  6.7467469E-04   36.05367    
  6.7867886E-04   35.36658    
  6.8268256E-04   34.72406    
  6.8668672E-04   34.12780    
  6.9069082E-04   33.54346    
  6.9469475E-04   32.94077    
  6.9869868E-04   32.32821    
  7.0270279E-04   31.73899    
  7.0670672E-04   31.17377    
  7.1071088E-04   30.57812    
  7.1471481E-04   29.90306    
  7.1871874E-04   29.18141    
  7.2272285E-04   28.52060    
  7.2672695E-04   27.99938    
  7.3073071E-04   27.58517    
  7.3473481E-04   27.18220    
  7.3873898E-04   26.74498    
  7.4274268E-04   26.31352    
  7.4674684E-04   25.93660    
  7.5075077E-04   25.60085    
  7.5475487E-04   25.25865    
  7.5875880E-04   24.89738    
  7.6276273E-04   24.54009    
  7.6676684E-04   24.19036    
  7.7077100E-04   23.82228    
  7.7477470E-04   23.43850    
  7.7877886E-04   23.09069    
  7.8278297E-04   22.81918    
  7.8678690E-04   22.58844    
  7.9079083E-04   22.33302    
  7.9479493E-04   22.06094    
  7.9879886E-04   21.85675    
  8.0280280E-04   21.77426    
  8.0680696E-04   21.74462    
  8.1081083E-04   21.63093    
  8.1481499E-04   21.36104    
  8.1881869E-04   20.98331    
  8.2282285E-04   20.60489    
  8.2682696E-04   20.30795    
  8.3083089E-04   20.11952    
  8.3483482E-04   20.01854    
  8.3883893E-04   19.94488    
  8.4284286E-04   19.82270    
  8.4684702E-04   19.61310    
  8.5085095E-04   19.35209    
  8.5485488E-04   19.11764    
  8.5885898E-04   18.95465    
  8.6286291E-04   18.84072    
  8.6686685E-04   18.72617    
  8.7087095E-04   18.58603    
  8.7487511E-04   18.42930    
  8.7887881E-04   18.27534    
  8.8288297E-04   18.13636    
  8.8688708E-04   18.01277    
  8.9089101E-04   17.88138    
  8.9489494E-04   17.69699    
  8.9889887E-04   17.42326    
  9.0290298E-04   17.07327    
  9.0690714E-04   16.70631    
  9.1091084E-04   16.37701    
  9.1491500E-04   16.09944    
  9.1891910E-04   15.86281    
  9.2292303E-04   15.66243    
  9.2692696E-04   15.49887    
  9.3093107E-04   15.35891    
  9.3493500E-04   15.21771    
  9.3893893E-04   15.05866    
  9.4294309E-04   14.87587    
  9.4694702E-04   14.65749    
  9.5095113E-04   14.39712    
  9.5495506E-04   14.13365    
  9.5895899E-04   13.95002    
  9.6296309E-04   13.89794    
  9.6696703E-04   13.93080    
  9.7097096E-04   13.93429    
  9.7497512E-04   13.83636    
  9.7897905E-04   13.66262    
  9.8298315E-04   13.47792    
  9.8698703E-04   13.30247    
  9.9099101E-04   13.11382    
  9.9499512E-04   12.91543    
  9.9899911E-04   12.76164    
  1.0030030E-03   12.69550    
  1.0070071E-03   12.69012    
  1.0110112E-03   12.67729    
  1.0150149E-03   12.62666    
  1.0190191E-03   12.57383    
  1.0230233E-03   12.56772    
  1.0270271E-03   12.61199    
  1.0310311E-03   12.66643    
  1.0350352E-03   12.69033    
  1.0390391E-03   12.66937    
  1.0430432E-03   12.60872    
  1.0470470E-03   12.52034    
  1.0510511E-03   12.42754    
  1.0550553E-03   12.36412    
  1.0590589E-03   12.34813    
  1.0630632E-03   12.35019    
  1.0670673E-03   12.30075    
  1.0710711E-03   12.14686    
  1.0750751E-03   11.90434    
  1.0790792E-03   11.64802    
  1.0830831E-03   11.44497    
  1.0870873E-03   11.29728    
  1.0910912E-03   11.15666    
  1.0950951E-03   10.98351    
  1.0990993E-03   10.78247    
  1.1031034E-03   10.58009    
  1.1071071E-03   10.39053    
  1.1111113E-03   10.21677    
  1.1151151E-03   10.07449    
  1.1191192E-03   9.983342    
  1.1231232E-03   9.935156    
  1.1271271E-03   9.890339    
  1.1311313E-03   9.825014    
  1.1351352E-03   9.763275    
  1.1391392E-03   9.738650    
  1.1431433E-03   9.729851    
  1.1471474E-03   9.669759    
  1.1511511E-03   9.527116    
  1.1551552E-03   9.354548    
  1.1591594E-03   9.224814    
  1.1631633E-03   9.138883    
  1.1671672E-03   9.029623    
  1.1711713E-03   8.860595    
  1.1751753E-03   8.683147    
  1.1791794E-03   8.575396    
  1.1831833E-03   8.546138    
  1.1871873E-03   8.532690    
  1.1911914E-03   8.488321    
  1.1951951E-03   8.433792    
  1.1991992E-03   8.411358    
  1.2032033E-03   8.415511    
  1.2072073E-03   8.396836    
  1.2112112E-03   8.327485    
  1.2152153E-03   8.233496    
  1.2192193E-03   8.160133    
  1.2232234E-03   8.123605    
  1.2272274E-03   8.108521    
  1.2312313E-03   8.097276    
  1.2352354E-03   8.081361    
  1.2392395E-03   8.054343    
  1.2432432E-03   8.009051    
  1.2472473E-03   7.948346    
  1.2512516E-03   7.883229    
  1.2552554E-03   7.816818    
  1.2592594E-03   7.740433    
  1.2632633E-03   7.653543    
  1.2672674E-03   7.575928    
  1.2712714E-03   7.527719    
  1.2752753E-03   7.499995    
  1.2792794E-03   7.457547    
  1.2832836E-03   7.378382    
  1.2872872E-03   7.276438    
  1.2912914E-03   7.178628    
  1.2952955E-03   7.090603    
  1.2992994E-03   6.996674    
  1.3033034E-03   6.890059    
  1.3073075E-03   6.786367    
  1.3113114E-03   6.701418    
  1.3153156E-03   6.627311    
  1.3193195E-03   6.542507    
  1.3233233E-03   6.444708    
  1.3273276E-03   6.359627    
  1.3313317E-03   6.313004    
  1.3353354E-03   6.302423    
  1.3393395E-03   6.299634    
  1.3433433E-03   6.275396    
  1.3473474E-03   6.217897    
  1.3513515E-03   6.133407    
  1.3553553E-03   6.039514    
  1.3593594E-03   5.960330    
  1.3633635E-03   5.915594    
  1.3673676E-03   5.906846    
  1.3713713E-03   5.918242    
  1.3753754E-03   5.933552    
  1.3793795E-03   5.950861    
  1.3833838E-03   5.972906    
  1.3873874E-03   5.990184    
  1.3913916E-03   5.983869    
  1.3953957E-03   5.949577    
  1.3993995E-03   5.902516    
  1.4034036E-03   5.855927    
  1.4074073E-03   5.801811    
  1.4114114E-03   5.728329    
  1.4154156E-03   5.648458    
  1.4194197E-03   5.593912    
  1.4234238E-03   5.574788    
  1.4274279E-03   5.565743    
  1.4314313E-03   5.540837    
  1.4354354E-03   5.514812    
  1.4394395E-03   5.525719    
  1.4434436E-03   5.579852    
  1.4474478E-03   5.630419    
  1.4514514E-03   5.627104    
  1.4554557E-03   5.568084    
  1.4594593E-03   5.493231    
  1.4634635E-03   5.433986    
  1.4674676E-03   5.390856    
  1.4714717E-03   5.356400    
  1.4754755E-03   5.338883    
  1.4794796E-03   5.344541    
  1.4834837E-03   5.356735    
  1.4874878E-03   5.347807    
  1.4914916E-03   5.308742    
  1.4954957E-03   5.251740    
  1.4994994E-03   5.181661    
  1.5035035E-03   5.086376    
  1.5075076E-03   4.964348    
  1.5115119E-03   4.845515    
  1.5155160E-03   4.766448    
  1.5195193E-03   4.728580    
  1.5235234E-03   4.699303    
  1.5275275E-03   4.656966    
  1.5315317E-03   4.621601    
  1.5355358E-03   4.627357    
  1.5395399E-03   4.674454    
  1.5435437E-03   4.721346    
  1.5475478E-03   4.727384    
  1.5515515E-03   4.691648    
  1.5555556E-03   4.646583    
  1.5595597E-03   4.621085    
  1.5635638E-03   4.614050    
  1.5675676E-03   4.603746    
  1.5715717E-03   4.574990    
  1.5755758E-03   4.534137    
  1.5795800E-03   4.500695    
  1.5835837E-03   4.483696    
  1.5875874E-03   4.471895    
  1.5915915E-03   4.445154    
  1.5955957E-03   4.397101    
  1.5995998E-03   4.338777    
  1.6036039E-03   4.284350    
  1.6076081E-03   4.238373    
  1.6116115E-03   4.204030    
  1.6156156E-03   4.192242    
  1.6196197E-03   4.212512    
  1.6236238E-03   4.251249    
  1.6276279E-03   4.276113    
  1.6316320E-03   4.268999    
  1.6356357E-03   4.247604    
  1.6396398E-03   4.240643    
  1.6436436E-03   4.247847    
  1.6476477E-03   4.235325    
  1.6516519E-03   4.177035    
  1.6556560E-03   4.089388    
  1.6596598E-03   4.015285    
  1.6636639E-03   3.978393    
  1.6676680E-03   3.962040    
  1.6716718E-03   3.933921    
  1.6756759E-03   3.880931    
  1.6796796E-03   3.819061    
  1.6836837E-03   3.774349    
  1.6876878E-03   3.759488    
  1.6916919E-03   3.765606    
  1.6956960E-03   3.769825    
  1.6997003E-03   3.752075    
  1.7037035E-03   3.710355    
  1.7077076E-03   3.658113    
  1.7117118E-03   3.611459    
  1.7157159E-03   3.574774    
  1.7197201E-03   3.544296    
  1.7237242E-03   3.520202    
  1.7277279E-03   3.508492    
  1.7317316E-03   3.512895    
  1.7357358E-03   3.529384    
  1.7397399E-03   3.550936    
  1.7437440E-03   3.573477    
  1.7477478E-03   3.592282    
  1.7517519E-03   3.599433    
  1.7557560E-03   3.590635    
  1.7597601E-03   3.573064    
  1.7637638E-03   3.558092    
  1.7677679E-03   3.547773    
  1.7717717E-03   3.535982    
  1.7757758E-03   3.524431    
  1.7797799E-03   3.526314    
  1.7837841E-03   3.544902    
  1.7877882E-03   3.558697    
  1.7917923E-03   3.541484    
  1.7957956E-03   3.496598    
  1.7997999E-03   3.459929    
  1.8038040E-03   3.461614    
  1.8078081E-03   3.491681    
  1.8118122E-03   3.512564    
  1.8158159E-03   3.499178    
  1.8198200E-03   3.458214    
  1.8238238E-03   3.409880    
  1.8278279E-03   3.363985    
  1.8318320E-03   3.319834    
  1.8358361E-03   3.277026    
  1.8398399E-03   3.237472    
  1.8438440E-03   3.196424    
  1.8478482E-03   3.145387    
  1.8518523E-03   3.084676    
  1.8558560E-03   3.028984    
  1.8598601E-03   2.994774    
  1.8638638E-03   2.984796    
  1.8678680E-03   2.988785    
  1.8718721E-03   2.995857    
  1.8758762E-03   3.004997    
  1.8798803E-03   3.019865    
  1.8838837E-03   3.038911    
  1.8878878E-03   3.052356    
  1.8918919E-03   3.048340    
  1.8958960E-03   3.025158    
  1.8999001E-03   2.993662    
  1.9039044E-03   2.969389    
  1.9079080E-03   2.957268    
  1.9119122E-03   2.947588    
  1.9159159E-03   2.928668    
  1.9199200E-03   2.901817    
  1.9239242E-03   2.879940    
  1.9279283E-03   2.869133    
  1.9319321E-03   2.859740    
  1.9359362E-03   2.839153    
  1.9399403E-03   2.809865    
  1.9439440E-03   2.789029    
  1.9479481E-03   2.787340    
  1.9519522E-03   2.796551    
  1.9559560E-03   2.801241    
  1.9599602E-03   2.796046    
  1.9639642E-03   2.789799    
  1.9679684E-03   2.792529    
  1.9719724E-03   2.805717    
  1.9759759E-03   2.824071    
  1.9799799E-03   2.842084    
  1.9839841E-03   2.855419    
  1.9879881E-03   2.861647    
  1.9919924E-03   2.860909    
  1.9959963E-03   2.855423    
  2.0000001E-03   2.845076    
