 -2.0000001E-03   3.173772    
 -1.9959963E-03   3.168006    
 -1.9919921E-03   3.164559    
 -1.9879881E-03   3.168321    
 -1.9839841E-03   3.178759    
 -1.9799802E-03   3.194215    
 -1.9759762E-03   3.214152    
 -1.9719722E-03   3.236986    
 -1.9679682E-03   3.260755    
 -1.9639642E-03   3.285610    
 -1.9599602E-03   3.314768    
 -1.9559562E-03   3.349636    
 -1.9519520E-03   3.386255    
 -1.9479481E-03   3.417551    
 -1.9439441E-03   3.439805    
 -1.9399400E-03   3.453003    
 -1.9359362E-03   3.457836    
 -1.9319321E-03   3.455233    
 -1.9279281E-03   3.448630    
 -1.9239242E-03   3.443879    
 -1.9199200E-03   3.444765    
 -1.9159161E-03   3.451804    
 -1.9119122E-03   3.466238    
 -1.9079080E-03   3.491751    
 -1.9039041E-03   3.529260    
 -1.8999000E-03   3.571057    
 -1.8958960E-03   3.606337    
 -1.8918922E-03   3.630008    
 -1.8878881E-03   3.645719    
 -1.8838841E-03   3.657887    
 -1.8798800E-03   3.666604    
 -1.8758760E-03   3.671084    
 -1.8718721E-03   3.674410    
 -1.8678680E-03   3.681303    
 -1.8638640E-03   3.691398    
 -1.8598601E-03   3.700344    
 -1.8558560E-03   3.706358    
 -1.8518521E-03   3.711858    
 -1.8478479E-03   3.717642    
 -1.8438440E-03   3.719578    
 -1.8398401E-03   3.713838    
 -1.8358360E-03   3.703175    
 -1.8318320E-03   3.695077    
 -1.8278279E-03   3.694451    
 -1.8238240E-03   3.701604    
 -1.8198200E-03   3.716160    
 -1.8158159E-03   3.739222    
 -1.8118119E-03   3.770396    
 -1.8078081E-03   3.805589    
 -1.8038040E-03   3.839403    
 -1.7998000E-03   3.868834    
 -1.7957959E-03   3.892668    
 -1.7917920E-03   3.910211    
 -1.7877880E-03   3.923767    
 -1.7837839E-03   3.938642    
 -1.7797799E-03   3.960355    
 -1.7757760E-03   3.989698    
 -1.7717719E-03   4.024247    
 -1.7677679E-03   4.062372    
 -1.7637638E-03   4.102784    
 -1.7597600E-03   4.142357    
 -1.7557560E-03   4.175382    
 -1.7517519E-03   4.202396    
 -1.7477479E-03   4.231546    
 -1.7437440E-03   4.269432    
 -1.7397399E-03   4.312841    
 -1.7357359E-03   4.352750    
 -1.7317318E-03   4.386737    
 -1.7277279E-03   4.421919    
 -1.7237237E-03   4.464060    
 -1.7197198E-03   4.510429    
 -1.7157159E-03   4.555562    
 -1.7117118E-03   4.599934    
 -1.7077079E-03   4.648336    
 -1.7037039E-03   4.700562    
 -1.6996998E-03   4.751153    
 -1.6956959E-03   4.796836    
 -1.6916919E-03   4.840792    
 -1.6876878E-03   4.885399    
 -1.6836839E-03   4.925065    
 -1.6796797E-03   4.953253    
 -1.6756759E-03   4.970851    
 -1.6716719E-03   4.985389    
 -1.6676678E-03   5.002115    
 -1.6636639E-03   5.019784    
 -1.6596598E-03   5.035777    
 -1.6556558E-03   5.050460    
 -1.6516518E-03   5.063537    
 -1.6476478E-03   5.071933    
 -1.6436438E-03   5.072839    
 -1.6396398E-03   5.069665    
 -1.6356357E-03   5.069913    
 -1.6316319E-03   5.078525    
 -1.6276278E-03   5.096229    
 -1.6236238E-03   5.123552    
 -1.6196198E-03   5.162256    
 -1.6156157E-03   5.212283    
 -1.6116118E-03   5.268034    
 -1.6076078E-03   5.323578    
 -1.6036037E-03   5.376925    
 -1.5995997E-03   5.428983    
 -1.5955957E-03   5.480654    
 -1.5915917E-03   5.531541    
 -1.5875878E-03   5.581678    
 -1.5835837E-03   5.630312    
 -1.5795798E-03   5.674881    
 -1.5755757E-03   5.713198    
 -1.5715717E-03   5.747677    
 -1.5675678E-03   5.782209    
 -1.5635637E-03   5.815774    
 -1.5595597E-03   5.842017    
 -1.5555557E-03   5.858030    
 -1.5515516E-03   5.869391    
 -1.5475478E-03   5.885173    
 -1.5435437E-03   5.907545    
 -1.5395397E-03   5.932464    
 -1.5355357E-03   5.958889    
 -1.5315317E-03   5.988961    
 -1.5275277E-03   6.021215    
 -1.5235236E-03   6.047345    
 -1.5195196E-03   6.062528    
 -1.5155156E-03   6.072866    
 -1.5115116E-03   6.090635    
 -1.5075076E-03   6.121908    
 -1.5035035E-03   6.162468    
 -1.4994997E-03   6.207798    
 -1.4954957E-03   6.258317    
 -1.4914917E-03   6.315826    
 -1.4874877E-03   6.378031    
 -1.4834836E-03   6.439959    
 -1.4794796E-03   6.499391    
 -1.4754756E-03   6.555861    
 -1.4714716E-03   6.607680    
 -1.4674676E-03   6.654009    
 -1.4634635E-03   6.699220    
 -1.4594595E-03   6.749331    
 -1.4554557E-03   6.802999    
 -1.4514516E-03   6.851278    
 -1.4474476E-03   6.890069    
 -1.4434436E-03   6.925506    
 -1.4394395E-03   6.966554    
 -1.4354356E-03   7.012750    
 -1.4314316E-03   7.056636    
 -1.4274275E-03   7.094223    
 -1.4234236E-03   7.128054    
 -1.4194195E-03   7.160104    
 -1.4154156E-03   7.187655    
 -1.4114116E-03   7.210724    
 -1.4074075E-03   7.237824    
 -1.4034036E-03   7.277860    
 -1.3993995E-03   7.329939    
 -1.3953955E-03   7.385302    
 -1.3913916E-03   7.439411    
 -1.3873874E-03   7.495664    
 -1.3833835E-03   7.557913    
 -1.3793795E-03   7.624759    
 -1.3753754E-03   7.693158    
 -1.3713716E-03   7.762642    
 -1.3673675E-03   7.833089    
 -1.3633635E-03   7.900668    
 -1.3593596E-03   7.962155    
 -1.3553554E-03   8.022454    
 -1.3513515E-03   8.090838    
 -1.3473475E-03   8.170870    
 -1.3433434E-03   8.257478    
 -1.3393395E-03   8.345731    
 -1.3353354E-03   8.435903    
 -1.3313314E-03   8.528832    
 -1.3273275E-03   8.617643    
 -1.3233233E-03   8.691497    
 -1.3193195E-03   8.745046    
 -1.3153154E-03   8.781640    
 -1.3113114E-03   8.808697    
 -1.3073074E-03   8.833391    
 -1.3033034E-03   8.861869    
 -1.2992994E-03   8.898061    
 -1.2952955E-03   8.939737    
 -1.2912914E-03   8.981179    
 -1.2872875E-03   9.020949    
 -1.2832835E-03   9.064203    
 -1.2792794E-03   9.114665    
 -1.2752755E-03   9.167898    
 -1.2712714E-03   9.217639    
 -1.2672674E-03   9.264623    
 -1.2632634E-03   9.316775    
 -1.2592594E-03   9.375246    
 -1.2552554E-03   9.434379    
 -1.2512513E-03   9.491222    
 -1.2472473E-03   9.553199    
 -1.2432433E-03   9.627246    
 -1.2392394E-03   9.708771    
 -1.2352354E-03   9.787915    
 -1.2312314E-03   9.864223    
 -1.2272274E-03   9.948862    
 -1.2232234E-03   10.05064    
 -1.2192193E-03   10.16598    
 -1.2152153E-03   10.28565    
 -1.2112113E-03   10.40432    
 -1.2072073E-03   10.51872    
 -1.2032033E-03   10.62044    
 -1.1991992E-03   10.70092    
 -1.1951954E-03   10.76185    
 -1.1911913E-03   10.81628    
 -1.1871873E-03   10.87636    
 -1.1831833E-03   10.94820    
 -1.1791792E-03   11.03421    
 -1.1751753E-03   11.13634    
 -1.1711712E-03   11.24958    
 -1.1671672E-03   11.35965    
 -1.1631633E-03   11.45408    
 -1.1591592E-03   11.53266    
 -1.1551552E-03   11.60655    
 -1.1511513E-03   11.68339    
 -1.1471473E-03   11.76518    
 -1.1431432E-03   11.85408    
 -1.1391392E-03   11.95432    
 -1.1351353E-03   12.06426    
 -1.1311313E-03   12.17427    
 -1.1271272E-03   12.27651    
 -1.1231232E-03   12.37667    
 -1.1191192E-03   12.48281    
 -1.1151151E-03   12.59330    
 -1.1111113E-03   12.69981    
 -1.1071071E-03   12.80408    
 -1.1031033E-03   12.91895    
 -1.0990992E-03   13.04994    
 -1.0950952E-03   13.18400    
 -1.0910912E-03   13.30667    
 -1.0870872E-03   13.42008    
 -1.0830831E-03   13.53724    
 -1.0790792E-03   13.65989    
 -1.0750751E-03   13.77298    
 -1.0710711E-03   13.86659    
 -1.0670673E-03   13.95050    
 -1.0630632E-03   14.04297    
 -1.0590592E-03   14.15119    
 -1.0550552E-03   14.26781    
 -1.0510512E-03   14.38589    
 -1.0470471E-03   14.50411    
 -1.0430432E-03   14.62323    
 -1.0390391E-03   14.74540    
 -1.0350351E-03   14.87624    
 -1.0310311E-03   15.02148    
 -1.0270271E-03   15.17502    
 -1.0230232E-03   15.32105    
 -1.0190191E-03   15.45262    
 -1.0150151E-03   15.58269    
 -1.0110112E-03   15.73225    
 -1.0070070E-03   15.90944    
 -1.0030031E-03   16.10553    
 -9.9899911E-04   16.31072    
 -9.9499500E-04   16.51968    
 -9.9099113E-04   16.72456    
 -9.8698703E-04   16.91203    
 -9.8298315E-04   17.07702    
 -9.7897905E-04   17.22728    
 -9.7497512E-04   17.37420    
 -9.7097107E-04   17.51714    
 -9.6696703E-04   17.65091    
 -9.6296304E-04   17.78023    
 -9.5895911E-04   17.91757    
 -9.5495506E-04   18.06548    
 -9.5095101E-04   18.21179    
 -9.4694702E-04   18.34627    
 -9.4294309E-04   18.47614    
 -9.3893893E-04   18.61268    
 -9.3493500E-04   18.75521    
 -9.3093107E-04   18.89406    
 -9.2692696E-04   19.03187    
 -9.2292303E-04   19.18159    
 -9.1891899E-04   19.34749    
 -9.1491506E-04   19.51487    
 -9.1091095E-04   19.66839    
 -9.0690702E-04   19.80728    
 -9.0290298E-04   19.93825    
 -8.9889899E-04   20.06277    
 -8.9489494E-04   20.17717    
 -8.9089101E-04   20.28798    
 -8.8688690E-04   20.40803    
 -8.8288297E-04   20.53846    
 -8.7887893E-04   20.66827    
 -8.7487500E-04   20.79559    
 -8.7087089E-04   20.93818    
 -8.6686696E-04   21.11256    
 -8.6286303E-04   21.30978    
 -8.5885887E-04   21.50095    
 -8.5485494E-04   21.66821    
 -8.5085095E-04   21.81764    
 -8.4684690E-04   21.96535    
 -8.4284286E-04   22.11985    
 -8.3883893E-04   22.28829    
 -8.3483494E-04   22.48228    
 -8.3083089E-04   22.70910    
 -8.2682684E-04   22.95936    
 -8.2282291E-04   23.21723    
 -8.1881881E-04   23.48169    
 -8.1481488E-04   23.76859    
 -8.1081083E-04   24.08833    
 -8.0680696E-04   24.42980    
 -8.0280280E-04   24.77002    
 -7.9879886E-04   25.09509    
 -7.9479493E-04   25.41041    
 -7.9079083E-04   25.73225    
 -7.8678690E-04   26.08119    
 -7.8278285E-04   26.47531    
 -7.7877886E-04   26.91739    
 -7.7477482E-04   27.38667    
 -7.7077089E-04   27.85280    
 -7.6676684E-04   28.29631    
 -7.6276285E-04   28.71668    
 -7.5875880E-04   29.11633    
 -7.5475487E-04   29.49024    
 -7.5075077E-04   29.83585    
 -7.4674684E-04   30.16483    
 -7.4274279E-04   30.49670    
 -7.3873874E-04   30.84257    
 -7.3473481E-04   31.20295    
 -7.3073083E-04   31.57664    
 -7.2672690E-04   31.96202    
 -7.2272273E-04   32.34691    
 -7.1871880E-04   32.71318    
 -7.1471481E-04   33.06070    
 -7.1071077E-04   33.41914    
 -7.0670672E-04   33.82255    
 -7.0270279E-04   34.27639    
 -6.9869880E-04   34.75939    
 -6.9469475E-04   35.25797    
 -6.9069071E-04   35.78600    
 -6.8668678E-04   36.36392    
 -6.8268267E-04   36.98843    
 -6.7867874E-04   37.63242    
 -6.7467469E-04   38.27115    
 -6.7067071E-04   38.89596    
 -6.6666678E-04   39.51252    
 -6.6266273E-04   40.12828    
 -6.5865880E-04   40.74776    
 -6.5465469E-04   41.36934    
 -6.5065076E-04   41.98204    
 -6.4664672E-04   42.57763    
 -6.4264267E-04   43.16414    
 -6.3863868E-04   43.77142    
 -6.3463475E-04   44.42783    
 -6.3063059E-04   45.13656    
 -6.2662666E-04   45.87522    
 -6.2262267E-04   46.61657    
 -6.1861874E-04   47.34802    
 -6.1461458E-04   48.07013    
 -6.1061064E-04   48.79094    
 -6.0660666E-04   49.52126    
 -6.0260261E-04   50.27645    
 -5.9859868E-04   51.07478    
 -5.9459469E-04   51.93353    
 -5.9059076E-04   52.85716    
 -5.8658660E-04   53.82758    
 -5.8258267E-04   54.80048    
 -5.7857868E-04   55.73272    
 -5.7457463E-04   56.61474    
 -5.7057058E-04   57.48687    
 -5.6656665E-04   58.40644    
 -5.6256255E-04   59.40776    
 -5.5855862E-04   60.48786    
 -5.5455457E-04   61.62829    
 -5.5055064E-04   62.81115    
 -5.4654654E-04   64.00903    
 -5.4254261E-04   65.18349    
 -5.3853856E-04   66.30419    
 -5.3453457E-04   67.36951    
 -5.3053064E-04   68.39986    
 -5.2652659E-04   69.42080    
 -5.2252255E-04   70.46122    
 -5.1851856E-04   71.55856    
 -5.1451463E-04   72.73862    
 -5.1051058E-04   73.99062    
 -5.0650653E-04   75.27663    
 -5.0250255E-04   76.58025    
 -4.9849862E-04   77.93253    
 -4.9449445E-04   79.37037    
 -4.9049052E-04   80.88226    
 -4.8648650E-04   82.42442    
 -4.8248249E-04   83.98192    
 -4.7847847E-04   85.58821    
 -4.7447454E-04   87.27898    
 -4.7047061E-04   89.05406    
 -4.6646647E-04   90.90568    
 -4.6246254E-04   92.85350    
 -4.5845853E-04   94.91823    
 -4.5445448E-04   97.06445    
 -4.5045046E-04   99.20746    
 -4.4644653E-04   101.2934    
 -4.4244251E-04   103.3481    
 -4.3843850E-04   105.4303    
 -4.3443445E-04   107.5715    
 -4.3043052E-04   109.7777    
 -4.2642641E-04   112.0826    
 -4.2242248E-04   114.5431    
 -4.1841844E-04   117.1830    
 -4.1441442E-04   119.9687    
 -4.1041040E-04   122.8560    
 -4.0640647E-04   125.8436    
 -4.0240254E-04   128.9623    
 -3.9839841E-04   132.2347    
 -3.9439448E-04   135.6650    
 -3.9039046E-04   139.2593    
 -3.8638641E-04   143.0166    
 -3.8238239E-04   146.9032    
 -3.7837846E-04   150.8617    
 -3.7437433E-04   154.8652    
 -3.7037040E-04   158.9353    
 -3.6636638E-04   163.1017    
 -3.6236245E-04   167.3492    
 -3.5835832E-04   171.6495    
 -3.5435439E-04   176.0193    
 -3.5035037E-04   180.5361    
 -3.4634635E-04   185.2766    
 -3.4234230E-04   190.2680    
 -3.3833840E-04   195.4975    
 -3.3433427E-04   200.9431    
 -3.3033034E-04   206.5787    
 -3.2632641E-04   212.3909    
 -3.2232248E-04   218.4013    
 -3.1831834E-04   224.6763    
 -3.1431441E-04   231.2735    
 -3.1031031E-04   238.1930    
 -3.0630638E-04   245.3817    
 -3.0230224E-04   252.8089    
 -2.9829831E-04   260.4925    
 -2.9429438E-04   268.4635    
 -2.9029025E-04   276.7233    
 -2.8628614E-04   285.2767    
 -2.8228239E-04   294.1732    
 -2.7827828E-04   303.4928    
 -2.7427435E-04   313.2871    
 -2.7027042E-04   323.5851    
 -2.6626629E-04   334.4329    
 -2.6226236E-04   345.9055    
 -2.5825822E-04   358.0737    
 -2.5425432E-04   370.9790    
 -2.5025039E-04   384.6652    
 -2.4624626E-04   399.1925    
 -2.4224212E-04   414.5820    
 -2.3823840E-04   430.7723    
 -2.3423426E-04   447.6913    
 -2.3023014E-04   465.3633    
 -2.2622621E-04   483.9022    
 -2.2222228E-04   503.3801    
 -2.1821816E-04   523.7257    
 -2.1421423E-04   544.8170    
 -2.1021010E-04   566.6541    
 -2.0620637E-04   589.3732    
 -2.0220225E-04   613.1595    
 -1.9819812E-04   638.1547    
 -1.9419439E-04   664.4920    
 -1.9019026E-04   692.3544    
 -1.8618614E-04   721.9301    
 -1.8218221E-04   753.3719    
 -1.7817828E-04   786.7911    
 -1.7417416E-04   822.2794    
 -1.7017023E-04   859.8220    
 -1.6616609E-04   899.2905    
 -1.6216218E-04   940.5222    
 -1.5815825E-04   983.5338    
 -1.5415411E-04   1028.594    
 -1.5014999E-04   1076.036    
 -1.4614625E-04   1126.046    
 -1.4214213E-04   1178.636    
 -1.3813801E-04   1233.793    
 -1.3413427E-04   1291.611    
 -1.3013015E-04   1352.235    
 -1.2612622E-04   1415.693    
 -1.2212209E-04   1481.864    
 -1.1811817E-04   1550.543    
 -1.1411423E-04   1621.534    
 -1.1011012E-04   1694.656    
 -1.0610599E-04   1769.734    
 -1.0210225E-04   1846.651    
 -9.8098128E-05   1925.416    
 -9.4094001E-05   2006.133    
 -9.0090070E-05   2088.969    
 -8.6086147E-05   2174.008    
 -8.2082021E-05   2261.086    
 -7.8078090E-05   2349.739    
 -7.4073963E-05   2439.307    
 -7.0070033E-05   2529.041    
 -6.6066110E-05   2618.180    
 -6.2061983E-05   2705.955    
 -5.8058249E-05   2791.618    
 -5.4054122E-05   2874.594    
 -5.0049995E-05   2954.365    
 -4.6046069E-05   3030.335    
 -4.2042138E-05   3101.637    
 -3.8038012E-05   3167.382    
 -3.4034085E-05   3227.010    
 -3.0029958E-05   3280.421    
 -2.6026029E-05   3327.517    
 -2.2022101E-05   3367.800    
 -1.8017976E-05   3400.573    
 -1.4013849E-05   3425.460    
 -1.0010118E-05   3442.880    
 -6.0059915E-06   3453.739    
 -2.0018651E-06   3458.926    
  2.0018651E-06   3458.926    
  6.0059915E-06   3453.738    
  1.0010118E-05   3442.880    
  1.4014046E-05   3425.457    
  1.8017976E-05   3400.573    
  2.2021904E-05   3367.802    
  2.6026029E-05   3327.517    
  3.0030156E-05   3280.418    
  3.4033888E-05   3227.013    
  3.8038012E-05   3167.382    
  4.2042138E-05   3101.637    
  4.6046069E-05   3030.335    
  5.0049995E-05   2954.365    
  5.4054122E-05   2874.595    
  5.8058053E-05   2791.623    
  6.2061983E-05   2705.955    
  6.6066110E-05   2618.180    
  7.0070033E-05   2529.041    
  7.4074160E-05   2439.303    
  7.8078090E-05   2349.739    
  8.2082021E-05   2261.085    
  8.6086147E-05   2174.008    
  9.0090070E-05   2088.969    
  9.4094001E-05   2006.133    
  9.8098128E-05   1925.416    
  1.0210206E-04   1846.655    
  1.0610618E-04   1769.730    
  1.1011012E-04   1694.656    
  1.1411404E-04   1621.538    
  1.1811817E-04   1550.543    
  1.2212229E-04   1481.862    
  1.2612602E-04   1415.695    
  1.3013015E-04   1352.236    
  1.3413427E-04   1291.611    
  1.3813801E-04   1233.793    
  1.4214213E-04   1178.636    
  1.4614625E-04   1126.046    
  1.5015018E-04   1076.033    
  1.5415411E-04   1028.594    
  1.5815825E-04   983.5339    
  1.6216218E-04   940.5222    
  1.6616630E-04   899.2894    
  1.7017002E-04   859.8242    
  1.7417416E-04   822.2794    
  1.7817828E-04   786.7913    
  1.8218221E-04   753.3721    
  1.8618614E-04   721.9301    
  1.9019026E-04   692.3543    
  1.9419419E-04   664.4930    
  1.9819812E-04   638.1547    
  2.0220225E-04   613.1597    
  2.0620618E-04   589.3751    
  2.1021030E-04   566.6528    
  2.1421423E-04   544.8170    
  2.1821816E-04   523.7257    
  2.2222228E-04   503.3801    
  2.2622642E-04   483.9018    
  2.3023014E-04   465.3632    
  2.3423426E-04   447.6913    
  2.3823819E-04   430.7733    
  2.4224233E-04   414.5813    
  2.4624626E-04   399.1926    
  2.5025019E-04   384.6656    
  2.5425432E-04   370.9790    
  2.5825843E-04   358.0735    
  2.6226215E-04   345.9059    
  2.6626629E-04   334.4328    
  2.7027042E-04   323.5851    
  2.7427415E-04   313.2874    
  2.7827828E-04   303.4928    
  2.8228239E-04   294.1732    
  2.8628632E-04   285.2763    
  2.9029025E-04   276.7232    
  2.9429438E-04   268.4636    
  2.9829831E-04   260.4926    
  3.0230245E-04   252.8083    
  3.0630638E-04   245.3817    
  3.1031031E-04   238.1930    
  3.1431441E-04   231.2734    
  3.1831834E-04   224.6763    
  3.2232227E-04   218.4015    
  3.2632641E-04   212.3908    
  3.3033034E-04   206.5787    
  3.3433427E-04   200.9431    
  3.3833840E-04   195.4975    
  3.4234230E-04   190.2680    
  3.4634644E-04   185.2759    
  3.5035037E-04   180.5361    
  3.5435430E-04   176.0193    
  3.5835843E-04   171.6494    
  3.6236257E-04   167.3494    
  3.6636629E-04   163.1015    
  3.7037040E-04   158.9353    
  3.7437453E-04   154.8647    
  3.7837846E-04   150.8617    
  3.8238239E-04   146.9032    
  3.8638632E-04   143.0168    
  3.9039046E-04   139.2593    
  3.9439456E-04   135.6649    
  3.9839832E-04   132.2350    
  4.0240242E-04   128.9619    
  4.0640656E-04   125.8431    
  4.1041028E-04   122.8561    
  4.1441442E-04   119.9687    
  4.1841855E-04   117.1828    
  4.2242248E-04   114.5431    
  4.2642641E-04   112.0826    
  4.3043052E-04   109.7777    
  4.3443445E-04   107.5715    
  4.3843858E-04   105.4301    
  4.4244251E-04   103.3481    
  4.4644644E-04   101.2937    
  4.5045058E-04   99.20728    
  4.5445448E-04   97.06448    
  4.5845841E-04   94.91830    
  4.6246254E-04   92.85345    
  4.6646647E-04   90.90567    
  4.7047040E-04   89.05387    
  4.7447454E-04   87.27896    
  4.7847847E-04   85.58822    
  4.8248257E-04   83.98216    
  4.8648650E-04   82.42441    
  4.9049046E-04   80.88251    
  4.9449457E-04   79.37021    
  4.9849867E-04   77.93268    
  5.0250243E-04   76.57996    
  5.0650653E-04   75.27659    
  5.1051070E-04   73.99044    
  5.1451463E-04   72.73861    
  5.1851856E-04   71.55856    
  5.2252266E-04   70.46129    
  5.2652659E-04   69.42081    
  5.3053052E-04   68.39972    
  5.3453445E-04   67.36956    
  5.3853856E-04   66.30419    
  5.4254272E-04   65.18344    
  5.4654642E-04   64.00925    
  5.5055058E-04   62.81125    
  5.5455469E-04   61.62838    
  5.5855862E-04   60.48787    
  5.6256255E-04   59.40781    
  5.6656665E-04   58.40648    
  5.7057058E-04   57.48688    
  5.7457475E-04   56.61486    
  5.7857868E-04   55.73275    
  5.8258261E-04   54.80061    
  5.8658671E-04   53.82725    
  5.9059082E-04   52.85725    
  5.9459457E-04   51.93351    
  5.9859868E-04   51.07481    
  6.0260261E-04   50.27644    
  6.0660654E-04   49.52132    
  6.1061064E-04   48.79097    
  6.1461458E-04   48.07013    
  6.1861874E-04   47.34805    
  6.2262267E-04   46.61657    
  6.2662660E-04   45.87534    
  6.3063070E-04   45.13685    
  6.3463481E-04   44.42795    
  6.3863856E-04   43.77151    
  6.4264267E-04   43.16413    
  6.4664683E-04   42.57752    
  6.5065076E-04   41.98206    
  6.5465469E-04   41.36932    
  6.5865880E-04   40.74775    
  6.6266273E-04   40.12825    
  6.6666666E-04   39.51258    
  6.7067076E-04   38.89595    
  6.7467469E-04   38.27114    
  6.7867886E-04   37.63233    
  6.8268256E-04   36.98820    
  6.8668672E-04   36.36414    
  6.9069082E-04   35.78610    
  6.9469475E-04   35.25797    
  6.9869868E-04   34.75930    
  7.0270279E-04   34.27641    
  7.0670672E-04   33.82254    
  7.1071088E-04   33.41916    
  7.1471481E-04   33.06070    
  7.1871874E-04   32.71315    
  7.2272285E-04   32.34696    
  7.2672695E-04   31.96213    
  7.3073071E-04   31.57658    
  7.3473481E-04   31.20296    
  7.3873898E-04   30.84266    
  7.4274268E-04   30.49665    
  7.4674684E-04   30.16483    
  7.5075077E-04   29.83585    
  7.5475487E-04   29.49026    
  7.5875880E-04   29.11633    
  7.6276273E-04   28.71675    
  7.6676684E-04   28.29632    
  7.7077100E-04   27.85282    
  7.7477470E-04   27.38686    
  7.7877886E-04   26.91740    
  7.8278297E-04   26.47537    
  7.8678690E-04   26.08119    
  7.9079083E-04   25.73228    
  7.9479493E-04   25.41042    
  7.9879886E-04   25.09508    
  8.0280280E-04   24.77001    
  8.0680696E-04   24.42981    
  8.1081083E-04   24.08832    
  8.1481499E-04   23.76854    
  8.1881869E-04   23.48167    
  8.2282285E-04   23.21722    
  8.2682696E-04   22.95949    
  8.3083089E-04   22.70910    
  8.3483482E-04   22.48226    
  8.3883893E-04   22.28830    
  8.4284286E-04   22.11985    
  8.4684702E-04   21.96526    
  8.5085095E-04   21.81761    
  8.5485488E-04   21.66829    
  8.5885898E-04   21.50097    
  8.6286291E-04   21.30979    
  8.6686685E-04   21.11270    
  8.7087095E-04   20.93806    
  8.7487511E-04   20.79558    
  8.7887881E-04   20.66860    
  8.8288297E-04   20.53846    
  8.8688708E-04   20.40796    
  8.9089101E-04   20.28801    
  8.9489494E-04   20.17717    
  8.9889887E-04   20.06271    
  9.0290298E-04   19.93824    
  9.0690714E-04   19.80715    
  9.1091084E-04   19.66869    
  9.1491500E-04   19.51490    
  9.1891910E-04   19.34758    
  9.2292303E-04   19.18158    
  9.2692696E-04   19.03185    
  9.3093107E-04   18.89403    
  9.3493500E-04   18.75522    
  9.3893893E-04   18.61268    
  9.4294309E-04   18.47614    
  9.4694702E-04   18.34628    
  9.5095113E-04   18.21165    
  9.5495506E-04   18.06548    
  9.5895899E-04   17.91760    
  9.6296309E-04   17.78016    
  9.6696703E-04   17.65092    
  9.7097096E-04   17.51726    
  9.7497512E-04   17.37419    
  9.7897905E-04   17.22728    
  9.8298315E-04   17.07703    
  9.8698703E-04   16.91203    
  9.9099101E-04   16.72456    
  9.9499512E-04   16.51977    
  9.9899911E-04   16.31078    
  1.0030030E-03   16.10552    
  1.0070071E-03   15.90940    
  1.0110112E-03   15.73237    
  1.0150149E-03   15.58269    
  1.0190191E-03   15.45262    
  1.0230233E-03   15.32110    
  1.0270271E-03   15.17501    
  1.0310311E-03   15.02147    
  1.0350352E-03   14.87632    
  1.0390391E-03   14.74542    
  1.0430432E-03   14.62336    
  1.0470470E-03   14.50407    
  1.0510511E-03   14.38589    
  1.0550553E-03   14.26798    
  1.0590589E-03   14.15117    
  1.0630632E-03   14.04304    
  1.0670673E-03   13.95050    
  1.0710711E-03   13.86658    
  1.0750751E-03   13.77297    
  1.0790792E-03   13.65989    
  1.0830831E-03   13.53725    
  1.0870873E-03   13.41992    
  1.0910912E-03   13.30666    
  1.0950951E-03   13.18410    
  1.0990993E-03   13.05001    
  1.1031034E-03   12.91906    
  1.1071071E-03   12.80406    
  1.1111113E-03   12.69981    
  1.1151151E-03   12.59330    
  1.1191192E-03   12.48281    
  1.1231232E-03   12.37665    
  1.1271271E-03   12.27664    
  1.1311313E-03   12.17427    
  1.1351352E-03   12.06439    
  1.1391392E-03   11.95430    
  1.1431433E-03   11.85399    
  1.1471474E-03   11.76538    
  1.1511511E-03   11.68345    
  1.1551552E-03   11.60654    
  1.1591594E-03   11.53266    
  1.1631633E-03   11.45408    
  1.1671672E-03   11.35965    
  1.1711713E-03   11.24959    
  1.1751753E-03   11.13635    
  1.1791794E-03   11.03420    
  1.1831833E-03   10.94820    
  1.1871873E-03   10.87637    
  1.1911914E-03   10.81625    
  1.1951951E-03   10.76193    
  1.1991992E-03   10.70093    
  1.2032033E-03   10.62044    
  1.2072073E-03   10.51872    
  1.2112112E-03   10.40440    
  1.2152153E-03   10.28565    
  1.2192193E-03   10.16598    
  1.2232234E-03   10.05065    
  1.2272274E-03   9.948847    
  1.2312313E-03   9.864086    
  1.2352354E-03   9.787889    
  1.2392395E-03   9.708765    
  1.2432432E-03   9.627289    
  1.2472473E-03   9.553187    
  1.2512516E-03   9.491333    
  1.2552554E-03   9.434374    
  1.2592594E-03   9.375251    
  1.2632633E-03   9.316778    
  1.2672674E-03   9.264618    
  1.2712714E-03   9.217623    
  1.2752753E-03   9.167790    
  1.2792794E-03   9.114647    
  1.2832836E-03   9.064237    
  1.2872872E-03   9.020941    
  1.2912914E-03   8.981176    
  1.2952955E-03   8.939741    
  1.2992994E-03   8.898066    
  1.3033034E-03   8.861880    
  1.3073075E-03   8.833454    
  1.3113114E-03   8.808704    
  1.3153156E-03   8.781644    
  1.3193195E-03   8.745058    
  1.3233233E-03   8.691509    
  1.3273276E-03   8.617704    
  1.3313317E-03   8.528830    
  1.3353354E-03   8.435905    
  1.3393395E-03   8.345739    
  1.3433433E-03   8.257441    
  1.3473474E-03   8.170856    
  1.3513515E-03   8.090832    
  1.3553553E-03   8.022513    
  1.3593594E-03   7.962073    
  1.3633635E-03   7.900671    
  1.3673676E-03   7.833060    
  1.3713713E-03   7.762721    
  1.3753754E-03   7.693172    
  1.3793795E-03   7.624812    
  1.3833838E-03   7.557896    
  1.3873874E-03   7.495650    
  1.3913916E-03   7.439403    
  1.3953957E-03   7.385247    
  1.3993995E-03   7.329905    
  1.4034036E-03   7.277860    
  1.4074073E-03   7.237666    
  1.4114114E-03   7.210718    
  1.4154156E-03   7.187657    
  1.4194197E-03   7.160135    
  1.4234238E-03   7.128090    
  1.4274279E-03   7.094167    
  1.4314313E-03   7.056585    
  1.4354354E-03   7.012594    
  1.4394395E-03   6.966565    
  1.4434436E-03   6.925542    
  1.4474478E-03   6.890061    
  1.4514514E-03   6.851328    
  1.4554557E-03   6.803002    
  1.4594593E-03   6.749461    
  1.4634635E-03   6.699194    
  1.4674676E-03   6.654009    
  1.4714717E-03   6.607744    
  1.4754755E-03   6.555941    
  1.4794796E-03   6.499391    
  1.4834837E-03   6.439971    
  1.4874878E-03   6.378088    
  1.4914916E-03   6.315845    
  1.4954957E-03   6.258303    
  1.4994994E-03   6.207766    
  1.5035035E-03   6.162459    
  1.5075076E-03   6.121902    
  1.5115119E-03   6.090645    
  1.5155160E-03   6.072703    
  1.5195193E-03   6.062462    
  1.5235234E-03   6.047343    
  1.5275275E-03   6.021023    
  1.5315317E-03   5.988959    
  1.5355358E-03   5.958898    
  1.5395399E-03   5.932582    
  1.5435437E-03   5.907555    
  1.5475478E-03   5.885170    
  1.5515515E-03   5.869478    
  1.5555556E-03   5.857940    
  1.5595597E-03   5.842021    
  1.5635638E-03   5.815835    
  1.5675676E-03   5.782151    
  1.5715717E-03   5.747677    
  1.5755758E-03   5.713232    
  1.5795800E-03   5.674844    
  1.5835837E-03   5.630314    
  1.5875874E-03   5.581614    
  1.5915915E-03   5.531572    
  1.5955957E-03   5.480653    
  1.5995998E-03   5.428922    
  1.6036039E-03   5.377003    
  1.6076081E-03   5.323704    
  1.6116115E-03   5.267998    
  1.6156156E-03   5.212233    
  1.6196197E-03   5.162376    
  1.6236238E-03   5.123553    
  1.6276279E-03   5.096270    
  1.6316320E-03   5.078645    
  1.6356357E-03   5.069911    
  1.6396398E-03   5.069619    
  1.6436436E-03   5.072896    
  1.6476477E-03   5.071864    
  1.6516519E-03   5.063604    
  1.6556560E-03   5.050484    
  1.6596598E-03   5.035796    
  1.6636639E-03   5.019788    
  1.6676680E-03   5.002122    
  1.6716718E-03   4.985422    
  1.6756759E-03   4.970863    
  1.6796796E-03   4.953231    
  1.6836837E-03   4.924986    
  1.6876878E-03   4.885406    
  1.6916919E-03   4.840791    
  1.6956960E-03   4.796859    
  1.6997003E-03   4.751031    
  1.7037035E-03   4.700656    
  1.7077076E-03   4.648280    
  1.7117118E-03   4.599921    
  1.7157159E-03   4.555564    
  1.7197201E-03   4.510463    
  1.7237242E-03   4.464097    
  1.7277279E-03   4.421908    
  1.7317316E-03   4.386744    
  1.7357358E-03   4.352743    
  1.7397399E-03   4.312838    
  1.7437440E-03   4.269423    
  1.7477478E-03   4.231536    
  1.7517519E-03   4.202384    
  1.7557560E-03   4.175376    
  1.7597601E-03   4.142254    
  1.7637638E-03   4.102788    
  1.7677679E-03   4.062373    
  1.7717717E-03   4.024238    
  1.7757758E-03   3.989774    
  1.7797799E-03   3.960347    
  1.7837841E-03   3.938629    
  1.7877882E-03   3.923763    
  1.7917923E-03   3.910222    
  1.7957956E-03   3.892590    
  1.7997999E-03   3.868910    
  1.8038040E-03   3.839415    
  1.8078081E-03   3.805591    
  1.8118122E-03   3.770486    
  1.8158159E-03   3.739225    
  1.8198200E-03   3.716163    
  1.8238238E-03   3.701641    
  1.8278279E-03   3.694446    
  1.8318320E-03   3.695080    
  1.8358361E-03   3.703188    
  1.8398399E-03   3.713811    
  1.8438440E-03   3.719583    
  1.8478482E-03   3.717598    
  1.8518523E-03   3.711824    
  1.8558560E-03   3.706365    
  1.8598601E-03   3.700357    
  1.8638638E-03   3.691349    
  1.8678680E-03   3.681310    
  1.8718721E-03   3.674416    
  1.8758762E-03   3.671018    
  1.8798803E-03   3.666623    
  1.8838837E-03   3.657901    
  1.8878878E-03   3.645710    
  1.8918919E-03   3.630095    
  1.8958960E-03   3.606345    
  1.8999001E-03   3.571070    
  1.9039044E-03   3.529301    
  1.9079080E-03   3.491752    
  1.9119122E-03   3.466240    
  1.9159159E-03   3.451796    
  1.9199200E-03   3.444767    
  1.9239242E-03   3.443876    
  1.9279283E-03   3.448664    
  1.9319321E-03   3.455219    
  1.9359362E-03   3.457830    
  1.9399403E-03   3.452985    
  1.9439440E-03   3.439750    
  1.9479481E-03   3.417544    
  1.9519522E-03   3.386243    
  1.9559560E-03   3.349724    
  1.9599602E-03   3.314771    
  1.9639642E-03   3.285614    
  1.9679684E-03   3.260737    
  1.9719724E-03   3.237105    
  1.9759759E-03   3.214172    
  1.9799799E-03   3.194212    
  1.9839841E-03   3.178756    
  1.9879881E-03   3.168317    
  1.9919924E-03   3.164704    
  1.9959963E-03   3.168034    
  2.0000001E-03   3.173770    
