 -2.0000000E-02  0.3821895    
 -1.9959960E-02  0.3837872    
 -1.9919921E-02  0.3855675    
 -1.9879879E-02  0.3874918    
 -1.9839840E-02  0.3895281    
 -1.9799801E-02  0.3916276    
 -1.9759761E-02  0.3937544    
 -1.9719720E-02  0.3958616    
 -1.9679680E-02  0.3979405    
 -1.9639639E-02  0.3999825    
 -1.9599600E-02  0.4019589    
 -1.9559558E-02  0.4038594    
 -1.9519519E-02  0.4056636    
 -1.9479480E-02  0.4073615    
 -1.9439440E-02  0.4089219    
 -1.9399401E-02  0.4103708    
 -1.9359360E-02  0.4117065    
 -1.9319320E-02  0.4129777    
 -1.9279279E-02  0.4142129    
 -1.9239239E-02  0.4154461    
 -1.9199198E-02  0.4166848    
 -1.9159159E-02  0.4179370    
 -1.9119119E-02  0.4191736    
 -1.9079080E-02  0.4203687    
 -1.9039040E-02  0.4214794    
 -1.8998999E-02  0.4225219    
 -1.8958960E-02  0.4234908    
 -1.8918918E-02  0.4244410    
 -1.8878879E-02  0.4254287    
 -1.8838838E-02  0.4265055    
 -1.8798798E-02  0.4277471    
 -1.8758759E-02  0.4291674    
 -1.8718719E-02  0.4307885    
 -1.8678680E-02  0.4325909    
 -1.8638639E-02  0.4345575    
 -1.8598599E-02  0.4366498    
 -1.8558560E-02  0.4388771    
 -1.8518519E-02  0.4412127    
 -1.8478477E-02  0.4436824    
 -1.8438438E-02  0.4462986    
 -1.8398399E-02  0.4490484    
 -1.8358359E-02  0.4519036    
 -1.8318318E-02  0.4548017    
 -1.8278278E-02  0.4576584    
 -1.8238239E-02  0.4604130    
 -1.8198200E-02  0.4629813    
 -1.8158158E-02  0.4653456    
 -1.8118117E-02  0.4675269    
 -1.8078078E-02  0.4695949    
 -1.8038038E-02  0.4716516    
 -1.7997999E-02  0.4738054    
 -1.7957957E-02  0.4761631    
 -1.7917918E-02  0.4787303    
 -1.7877879E-02  0.4815125    
 -1.7837839E-02  0.4844381    
 -1.7797798E-02  0.4873963    
 -1.7757757E-02  0.4903046    
 -1.7717717E-02  0.4930141    
 -1.7677678E-02  0.4955029    
 -1.7637638E-02  0.4977444    
 -1.7597597E-02  0.4997540    
 -1.7557558E-02  0.5015824    
 -1.7517518E-02  0.5033026    
 -1.7477479E-02  0.5049773    
 -1.7437439E-02  0.5066782    
 -1.7397398E-02  0.5084054    
 -1.7357357E-02  0.5102209    
 -1.7317317E-02  0.5121448    
 -1.7277276E-02  0.5141904    
 -1.7237237E-02  0.5164123    
 -1.7197197E-02  0.5188226    
 -1.7157158E-02  0.5214405    
 -1.7117118E-02  0.5242776    
 -1.7077077E-02  0.5272929    
 -1.7037038E-02  0.5304586    
 -1.6996996E-02  0.5337026    
 -1.6956957E-02  0.5369859    
 -1.6916918E-02  0.5402609    
 -1.6876876E-02  0.5435086    
 -1.6836837E-02  0.5467485    
 -1.6796798E-02  0.5500138    
 -1.6756758E-02  0.5532966    
 -1.6716717E-02  0.5566174    
 -1.6676677E-02  0.5599463    
 -1.6636636E-02  0.5632159    
 -1.6596597E-02  0.5663443    
 -1.6556555E-02  0.5692468    
 -1.6516516E-02  0.5718707    
 -1.6476477E-02  0.5741997    
 -1.6436437E-02  0.5762693    
 -1.6396398E-02  0.5781707    
 -1.6356356E-02  0.5800073    
 -1.6316317E-02  0.5819055    
 -1.6276278E-02  0.5839619    
 -1.6236236E-02  0.5862136    
 -1.6196197E-02  0.5886706    
 -1.6156156E-02  0.5912882    
 -1.6116116E-02  0.5939922    
 -1.6076077E-02  0.5967193    
 -1.6036035E-02  0.5994306    
 -1.5995998E-02  0.6021200    
 -1.5955957E-02  0.6048181    
 -1.5915917E-02  0.6075515    
 -1.5875876E-02  0.6103758    
 -1.5835835E-02  0.6133444    
 -1.5795795E-02  0.6164528    
 -1.5755756E-02  0.6196827    
 -1.5715716E-02  0.6229877    
 -1.5675677E-02  0.6263472    
 -1.5635636E-02  0.6297244    
 -1.5595595E-02  0.6331126    
 -1.5555556E-02  0.6365187    
 -1.5515515E-02  0.6400032    
 -1.5475477E-02  0.6435660    
 -1.5435436E-02  0.6472474    
 -1.5395395E-02  0.6510285    
 -1.5355356E-02  0.6548545    
 -1.5315315E-02  0.6586934    
 -1.5275275E-02  0.6624733    
 -1.5235236E-02  0.6661759    
 -1.5195196E-02  0.6697671    
 -1.5155156E-02  0.6733012    
 -1.5115115E-02  0.6768152    
 -1.5075075E-02  0.6803700    
 -1.5035035E-02  0.6840151    
 -1.4994996E-02  0.6877775    
 -1.4954954E-02  0.6916430    
 -1.4914915E-02  0.6955720    
 -1.4874876E-02  0.6995276    
 -1.4834835E-02  0.7034474    
 -1.4794794E-02  0.7073238    
 -1.4754754E-02  0.7111587    
 -1.4714715E-02  0.7149672    
 -1.4674676E-02  0.7188411    
 -1.4634635E-02  0.7228102    
 -1.4594594E-02  0.7269269    
 -1.4554555E-02  0.7312057    
 -1.4514515E-02  0.7356054    
 -1.4474475E-02  0.7400810    
 -1.4434434E-02  0.7446235    
 -1.4394394E-02  0.7491592    
 -1.4354355E-02  0.7537396    
 -1.4314315E-02  0.7583891    
 -1.4274274E-02  0.7631704    
 -1.4234234E-02  0.7681689    
 -1.4194194E-02  0.7734269    
 -1.4154155E-02  0.7789599    
 -1.4114115E-02  0.7847434    
 -1.4074074E-02  0.7906727    
 -1.4034034E-02  0.7966254    
 -1.3993994E-02  0.8024468    
 -1.3953955E-02  0.8080178    
 -1.3913914E-02  0.8132358    
 -1.3873873E-02  0.8180660    
 -1.3833834E-02  0.8225046    
 -1.3793794E-02  0.8266230    
 -1.3753753E-02  0.8305279    
 -1.3713714E-02  0.8343116    
 -1.3673673E-02  0.8381277    
 -1.3633634E-02  0.8420497    
 -1.3593595E-02  0.8461858    
 -1.3553553E-02  0.8505620    
 -1.3513514E-02  0.8552168    
 -1.3473473E-02  0.8601035    
 -1.3433434E-02  0.8652124    
 -1.3393395E-02  0.8704767    
 -1.3353353E-02  0.8758573    
 -1.3313313E-02  0.8813077    
 -1.3273274E-02  0.8867975    
 -1.3233233E-02  0.8923805    
 -1.3193194E-02  0.8980911    
 -1.3153153E-02  0.9040219    
 -1.3113113E-02  0.9102643    
 -1.3073074E-02  0.9169259    
 -1.3033033E-02  0.9240669    
 -1.2992993E-02  0.9317097    
 -1.2952953E-02  0.9398298    
 -1.2912912E-02  0.9483287    
 -1.2872873E-02  0.9571018    
 -1.2832833E-02  0.9660140    
 -1.2792793E-02  0.9749416    
 -1.2752753E-02  0.9837797    
 -1.2712713E-02  0.9924361    
 -1.2672673E-02   1.000872    
 -1.2632633E-02   1.009050    
 -1.2592593E-02   1.016913    
 -1.2552552E-02   1.024450    
 -1.2512513E-02   1.031643    
 -1.2472473E-02   1.038467    
 -1.2432433E-02   1.045001    
 -1.2392392E-02   1.051320    
 -1.2352353E-02   1.057591    
 -1.2312313E-02   1.064033    
 -1.2272272E-02   1.070865    
 -1.2232233E-02   1.078302    
 -1.2192192E-02   1.086497    
 -1.2152152E-02   1.095481    
 -1.2112113E-02   1.105224    
 -1.2072072E-02   1.115532    
 -1.2032033E-02   1.126201    
 -1.1991993E-02   1.136996    
 -1.1951951E-02   1.147706    
 -1.1911912E-02   1.158231    
 -1.1871872E-02   1.168512    
 -1.1831832E-02   1.178611    
 -1.1791792E-02   1.188612    
 -1.1751752E-02   1.198614    
 -1.1711712E-02   1.208671    
 -1.1671673E-02   1.218798    
 -1.1631632E-02   1.228914    
 -1.1591591E-02   1.238907    
 -1.1551552E-02   1.248688    
 -1.1511511E-02   1.258181    
 -1.1471472E-02   1.267355    
 -1.1431431E-02   1.276291    
 -1.1391391E-02   1.285079    
 -1.1351352E-02   1.293886    
 -1.1311312E-02   1.302802    
 -1.1271271E-02   1.311930    
 -1.1231231E-02   1.321296    
 -1.1191191E-02   1.330839    
 -1.1151151E-02   1.340526    
 -1.1111111E-02   1.350268    
 -1.1071071E-02   1.360029    
 -1.1031031E-02   1.369790    
 -1.0990991E-02   1.379601    
 -1.0950952E-02   1.389547    
 -1.0910911E-02   1.399687    
 -1.0870871E-02   1.410042    
 -1.0830831E-02   1.420642    
 -1.0790790E-02   1.431473    
 -1.0750751E-02   1.442420    
 -1.0710712E-02   1.453471    
 -1.0670670E-02   1.464578    
 -1.0630631E-02   1.475766    
 -1.0590591E-02   1.487052    
 -1.0550550E-02   1.498539    
 -1.0510511E-02   1.510236    
 -1.0470470E-02   1.522227    
 -1.0430430E-02   1.534502    
 -1.0390391E-02   1.547009    
 -1.0350351E-02   1.559715    
 -1.0310311E-02   1.572582    
 -1.0270271E-02   1.585615    
 -1.0230230E-02   1.598891    
 -1.0190190E-02   1.612508    
 -1.0150150E-02   1.626598    
 -1.0110110E-02   1.641280    
 -1.0070070E-02   1.656574    
 -1.0030030E-02   1.672392    
 -9.9899909E-03   1.688565    
 -9.9499505E-03   1.704815    
 -9.9099092E-03   1.720852    
 -9.8698698E-03   1.736380    
 -9.8298294E-03   1.751252    
 -9.7897900E-03   1.765410    
 -9.7497497E-03   1.779019    
 -9.7097093E-03   1.792267    
 -9.6696699E-03   1.805503    
 -9.6296305E-03   1.819025    
 -9.5895901E-03   1.833092    
 -9.5495498E-03   1.847852    
 -9.5095094E-03   1.863354    
 -9.4694691E-03   1.879522    
 -9.4294297E-03   1.896252    
 -9.3893902E-03   1.913412    
 -9.3493490E-03   1.930919    
 -9.3093095E-03   1.948722    
 -9.2692701E-03   1.966840    
 -9.2292288E-03   1.985344    
 -9.1891894E-03   2.004290    
 -9.1491491E-03   2.023747    
 -9.1091087E-03   2.043726    
 -9.0690693E-03   2.064220    
 -9.0290299E-03   2.085156    
 -8.9889895E-03   2.106467    
 -8.9489492E-03   2.128061    
 -8.9089097E-03   2.149820    
 -8.8688685E-03   2.171668    
 -8.8288290E-03   2.193425    
 -8.7887887E-03   2.215044    
 -8.7487483E-03   2.236346    
 -8.7087089E-03   2.257293    
 -8.6686695E-03   2.277756    
 -8.6286291E-03   2.297758    
 -8.5885888E-03   2.317347    
 -8.5485484E-03   2.336645    
 -8.5085081E-03   2.355839    
 -8.4684687E-03   2.375119    
 -8.4284293E-03   2.394633    
 -8.3883880E-03   2.414553    
 -8.3483486E-03   2.434940    
 -8.3083091E-03   2.455811    
 -8.2682688E-03   2.477169    
 -8.2282284E-03   2.499018    
 -8.1881871E-03   2.521396    
 -8.1481477E-03   2.544392    
 -8.1081083E-03   2.568232    
 -8.0680680E-03   2.593142    
 -8.0280276E-03   2.619371    
 -7.9879882E-03   2.647126    
 -7.9479478E-03   2.676523    
 -7.9079084E-03   2.707608    
 -7.8678681E-03   2.740330    
 -7.8278277E-03   2.774504    
 -7.7877874E-03   2.809944    
 -7.7477479E-03   2.846450    
 -7.7077076E-03   2.883842    
 -7.6676677E-03   2.921937    
 -7.6276283E-03   2.960614    
 -7.5875875E-03   2.999697    
 -7.5475480E-03   3.039020    
 -7.5075072E-03   3.078382    
 -7.4674669E-03   3.117668    
 -7.4274275E-03   3.156690    
 -7.3873876E-03   3.195462    
 -7.3473472E-03   3.234102    
 -7.3073073E-03   3.272834    
 -7.2672679E-03   3.312099    
 -7.2272271E-03   3.352331    
 -7.1871867E-03   3.393994    
 -7.1471473E-03   3.437475    
 -7.1071065E-03   3.482987    
 -7.0670671E-03   3.530491    
 -7.0270272E-03   3.579853    
 -6.9869868E-03   3.630664    
 -6.9469470E-03   3.682531    
 -6.9069075E-03   3.735048    
 -6.8668672E-03   3.787869    
 -6.8268264E-03   3.840876    
 -6.7867870E-03   3.894078    
 -6.7467466E-03   3.947633    
 -6.7067076E-03   4.001768    
 -6.6666664E-03   4.056832    
 -6.6266265E-03   4.113075    
 -6.5865871E-03   4.170751    
 -6.5465472E-03   4.229986    
 -6.5065073E-03   4.290924    
 -6.4664660E-03   4.353547    
 -6.4264266E-03   4.417873    
 -6.3863867E-03   4.483918    
 -6.3463454E-03   4.551669    
 -6.3063060E-03   4.621123    
 -6.2662661E-03   4.692288    
 -6.2262267E-03   4.765145    
 -6.1861868E-03   4.839672    
 -6.1461474E-03   4.915861    
 -6.1061061E-03   4.993674    
 -6.0660662E-03   5.073017    
 -6.0260268E-03   5.153841    
 -5.9859855E-03   5.236052    
 -5.9459456E-03   5.319516    
 -5.9059057E-03   5.404108    
 -5.8658645E-03   5.489622    
 -5.8258250E-03   5.575929    
 -5.7857851E-03   5.662829    
 -5.7457457E-03   5.750240    
 -5.7057058E-03   5.838141    
 -5.6656664E-03   5.926671    
 -5.6256251E-03   6.015997    
 -5.5855853E-03   6.106482    
 -5.5455458E-03   6.198549    
 -5.5055059E-03   6.292694    
 -5.4654665E-03   6.389416    
 -5.4254266E-03   6.489181    
 -5.3853854E-03   6.592411    
 -5.3453455E-03   6.699421    
 -5.3053042E-03   6.810363    
 -5.2652648E-03   6.925297    
 -5.2252249E-03   7.044090    
 -5.1851855E-03   7.166495    
 -5.1451442E-03   7.292140    
 -5.1051043E-03   7.420626    
 -5.0650649E-03   7.551462    
 -5.0250250E-03   7.684320    
 -4.9849856E-03   7.818951    
 -4.9449457E-03   7.955253    
 -4.9049044E-03   8.093393    
 -4.8648650E-03   8.233704    
 -4.8248251E-03   8.376569    
 -4.7847852E-03   8.522641    
 -4.7447458E-03   8.672379    
 -4.7047059E-03   8.826288    
 -4.6646646E-03   8.984815    
 -4.6246252E-03   9.148237    
 -4.5845839E-03   9.316801    
 -4.5445440E-03   9.490719    
 -4.5045046E-03   9.670239    
 -4.4644647E-03   9.855647    
 -4.4244234E-03   10.04719    
 -4.3843840E-03   10.24505    
 -4.3443441E-03   10.44945    
 -4.3043043E-03   10.66040    
 -4.2642648E-03   10.87786    
 -4.2242249E-03   11.10173    
 -4.1841837E-03   11.33196    
 -4.1441442E-03   11.56861    
 -4.1041044E-03   11.81193    
 -4.0640649E-03   12.06253    
 -4.0240251E-03   12.32126    
 -3.9839856E-03   12.58912    
 -3.9439443E-03   12.86719    
 -3.9039028E-03   13.15639    
 -3.8638632E-03   13.45751    
 -3.8238235E-03   13.77096    
 -3.7837839E-03   14.09690    
 -3.7437442E-03   14.43532    
 -3.7037029E-03   14.78622    
 -3.6636633E-03   15.14957    
 -3.6236236E-03   15.52566    
 -3.5835840E-03   15.91503    
 -3.5435441E-03   16.31840    
 -3.5035044E-03   16.73672    
 -3.4634632E-03   17.17076    
 -3.4234235E-03   17.62137    
 -3.3833839E-03   18.08908    
 -3.3433442E-03   18.57446    
 -3.3033045E-03   19.07792    
 -3.2632649E-03   19.60022    
 -3.2232220E-03   20.14214    
 -3.1831823E-03   20.70484    
 -3.1431427E-03   21.28985    
 -3.1031030E-03   21.89873    
 -3.0630634E-03   22.53321    
 -3.0230221E-03   23.19478    
 -2.9829824E-03   23.88468    
 -2.9429425E-03   24.60381    
 -2.9029029E-03   25.35306    
 -2.8628632E-03   26.13325    
 -2.8228236E-03   26.94526    
 -2.7827823E-03   27.79063    
 -2.7427427E-03   28.67122    
 -2.7027030E-03   29.58939    
 -2.6626633E-03   30.54821    
 -2.6226237E-03   31.55080    
 -2.5825840E-03   32.60034    
 -2.5425411E-03   33.70021    
 -2.5025015E-03   34.85334    
 -2.4624618E-03   36.06276    
 -2.4224222E-03   37.33170    
 -2.3823823E-03   38.66362    
 -2.3423426E-03   40.06227    
 -2.3023013E-03   41.53213    
 -2.2622617E-03   43.07825    
 -2.2222220E-03   44.70609    
 -2.1821824E-03   46.42177    
 -2.1421427E-03   48.23167    
 -2.1021031E-03   50.14249    
 -2.0620618E-03   52.16125    
 -2.0220221E-03   54.29481    
 -1.9819825E-03   56.55080    
 -1.9419427E-03   58.93662    
 -1.9019031E-03   61.46048    
 -1.8618618E-03   64.13044    
 -1.8218205E-03   66.95501    
 -1.7817809E-03   69.94281    
 -1.7417412E-03   73.10297    
 -1.7017014E-03   76.44470    
 -1.6616618E-03   79.97788    
 -1.6216221E-03   83.71271    
 -1.5815808E-03   87.66033    
 -1.5415412E-03   91.83191    
 -1.5015015E-03   96.23951    
 -1.4614618E-03   100.8956    
 -1.4214221E-03   105.8130    
 -1.3813825E-03   111.0054    
 -1.3413412E-03   116.4865    
 -1.3013015E-03   122.2707    
 -1.2612619E-03   128.3741    
 -1.2212221E-03   134.8128    
 -1.1811808E-03   141.6044    
 -1.1411412E-03   148.7648    
 -1.1010999E-03   156.3088    
 -1.0610602E-03   164.2467    
 -1.0210206E-03   172.5836    
 -9.8098093E-04   181.3165    
 -9.4094122E-04   190.4332    
 -9.0090150E-04   199.9126    
 -8.6086028E-04   209.7250    
 -8.2082057E-04   219.8323    
 -7.8078092E-04   230.1924    
 -7.4074120E-04   240.7611    
 -7.0070155E-04   251.4924    
 -6.6066184E-04   262.3401    
 -6.2062062E-04   273.2575    
 -5.8058091E-04   284.1927    
 -5.4054125E-04   295.0891    
 -5.0049997E-04   305.8802    
 -4.6046029E-04   316.4860    
 -4.2042061E-04   326.8127    
 -3.8037935E-04   336.7529    
 -3.4033967E-04   346.1863    
 -3.0029999E-04   354.9872    
 -2.6026031E-04   363.0255    
 -2.2022062E-04   370.1774    
 -1.8018094E-04   376.3267    
 -1.4013967E-04   381.3727    
 -1.0009999E-04   385.2315    
 -6.0060313E-05   387.8394    
 -2.0020632E-05   389.1557    
  2.0019048E-05   389.1522    
  6.0058730E-05   387.8395    
  1.0009999E-04   385.2315    
  1.4013967E-04   381.3727    
  1.8018094E-04   376.3267    
  2.2022062E-04   370.1774    
  2.6026031E-04   363.0255    
  3.0030156E-04   354.9866    
  3.4034124E-04   346.1862    
  3.8038092E-04   336.7526    
  4.2042061E-04   326.8126    
  4.6046029E-04   316.4860    
  5.0049997E-04   305.8802    
  5.4054125E-04   295.0891    
  5.8058091E-04   284.1927    
  6.2062062E-04   273.2575    
  6.6066027E-04   262.3407    
  7.0069998E-04   251.4928    
  7.4073963E-04   240.7615    
  7.8078092E-04   230.1924    
  8.2082057E-04   219.8322    
  8.6086185E-04   209.7246    
  9.0090150E-04   199.9126    
  9.4094122E-04   190.4333    
  9.8098093E-04   181.3165    
  1.0210221E-03   172.5832    
  1.0610619E-03   164.2465    
  1.1011015E-03   156.3085    
  1.1411412E-03   148.7648    
  1.1811808E-03   141.6044    
  1.2212206E-03   134.8130    
  1.2612619E-03   128.3741    
  1.3013015E-03   122.2707    
  1.3413412E-03   116.4865    
  1.3813808E-03   111.0055    
  1.4214205E-03   105.8133    
  1.4614603E-03   100.8958    
  1.5015015E-03   96.23951    
  1.5415427E-03   91.83173    
  1.5815825E-03   87.66013    
  1.6216221E-03   83.71272    
  1.6616618E-03   79.97787    
  1.7017014E-03   76.44468    
  1.7417427E-03   73.10286    
  1.7817824E-03   69.94263    
  1.8218221E-03   66.95492    
  1.8618618E-03   64.13042    
  1.9019014E-03   61.46054    
  1.9419411E-03   58.93675    
  1.9819825E-03   56.55080    
  2.0220221E-03   54.29481    
  2.0620618E-03   52.16124    
  2.1021015E-03   50.14256    
  2.1421411E-03   48.23172    
  2.1821808E-03   46.42185    
  2.2222237E-03   44.70604    
  2.2622633E-03   43.07818    
  2.3023030E-03   41.53215    
  2.3423426E-03   40.06227    
  2.3823823E-03   38.66363    
  2.4224222E-03   37.33170    
  2.4624632E-03   36.06270    
  2.5025031E-03   34.85325    
  2.5425428E-03   33.70020    
  2.5825824E-03   32.60037    
  2.6226221E-03   31.55085    
  2.6626617E-03   30.54824    
  2.7027030E-03   29.58939    
  2.7427427E-03   28.67122    
  2.7827823E-03   27.79065    
  2.8228220E-03   26.94534    
  2.8628616E-03   26.13329    
  2.9029029E-03   25.35306    
  2.9429442E-03   24.60378    
  2.9829838E-03   23.88464    
  3.0230237E-03   23.19478    
  3.0630634E-03   22.53321    
  3.1031030E-03   21.89873    
  3.1431427E-03   21.28985    
  3.1831840E-03   20.70484    
  3.2232236E-03   20.14213    
  3.2632633E-03   19.60025    
  3.3033029E-03   19.07793    
  3.3433426E-03   18.57444    
  3.3833822E-03   18.08910    
  3.4234235E-03   17.62136    
  3.4634632E-03   17.17076    
  3.5035030E-03   16.73675    
  3.5435427E-03   16.31844    
  3.5835840E-03   15.91503    
  3.6236253E-03   15.52564    
  3.6636649E-03   15.14956    
  3.7037046E-03   14.78620    
  3.7437442E-03   14.43532    
  3.7837839E-03   14.09690    
  3.8238235E-03   13.77094    
  3.8638648E-03   13.45749    
  3.9039045E-03   13.15639    
  3.9439443E-03   12.86719    
  3.9839838E-03   12.58915    
  4.0240237E-03   12.32127    
  4.0640631E-03   12.06257    
  4.1041044E-03   11.81193    
  4.1441442E-03   11.56861    
  4.1841837E-03   11.33196    
  4.2242236E-03   11.10171    
  4.2642648E-03   10.87787    
  4.3043043E-03   10.66041    
  4.3443455E-03   10.44945    
  4.3843854E-03   10.24506    
  4.4244253E-03   10.04720    
  4.4644647E-03   9.855644    
  4.5045046E-03   9.670235    
  4.5445440E-03   9.490717    
  4.5845853E-03   9.316778    
  4.6246252E-03   9.148237    
  4.6646646E-03   8.984816    
  4.7047045E-03   8.826310    
  4.7447439E-03   8.672371    
  4.7847838E-03   8.522654    
  4.8248251E-03   8.376566    
  4.8648650E-03   8.233702    
  4.9049044E-03   8.093392    
  4.9449457E-03   7.955255    
  4.9849856E-03   7.818949    
  5.0250250E-03   7.684322    
  5.0650663E-03   7.551475    
  5.1051062E-03   7.420602    
  5.1451456E-03   7.292135    
  5.1851855E-03   7.166495    
  5.2252249E-03   7.044088    
  5.2652648E-03   6.925294    
  5.3053061E-03   6.810379    
  5.3453455E-03   6.699419    
  5.3853854E-03   6.592413    
  5.4254252E-03   6.489185    
  5.4654647E-03   6.389418    
  5.5055046E-03   6.292712    
  5.5455458E-03   6.198546    
  5.5855853E-03   6.106482    
  5.6256265E-03   6.015992    
  5.6656664E-03   5.926673    
  5.7057058E-03   5.838140    
  5.7457457E-03   5.750239    
  5.7857870E-03   5.662793    
  5.8258264E-03   5.575904    
  5.8658663E-03   5.489623    
  5.9059057E-03   5.404108    
  5.9459456E-03   5.319515    
  5.9859855E-03   5.236048    
  6.0260268E-03   5.153839    
  6.0660662E-03   5.073015    
  6.1061061E-03   4.993668    
  6.1461455E-03   4.915865    
  6.1861854E-03   4.839694    
  6.2262248E-03   4.765155    
  6.2662661E-03   4.692290    
  6.3063060E-03   4.621121    
  6.3463473E-03   4.551682    
  6.3863867E-03   4.483918    
  6.4264266E-03   4.417875    
  6.4664660E-03   4.353547    
  6.5065073E-03   4.290923    
  6.5465472E-03   4.229989    
  6.5865852E-03   4.170754    
  6.6266265E-03   4.113076    
  6.6666678E-03   4.056829    
  6.7067058E-03   4.001766    
  6.7467471E-03   3.947616    
  6.7867851E-03   3.894103    
  6.8268264E-03   3.840878    
  6.8668677E-03   3.787868    
  6.9069057E-03   3.735047    
  6.9469470E-03   3.682530    
  6.9869854E-03   3.630658    
  7.0270267E-03   3.579852    
  7.0670675E-03   3.530499    
  7.1071088E-03   3.482974    
  7.1471473E-03   3.437476    
  7.1871886E-03   3.393988    
  7.2272266E-03   3.352326    
  7.2672679E-03   3.312100    
  7.3073092E-03   3.272835    
  7.3473472E-03   3.234104    
  7.3873885E-03   3.195460    
  7.4274265E-03   3.156689    
  7.4674678E-03   3.117649    
  7.5075058E-03   3.078386    
  7.5475471E-03   3.039019    
  7.5875884E-03   2.999692    
  7.6276264E-03   2.960612    
  7.6676677E-03   2.921940    
  7.7077057E-03   2.883862    
  7.7477470E-03   2.846454    
  7.7877883E-03   2.809935    
  7.8278268E-03   2.774498    
  7.8678681E-03   2.740332    
  7.9079056E-03   2.707615    
  7.9479469E-03   2.676538    
  7.9879854E-03   2.647122    
  8.0280295E-03   2.619376    
  8.0680707E-03   2.593135    
  8.1081092E-03   2.568234    
  8.1481505E-03   2.544379    
  8.1881881E-03   2.521382    
  8.2282294E-03   2.499010    
  8.2682706E-03   2.477173    
  8.3083091E-03   2.455810    
  8.3483504E-03   2.434947    
  8.3883880E-03   2.414552    
  8.4284293E-03   2.394626    
  8.4684677E-03   2.375107    
  8.5085090E-03   2.355835    
  8.5485503E-03   2.336651    
  8.5885879E-03   2.317336    
  8.6286291E-03   2.297760    
  8.6686676E-03   2.277763    
  8.7087089E-03   2.257293    
  8.7487502E-03   2.236354    
  8.7887887E-03   2.215050    
  8.8288300E-03   2.193424    
  8.8688675E-03   2.171655    
  8.9089088E-03   2.149831    
  8.9489473E-03   2.128074    
  8.9889886E-03   2.106482    
  9.0290299E-03   2.085156    
  9.0690674E-03   2.064220    
  9.1091087E-03   2.043726    
  9.1491472E-03   2.023757    
  9.1891885E-03   2.004297    
  9.2292298E-03   1.985343    
  9.2692673E-03   1.966837    
  9.3093086E-03   1.948719    
  9.3493471E-03   1.930920    
  9.3893912E-03   1.913403    
  9.4294297E-03   1.896252    
  9.4694709E-03   1.879522    
  9.5095122E-03   1.863354    
  9.5495498E-03   1.847849    
  9.5895911E-03   1.833084    
  9.6296296E-03   1.819023    
  9.6696708E-03   1.805500    
  9.7097121E-03   1.792264    
  9.7497497E-03   1.779019    
  9.7897910E-03   1.765412    
  9.8298294E-03   1.751252    
  9.8698707E-03   1.736384    
  9.9099092E-03   1.720842    
  9.9499505E-03   1.704814    
  9.9899918E-03   1.688572    
  1.0030029E-02   1.672395    
  1.0070071E-02   1.656572    
  1.0110109E-02   1.641277    
  1.0150150E-02   1.626598    
  1.0190192E-02   1.612507    
  1.0230229E-02   1.598890    
  1.0270271E-02   1.585615    
  1.0310309E-02   1.572584    
  1.0350350E-02   1.559718    
  1.0390388E-02   1.547004    
  1.0430429E-02   1.534494    
  1.0470470E-02   1.522229    
  1.0510509E-02   1.510231    
  1.0550550E-02   1.498542    
  1.0590588E-02   1.487055    
  1.0630629E-02   1.475767    
  1.0670670E-02   1.464578    
  1.0710709E-02   1.453477    
  1.0750750E-02   1.442415    
  1.0790791E-02   1.431466    
  1.0830833E-02   1.420651    
  1.0870874E-02   1.410047    
  1.0910912E-02   1.399676    
  1.0950953E-02   1.389550    
  1.0990991E-02   1.379602    
  1.1031033E-02   1.369790    
  1.1071071E-02   1.360027    
  1.1111112E-02   1.350266    
  1.1151154E-02   1.340524    
  1.1191191E-02   1.330839    
  1.1231232E-02   1.321295    
  1.1271271E-02   1.311930    
  1.1311312E-02   1.302804    
  1.1351353E-02   1.293886    
  1.1391391E-02   1.285079    
  1.1431432E-02   1.276281    
  1.1471471E-02   1.267351    
  1.1511512E-02   1.258172    
  1.1551550E-02   1.248687    
  1.1591591E-02   1.238907    
  1.1631632E-02   1.228913    
  1.1671671E-02   1.218797    
  1.1711712E-02   1.208671    
  1.1751750E-02   1.198623    
  1.1791791E-02   1.188611    
  1.1831832E-02   1.178609    
  1.1871871E-02   1.168508    
  1.1911912E-02   1.158230    
  1.1951950E-02   1.147706    
  1.1991992E-02   1.136999    
  1.2032029E-02   1.126205    
  1.2072071E-02   1.115531    
  1.2112112E-02   1.105217    
  1.2152153E-02   1.095490    
  1.2192194E-02   1.086494    
  1.2232233E-02   1.078304    
  1.2272274E-02   1.070867    
  1.2312315E-02   1.064030    
  1.2352353E-02   1.057590    
  1.2392394E-02   1.051316    
  1.2432433E-02   1.044999    
  1.2472474E-02   1.038470    
  1.2512512E-02   1.031644    
  1.2552553E-02   1.024448    
  1.2592594E-02   1.016917    
  1.2632633E-02   1.009050    
  1.2672674E-02   1.000870    
  1.2712711E-02  0.9924404    
  1.2752753E-02  0.9837805    
  1.2792794E-02  0.9749456    
  1.2832833E-02  0.9660113    
  1.2872874E-02  0.9571037    
  1.2912912E-02  0.9483248    
  1.2952953E-02  0.9398308    
  1.2992991E-02  0.9317015    
  1.3033032E-02  0.9240663    
  1.3073074E-02  0.9169254    
  1.3113112E-02  0.9102575    
  1.3153153E-02  0.9040223    
  1.3193191E-02  0.8980888    
  1.3233232E-02  0.8923780    
  1.3273274E-02  0.8867980    
  1.3313312E-02  0.8813011    
  1.3353353E-02  0.8758568    
  1.3393391E-02  0.8704777    
  1.3433432E-02  0.8652132    
  1.3473471E-02  0.8601044    
  1.3513515E-02  0.8552083    
  1.3553556E-02  0.8505692    
  1.3593595E-02  0.8461863    
  1.3633636E-02  0.8420584    
  1.3673673E-02  0.8381267    
  1.3713715E-02  0.8343208    
  1.3753756E-02  0.8305241    
  1.3793794E-02  0.8266231    
  1.3833836E-02  0.8225042    
  1.3873873E-02  0.8180666    
  1.3913915E-02  0.8132352    
  1.3953956E-02  0.8080211    
  1.3993994E-02  0.8024457    
  1.4034036E-02  0.7966153    
  1.4074074E-02  0.7906728    
  1.4114115E-02  0.7847429    
  1.4154153E-02  0.7789572    
  1.4194194E-02  0.7734274    
  1.4234236E-02  0.7681596    
  1.4274274E-02  0.7631713    
  1.4314315E-02  0.7583876    
  1.4354353E-02  0.7537388    
  1.4394394E-02  0.7491596    
  1.4434435E-02  0.7446134    
  1.4474474E-02  0.7400838    
  1.4514515E-02  0.7356044    
  1.4554553E-02  0.7312003    
  1.4594594E-02  0.7269264    
  1.4634633E-02  0.7228152    
  1.4674674E-02  0.7188359    
  1.4714715E-02  0.7149683    
  1.4754753E-02  0.7111537    
  1.4794794E-02  0.7073240    
  1.4834832E-02  0.7034485    
  1.4874876E-02  0.6995319    
  1.4914918E-02  0.6955827    
  1.4954956E-02  0.6916420    
  1.4994998E-02  0.6877735    
  1.5035035E-02  0.6840153    
  1.5075076E-02  0.6803704    
  1.5115115E-02  0.6768148    
  1.5155156E-02  0.6733005    
  1.5195197E-02  0.6697702    
  1.5235236E-02  0.6661763    
  1.5275277E-02  0.6624777    
  1.5315315E-02  0.6586938    
  1.5355356E-02  0.6548551    
  1.5395397E-02  0.6510202    
  1.5435436E-02  0.6472478    
  1.5475477E-02  0.6435678    
  1.5515515E-02  0.6400027    
  1.5555556E-02  0.6365183    
  1.5595594E-02  0.6331064    
  1.5635636E-02  0.6297226    
  1.5675677E-02  0.6263465    
  1.5715715E-02  0.6229931    
  1.5755756E-02  0.6196823    
  1.5795793E-02  0.6164556    
  1.5835835E-02  0.6133448    
  1.5875876E-02  0.6103762    
  1.5915915E-02  0.6075479    
  1.5955957E-02  0.6048186    
  1.5995994E-02  0.6021241    
  1.6036035E-02  0.5994316    
  1.6076073E-02  0.5967206    
  1.6116114E-02  0.5939868    
  1.6156156E-02  0.5912878    
  1.6196195E-02  0.5886726    
  1.6236238E-02  0.5862145    
  1.6276278E-02  0.5839614    
  1.6316317E-02  0.5819048    
  1.6356358E-02  0.5800042    
  1.6396398E-02  0.5781721    
  1.6436439E-02  0.5762774    
  1.6476477E-02  0.5742004    
  1.6516518E-02  0.5718780    
  1.6556555E-02  0.5692490    
  1.6596597E-02  0.5663442    
  1.6636638E-02  0.5632194    
  1.6676677E-02  0.5599454    
  1.6716719E-02  0.5566186    
  1.6756756E-02  0.5533021    
  1.6796798E-02  0.5500135    
  1.6836839E-02  0.5467528    
  1.6876876E-02  0.5435089    
  1.6916918E-02  0.5402617    
  1.6956955E-02  0.5369797    
  1.6996996E-02  0.5337021    
  1.7037036E-02  0.5304525    
  1.7077077E-02  0.5272924    
  1.7117118E-02  0.5242772    
  1.7157156E-02  0.5214456    
  1.7197197E-02  0.5188229    
  1.7237235E-02  0.5164093    
  1.7277276E-02  0.5141904    
  1.7317317E-02  0.5121441    
  1.7357357E-02  0.5102247    
  1.7397398E-02  0.5084063    
  1.7437436E-02  0.5066751    
  1.7477477E-02  0.5049804    
  1.7517515E-02  0.5033027    
  1.7557556E-02  0.5015784    
  1.7597601E-02  0.4997503    
  1.7637638E-02  0.4977438    
  1.7677680E-02  0.4955033    
  1.7717717E-02  0.4930128    
  1.7757758E-02  0.4902966    
  1.7797800E-02  0.4874032    
  1.7837839E-02  0.4844384    
  1.7877880E-02  0.4815025    
  1.7917918E-02  0.4787286    
  1.7957959E-02  0.4761616    
  1.7998001E-02  0.4738158    
  1.8038038E-02  0.4716503    
  1.8078079E-02  0.4695880    
  1.8118117E-02  0.4675274    
  1.8158158E-02  0.4653453    
  1.8198198E-02  0.4629808    
  1.8238239E-02  0.4604130    
  1.8278280E-02  0.4576669    
  1.8318318E-02  0.4548008    
  1.8358359E-02  0.4519039    
  1.8398397E-02  0.4490452    
  1.8438438E-02  0.4462993    
  1.8478479E-02  0.4436863    
  1.8518519E-02  0.4412124    
  1.8558560E-02  0.4388780    
  1.8598597E-02  0.4366544    
  1.8638639E-02  0.4345583    
  1.8678676E-02  0.4325958    
  1.8718718E-02  0.4307885    
  1.8758759E-02  0.4291686    
  1.8798796E-02  0.4277461    
  1.8838838E-02  0.4265065    
  1.8878877E-02  0.4254239    
  1.8918918E-02  0.4244423    
  1.8958962E-02  0.4234952    
  1.8999001E-02  0.4225218    
  1.9039042E-02  0.4214801    
  1.9079080E-02  0.4203677    
  1.9119121E-02  0.4191732    
  1.9159159E-02  0.4179368    
  1.9199200E-02  0.4166868    
  1.9239241E-02  0.4154451    
  1.9279279E-02  0.4142126    
  1.9319320E-02  0.4129776    
  1.9359360E-02  0.4117062    
  1.9399401E-02  0.4103710    
  1.9439442E-02  0.4089239    
  1.9479480E-02  0.4073601    
  1.9519521E-02  0.4056660    
  1.9559558E-02  0.4038593    
  1.9599600E-02  0.4019589    
  1.9639639E-02  0.3999833    
  1.9679680E-02  0.3979399    
  1.9719722E-02  0.3958624    
  1.9759759E-02  0.3937473    
  1.9799801E-02  0.3916282    
  1.9839838E-02  0.3895268    
  1.9879879E-02  0.3874918    
  1.9919921E-02  0.3855675    
  1.9959958E-02  0.3837850    
  2.0000000E-02  0.3821897    
