 -2.0000000E-02  0.1783632    
 -1.9959960E-02  0.1776211    
 -1.9919921E-02  0.1796383    
 -1.9879879E-02  0.1832125    
 -1.9839840E-02  0.1835516    
 -1.9799801E-02  0.1819441    
 -1.9759761E-02  0.1780409    
 -1.9719720E-02  0.1759848    
 -1.9679680E-02  0.1788399    
 -1.9639639E-02  0.1871240    
 -1.9599600E-02  0.1977287    
 -1.9559558E-02  0.2007433    
 -1.9519519E-02  0.1959596    
 -1.9479480E-02  0.1944245    
 -1.9439440E-02  0.1876841    
 -1.9399401E-02  0.1785875    
 -1.9359360E-02  0.1705385    
 -1.9319320E-02  0.1739157    
 -1.9279279E-02  0.1838292    
 -1.9239239E-02  0.1926549    
 -1.9199198E-02  0.1966563    
 -1.9159159E-02  0.1929320    
 -1.9119119E-02  0.1864941    
 -1.9079080E-02  0.1867292    
 -1.9039040E-02  0.1919185    
 -1.8998999E-02  0.1917282    
 -1.8958960E-02  0.1927103    
 -1.8918918E-02  0.1971225    
 -1.8878879E-02  0.2035313    
 -1.8838838E-02  0.2026514    
 -1.8798798E-02  0.1940506    
 -1.8758759E-02  0.1877704    
 -1.8718719E-02  0.1848422    
 -1.8678680E-02  0.1798830    
 -1.8638639E-02  0.1754590    
 -1.8598599E-02  0.1713767    
 -1.8558560E-02  0.1738335    
 -1.8518519E-02  0.1796178    
 -1.8478477E-02  0.1821321    
 -1.8438438E-02  0.1780775    
 -1.8398399E-02  0.1673446    
 -1.8358359E-02  0.1572459    
 -1.8318318E-02  0.1587876    
 -1.8278278E-02  0.1646752    
 -1.8238239E-02  0.1681256    
 -1.8198200E-02  0.1712306    
 -1.8158158E-02  0.1749575    
 -1.8118117E-02  0.1762255    
 -1.8078078E-02  0.1799973    
 -1.8038038E-02  0.1834914    
 -1.7997999E-02  0.1820561    
 -1.7957957E-02  0.1740937    
 -1.7917918E-02  0.1667525    
 -1.7877879E-02  0.1650248    
 -1.7837839E-02  0.1645548    
 -1.7797798E-02  0.1635646    
 -1.7757757E-02  0.1628517    
 -1.7717717E-02  0.1652959    
 -1.7677678E-02  0.1680352    
 -1.7637638E-02  0.1717209    
 -1.7597597E-02  0.1766693    
 -1.7557558E-02  0.1776454    
 -1.7517518E-02  0.1736543    
 -1.7477479E-02  0.1667999    
 -1.7437439E-02  0.1576758    
 -1.7397398E-02  0.1542715    
 -1.7357357E-02  0.1577248    
 -1.7317317E-02  0.1635131    
 -1.7277276E-02  0.1610856    
 -1.7237237E-02  0.1596747    
 -1.7197197E-02  0.1616479    
 -1.7157158E-02  0.1665697    
 -1.7117118E-02  0.1742859    
 -1.7077077E-02  0.1832567    
 -1.7037038E-02  0.1879484    
 -1.6996996E-02  0.1929327    
 -1.6956957E-02  0.1920430    
 -1.6916918E-02  0.1842307    
 -1.6876876E-02  0.1806030    
 -1.6836837E-02  0.1863441    
 -1.6796798E-02  0.1986649    
 -1.6756758E-02  0.2016325    
 -1.6716717E-02  0.1933661    
 -1.6676677E-02  0.1855613    
 -1.6636636E-02  0.1825516    
 -1.6596597E-02  0.1852342    
 -1.6556555E-02  0.1925529    
 -1.6516516E-02  0.1987684    
 -1.6476477E-02  0.2028807    
 -1.6436437E-02  0.2062450    
 -1.6396398E-02  0.2099431    
 -1.6356356E-02  0.2080423    
 -1.6316317E-02  0.2024979    
 -1.6276278E-02  0.2028585    
 -1.6236236E-02  0.2112608    
 -1.6196197E-02  0.2106793    
 -1.6156156E-02  0.2023312    
 -1.6116116E-02  0.2009699    
 -1.6076077E-02  0.2134102    
 -1.6036035E-02  0.2216187    
 -1.5995998E-02  0.2178688    
 -1.5955957E-02  0.2102761    
 -1.5915917E-02  0.2080054    
 -1.5875876E-02  0.2151556    
 -1.5835835E-02  0.2211848    
 -1.5795795E-02  0.2191754    
 -1.5755756E-02  0.2241382    
 -1.5715716E-02  0.2353122    
 -1.5675677E-02  0.2405295    
 -1.5635636E-02  0.2428951    
 -1.5595595E-02  0.2403174    
 -1.5555556E-02  0.2352206    
 -1.5515515E-02  0.2375121    
 -1.5475477E-02  0.2371210    
 -1.5435436E-02  0.2326332    
 -1.5395395E-02  0.2269349    
 -1.5355356E-02  0.2255770    
 -1.5315315E-02  0.2311258    
 -1.5275275E-02  0.2380264    
 -1.5235236E-02  0.2466165    
 -1.5195196E-02  0.2507806    
 -1.5155156E-02  0.2542623    
 -1.5115115E-02  0.2551648    
 -1.5075075E-02  0.2498205    
 -1.5035035E-02  0.2464856    
 -1.4994996E-02  0.2509756    
 -1.4954954E-02  0.2562995    
 -1.4914915E-02  0.2586880    
 -1.4874876E-02  0.2501058    
 -1.4834835E-02  0.2410092    
 -1.4794794E-02  0.2436925    
 -1.4754754E-02  0.2453698    
 -1.4714715E-02  0.2416479    
 -1.4674676E-02  0.2439715    
 -1.4634635E-02  0.2476862    
 -1.4594594E-02  0.2582330    
 -1.4554555E-02  0.2614413    
 -1.4514515E-02  0.2513821    
 -1.4474475E-02  0.2429822    
 -1.4434434E-02  0.2492929    
 -1.4394394E-02  0.2630932    
 -1.4354355E-02  0.2676283    
 -1.4314315E-02  0.2643926    
 -1.4274274E-02  0.2599070    
 -1.4234234E-02  0.2554593    
 -1.4194194E-02  0.2523943    
 -1.4154155E-02  0.2524207    
 -1.4114115E-02  0.2590360    
 -1.4074074E-02  0.2584826    
 -1.4034034E-02  0.2456260    
 -1.3993994E-02  0.2404265    
 -1.3953955E-02  0.2443462    
 -1.3913914E-02  0.2509677    
 -1.3873873E-02  0.2554670    
 -1.3833834E-02  0.2588798    
 -1.3793794E-02  0.2566429    
 -1.3753753E-02  0.2635553    
 -1.3713714E-02  0.2700876    
 -1.3673673E-02  0.2691081    
 -1.3633634E-02  0.2726502    
 -1.3593595E-02  0.2807039    
 -1.3553553E-02  0.2775070    
 -1.3513514E-02  0.2716426    
 -1.3473473E-02  0.2683368    
 -1.3433434E-02  0.2627531    
 -1.3393395E-02  0.2696533    
 -1.3353353E-02  0.2887243    
 -1.3313313E-02  0.3117031    
 -1.3273274E-02  0.3259604    
 -1.3233233E-02  0.3171908    
 -1.3193194E-02  0.3041158    
 -1.3153153E-02  0.2960995    
 -1.3113113E-02  0.3005408    
 -1.3073074E-02  0.3089310    
 -1.3033033E-02  0.3226629    
 -1.2992993E-02  0.3411992    
 -1.2952953E-02  0.3502680    
 -1.2912912E-02  0.3536650    
 -1.2872873E-02  0.3604988    
 -1.2832833E-02  0.3786605    
 -1.2792793E-02  0.3941837    
 -1.2752753E-02  0.4022429    
 -1.2712713E-02  0.3963741    
 -1.2672673E-02  0.3882023    
 -1.2632633E-02  0.3855937    
 -1.2592593E-02  0.3874494    
 -1.2552552E-02  0.3854316    
 -1.2512513E-02  0.3780503    
 -1.2472473E-02  0.3727595    
 -1.2432433E-02  0.3668940    
 -1.2392392E-02  0.3599977    
 -1.2352353E-02  0.3570789    
 -1.2312313E-02  0.3501764    
 -1.2272272E-02  0.3493326    
 -1.2232233E-02  0.3623009    
 -1.2192192E-02  0.3800043    
 -1.2152152E-02  0.3779997    
 -1.2112113E-02  0.3699127    
 -1.2072072E-02  0.3647457    
 -1.2032033E-02  0.3646460    
 -1.1991993E-02  0.3687259    
 -1.1951951E-02  0.3921934    
 -1.1911912E-02  0.4174668    
 -1.1871872E-02  0.4301048    
 -1.1831832E-02  0.4388276    
 -1.1791792E-02  0.4490640    
 -1.1751752E-02  0.4623583    
 -1.1711712E-02  0.4596165    
 -1.1671673E-02  0.4553110    
 -1.1631632E-02  0.4417672    
 -1.1591591E-02  0.4318343    
 -1.1551552E-02  0.4331183    
 -1.1511511E-02  0.4617618    
 -1.1471472E-02  0.5016856    
 -1.1431431E-02  0.5266193    
 -1.1391391E-02  0.5289767    
 -1.1351352E-02  0.5168051    
 -1.1311312E-02  0.5038156    
 -1.1271271E-02  0.4976319    
 -1.1231231E-02  0.5063970    
 -1.1191191E-02  0.5265664    
 -1.1151151E-02  0.5471463    
 -1.1111111E-02  0.5565832    
 -1.1071071E-02  0.5606422    
 -1.1031031E-02  0.5774564    
 -1.0990991E-02  0.5794607    
 -1.0950952E-02  0.5829784    
 -1.0910911E-02  0.5907949    
 -1.0870871E-02  0.5995230    
 -1.0830831E-02  0.6101065    
 -1.0790790E-02  0.6172010    
 -1.0750751E-02  0.6299309    
 -1.0710712E-02  0.6441749    
 -1.0670670E-02  0.6600798    
 -1.0630631E-02  0.6811668    
 -1.0590591E-02  0.7046554    
 -1.0550550E-02  0.7079943    
 -1.0510511E-02  0.6940730    
 -1.0470470E-02  0.6733928    
 -1.0430430E-02  0.6633013    
 -1.0390391E-02  0.6600040    
 -1.0350351E-02  0.6623730    
 -1.0310311E-02  0.6580775    
 -1.0270271E-02  0.6601798    
 -1.0230230E-02  0.6739781    
 -1.0190190E-02  0.7054794    
 -1.0150150E-02  0.7314480    
 -1.0110110E-02  0.7440553    
 -1.0070070E-02  0.7411076    
 -1.0030030E-02  0.7371275    
 -9.9899909E-03  0.7573326    
 -9.9499505E-03  0.7827880    
 -9.9099092E-03  0.7968503    
 -9.8698698E-03  0.8096746    
 -9.8298294E-03  0.8193539    
 -9.7897900E-03  0.8226952    
 -9.7497497E-03  0.8177288    
 -9.7097093E-03  0.8153752    
 -9.6696699E-03  0.8114434    
 -9.6296305E-03  0.8132464    
 -9.5895901E-03  0.8240579    
 -9.5495498E-03  0.8224146    
 -9.5095094E-03  0.8227994    
 -9.4694691E-03  0.8404251    
 -9.4294297E-03  0.8756373    
 -9.3893902E-03  0.8955734    
 -9.3493490E-03  0.9131977    
 -9.3093095E-03  0.9256210    
 -9.2692701E-03  0.9406863    
 -9.2292288E-03  0.9557768    
 -9.1891894E-03  0.9670593    
 -9.1491491E-03  0.9681005    
 -9.1091087E-03  0.9673842    
 -9.0690693E-03  0.9702636    
 -9.0290299E-03  0.9560379    
 -8.9889895E-03  0.9366889    
 -8.9489492E-03  0.9334899    
 -8.9089097E-03  0.9428761    
 -8.8688685E-03  0.9629705    
 -8.8288290E-03  0.9910776    
 -8.7887887E-03   1.027358    
 -8.7487483E-03   1.047827    
 -8.7087089E-03   1.040360    
 -8.6686695E-03   1.039807    
 -8.6286291E-03   1.057192    
 -8.5885888E-03   1.054995    
 -8.5485484E-03   1.061872    
 -8.5085081E-03   1.080785    
 -8.4684687E-03   1.090337    
 -8.4284293E-03   1.109853    
 -8.3883880E-03   1.141863    
 -8.3483486E-03   1.174472    
 -8.3083091E-03   1.186206    
 -8.2682688E-03   1.202080    
 -8.2282284E-03   1.223979    
 -8.1881871E-03   1.251056    
 -8.1481477E-03   1.263304    
 -8.1081083E-03   1.265967    
 -8.0680680E-03   1.266831    
 -8.0280276E-03   1.289051    
 -7.9879882E-03   1.336141    
 -7.9479478E-03   1.360346    
 -7.9079084E-03   1.360657    
 -7.8678681E-03   1.376677    
 -7.8278277E-03   1.403845    
 -7.7877874E-03   1.418102    
 -7.7477479E-03   1.415830    
 -7.7077076E-03   1.416347    
 -7.6676677E-03   1.431234    
 -7.6276283E-03   1.452378    
 -7.5875875E-03   1.444473    
 -7.5475480E-03   1.424629    
 -7.5075072E-03   1.428627    
 -7.4674669E-03   1.458275    
 -7.4274275E-03   1.473871    
 -7.3873876E-03   1.480428    
 -7.3473472E-03   1.489348    
 -7.3073073E-03   1.513158    
 -7.2672679E-03   1.543418    
 -7.2272271E-03   1.566276    
 -7.1871867E-03   1.593479    
 -7.1471473E-03   1.611448    
 -7.1071065E-03   1.634972    
 -7.0670671E-03   1.636034    
 -7.0270272E-03   1.646602    
 -6.9869868E-03   1.679635    
 -6.9469470E-03   1.734649    
 -6.9069075E-03   1.779238    
 -6.8668672E-03   1.798256    
 -6.8268264E-03   1.829467    
 -6.7867870E-03   1.882775    
 -6.7467466E-03   1.902067    
 -6.7067076E-03   1.898042    
 -6.6666664E-03   1.908069    
 -6.6266265E-03   1.934195    
 -6.5865871E-03   1.969533    
 -6.5465472E-03   2.040818    
 -6.5065073E-03   2.135348    
 -6.4664660E-03   2.186313    
 -6.4264266E-03   2.214510    
 -6.3863867E-03   2.285697    
 -6.3463454E-03   2.383395    
 -6.3063060E-03   2.453057    
 -6.2662661E-03   2.549072    
 -6.2262267E-03   2.669871    
 -6.1861868E-03   2.767950    
 -6.1461474E-03   2.809907    
 -6.1061061E-03   2.805302    
 -6.0660662E-03   2.814927    
 -6.0260268E-03   2.826230    
 -5.9859855E-03   2.831810    
 -5.9459456E-03   2.828405    
 -5.9059057E-03   2.821481    
 -5.8658645E-03   2.894444    
 -5.8258250E-03   3.013740    
 -5.7857851E-03   3.087814    
 -5.7457457E-03   3.157294    
 -5.7057058E-03   3.224811    
 -5.6656664E-03   3.296843    
 -5.6256251E-03   3.418580    
 -5.5855853E-03   3.498217    
 -5.5455458E-03   3.508809    
 -5.5055059E-03   3.503368    
 -5.4654665E-03   3.506114    
 -5.4254266E-03   3.521043    
 -5.3853854E-03   3.580092    
 -5.3453455E-03   3.637717    
 -5.3053042E-03   3.681004    
 -5.2652648E-03   3.723188    
 -5.2252249E-03   3.737615    
 -5.1851855E-03   3.742990    
 -5.1451442E-03   3.757310    
 -5.1051043E-03   3.759366    
 -5.0650649E-03   3.790416    
 -5.0250250E-03   3.914013    
 -4.9849856E-03   4.110156    
 -4.9449457E-03   4.266059    
 -4.9049044E-03   4.331306    
 -4.8648650E-03   4.371554    
 -4.8248251E-03   4.456395    
 -4.7847852E-03   4.550982    
 -4.7447458E-03   4.593981    
 -4.7047059E-03   4.645882    
 -4.6646646E-03   4.724247    
 -4.6246252E-03   4.874918    
 -4.5845839E-03   5.060210    
 -4.5445440E-03   5.248522    
 -4.5045046E-03   5.417166    
 -4.4644647E-03   5.510709    
 -4.4244234E-03   5.593643    
 -4.3843840E-03   5.732354    
 -4.3443441E-03   5.887568    
 -4.3043043E-03   6.005819    
 -4.2642648E-03   6.101097    
 -4.2242249E-03   6.208140    
 -4.1841837E-03   6.346116    
 -4.1441442E-03   6.540292    
 -4.1041044E-03   6.783009    
 -4.0640649E-03   7.012492    
 -4.0240251E-03   7.214121    
 -3.9839856E-03   7.411081    
 -3.9439443E-03   7.572820    
 -3.9039028E-03   7.769829    
 -3.8638632E-03   7.983702    
 -3.8238235E-03   8.214902    
 -3.7837839E-03   8.440799    
 -3.7437442E-03   8.693410    
 -3.7037029E-03   8.958162    
 -3.6636633E-03   9.210058    
 -3.6236236E-03   9.470475    
 -3.5835840E-03   9.684669    
 -3.5435441E-03   9.878842    
 -3.5035044E-03   10.04311    
 -3.4634632E-03   10.22464    
 -3.4234235E-03   10.42375    
 -3.3833839E-03   10.58727    
 -3.3433442E-03   10.84091    
 -3.3033045E-03   11.23006    
 -3.2632649E-03   11.57811    
 -3.2232220E-03   11.95071    
 -3.1831823E-03   12.34555    
 -3.1431427E-03   12.84782    
 -3.1031030E-03   13.44734    
 -3.0630634E-03   14.03502    
 -3.0230221E-03   14.48419    
 -2.9829824E-03   14.92540    
 -2.9429425E-03   15.46373    
 -2.9029029E-03   16.00308    
 -2.8628632E-03   16.63776    
 -2.8228236E-03   17.40651    
 -2.7827823E-03   18.14554    
 -2.7427427E-03   18.87519    
 -2.7027030E-03   19.67239    
 -2.6626633E-03   20.57446    
 -2.6226237E-03   21.44154    
 -2.5825840E-03   22.20714    
 -2.5425411E-03   23.02976    
 -2.5025015E-03   23.95233    
 -2.4624618E-03   25.03388    
 -2.4224222E-03   26.23292    
 -2.3823823E-03   27.52068    
 -2.3423426E-03   28.90878    
 -2.3023013E-03   30.38857    
 -2.2622617E-03   31.77055    
 -2.2222220E-03   33.27642    
 -2.1821824E-03   34.85478    
 -2.1421427E-03   36.58329    
 -2.1021031E-03   38.60160    
 -2.0620618E-03   40.85028    
 -2.0220221E-03   43.05048    
 -1.9819825E-03   45.34831    
 -1.9419427E-03   47.79813    
 -1.9019031E-03   50.42163    
 -1.8618618E-03   53.22150    
 -1.8218205E-03   56.05407    
 -1.7817809E-03   59.20927    
 -1.7417412E-03   62.73390    
 -1.7017014E-03   66.68622    
 -1.6616618E-03   71.00690    
 -1.6216221E-03   75.71107    
 -1.5815808E-03   80.69959    
 -1.5415412E-03   86.10049    
 -1.5015015E-03   91.78368    
 -1.4614618E-03   97.69780    
 -1.4214221E-03   103.9328    
 -1.3813825E-03   110.4098    
 -1.3413412E-03   117.3900    
 -1.3013015E-03   125.0932    
 -1.2612619E-03   133.3392    
 -1.2212221E-03   142.0766    
 -1.1811808E-03   150.9929    
 -1.1411412E-03   160.3999    
 -1.1010999E-03   170.0619    
 -1.0610602E-03   179.8158    
 -1.0210206E-03   190.2671    
 -9.8098093E-04   201.1819    
 -9.4094122E-04   212.7221    
 -9.0090150E-04   225.2089    
 -8.6086028E-04   238.2266    
 -8.2082057E-04   251.3488    
 -7.8078092E-04   264.4969    
 -7.4074120E-04   277.2418    
 -7.0070155E-04   289.3961    
 -6.6066184E-04   301.3735    
 -6.2062062E-04   314.1367    
 -5.8058091E-04   327.3534    
 -5.4054125E-04   340.4529    
 -5.0049997E-04   353.0399    
 -4.6046029E-04   364.5390    
 -4.2042061E-04   375.3793    
 -3.8037935E-04   385.7985    
 -3.4033967E-04   395.5246    
 -3.0029999E-04   404.4219    
 -2.6026031E-04   412.3941    
 -2.2022062E-04   419.6197    
 -1.8018094E-04   426.3030    
 -1.4013967E-04   431.2799    
 -1.0009999E-04   434.1614    
 -6.0060313E-05   435.9059    
 -2.0020632E-05   436.5823    
  2.0019048E-05   436.5815    
  6.0058730E-05   435.9064    
  1.0009999E-04   434.1614    
  1.4013967E-04   431.2799    
  1.8018094E-04   426.3029    
  2.2022062E-04   419.6196    
  2.6026031E-04   412.3940    
  3.0030156E-04   404.4215    
  3.4034124E-04   395.5243    
  3.8038092E-04   385.7980    
  4.2042061E-04   375.3792    
  4.6046029E-04   364.5389    
  5.0049997E-04   353.0399    
  5.4054125E-04   340.4529    
  5.8058091E-04   327.3534    
  6.2062062E-04   314.1367    
  6.6066027E-04   301.3740    
  7.0069998E-04   289.3964    
  7.4073963E-04   277.2422    
  7.8078092E-04   264.4969    
  8.2082057E-04   251.3489    
  8.6086185E-04   238.2260    
  9.0090150E-04   225.2089    
  9.4094122E-04   212.7221    
  9.8098093E-04   201.1819    
  1.0210221E-03   190.2667    
  1.0610619E-03   179.8153    
  1.1011015E-03   170.0616    
  1.1411412E-03   160.4000    
  1.1811808E-03   150.9929    
  1.2212206E-03   142.0768    
  1.2612619E-03   133.3392    
  1.3013015E-03   125.0932    
  1.3413412E-03   117.3900    
  1.3813808E-03   110.4100    
  1.4214205E-03   103.9331    
  1.4614603E-03   97.69802    
  1.5015015E-03   91.78368    
  1.5415427E-03   86.10014    
  1.5815825E-03   80.69943    
  1.6216221E-03   75.71107    
  1.6616618E-03   71.00690    
  1.7017014E-03   66.68619    
  1.7417427E-03   62.73368    
  1.7817824E-03   59.20916    
  1.8218221E-03   56.05395    
  1.8618618E-03   53.22151    
  1.9019014E-03   50.42181    
  1.9419411E-03   47.79824    
  1.9819825E-03   45.34829    
  2.0220221E-03   43.05047    
  2.0620618E-03   40.85028    
  2.1021015E-03   38.60166    
  2.1421411E-03   36.58339    
  2.1821808E-03   34.85473    
  2.2222237E-03   33.27638    
  2.2622633E-03   31.77045    
  2.3023030E-03   30.38845    
  2.3423426E-03   28.90876    
  2.3823823E-03   27.52067    
  2.4224222E-03   26.23292    
  2.4624632E-03   25.03379    
  2.5025031E-03   23.95228    
  2.5425428E-03   23.02966    
  2.5825824E-03   22.20719    
  2.6226221E-03   21.44160    
  2.6626617E-03   20.57453    
  2.7027030E-03   19.67237    
  2.7427427E-03   18.87517    
  2.7827823E-03   18.14554    
  2.8228220E-03   17.40653    
  2.8628616E-03   16.63776    
  2.9029029E-03   16.00310    
  2.9429442E-03   15.46371    
  2.9829838E-03   14.92535    
  3.0230237E-03   14.48417    
  3.0630634E-03   14.03503    
  3.1031030E-03   13.44733    
  3.1431427E-03   12.84783    
  3.1831840E-03   12.34552    
  3.2232236E-03   11.95074    
  3.2632633E-03   11.57812    
  3.3033029E-03   11.23009    
  3.3433426E-03   10.84090    
  3.3833822E-03   10.58724    
  3.4234235E-03   10.42376    
  3.4634632E-03   10.22464    
  3.5035030E-03   10.04315    
  3.5435427E-03   9.878834    
  3.5835840E-03   9.684674    
  3.6236253E-03   9.470494    
  3.6636649E-03   9.210070    
  3.7037046E-03   8.958153    
  3.7437442E-03   8.693403    
  3.7837839E-03   8.440798    
  3.8238235E-03   8.214897    
  3.8638648E-03   7.983663    
  3.9039045E-03   7.769799    
  3.9439443E-03   7.572815    
  3.9839838E-03   7.411092    
  4.0240237E-03   7.214108    
  4.0640631E-03   7.012514    
  4.1041044E-03   6.783008    
  4.1441442E-03   6.540292    
  4.1841837E-03   6.346111    
  4.2242236E-03   6.208163    
  4.2642648E-03   6.101089    
  4.3043043E-03   6.005813    
  4.3443455E-03   5.887569    
  4.3843854E-03   5.732368    
  4.4244253E-03   5.593644    
  4.4644647E-03   5.510705    
  4.5045046E-03   5.417168    
  4.5445440E-03   5.248529    
  4.5845853E-03   5.060225    
  4.6246252E-03   4.874918    
  4.6646646E-03   4.724243    
  4.7047045E-03   4.645884    
  4.7447439E-03   4.593972    
  4.7847838E-03   4.551023    
  4.8248251E-03   4.456404    
  4.8648650E-03   4.371553    
  4.9049044E-03   4.331302    
  4.9449457E-03   4.266054    
  4.9849856E-03   4.110159    
  5.0250250E-03   3.914019    
  5.0650663E-03   3.790449    
  5.1051062E-03   3.759367    
  5.1451456E-03   3.757320    
  5.1851855E-03   3.742986    
  5.2252249E-03   3.737616    
  5.2652648E-03   3.723187    
  5.3053061E-03   3.680991    
  5.3453455E-03   3.637713    
  5.3853854E-03   3.580093    
  5.4254252E-03   3.521026    
  5.4654647E-03   3.506106    
  5.5055046E-03   3.503350    
  5.5455458E-03   3.508800    
  5.5855853E-03   3.498213    
  5.6256265E-03   3.418591    
  5.6656664E-03   3.296844    
  5.7057058E-03   3.224813    
  5.7457457E-03   3.157288    
  5.7857870E-03   3.087809    
  5.8258264E-03   3.013738    
  5.8658663E-03   2.894418    
  5.9059057E-03   2.821481    
  5.9459456E-03   2.828393    
  5.9859855E-03   2.831808    
  6.0260268E-03   2.826234    
  6.0660662E-03   2.814913    
  6.1061061E-03   2.805297    
  6.1461455E-03   2.809900    
  6.1861854E-03   2.767941    
  6.2262248E-03   2.669849    
  6.2662661E-03   2.549070    
  6.3063060E-03   2.453057    
  6.3463473E-03   2.383401    
  6.3863867E-03   2.285696    
  6.4264266E-03   2.214513    
  6.4664660E-03   2.186316    
  6.5065073E-03   2.135347    
  6.5465472E-03   2.040816    
  6.5865852E-03   1.969530    
  6.6266265E-03   1.934194    
  6.6666678E-03   1.908059    
  6.7067058E-03   1.898039    
  6.7467471E-03   1.902067    
  6.7867851E-03   1.882756    
  6.8268264E-03   1.829477    
  6.8668677E-03   1.798263    
  6.9069057E-03   1.779234    
  6.9469470E-03   1.734654    
  6.9869854E-03   1.679626    
  7.0270267E-03   1.646587    
  7.0670675E-03   1.636033    
  7.1071088E-03   1.634940    
  7.1471473E-03   1.611449    
  7.1871886E-03   1.593482    
  7.2272266E-03   1.566262    
  7.2672679E-03   1.543420    
  7.3073092E-03   1.513154    
  7.3473472E-03   1.489348    
  7.3873885E-03   1.480422    
  7.4274265E-03   1.473860    
  7.4674678E-03   1.458273    
  7.5075058E-03   1.428619    
  7.5475471E-03   1.424621    
  7.5875884E-03   1.444484    
  7.6276264E-03   1.452365    
  7.6676677E-03   1.431234    
  7.7077057E-03   1.416321    
  7.7477470E-03   1.415860    
  7.7877883E-03   1.418086    
  7.8278268E-03   1.403851    
  7.8678681E-03   1.376679    
  7.9079056E-03   1.360667    
  7.9479469E-03   1.360352    
  7.9879854E-03   1.336160    
  8.0280295E-03   1.289063    
  8.0680707E-03   1.266824    
  8.1081092E-03   1.265955    
  8.1481505E-03   1.263295    
  8.1881881E-03   1.251063    
  8.2282294E-03   1.223984    
  8.2682706E-03   1.202084    
  8.3083091E-03   1.186211    
  8.3483504E-03   1.174484    
  8.3883880E-03   1.141863    
  8.4284293E-03   1.109854    
  8.4684677E-03   1.090331    
  8.5085090E-03   1.080797    
  8.5485503E-03   1.061873    
  8.5885879E-03   1.054994    
  8.6286291E-03   1.057208    
  8.6686676E-03   1.039816    
  8.7087089E-03   1.040359    
  8.7487502E-03   1.047821    
  8.7887887E-03   1.027355    
  8.8288300E-03  0.9910666    
  8.8688675E-03  0.9629730    
  8.9089088E-03  0.9428762    
  8.9489473E-03  0.9334916    
  8.9889886E-03  0.9366838    
  9.0290299E-03  0.9560402    
  9.0690674E-03  0.9702662    
  9.1091087E-03  0.9673867    
  9.1491472E-03  0.9681170    
  9.1891885E-03  0.9670555    
  9.2292298E-03  0.9557769    
  9.2692673E-03  0.9406852    
  9.3093086E-03  0.9256228    
  9.3493471E-03  0.9132076    
  9.3893912E-03  0.8955647    
  9.4294297E-03  0.8756306    
  9.4694709E-03  0.8403952    
  9.5095122E-03  0.8227869    
  9.5495498E-03  0.8224025    
  9.5895911E-03  0.8240504    
  9.6296296E-03  0.8132404    
  9.6696708E-03  0.8114524    
  9.7097121E-03  0.8153761    
  9.7497497E-03  0.8177269    
  9.7897910E-03  0.8226864    
  9.8298294E-03  0.8193570    
  9.8698707E-03  0.8096796    
  9.9099092E-03  0.7968363    
  9.9499505E-03  0.7827856    
  9.9899918E-03  0.7573329    
  1.0030029E-02  0.7371294    
  1.0070071E-02  0.7411015    
  1.0110109E-02  0.7440478    
  1.0150150E-02  0.7314488    
  1.0190192E-02  0.7054844    
  1.0230229E-02  0.6739706    
  1.0270271E-02  0.6601858    
  1.0310309E-02  0.6580780    
  1.0350350E-02  0.6623653    
  1.0390388E-02  0.6600118    
  1.0430429E-02  0.6633035    
  1.0470470E-02  0.6733897    
  1.0510509E-02  0.6940703    
  1.0550550E-02  0.7079921    
  1.0590588E-02  0.7046585    
  1.0630629E-02  0.6811611    
  1.0670670E-02  0.6600727    
  1.0710709E-02  0.6441699    
  1.0750750E-02  0.6299357    
  1.0790791E-02  0.6172094    
  1.0830833E-02  0.6101069    
  1.0870874E-02  0.5995246    
  1.0910912E-02  0.5907984    
  1.0950953E-02  0.5829748    
  1.0990991E-02  0.5794578    
  1.1031033E-02  0.5774433    
  1.1071071E-02  0.5606418    
  1.1111112E-02  0.5565813    
  1.1151154E-02  0.5471521    
  1.1191191E-02  0.5265669    
  1.1231232E-02  0.5063838    
  1.1271271E-02  0.4976322    
  1.1311312E-02  0.5038173    
  1.1351353E-02  0.5167961    
  1.1391391E-02  0.5289752    
  1.1431432E-02  0.5266123    
  1.1471471E-02  0.5016839    
  1.1511512E-02  0.4617499    
  1.1551550E-02  0.4331073    
  1.1591591E-02  0.4318326    
  1.1631632E-02  0.4417642    
  1.1671671E-02  0.4553120    
  1.1711712E-02  0.4596181    
  1.1751750E-02  0.4623579    
  1.1791791E-02  0.4490671    
  1.1831832E-02  0.4388305    
  1.1871871E-02  0.4301134    
  1.1911912E-02  0.4174677    
  1.1951950E-02  0.3921891    
  1.1991992E-02  0.3687258    
  1.2032029E-02  0.3646451    
  1.2072071E-02  0.3647628    
  1.2112112E-02  0.3699088    
  1.2152153E-02  0.3779893    
  1.2192194E-02  0.3799944    
  1.2232233E-02  0.3623007    
  1.2272274E-02  0.3493405    
  1.2312315E-02  0.3501769    
  1.2352353E-02  0.3570843    
  1.2392394E-02  0.3599911    
  1.2432433E-02  0.3668932    
  1.2472474E-02  0.3727647    
  1.2512512E-02  0.3780581    
  1.2552553E-02  0.3854352    
  1.2592594E-02  0.3874395    
  1.2632633E-02  0.3855916    
  1.2672674E-02  0.3882001    
  1.2712711E-02  0.3963852    
  1.2752753E-02  0.4022477    
  1.2792794E-02  0.3941768    
  1.2832833E-02  0.3786547    
  1.2872874E-02  0.3604952    
  1.2912912E-02  0.3536695    
  1.2952953E-02  0.3502674    
  1.2992991E-02  0.3411920    
  1.3033032E-02  0.3226620    
  1.3073074E-02  0.3089286    
  1.3113112E-02  0.3005328    
  1.3153153E-02  0.2961000    
  1.3193191E-02  0.3041187    
  1.3233232E-02  0.3171859    
  1.3273274E-02  0.3259620    
  1.3313312E-02  0.3117038    
  1.3353353E-02  0.2887259    
  1.3393391E-02  0.2696524    
  1.3433432E-02  0.2627485    
  1.3473471E-02  0.2683395    
  1.3513515E-02  0.2716406    
  1.3553556E-02  0.2775020    
  1.3593595E-02  0.2807037    
  1.3633636E-02  0.2726507    
  1.3673673E-02  0.2691073    
  1.3713715E-02  0.2700809    
  1.3753756E-02  0.2635682    
  1.3793794E-02  0.2566426    
  1.3833836E-02  0.2588917    
  1.3873873E-02  0.2554643    
  1.3913915E-02  0.2509712    
  1.3953956E-02  0.2443454    
  1.3993994E-02  0.2404262    
  1.4034036E-02  0.2456202    
  1.4074074E-02  0.2584793    
  1.4114115E-02  0.2590330    
  1.4154153E-02  0.2524164    
  1.4194194E-02  0.2523938    
  1.4234236E-02  0.2554612    
  1.4274274E-02  0.2599054    
  1.4314315E-02  0.2643924    
  1.4354353E-02  0.2676296    
  1.4394394E-02  0.2630941    
  1.4434435E-02  0.2492884    
  1.4474474E-02  0.2429812    
  1.4514515E-02  0.2513830    
  1.4554553E-02  0.2614492    
  1.4594594E-02  0.2582327    
  1.4634633E-02  0.2476881    
  1.4674674E-02  0.2439727    
  1.4714715E-02  0.2416494    
  1.4754753E-02  0.2453680    
  1.4794794E-02  0.2436919    
  1.4834832E-02  0.2410133    
  1.4874876E-02  0.2501142    
  1.4914918E-02  0.2586831    
  1.4954956E-02  0.2562909    
  1.4994998E-02  0.2509703    
  1.5035035E-02  0.2464863    
  1.5075076E-02  0.2498195    
  1.5115115E-02  0.2551630    
  1.5155156E-02  0.2542629    
  1.5195197E-02  0.2507730    
  1.5235236E-02  0.2466186    
  1.5275277E-02  0.2380334    
  1.5315315E-02  0.2311237    
  1.5355356E-02  0.2255768    
  1.5395397E-02  0.2269273    
  1.5435436E-02  0.2326316    
  1.5475477E-02  0.2371210    
  1.5515515E-02  0.2375120    
  1.5555556E-02  0.2352196    
  1.5595594E-02  0.2403217    
  1.5635636E-02  0.2428953    
  1.5675677E-02  0.2405306    
  1.5715715E-02  0.2353168    
  1.5755756E-02  0.2241368    
  1.5795793E-02  0.2191702    
  1.5835835E-02  0.2211850    
  1.5875876E-02  0.2151534    
  1.5915915E-02  0.2080014    
  1.5955957E-02  0.2102746    
  1.5995994E-02  0.2178726    
  1.6036035E-02  0.2216197    
  1.6076073E-02  0.2134140    
  1.6116114E-02  0.2009611    
  1.6156156E-02  0.2023307    
  1.6196195E-02  0.2106818    
  1.6236238E-02  0.2112616    
  1.6276278E-02  0.2028590    
  1.6316317E-02  0.2024985    
  1.6356358E-02  0.2080387    
  1.6396398E-02  0.2099430    
  1.6436439E-02  0.2062432    
  1.6476477E-02  0.2028803    
  1.6516518E-02  0.1987684    
  1.6556555E-02  0.1925506    
  1.6596597E-02  0.1852330    
  1.6636638E-02  0.1825493    
  1.6676677E-02  0.1855627    
  1.6716719E-02  0.1933698    
  1.6756756E-02  0.2016312    
  1.6796798E-02  0.1986659    
  1.6836839E-02  0.1863399    
  1.6876876E-02  0.1806007    
  1.6916918E-02  0.1842313    
  1.6956955E-02  0.1920357    
  1.6996996E-02  0.1929325    
  1.7037036E-02  0.1879592    
  1.7077077E-02  0.1832582    
  1.7117118E-02  0.1742854    
  1.7157156E-02  0.1665601    
  1.7197197E-02  0.1616472    
  1.7237235E-02  0.1596717    
  1.7277276E-02  0.1610865    
  1.7317317E-02  0.1635121    
  1.7357357E-02  0.1577242    
  1.7397398E-02  0.1542717    
  1.7437436E-02  0.1576728    
  1.7477477E-02  0.1668021    
  1.7517515E-02  0.1736563    
  1.7557556E-02  0.1776371    
  1.7597601E-02  0.1766699    
  1.7637638E-02  0.1717213    
  1.7677680E-02  0.1680297    
  1.7717717E-02  0.1652936    
  1.7757758E-02  0.1628442    
  1.7797800E-02  0.1635616    
  1.7837839E-02  0.1645547    
  1.7877880E-02  0.1650349    
  1.7917918E-02  0.1667524    
  1.7957959E-02  0.1740890    
  1.7998001E-02  0.1820568    
  1.8038038E-02  0.1834893    
  1.8078079E-02  0.1799927    
  1.8118117E-02  0.1762224    
  1.8158158E-02  0.1749559    
  1.8198198E-02  0.1712276    
  1.8238239E-02  0.1681269    
  1.8278280E-02  0.1646842    
  1.8318318E-02  0.1587891    
  1.8358359E-02  0.1572440    
  1.8398397E-02  0.1673434    
  1.8438438E-02  0.1780779    
  1.8478479E-02  0.1821276    
  1.8518519E-02  0.1796232    
  1.8558560E-02  0.1738351    
  1.8598597E-02  0.1713714    
  1.8638639E-02  0.1754597    
  1.8678676E-02  0.1798847    
  1.8718718E-02  0.1848392    
  1.8758759E-02  0.1877702    
  1.8798796E-02  0.1940549    
  1.8838838E-02  0.2026523    
  1.8878877E-02  0.2035299    
  1.8918918E-02  0.1971142    
  1.8958962E-02  0.1927125    
  1.8999001E-02  0.1917353    
  1.9039042E-02  0.1919247    
  1.9079080E-02  0.1867307    
  1.9119121E-02  0.1864956    
  1.9159159E-02  0.1929318    
  1.9199200E-02  0.1966551    
  1.9239241E-02  0.1926562    
  1.9279279E-02  0.1838294    
  1.9319320E-02  0.1739116    
  1.9359360E-02  0.1705380    
  1.9399401E-02  0.1785855    
  1.9439442E-02  0.1876836    
  1.9479480E-02  0.1944250    
  1.9519521E-02  0.1959572    
  1.9559558E-02  0.2007441    
  1.9599600E-02  0.1977293    
  1.9639639E-02  0.1871222    
  1.9679680E-02  0.1788390    
  1.9719722E-02  0.1759906    
  1.9759759E-02  0.1780432    
  1.9799801E-02  0.1819444    
  1.9839838E-02  0.1835573    
  1.9879879E-02  0.1832104    
  1.9919921E-02  0.1796354    
  1.9959958E-02  0.1776250    
  2.0000000E-02  0.1783626    
