 -3.9999999E-02  0.1845184    
 -3.9919920E-02  0.1838798    
 -3.9839841E-02  0.1828982    
 -3.9759759E-02  0.1824856    
 -3.9679680E-02  0.1832286    
 -3.9599601E-02  0.1850052    
 -3.9519522E-02  0.1870764    
 -3.9439440E-02  0.1885490    
 -3.9359361E-02  0.1889496    
 -3.9279278E-02  0.1885383    
 -3.9199200E-02  0.1881286    
 -3.9119117E-02  0.1885614    
 -3.9039038E-02  0.1901717    
 -3.8958959E-02  0.1925377    
 -3.8878880E-02  0.1947556    
 -3.8798802E-02  0.1960059    
 -3.8718719E-02  0.1960658    
 -3.8638640E-02  0.1954440    
 -3.8558558E-02  0.1950467    
 -3.8478479E-02  0.1955902    
 -3.8398396E-02  0.1971476    
 -3.8318317E-02  0.1990999    
 -3.8238239E-02  0.2005751    
 -3.8158160E-02  0.2010074    
 -3.8078081E-02  0.2005474    
 -3.7997998E-02  0.1999662    
 -3.7917919E-02  0.2001761    
 -3.7837837E-02  0.2016317    
 -3.7757758E-02  0.2040081    
 -3.7677675E-02  0.2064089    
 -3.7597597E-02  0.2078896    
 -3.7517518E-02  0.2080645    
 -3.7437439E-02  0.2073229    
 -3.7357360E-02  0.2066099    
 -3.7277278E-02  0.2067772    
 -3.7197199E-02  0.2081028    
 -3.7117120E-02  0.2101061    
 -3.7037037E-02  0.2118936    
 -3.6956955E-02  0.2127659    
 -3.6876876E-02  0.2126937    
 -3.6796797E-02  0.2123248    
 -3.6716718E-02  0.2126034    
 -3.6636636E-02  0.2141100    
 -3.6556557E-02  0.2166892    
 -3.6476478E-02  0.2195172    
 -3.6396399E-02  0.2216107    
 -3.6316317E-02  0.2224530    
 -3.6236234E-02  0.2223197    
 -3.6156155E-02  0.2221110    
 -3.6076076E-02  0.2227457    
 -3.5995997E-02  0.2246091    
 -3.5915915E-02  0.2272671    
 -3.5835836E-02  0.2297548    
 -3.5755757E-02  0.2312083    
 -3.5675678E-02  0.2314071    
 -3.5595596E-02  0.2309278    
 -3.5515513E-02  0.2307980    
 -3.5435434E-02  0.2318162    
 -3.5355356E-02  0.2340700    
 -3.5275277E-02  0.2368513    
 -3.5195194E-02  0.2391367    
 -3.5115115E-02  0.2402369    
 -3.5035037E-02  0.2402092    
 -3.4954958E-02  0.2398589    
 -3.4874879E-02  0.2401788    
 -3.4794796E-02  0.2417141    
 -3.4714714E-02  0.2442066    
 -3.4634635E-02  0.2467686    
 -3.4554552E-02  0.2484401    
 -3.4474473E-02  0.2488249    
 -3.4394395E-02  0.2483546    
 -3.4314316E-02  0.2480104    
 -3.4234237E-02  0.2486930    
 -3.4154154E-02  0.2506562    
 -3.4074076E-02  0.2533100    
 -3.3993993E-02  0.2556306    
 -3.3913914E-02  0.2568091    
 -3.3833835E-02  0.2567715    
 -3.3753753E-02  0.2562531    
 -3.3673674E-02  0.2563012    
 -3.3593595E-02  0.2576176    
 -3.3513516E-02  0.2601055    
 -3.3433434E-02  0.2628989    
 -3.3353355E-02  0.2649234    
 -3.3273272E-02  0.2655763    
 -3.3193193E-02  0.2651150    
 -3.3113111E-02  0.2644748    
 -3.3033032E-02  0.2646727    
 -3.2952953E-02  0.2661615    
 -3.2872874E-02  0.2685248    
 -3.2792795E-02  0.2707911    
 -3.2712713E-02  0.2720310    
 -3.2632634E-02  0.2720124    
 -3.2552555E-02  0.2713362    
 -3.2472473E-02  0.2710765    
 -3.2392394E-02  0.2720846    
 -3.2312311E-02  0.2744345    
 -3.2232232E-02  0.2773749    
 -3.2152154E-02  0.2798164    
 -3.2072071E-02  0.2810252    
 -3.1991996E-02  0.2811007    
 -3.1911913E-02  0.2809151    
 -3.1831834E-02  0.2815525    
 -3.1751752E-02  0.2836049    
 -3.1671669E-02  0.2867679    
 -3.1591590E-02  0.2900597    
 -3.1511512E-02  0.2924114    
 -3.1431433E-02  0.2933920    
 -3.1351354E-02  0.2934731    
 -3.1271271E-02  0.2937416    
 -3.1191191E-02  0.2952060    
 -3.1111112E-02  0.2981424    
 -3.1031029E-02  0.3019207    
 -3.0950954E-02  0.3053938    
 -3.0870872E-02  0.3076279    
 -3.0790791E-02  0.3085038    
 -3.0710712E-02  0.3087701    
 -3.0630630E-02  0.3095523    
 -3.0550551E-02  0.3116034    
 -3.0470472E-02  0.3148068    
 -3.0390391E-02  0.3182299    
 -3.0310312E-02  0.3207197    
 -3.0230230E-02  0.3216462    
 -3.0150151E-02  0.3213188    
 -3.0070070E-02  0.3208030    
 -2.9989991E-02  0.3212485    
 -2.9909909E-02  0.3231691    
 -2.9829830E-02  0.3261172    
 -2.9749751E-02  0.3289967    
 -2.9669670E-02  0.3307758    
 -2.9589588E-02  0.3311517    
 -2.9509509E-02  0.3307828    
 -2.9429430E-02  0.3308413    
 -2.9349351E-02  0.3322683    
 -2.9269271E-02  0.3351522    
 -2.9189188E-02  0.3386662    
 -2.9109109E-02  0.3415936    
 -2.9029030E-02  0.3431152    
 -2.8948950E-02  0.3433426    
 -2.8868867E-02  0.3432598    
 -2.8788788E-02  0.3441025    
 -2.8708709E-02  0.3465590    
 -2.8628631E-02  0.3503291    
 -2.8548548E-02  0.3543184    
 -2.8468467E-02  0.3573497    
 -2.8388388E-02  0.3589007    
 -2.8308310E-02  0.3594801    
 -2.8228231E-02  0.3602863    
 -2.8148148E-02  0.3624347    
 -2.8068068E-02  0.3662508    
 -2.7987989E-02  0.3710181    
 -2.7907910E-02  0.3754455    
 -2.7827827E-02  0.3784581    
 -2.7747747E-02  0.3798930    
 -2.7667668E-02  0.3805582    
 -2.7587589E-02  0.3817525    
 -2.7507506E-02  0.3843644    
 -2.7427427E-02  0.3883475    
 -2.7347347E-02  0.3927253    
 -2.7267268E-02  0.3962579    
 -2.7187189E-02  0.3982238    
 -2.7107107E-02  0.3989387    
 -2.7027028E-02  0.3995450    
 -2.6946947E-02  0.4012850    
 -2.6866868E-02  0.4047013    
 -2.6786789E-02  0.4092839    
 -2.6706707E-02  0.4137775    
 -2.6626626E-02  0.4169934    
 -2.6546547E-02  0.4185792    
 -2.6466466E-02  0.4192409    
 -2.6386388E-02  0.4202924    
 -2.6306307E-02  0.4228058    
 -2.6226226E-02  0.4269362    
 -2.6146147E-02  0.4317693    
 -2.6066067E-02  0.4359229    
 -2.5985986E-02  0.4384334    
 -2.5905905E-02  0.4393679    
 -2.5825825E-02  0.4397657    
 -2.5745746E-02  0.4410154    
 -2.5665667E-02  0.4439379    
 -2.5585586E-02  0.4482788    
 -2.5505506E-02  0.4528903    
 -2.5425427E-02  0.4564661    
 -2.5345346E-02  0.4584195    
 -2.5265265E-02  0.4592350    
 -2.5185186E-02  0.4601664    
 -2.5105104E-02  0.4624171    
 -2.5025025E-02  0.4663388    
 -2.4944946E-02  0.4711838    
 -2.4864865E-02  0.4755924    
 -2.4784785E-02  0.4784313    
 -2.4704706E-02  0.4795737    
 -2.4624625E-02  0.4799442    
 -2.4544545E-02  0.4809653    
 -2.4464466E-02  0.4835943    
 -2.4384385E-02  0.4877359    
 -2.4304304E-02  0.4922898    
 -2.4224225E-02  0.4958771    
 -2.4144145E-02  0.4977678    
 -2.4064066E-02  0.4984098    
 -2.3983985E-02  0.4991827    
 -2.3903903E-02  0.5015929    
 -2.3823824E-02  0.5062767    
 -2.3743745E-02  0.5126348    
 -2.3663664E-02  0.5191650    
 -2.3583584E-02  0.5243746    
 -2.3503505E-02  0.5276827    
 -2.3423424E-02  0.5297430    
 -2.3343345E-02  0.5319076    
 -2.3263264E-02  0.5353813    
 -2.3183182E-02  0.5403903    
 -2.3103103E-02  0.5460295    
 -2.3023022E-02  0.5509324    
 -2.2942943E-02  0.5541844    
 -2.2862863E-02  0.5559990    
 -2.2782782E-02  0.5576507    
 -2.2702703E-02  0.5606949    
 -2.2622624E-02  0.5659505    
 -2.2542542E-02  0.5729932    
 -2.2462461E-02  0.5803133    
 -2.2382382E-02  0.5862828    
 -2.2302302E-02  0.5900959    
 -2.2222223E-02  0.5922752    
 -2.2142142E-02  0.5942861    
 -2.2062061E-02  0.5975884    
 -2.1981983E-02  0.6027166    
 -2.1901904E-02  0.6089336    
 -2.1821821E-02  0.6147411    
 -2.1741742E-02  0.6189235    
 -2.1661662E-02  0.6213220    
 -2.1581581E-02  0.6230139    
 -2.1501502E-02  0.6256527    
 -2.1421423E-02  0.6303934    
 -2.1341341E-02  0.6371796    
 -2.1261262E-02  0.6447867    
 -2.1181181E-02  0.6516172    
 -2.1101100E-02  0.6567294    
 -2.1021022E-02  0.6604987    
 -2.0940941E-02  0.6643527    
 -2.0860860E-02  0.6698301    
 -2.0780781E-02  0.6775482    
 -2.0700702E-02  0.6867906    
 -2.0620622E-02  0.6958348    
 -2.0540541E-02  0.7031043    
 -2.0460460E-02  0.7080489    
 -2.0380380E-02  0.7115415    
 -2.0300301E-02  0.7152755    
 -2.0220220E-02  0.7206756    
 -2.0140139E-02  0.7279663    
 -2.0060061E-02  0.7360609    
 -1.9979982E-02  0.7432761    
 -1.9899901E-02  0.7484620    
 -1.9819818E-02  0.7518411    
 -1.9739740E-02  0.7549235    
 -1.9659659E-02  0.7595916    
 -1.9579580E-02  0.7669634    
 -1.9499499E-02  0.7766647    
 -1.9419419E-02  0.7870984    
 -1.9339340E-02  0.7963998    
 -1.9259261E-02  0.8036818    
 -1.9179180E-02  0.8095118    
 -1.9099100E-02  0.8155198    
 -1.9019019E-02  0.8233279    
 -1.8938938E-02  0.8334190    
 -1.8858859E-02  0.8447742    
 -1.8778780E-02  0.8554690    
 -1.8698698E-02  0.8639063    
 -1.8618619E-02  0.8697707    
 -1.8538540E-02  0.8742774    
 -1.8458458E-02  0.8794002    
 -1.8378379E-02  0.8866416    
 -1.8298298E-02  0.8960931    
 -1.8218217E-02  0.9064765    
 -1.8138139E-02  0.9160035    
 -1.8058060E-02  0.9235606    
 -1.7977979E-02  0.9294931    
 -1.7897898E-02  0.9353676    
 -1.7817819E-02  0.9429366    
 -1.7737737E-02  0.9529672    
 -1.7657658E-02  0.9647010    
 -1.7577577E-02  0.9763072    
 -1.7497497E-02  0.9860492    
 -1.7417418E-02  0.9934415    
 -1.7337339E-02  0.9995910    
 -1.7257258E-02   1.006478    
 -1.7177178E-02   1.015747    
 -1.7097097E-02   1.027592    
 -1.7017016E-02   1.040600    
 -1.6936937E-02   1.052676    
 -1.6856859E-02   1.062357    
 -1.6776776E-02   1.069781    
 -1.6696697E-02   1.076672    
 -1.6616618E-02   1.085258    
 -1.6536538E-02   1.096889    
 -1.6456457E-02   1.111223    
 -1.6376374E-02   1.126453    
 -1.6296295E-02   1.140467    
 -1.6216217E-02   1.152236    
 -1.6136136E-02   1.162423    
 -1.6056055E-02   1.172937    
 -1.5975976E-02   1.185676    
 -1.5895896E-02   1.201200    
 -1.5815817E-02   1.218377    
 -1.5735736E-02   1.235063    
 -1.5655655E-02   1.249473    
 -1.5575575E-02   1.261373    
 -1.5495496E-02   1.272246    
 -1.5415415E-02   1.284323    
 -1.5335335E-02   1.299160    
 -1.5255257E-02   1.316526    
 -1.5175175E-02   1.334564    
 -1.5095096E-02   1.350906    
 -1.5015014E-02   1.364238    
 -1.4934934E-02   1.375202    
 -1.4854855E-02   1.386067    
 -1.4774775E-02   1.399413    
 -1.4694694E-02   1.416546    
 -1.4614615E-02   1.436782    
 -1.4534536E-02   1.457935    
 -1.4454454E-02   1.477766    
 -1.4374373E-02   1.495485    
 -1.4294295E-02   1.512199    
 -1.4214213E-02   1.530196    
 -1.4134134E-02   1.551442    
 -1.4054054E-02   1.576159    
 -1.3973974E-02   1.602672    
 -1.3893894E-02   1.628335    
 -1.3813815E-02   1.651262    
 -1.3733734E-02   1.671456    
 -1.3653653E-02   1.690869    
 -1.3573574E-02   1.712122    
 -1.3493493E-02   1.736883    
 -1.3413415E-02   1.764794    
 -1.3333333E-02   1.793800    
 -1.3253253E-02   1.821498    
 -1.3173174E-02   1.846818    
 -1.3093094E-02   1.870723    
 -1.3013015E-02   1.895706    
 -1.2932932E-02   1.924094    
 -1.2852853E-02   1.956586    
 -1.2772773E-02   1.991631    
 -1.2692691E-02   2.026425    
 -1.2612612E-02   2.058617    
 -1.2532532E-02   2.087848    
 -1.2452453E-02   2.116003    
 -1.2372374E-02   2.145984    
 -1.2292295E-02   2.179870    
 -1.2212212E-02   2.217558    
 -1.2132132E-02   2.256714    
 -1.2052054E-02   2.294236    
 -1.1971971E-02   2.328132    
 -1.1891891E-02   2.358756    
 -1.1811811E-02   2.388528    
 -1.1731729E-02   2.420331    
 -1.1651650E-02   2.455682    
 -1.1571570E-02   2.493756    
 -1.1491491E-02   2.532097    
 -1.1411412E-02   2.568238    
 -1.1331333E-02   2.601566    
 -1.1251250E-02   2.633793    
 -1.1171171E-02   2.667967    
 -1.1091092E-02   2.706526    
 -1.1011012E-02   2.749583    
 -1.0930933E-02   2.794826    
 -1.0850853E-02   2.838812    
 -1.0770771E-02   2.879216    
 -1.0690691E-02   2.916367    
 -1.0610608E-02   2.953182    
 -1.0530530E-02   2.993492    
 -1.0450450E-02   3.039695    
 -1.0370371E-02   3.091477    
 -1.0290288E-02   3.146017    
 -1.0210209E-02   3.200028    
 -1.0130130E-02   3.251887    
 -1.0050050E-02   3.302826    
 -9.9699711E-03   3.356218    
 -9.8898914E-03   3.415368    
 -9.8098088E-03   3.481462    
 -9.7297300E-03   3.552594    
 -9.6496502E-03   3.625033    
 -9.5695704E-03   3.695464    
 -9.4894916E-03   3.763062    
 -9.4094118E-03   3.829988    
 -9.3293292E-03   3.899900    
 -9.2492504E-03   3.975531    
 -9.1691678E-03   4.056860    
 -9.0890881E-03   4.141057    
 -9.0090092E-03   4.224271    
 -8.9289295E-03   4.304172    
 -8.8488469E-03   4.381598    
 -8.7687680E-03   4.460125    
 -8.6886883E-03   4.543890    
 -8.6086085E-03   4.635075    
 -8.5285297E-03   4.732516    
 -8.4484499E-03   4.832619    
 -8.3683673E-03   4.931694    
 -8.2882885E-03   5.028611    
 -8.2082087E-03   5.125651    
 -8.1281299E-03   5.227335    
 -8.0480501E-03   5.337549    
 -7.9679713E-03   5.457190    
 -7.8878887E-03   5.583576    
 -7.8078057E-03   5.712043    
 -7.7277264E-03   5.839038    
 -7.6476471E-03   5.964262    
 -7.5675678E-03   6.090962    
 -7.4874884E-03   6.223827    
 -7.4074059E-03   6.366119    
 -7.3273266E-03   6.517700    
 -7.2472473E-03   6.675410    
 -7.1671680E-03   6.835450    
 -7.0870882E-03   6.996312    
 -7.0070089E-03   7.160110    
 -6.9269263E-03   7.331749    
 -6.8468470E-03   7.515803    
 -6.7667677E-03   7.713749    
 -6.6866884E-03   7.922904    
 -6.6066091E-03   8.138062    
 -6.5265298E-03   8.354969    
 -6.4464440E-03   8.573048    
 -6.3663647E-03   8.796106    
 -6.2862854E-03   9.030271    
 -6.2062060E-03   9.280408    
 -6.1261267E-03   9.547376    
 -6.0460442E-03   9.828000    
 -5.9659649E-03   10.11751    
 -5.8858851E-03   10.41327    
 -5.8058058E-03   10.71699    
 -5.7257265E-03   11.03421    
 -5.6456472E-03   11.37105    
 -5.5655646E-03   11.73067    
 -5.4854853E-03   12.11151    
 -5.4054060E-03   12.50864    
 -5.3253267E-03   12.91758    
 -5.2452474E-03   13.33799    
 -5.1651681E-03   13.77474    
 -5.0850823E-03   14.23597    
 -5.0050030E-03   14.72842    
 -4.9249236E-03   15.25429    
 -4.8448443E-03   15.81041    
 -4.7647646E-03   16.39116    
 -4.6846853E-03   16.99321    
 -4.6046027E-03   17.61885    
 -4.5245234E-03   18.27570    
 -4.4444441E-03   18.97318    
 -4.3643648E-03   19.71757    
 -4.2842855E-03   20.50920    
 -4.2042062E-03   21.34374    
 -4.1241236E-03   22.21674    
 -4.0440443E-03   23.12888    
 -3.9639650E-03   24.08826    
 -3.8838855E-03   25.10786    
 -3.8038061E-03   26.19982    
 -3.7237236E-03   27.37028    
 -3.6436410E-03   28.61745    
 -3.5635617E-03   29.93543    
 -3.4834824E-03   31.32096    
 -3.4034029E-03   32.77875    
 -3.3233236E-03   34.32257    
 -3.2432443E-03   35.97047    
 -3.1631617E-03   37.73774    
 -3.0830824E-03   39.63120    
 -3.0030031E-03   41.64993    
 -2.9229235E-03   43.79110    
 -2.8428442E-03   46.05779    
 -2.7627649E-03   48.46355    
 -2.6826824E-03   51.03110    
 -2.6026031E-03   53.78379    
 -2.5225237E-03   56.73820    
 -2.4424442E-03   59.89922    
 -2.3623616E-03   63.26500    
 -2.2822823E-03   66.83536    
 -2.2021998E-03   70.62293    
 -2.1221205E-03   74.65457    
 -2.0420412E-03   78.96684    
 -1.9619619E-03   83.59316    
 -1.8818824E-03   88.55309    
 -1.8018030E-03   93.85049    
 -1.7217206E-03   99.48045    
 -1.6416411E-03   105.4411    
 -1.5615618E-03   111.7433    
 -1.4814824E-03   118.4069    
 -1.4014031E-03   125.4467    
 -1.3213237E-03   132.8550    
 -1.2412412E-03   140.5886    
 -1.1611618E-03   148.5730    
 -1.0810825E-03   156.7200    
 -1.0009999E-03   164.9479    
 -9.2092057E-04   173.1859    
 -8.4084121E-04   181.3630    
 -7.6075870E-04   189.3740    
 -6.8067934E-04   197.0470    
 -6.0059997E-04   204.1373    
 -5.2052061E-04   210.3589    
 -4.4044125E-04   215.4532    
 -3.6036188E-04   219.2724    
 -2.8027935E-04   221.8361    
 -2.0019998E-04   223.3364    
 -1.2012063E-04   224.0741    
 -4.0041265E-05   224.3500    
  4.0038096E-05   224.3512    
  1.2011746E-04   224.0743    
  2.0019998E-04   223.3364    
  2.8027935E-04   221.8361    
  3.6036188E-04   219.2724    
  4.4044125E-04   215.4532    
  5.2052061E-04   210.3589    
  6.0060312E-04   204.1370    
  6.8068248E-04   197.0467    
  7.6076185E-04   189.3736    
  8.4084121E-04   181.3630    
  9.2092057E-04   173.1859    
  1.0009999E-03   164.9479    
  1.0810825E-03   156.7200    
  1.1611618E-03   148.5730    
  1.2412412E-03   140.5886    
  1.3213205E-03   132.8553    
  1.4014000E-03   125.4471    
  1.4814793E-03   118.4072    
  1.5615618E-03   111.7433    
  1.6416411E-03   105.4411    
  1.7217237E-03   99.48026    
  1.8018030E-03   93.85049    
  1.8818824E-03   88.55309    
  1.9619619E-03   83.59315    
  2.0420442E-03   78.96666    
  2.1221237E-03   74.65440    
  2.2022030E-03   70.62273    
  2.2822823E-03   66.83536    
  2.3623616E-03   63.26499    
  2.4424412E-03   59.89937    
  2.5225237E-03   56.73821    
  2.6026031E-03   53.78379    
  2.6826824E-03   51.03110    
  2.7627617E-03   48.46366    
  2.8428410E-03   46.05788    
  2.9229205E-03   43.79119    
  3.0030031E-03   41.64993    
  3.0830854E-03   39.63105    
  3.1631649E-03   37.73766    
  3.2432443E-03   35.97047    
  3.3233236E-03   34.32257    
  3.4034029E-03   32.77876    
  3.4834854E-03   31.32092    
  3.5635647E-03   29.93538    
  3.6436443E-03   28.61740    
  3.7237236E-03   27.37028    
  3.8038029E-03   26.19990    
  3.8838822E-03   25.10789    
  3.9639650E-03   24.08826    
  4.0440443E-03   23.12888    
  4.1241236E-03   22.21674    
  4.2042029E-03   21.34374    
  4.2842822E-03   20.50925    
  4.3643615E-03   19.71763    
  4.4444473E-03   18.97317    
  4.5245267E-03   18.27566    
  4.6046060E-03   17.61881    
  4.6846853E-03   16.99321    
  4.7647646E-03   16.39116    
  4.8448443E-03   15.81041    
  4.9249264E-03   15.25430    
  5.0050062E-03   14.72840    
  5.0850855E-03   14.23594    
  5.1651648E-03   13.77476    
  5.2452441E-03   13.33799    
  5.3253234E-03   12.91761    
  5.4054060E-03   12.50864    
  5.4854853E-03   12.11151    
  5.5655646E-03   11.73067    
  5.6456439E-03   11.37108    
  5.7257232E-03   11.03425    
  5.8058058E-03   10.71699    
  5.8858884E-03   10.41327    
  5.9659677E-03   10.11750    
  6.0460474E-03   9.827989    
  6.1261267E-03   9.547377    
  6.2062060E-03   9.280407    
  6.2862854E-03   9.030269    
  6.3663679E-03   8.796094    
  6.4464472E-03   8.573048    
  6.5265265E-03   8.354978    
  6.6066058E-03   8.138097    
  6.6866851E-03   7.922903    
  6.7667644E-03   7.713752    
  6.8468470E-03   7.515804    
  6.9269263E-03   7.331748    
  7.0070061E-03   7.160133    
  7.0870854E-03   6.996300    
  7.1671680E-03   6.835450    
  7.2472505E-03   6.675409    
  7.3273298E-03   6.517695    
  7.4074091E-03   6.366111    
  7.4874884E-03   6.223829    
  7.5675678E-03   6.090963    
  7.6476471E-03   5.964262    
  7.7277296E-03   5.839032    
  7.8078089E-03   5.712049    
  7.8878887E-03   5.583576    
  7.9679675E-03   5.457203    
  8.0480473E-03   5.337552    
  8.1281262E-03   5.227339    
  8.2082087E-03   5.125652    
  8.2882885E-03   5.028611    
  8.3683673E-03   4.931694    
  8.4484471E-03   4.832620    
  8.5285297E-03   4.732515    
  8.6086085E-03   4.635074    
  8.6886911E-03   4.543882    
  8.7687708E-03   4.460115    
  8.8488506E-03   4.381605    
  8.9289295E-03   4.304170    
  9.0090092E-03   4.224270    
  9.0890881E-03   4.141057    
  9.1691706E-03   4.056862    
  9.2492504E-03   3.975532    
  9.3293292E-03   3.899901    
  9.4094090E-03   3.829994    
  9.4894879E-03   3.763070    
  9.5695676E-03   3.695465    
  9.6496502E-03   3.625033    
  9.7297300E-03   3.552595    
  9.8098088E-03   3.481463    
  9.8898914E-03   3.415366    
  9.9699711E-03   3.356217    
  1.0050050E-02   3.302826    
  1.0130133E-02   3.251883    
  1.0210212E-02   3.200024    
  1.0290291E-02   3.146016    
  1.0370371E-02   3.091475    
  1.0450450E-02   3.039695    
  1.0530530E-02   2.993492    
  1.0610612E-02   2.953184    
  1.0690691E-02   2.916367    
  1.0770771E-02   2.879215    
  1.0850850E-02   2.838814    
  1.0930929E-02   2.794831    
  1.1011009E-02   2.749583    
  1.1091092E-02   2.706526    
  1.1171171E-02   2.667967    
  1.1251253E-02   2.633794    
  1.1331333E-02   2.601566    
  1.1411412E-02   2.568238    
  1.1491491E-02   2.532097    
  1.1571574E-02   2.493757    
  1.1651653E-02   2.455673    
  1.1731733E-02   2.420336    
  1.1811811E-02   2.388528    
  1.1891891E-02   2.358755    
  1.1971971E-02   2.328132    
  1.2052054E-02   2.294236    
  1.2132132E-02   2.256714    
  1.2212212E-02   2.217559    
  1.2292291E-02   2.179874    
  1.2372371E-02   2.145983    
  1.2452450E-02   2.116004    
  1.2532532E-02   2.087848    
  1.2612612E-02   2.058618    
  1.2692695E-02   2.026420    
  1.2772773E-02   1.991631    
  1.2852853E-02   1.956586    
  1.2932932E-02   1.924094    
  1.3013015E-02   1.895706    
  1.3093094E-02   1.870722    
  1.3173170E-02   1.846813    
  1.3253253E-02   1.821498    
  1.3333336E-02   1.793797    
  1.3413412E-02   1.764797    
  1.3493494E-02   1.736878    
  1.3573570E-02   1.712121    
  1.3653653E-02   1.690869    
  1.3733735E-02   1.671458    
  1.3813811E-02   1.651253    
  1.3893894E-02   1.628335    
  1.3973971E-02   1.602671    
  1.4054053E-02   1.576162    
  1.4134135E-02   1.551436    
  1.4214218E-02   1.530200    
  1.4294295E-02   1.512200    
  1.4374377E-02   1.495487    
  1.4454453E-02   1.477775    
  1.4534536E-02   1.457935    
  1.4614618E-02   1.436776    
  1.4694694E-02   1.416546    
  1.4774777E-02   1.399408    
  1.4854853E-02   1.386064    
  1.4934936E-02   1.375201    
  1.5015012E-02   1.364246    
  1.5095094E-02   1.350910    
  1.5175177E-02   1.334561    
  1.5255253E-02   1.316530    
  1.5335335E-02   1.299161    
  1.5415411E-02   1.284333    
  1.5495494E-02   1.272241    
  1.5575577E-02   1.261374    
  1.5655654E-02   1.249471    
  1.5735736E-02   1.235062    
  1.5815811E-02   1.218380    
  1.5895894E-02   1.201204    
  1.5975971E-02   1.185683    
  1.6056059E-02   1.172937    
  1.6136141E-02   1.162423    
  1.6216218E-02   1.152231    
  1.6296301E-02   1.140468    
  1.6376376E-02   1.126454    
  1.6456459E-02   1.111222    
  1.6536541E-02   1.096892    
  1.6616618E-02   1.085257    
  1.6696701E-02   1.076669    
  1.6776776E-02   1.069781    
  1.6856859E-02   1.062360    
  1.6936935E-02   1.052680    
  1.7017018E-02   1.040601    
  1.7097101E-02   1.027588    
  1.7177176E-02   1.015750    
  1.7257258E-02   1.006477    
  1.7337335E-02  0.9995888    
  1.7417418E-02  0.9934414    
  1.7497500E-02  0.9860505    
  1.7577577E-02  0.9763045    
  1.7657660E-02  0.9647004    
  1.7737735E-02  0.9529660    
  1.7817818E-02  0.9429376    
  1.7897895E-02  0.9353698    
  1.7977977E-02  0.9294896    
  1.8058060E-02  0.9235603    
  1.8138135E-02  0.9160022    
  1.8218217E-02  0.9064772    
  1.8298294E-02  0.8961021    
  1.8378377E-02  0.8866370    
  1.8458460E-02  0.8794073    
  1.8538535E-02  0.8742779    
  1.8618617E-02  0.8697709    
  1.8698694E-02  0.8639059    
  1.8778782E-02  0.8554682    
  1.8858859E-02  0.8447742    
  1.8938942E-02  0.8334154    
  1.9019024E-02  0.8233300    
  1.9099100E-02  0.8155195    
  1.9179182E-02  0.8095102    
  1.9259259E-02  0.8036789    
  1.9339342E-02  0.7964025    
  1.9419424E-02  0.7870917    
  1.9499499E-02  0.7766641    
  1.9579582E-02  0.7669632    
  1.9659659E-02  0.7595921    
  1.9739741E-02  0.7549195    
  1.9819818E-02  0.7518423    
  1.9899901E-02  0.7484624    
  1.9979984E-02  0.7432706    
  2.0060059E-02  0.7360610    
  2.0140141E-02  0.7279701    
  2.0220218E-02  0.7206774    
  2.0300301E-02  0.7152755    
  2.0380383E-02  0.7115432    
  2.0460458E-02  0.7080509    
  2.0540541E-02  0.7031044    
  2.0620618E-02  0.6958417    
  2.0700701E-02  0.6867846    
  2.0780776E-02  0.6775510    
  2.0860858E-02  0.6698287    
  2.0940941E-02  0.6643524    
  2.1021018E-02  0.6605015    
  2.1101100E-02  0.6567292    
  2.1181175E-02  0.6516106    
  2.1261258E-02  0.6447858    
  2.1341341E-02  0.6371800    
  2.1421418E-02  0.6303930    
  2.1501500E-02  0.6256518    
  2.1581583E-02  0.6230165    
  2.1661665E-02  0.6213176    
  2.1741748E-02  0.6189235    
  2.1821825E-02  0.6147447    
  2.1901906E-02  0.6089318    
  2.1981983E-02  0.6027169    
  2.2062065E-02  0.5975912    
  2.2142142E-02  0.5942872    
  2.2222225E-02  0.5922717    
  2.2302307E-02  0.5900987    
  2.2382382E-02  0.5862829    
  2.2462465E-02  0.5803174    
  2.2542542E-02  0.5729932    
  2.2622624E-02  0.5659507    
  2.2702707E-02  0.5606877    
  2.2782782E-02  0.5576507    
  2.2862865E-02  0.5559995    
  2.2942942E-02  0.5541864    
  2.3023024E-02  0.5509303    
  2.3103099E-02  0.5460271    
  2.3183182E-02  0.5403904    
  2.3263264E-02  0.5353814    
  2.3343341E-02  0.5319074    
  2.3423424E-02  0.5297430    
  2.3503499E-02  0.5276845    
  2.3583582E-02  0.5243760    
  2.3663664E-02  0.5191575    
  2.3743741E-02  0.5126318    
  2.3823824E-02  0.5062770    
  2.3903901E-02  0.5015947    
  2.3983983E-02  0.4991877    
  2.4064058E-02  0.4984080    
  2.4144141E-02  0.4977688    
  2.4224224E-02  0.4958790    
  2.4304306E-02  0.4922937    
  2.4384389E-02  0.4877371    
  2.4464466E-02  0.4835941    
  2.4544548E-02  0.4809656    
  2.4624631E-02  0.4799443    
  2.4704706E-02  0.4795732    
  2.4784788E-02  0.4784308    
  2.4864865E-02  0.4755920    
  2.4944948E-02  0.4711855    
  2.5025023E-02  0.4663433    
  2.5105106E-02  0.4624216    
  2.5185188E-02  0.4601637    
  2.5265265E-02  0.4592352    
  2.5345348E-02  0.4584197    
  2.5425423E-02  0.4564690    
  2.5505506E-02  0.4528900    
  2.5585588E-02  0.4482829    
  2.5665665E-02  0.4439379    
  2.5745748E-02  0.4410169    
  2.5825825E-02  0.4397645    
  2.5905905E-02  0.4393679    
  2.5985982E-02  0.4384380    
  2.6066065E-02  0.4359227    
  2.6146147E-02  0.4317691    
  2.6226224E-02  0.4269356    
  2.6306307E-02  0.4228058    
  2.6386382E-02  0.4202838    
  2.6466465E-02  0.4192411    
  2.6546547E-02  0.4185799    
  2.6626624E-02  0.4169977    
  2.6706707E-02  0.4137775    
  2.6786782E-02  0.4092800    
  2.6866864E-02  0.4046989    
  2.6946941E-02  0.4012844    
  2.7027030E-02  0.3995459    
  2.7107112E-02  0.3989429    
  2.7187189E-02  0.3982238    
  2.7267272E-02  0.3962519    
  2.7347347E-02  0.3927254    
  2.7427429E-02  0.3883426    
  2.7507512E-02  0.3843611    
  2.7587589E-02  0.3817526    
  2.7667671E-02  0.3805600    
  2.7747747E-02  0.3798931    
  2.7827829E-02  0.3784610    
  2.7907912E-02  0.3754485    
  2.7987989E-02  0.3710183    
  2.8068071E-02  0.3662509    
  2.8148148E-02  0.3624348    
  2.8228231E-02  0.3602863    
  2.8308306E-02  0.3594820    
  2.8388388E-02  0.3589002    
  2.8468471E-02  0.3573482    
  2.8548548E-02  0.3543182    
  2.8628631E-02  0.3503290    
  2.8708706E-02  0.3465564    
  2.8788788E-02  0.3441025    
  2.8868871E-02  0.3432623    
  2.8948948E-02  0.3433438    
  2.9029030E-02  0.3431152    
  2.9109105E-02  0.3415959    
  2.9189188E-02  0.3386662    
  2.9269265E-02  0.3351526    
  2.9349348E-02  0.3322670    
  2.9429430E-02  0.3308415    
  2.9509505E-02  0.3307814    
  2.9589588E-02  0.3311518    
  2.9669665E-02  0.3307739    
  2.9749753E-02  0.3289993    
  2.9829836E-02  0.3261184    
  2.9909912E-02  0.3231679    
  2.9989995E-02  0.3212480    
  3.0070070E-02  0.3208030    
  3.0150153E-02  0.3213184    
  3.0230230E-02  0.3216459    
  3.0310312E-02  0.3207197    
  3.0390395E-02  0.3182294    
  3.0470472E-02  0.3148067    
  3.0550554E-02  0.3116032    
  3.0630630E-02  0.3095523    
  3.0710712E-02  0.3087702    
  3.0790795E-02  0.3085037    
  3.0870872E-02  0.3076279    
  3.0950954E-02  0.3053937    
  3.1031029E-02  0.3019208    
  3.1111112E-02  0.2981424    
  3.1191189E-02  0.2952062    
  3.1271271E-02  0.2937416    
  3.1351354E-02  0.2934730    
  3.1431429E-02  0.2933919    
  3.1511512E-02  0.2924112    
  3.1591587E-02  0.2900605    
  3.1671669E-02  0.2867678    
  3.1751752E-02  0.2836048    
  3.1831831E-02  0.2815519    
  3.1911913E-02  0.2809150    
  3.1991988E-02  0.2810990    
  3.2072071E-02  0.2810253    
  3.2152146E-02  0.2798185    
  3.2232229E-02  0.2773753    
  3.2312311E-02  0.2744344    
  3.2392390E-02  0.2720851    
  3.2472476E-02  0.2710797    
  3.2552555E-02  0.2713362    
  3.2632634E-02  0.2720135    
  3.2712717E-02  0.2720333    
  3.2792795E-02  0.2707911    
  3.2872878E-02  0.2685272    
  3.2952953E-02  0.2661617    
  3.3033036E-02  0.2646762    
  3.3113111E-02  0.2644749    
  3.3193193E-02  0.2651149    
  3.3273276E-02  0.2655756    
  3.3353355E-02  0.2649234    
  3.3433437E-02  0.2628953    
  3.3513512E-02  0.2601052    
  3.3593595E-02  0.2576176    
  3.3673678E-02  0.2563007    
  3.3753753E-02  0.2562533    
  3.3833835E-02  0.2567713    
  3.3913910E-02  0.2568091    
  3.3993993E-02  0.2556309    
  3.4074072E-02  0.2533113    
  3.4154154E-02  0.2506563    
  3.4234237E-02  0.2486931    
  3.4314312E-02  0.2480091    
  3.4394395E-02  0.2483546    
  3.4474470E-02  0.2488237    
  3.4554552E-02  0.2484400    
  3.4634635E-02  0.2467685    
  3.4714714E-02  0.2442093    
  3.4794796E-02  0.2417141    
  3.4874871E-02  0.2401778    
  3.4954954E-02  0.2398570    
  3.5035029E-02  0.2402092    
  3.5115112E-02  0.2402358    
  3.5195202E-02  0.2391401    
  3.5275277E-02  0.2368510    
  3.5355359E-02  0.2340682    
  3.5435434E-02  0.2318162    
  3.5515517E-02  0.2308011    
  3.5595600E-02  0.2309310    
  3.5675678E-02  0.2314070    
  3.5755761E-02  0.2312109    
  3.5835836E-02  0.2297546    
  3.5915919E-02  0.2272679    
  3.5996001E-02  0.2246095    
  3.6076076E-02  0.2227454    
  3.6156159E-02  0.2221116    
  3.6236234E-02  0.2223197    
  3.6316317E-02  0.2224530    
  3.6396395E-02  0.2216097    
  3.6476478E-02  0.2195172    
  3.6556561E-02  0.2166887    
  3.6636636E-02  0.2141100    
  3.6716718E-02  0.2126034    
  3.6796793E-02  0.2123255    
  3.6876876E-02  0.2126938    
  3.6956958E-02  0.2127667    
  3.7037037E-02  0.2118929    
  3.7117120E-02  0.2101060    
  3.7197195E-02  0.2081017    
  3.7277278E-02  0.2067772    
  3.7357353E-02  0.2066076    
  3.7437435E-02  0.2073250    
  3.7517518E-02  0.2080645    
  3.7597593E-02  0.2078911    
  3.7677675E-02  0.2064088    
  3.7757754E-02  0.2040097    
  3.7837837E-02  0.2016304    
  3.7917923E-02  0.2001785    
  3.7998002E-02  0.1999673    
  3.8078085E-02  0.2005487    
  3.8158160E-02  0.2010076    
  3.8238242E-02  0.2005759    
  3.8318317E-02  0.1990999    
  3.8398400E-02  0.1971472    
  3.8478483E-02  0.1955927    
  3.8558558E-02  0.1950467    
  3.8638640E-02  0.1954463    
  3.8718719E-02  0.1960656    
  3.8798802E-02  0.1960058    
  3.8878884E-02  0.1947565    
  3.8958959E-02  0.1925376    
  3.9039042E-02  0.1901721    
  3.9119117E-02  0.1885612    
  3.9199200E-02  0.1881286    
  3.9279278E-02  0.1885389    
  3.9359361E-02  0.1889497    
  3.9439443E-02  0.1885488    
  3.9519519E-02  0.1870761    
  3.9599601E-02  0.1850051    
  3.9679676E-02  0.1832263    
  3.9759759E-02  0.1824856    
  3.9839841E-02  0.1828984    
  3.9919917E-02  0.1838816    
  3.9999999E-02  0.1845183    
