 -7.0000000E-02  0.1213220    
 -6.9859862E-02  0.1219959    
 -6.9719717E-02  0.1225016    
 -6.9579579E-02  0.1228684    
 -6.9439441E-02  0.1231675    
 -6.9299296E-02  0.1234895    
 -6.9159158E-02  0.1239138    
 -6.9019020E-02  0.1244677    
 -6.8878874E-02  0.1251321    
 -6.8738736E-02  0.1258415    
 -6.8598598E-02  0.1265158    
 -6.8458453E-02  0.1270887    
 -6.8318315E-02  0.1275329    
 -6.8178177E-02  0.1278654    
 -6.8038031E-02  0.1281409    
 -6.7897893E-02  0.1284287    
 -6.7757756E-02  0.1287891    
 -6.7617618E-02  0.1292479    
 -6.7477472E-02  0.1298047    
 -6.7337334E-02  0.1304354    
 -6.7197196E-02  0.1311112    
 -6.7057058E-02  0.1318199    
 -6.6916920E-02  0.1325628    
 -6.6776782E-02  0.1333712    
 -6.6636637E-02  0.1342644    
 -6.6496499E-02  0.1352461    
 -6.6356361E-02  0.1362981    
 -6.6216215E-02  0.1373715    
 -6.6076078E-02  0.1384057    
 -6.5935940E-02  0.1393468    
 -6.5795794E-02  0.1401637    
 -6.5655656E-02  0.1408662    
 -6.5515518E-02  0.1414784    
 -6.5375373E-02  0.1420511    
 -6.5235235E-02  0.1426139    
 -6.5095097E-02  0.1431784    
 -6.4954951E-02  0.1437325    
 -6.4814813E-02  0.1442508    
 -6.4674675E-02  0.1447072    
 -6.4534530E-02  0.1451041    
 -6.4394392E-02  0.1454738    
 -6.4254254E-02  0.1458676    
 -6.4114109E-02  0.1463433    
 -6.3973971E-02  0.1469401    
 -6.3833833E-02  0.1476589    
 -6.3693687E-02  0.1484606    
 -6.3553549E-02  0.1492898    
 -6.3413411E-02  0.1500847    
 -6.3273266E-02  0.1508241    
 -6.3133128E-02  0.1515295    
 -6.2992990E-02  0.1522658    
 -6.2852852E-02  0.1531129    
 -6.2712714E-02  0.1541459    
 -6.2572576E-02  0.1553833    
 -6.2432427E-02  0.1567862    
 -6.2292289E-02  0.1582431    
 -6.2152151E-02  0.1596184    
 -6.2012013E-02  0.1607835    
 -6.1871871E-02  0.1616481    
 -6.1731733E-02  0.1621986    
 -6.1591592E-02  0.1624772    
 -6.1451450E-02  0.1625877    
 -6.1311312E-02  0.1626363    
 -6.1171174E-02  0.1627159    
 -6.1031029E-02  0.1628769    
 -6.0890891E-02  0.1631328    
 -6.0750753E-02  0.1634722    
 -6.0610607E-02  0.1638844    
 -6.0470469E-02  0.1643673    
 -6.0330331E-02  0.1649576    
 -6.0190186E-02  0.1656730    
 -6.0050048E-02  0.1665488    
 -5.9909910E-02  0.1675700    
 -5.9769768E-02  0.1687047    
 -5.9629630E-02  0.1698815    
 -5.9489489E-02  0.1710233    
 -5.9349347E-02  0.1720756    
 -5.9209209E-02  0.1730248    
 -5.9069071E-02  0.1738971    
 -5.8928933E-02  0.1747492    
 -5.8788788E-02  0.1756509    
 -5.8648650E-02  0.1766398    
 -5.8508512E-02  0.1777149    
 -5.8368366E-02  0.1788371    
 -5.8228228E-02  0.1799462    
 -5.8088090E-02  0.1809790    
 -5.7947945E-02  0.1819184    
 -5.7807807E-02  0.1827816    
 -5.7667669E-02  0.1836255    
 -5.7527527E-02  0.1845239    
 -5.7387389E-02  0.1855299    
 -5.7247248E-02  0.1866618    
 -5.7107106E-02  0.1878846    
 -5.6966968E-02  0.1891320    
 -5.6826830E-02  0.1903328    
 -5.6686684E-02  0.1914359    
 -5.6546547E-02  0.1924363    
 -5.6406409E-02  0.1933664    
 -5.6266263E-02  0.1942931    
 -5.6126125E-02  0.1952754    
 -5.5985987E-02  0.1963342    
 -5.5845842E-02  0.1974466    
 -5.5705704E-02  0.1985475    
 -5.5565566E-02  0.1995482    
 -5.5425424E-02  0.2003791    
 -5.5285286E-02  0.2010175    
 -5.5145144E-02  0.2014919    
 -5.5005003E-02  0.2018853    
 -5.4864865E-02  0.2022975    
 -5.4724727E-02  0.2028158    
 -5.4584581E-02  0.2034936    
 -5.4444443E-02  0.2043304    
 -5.4304305E-02  0.2052911    
 -5.4164160E-02  0.2063234    
 -5.4024022E-02  0.2073972    
 -5.3883884E-02  0.2085075    
 -5.3743739E-02  0.2096889    
 -5.3603601E-02  0.2109813    
 -5.3463463E-02  0.2124200    
 -5.3323321E-02  0.2140102    
 -5.3183183E-02  0.2157081    
 -5.3043045E-02  0.2174500    
 -5.2902903E-02  0.2191610    
 -5.2762762E-02  0.2207831    
 -5.2622624E-02  0.2222990    
 -5.2482486E-02  0.2237174    
 -5.2342340E-02  0.2250783    
 -5.2202202E-02  0.2264072    
 -5.2062061E-02  0.2276977    
 -5.1921919E-02  0.2289000    
 -5.1781781E-02  0.2299421    
 -5.1641639E-02  0.2307424    
 -5.1501498E-02  0.2312637    
 -5.1361360E-02  0.2315231    
 -5.1221222E-02  0.2316105    
 -5.1081080E-02  0.2316556    
 -5.0940942E-02  0.2318052    
 -5.0800800E-02  0.2321722    
 -5.0660662E-02  0.2328034    
 -5.0520521E-02  0.2336941    
 -5.0380383E-02  0.2347728    
 -5.0240237E-02  0.2359703    
 -5.0100099E-02  0.2372341    
 -4.9959961E-02  0.2385519    
 -4.9819820E-02  0.2399632    
 -4.9679678E-02  0.2415172    
 -4.9539540E-02  0.2432605    
 -4.9399398E-02  0.2451820    
 -4.9259257E-02  0.2472268    
 -4.9119119E-02  0.2492823    
 -4.8978977E-02  0.2512445    
 -4.8838839E-02  0.2530184    
 -4.8698701E-02  0.2545893    
 -4.8558559E-02  0.2560000    
 -4.8418418E-02  0.2573513    
 -4.8278280E-02  0.2587599    
 -4.8138138E-02  0.2603126    
 -4.7997996E-02  0.2620507    
 -4.7857858E-02  0.2639548    
 -4.7717720E-02  0.2659611    
 -4.7577579E-02  0.2680031    
 -4.7437437E-02  0.2700204    
 -4.7297295E-02  0.2720190    
 -4.7157153E-02  0.2740176    
 -4.7017016E-02  0.2760697    
 -4.6876874E-02  0.2782057    
 -4.6736736E-02  0.2804329    
 -4.6596598E-02  0.2827031    
 -4.6456456E-02  0.2849521    
 -4.6316318E-02  0.2871154    
 -4.6176177E-02  0.2891689    
 -4.6036039E-02  0.2911303    
 -4.5895893E-02  0.2930551    
 -4.5755755E-02  0.2950280    
 -4.5615617E-02  0.2971165    
 -4.5475472E-02  0.2993380    
 -4.5335334E-02  0.3016586    
 -4.5195196E-02  0.3039933    
 -4.5055054E-02  0.3062556    
 -4.4914912E-02  0.3083735    
 -4.4774774E-02  0.3103285    
 -4.4634633E-02  0.3121584    
 -4.4494495E-02  0.3139235    
 -4.4354353E-02  0.3157002    
 -4.4214215E-02  0.3175133    
 -4.4074073E-02  0.3193570    
 -4.3933935E-02  0.3211735    
 -4.3793794E-02  0.3229099    
 -4.3653652E-02  0.3245227    
 -4.3513514E-02  0.3260405    
 -4.3373372E-02  0.3275643    
 -4.3233231E-02  0.3292235    
 -4.3093093E-02  0.3311554    
 -4.2952951E-02  0.3334401    
 -4.2812813E-02  0.3360810    
 -4.2672671E-02  0.3389816    
 -4.2532530E-02  0.3419943    
 -4.2392392E-02  0.3449651    
 -4.2252254E-02  0.3477820    
 -4.2112112E-02  0.3504152    
 -4.1971974E-02  0.3529059    
 -4.1831832E-02  0.3553567    
 -4.1691691E-02  0.3578603    
 -4.1551553E-02  0.3604609    
 -4.1411411E-02  0.3631095    
 -4.1271273E-02  0.3657017    
 -4.1131131E-02  0.3680894    
 -4.0990990E-02  0.3701595    
 -4.0850852E-02  0.3718708    
 -4.0710710E-02  0.3732803    
 -4.0570572E-02  0.3745316    
 -4.0430427E-02  0.3758086    
 -4.0290289E-02  0.3772756    
 -4.0150151E-02  0.3790423    
 -4.0010009E-02  0.3811211    
 -3.9869871E-02  0.3834719    
 -3.9729729E-02  0.3860041    
 -3.9589588E-02  0.3886611    
 -3.9449450E-02  0.3914204    
 -3.9309308E-02  0.3943273    
 -3.9169170E-02  0.3974703    
 -3.9029028E-02  0.4009222    
 -3.8888887E-02  0.4047260    
 -3.8748749E-02  0.4088573    
 -3.8608607E-02  0.4132197    
 -3.8468469E-02  0.4176950    
 -3.8328327E-02  0.4221643    
 -3.8188186E-02  0.4265524    
 -3.8048048E-02  0.4308553    
 -3.7907910E-02  0.4351124    
 -3.7767768E-02  0.4394069    
 -3.7627630E-02  0.4438161    
 -3.7487488E-02  0.4483746    
 -3.7347347E-02  0.4530962    
 -3.7207205E-02  0.4579518    
 -3.7067067E-02  0.4629053    
 -3.6926925E-02  0.4679292    
 -3.6786783E-02  0.4730040    
 -3.6646646E-02  0.4781229    
 -3.6506504E-02  0.4832532    
 -3.6366366E-02  0.4883369    
 -3.6226224E-02  0.4932913    
 -3.6086082E-02  0.4979941    
 -3.5945944E-02  0.5023722    
 -3.5805807E-02  0.5063788    
 -3.5665665E-02  0.5100758    
 -3.5525527E-02  0.5135836    
 -3.5385385E-02  0.5170696    
 -3.5245247E-02  0.5206989    
 -3.5105105E-02  0.5245541    
 -3.4964968E-02  0.5286430    
 -3.4824826E-02  0.5328559    
 -3.4684684E-02  0.5370417    
 -3.4544546E-02  0.5410396    
 -3.4404404E-02  0.5447554    
 -3.4264266E-02  0.5481918    
 -3.4124121E-02  0.5514565    
 -3.3983979E-02  0.5547054    
 -3.3843841E-02  0.5581133    
 -3.3703703E-02  0.5617924    
 -3.3563565E-02  0.5657875    
 -3.3423424E-02  0.5700553    
 -3.3283282E-02  0.5745443    
 -3.3143144E-02  0.5792050    
 -3.3003002E-02  0.5840540    
 -3.2862864E-02  0.5891598    
 -3.2722723E-02  0.5946369    
 -3.2582581E-02  0.6005800    
 -3.2442443E-02  0.6070232    
 -3.2302301E-02  0.6139096    
 -3.2162163E-02  0.6210948    
 -3.2022022E-02  0.6284136    
 -3.1881880E-02  0.6357167    
 -3.1741742E-02  0.6429402    
 -3.1601600E-02  0.6501378    
 -3.1461462E-02  0.6574205    
 -3.1321321E-02  0.6649239    
 -3.1181181E-02  0.6727195    
 -3.1041039E-02  0.6807667    
 -3.0900899E-02  0.6889193    
 -3.0760761E-02  0.6969582    
 -3.0620620E-02  0.7046678    
 -3.0480478E-02  0.7119441    
 -3.0340340E-02  0.7188145    
 -3.0200198E-02  0.7254838    
 -3.0060060E-02  0.7322250    
 -2.9919919E-02  0.7393545    
 -2.9779779E-02  0.7470549    
 -2.9639641E-02  0.7553907    
 -2.9499499E-02  0.7642502    
 -2.9359361E-02  0.7734376    
 -2.9219219E-02  0.7827243    
 -2.9079078E-02  0.7919860    
 -2.8938940E-02  0.8012040    
 -2.8798798E-02  0.8104910    
 -2.8658660E-02  0.8200371    
 -2.8518520E-02  0.8299937    
 -2.8378379E-02  0.8404460    
 -2.8238241E-02  0.8513429    
 -2.8098099E-02  0.8625225    
 -2.7957957E-02  0.8737939    
 -2.7817816E-02  0.8849902    
 -2.7677676E-02  0.8960519    
 -2.7537538E-02  0.9070197    
 -2.7397396E-02  0.9180353    
 -2.7257258E-02  0.9292568    
 -2.7117116E-02  0.9407889    
 -2.6976975E-02  0.9526423    
 -2.6836837E-02  0.9647338    
 -2.6696695E-02  0.9769403    
 -2.6556557E-02  0.9891521    
 -2.6416417E-02   1.001358    
 -2.6276276E-02   1.013639    
 -2.6136138E-02   1.026153    
 -2.5995996E-02   1.039109    
 -2.5855858E-02   1.052613    
 -2.5715716E-02   1.066707    
 -2.5575574E-02   1.081282    
 -2.5435437E-02   1.096166    
 -2.5295297E-02   1.111167    
 -2.5155159E-02   1.126188    
 -2.5015017E-02   1.141217    
 -2.4874872E-02   1.156359    
 -2.4734734E-02   1.171762    
 -2.4594592E-02   1.187553    
 -2.4454452E-02   1.203750    
 -2.4314314E-02   1.220274    
 -2.4174172E-02   1.236934    
 -2.4034034E-02   1.253562    
 -2.3893893E-02   1.270050    
 -2.3753751E-02   1.286453    
 -2.3613613E-02   1.302952    
 -2.3473471E-02   1.319868    
 -2.3333333E-02   1.337477    
 -2.3193194E-02   1.355991    
 -2.3053052E-02   1.375448    
 -2.2912914E-02   1.395696    
 -2.2772772E-02   1.416502    
 -2.2632634E-02   1.437643    
 -2.2492493E-02   1.458980    
 -2.2352351E-02   1.480536    
 -2.2212213E-02   1.502489    
 -2.2072073E-02   1.525100    
 -2.1931935E-02   1.548570    
 -2.1791790E-02   1.572994    
 -2.1651648E-02   1.598272    
 -2.1511510E-02   1.624166    
 -2.1371368E-02   1.650362    
 -2.1231230E-02   1.676566    
 -2.1091091E-02   1.702660    
 -2.0950949E-02   1.728628    
 -2.0810811E-02   1.754654    
 -2.0670669E-02   1.780969    
 -2.0530531E-02   1.807759    
 -2.0390389E-02   1.835106    
 -2.0250248E-02   1.862942    
 -2.0110110E-02   1.891074    
 -1.9969970E-02   1.919340    
 -1.9829832E-02   1.947599    
 -1.9689690E-02   1.975897    
 -1.9549549E-02   2.004418    
 -1.9409411E-02   2.033475    
 -1.9269269E-02   2.063423    
 -1.9129131E-02   2.094611    
 -1.8988989E-02   2.127292    
 -1.8848849E-02   2.161625    
 -1.8708711E-02   2.197653    
 -1.8568566E-02   2.235431    
 -1.8428428E-02   2.274977    
 -1.8288286E-02   2.316317    
 -1.8148145E-02   2.359503    
 -1.8008007E-02   2.404537    
 -1.7867867E-02   2.451423    
 -1.7727729E-02   2.500073    
 -1.7587587E-02   2.550424    
 -1.7447446E-02   2.602430    
 -1.7307308E-02   2.656092    
 -1.7167166E-02   2.711483    
 -1.7027028E-02   2.768728    
 -1.6886886E-02   2.827948    
 -1.6746746E-02   2.889177    
 -1.6606608E-02   2.952319    
 -1.6466463E-02   3.017177    
 -1.6326325E-02   3.083436    
 -1.6186187E-02   3.150822    
 -1.6046043E-02   3.219117    
 -1.5905904E-02   3.288232    
 -1.5765766E-02   3.358256    
 -1.5625628E-02   3.429363    
 -1.5485484E-02   3.501802    
 -1.5345346E-02   3.575785    
 -1.5205202E-02   3.651519    
 -1.5065064E-02   3.729138    
 -1.4924925E-02   3.808828    
 -1.4784780E-02   3.890823    
 -1.4644642E-02   3.975461    
 -1.4504504E-02   4.063147    
 -1.4364366E-02   4.154286    
 -1.4224222E-02   4.249227    
 -1.4084084E-02   4.348163    
 -1.3943946E-02   4.451137    
 -1.3803801E-02   4.558107    
 -1.3663664E-02   4.669024    
 -1.3523526E-02   4.783982    
 -1.3383381E-02   4.903286    
 -1.3243243E-02   5.027357    
 -1.3103105E-02   5.156706    
 -1.2962966E-02   5.291819    
 -1.2822822E-02   5.432940    
 -1.2682684E-02   5.580096    
 -1.2542546E-02   5.733019    
 -1.2402401E-02   5.891428    
 -1.2262263E-02   6.055155    
 -1.2122125E-02   6.224285    
 -1.1981981E-02   6.399348    
 -1.1841843E-02   6.581097    
 -1.1701705E-02   6.770500    
 -1.1561567E-02   6.968426    
 -1.1421422E-02   7.175473    
 -1.1281285E-02   7.391919    
 -1.1141146E-02   7.617870    
 -1.1001002E-02   7.853262    
 -1.0860858E-02   8.098194    
 -1.0720720E-02   8.353063    
 -1.0580575E-02   8.618515    
 -1.0440436E-02   8.895435    
 -1.0300298E-02   9.184641    
 -1.0160160E-02   9.486793    
 -1.0020016E-02   9.802300    
 -9.8798778E-03   10.13136    
 -9.7397398E-03   10.47431    
 -9.5995953E-03   10.83183    
 -9.4594574E-03   11.20514    
 -9.3193194E-03   11.59596    
 -9.1791749E-03   12.00643    
 -9.0390369E-03   12.43846    
 -8.8988990E-03   12.89344    
 -8.7587601E-03   13.37193    
 -8.6186165E-03   13.87371    
 -8.4784776E-03   14.39789    
 -8.3383396E-03   14.94371    
 -8.1981951E-03   15.51100    
 -8.0580572E-03   16.10057    
 -7.9179192E-03   16.71443    
 -7.7777747E-03   17.35528    
 -7.6376367E-03   18.02587    
 -7.4974988E-03   18.72842    
 -7.3573608E-03   19.46387    
 -7.2172163E-03   20.23201    
 -7.0770779E-03   21.03156    
 -6.9369399E-03   21.86118    
 -6.7967954E-03   22.72027    
 -6.6566574E-03   23.60951    
 -6.5165195E-03   24.53123    
 -6.3763750E-03   25.48917    
 -6.2362370E-03   26.48726    
 -6.0960986E-03   27.52906    
 -5.9559606E-03   28.61665    
 -5.8158161E-03   29.75038    
 -5.6756781E-03   30.92866    
 -5.5355402E-03   32.14898    
 -5.3953957E-03   33.40879    
 -5.2552577E-03   34.70586    
 -5.1151193E-03   36.03955    
 -4.9749753E-03   37.41029    
 -4.8348368E-03   38.81900    
 -4.6946923E-03   40.26677    
 -4.5545544E-03   41.75373    
 -4.4144099E-03   43.27913    
 -4.2742719E-03   44.84074    
 -4.1341339E-03   46.43583    
 -3.9939894E-03   48.06167    
 -3.8538512E-03   49.71581    
 -3.7137133E-03   51.39643    
 -3.5735688E-03   53.10225    
 -3.4334308E-03   54.83165    
 -3.2932926E-03   56.58192    
 -3.1531546E-03   58.34874    
 -3.0130101E-03   60.12548    
 -2.8728719E-03   61.90326    
 -2.7327340E-03   63.67155    
 -2.5925895E-03   65.41889    
 -2.4524515E-03   67.13335    
 -2.3123133E-03   68.80362    
 -2.1721688E-03   70.41875    
 -2.0320308E-03   71.96889    
 -1.8918928E-03   73.44497    
 -1.7517547E-03   74.83890    
 -1.6116102E-03   76.14346    
 -1.4714721E-03   77.35249    
 -1.3313340E-03   78.46122    
 -1.1911896E-03   79.46649    
 -1.0510515E-03   80.36562    
 -9.1091340E-04   81.15756    
 -7.7076902E-04   81.84131    
 -6.3063094E-04   82.41543    
 -4.9049279E-04   82.87873    
 -3.5035473E-04   83.22890    
 -2.1021030E-04   83.46393    
 -7.0072216E-05   83.58175    
  7.0065878E-05   83.58261    
  2.1021030E-04   83.46393    
  3.5034839E-04   83.22894    
  4.9048651E-04   82.87883    
  6.3063094E-04   82.41543    
  7.7076902E-04   81.84132    
  9.1090711E-04   81.15762    
  1.0510451E-03   80.36572    
  1.1911896E-03   79.46649    
  1.3313277E-03   78.46131    
  1.4714658E-03   77.35248    
  1.6116166E-03   76.14342    
  1.7517547E-03   74.83890    
  1.8918928E-03   73.44497    
  2.0320371E-03   71.96880    
  2.1721753E-03   70.41865    
  2.3123133E-03   68.80362    
  2.4524578E-03   67.13332    
  2.5925958E-03   65.41882    
  2.7327340E-03   63.67155    
  2.8728719E-03   61.90325    
  3.0130164E-03   60.12540    
  3.1531546E-03   58.34874    
  3.2932926E-03   56.58192    
  3.4334371E-03   54.83159    
  3.5735751E-03   53.10217    
  3.7137133E-03   51.39643    
  3.8538578E-03   49.71572    
  3.9939960E-03   48.06162    
  4.1341339E-03   46.43583    
  4.2742719E-03   44.84074    
  4.4144164E-03   43.27906    
  4.5545544E-03   41.75373    
  4.6946923E-03   40.26678    
  4.8348368E-03   38.81900    
  4.9749753E-03   37.41028    
  5.1151132E-03   36.03962    
  5.2552577E-03   34.70585    
  5.3953957E-03   33.40879    
  5.5355337E-03   32.14902    
  5.6756716E-03   30.92871    
  5.8158161E-03   29.75037    
  5.9559545E-03   28.61669    
  6.0960925E-03   27.52910    
  6.2362370E-03   26.48726    
  6.3763750E-03   25.48917    
  6.5165129E-03   24.53128    
  6.6566574E-03   23.60951    
  6.7967954E-03   22.72027    
  6.9369338E-03   21.86122    
  7.0770718E-03   21.03159    
  7.2172163E-03   20.23201    
  7.3573543E-03   19.46390    
  7.4974922E-03   18.72844    
  7.6376367E-03   18.02587    
  7.7777812E-03   17.35523    
  7.9179192E-03   16.71443    
  8.0580637E-03   16.10055    
  8.1982017E-03   15.51097    
  8.3383396E-03   14.94371    
  8.4784776E-03   14.39789    
  8.6186221E-03   13.87370    
  8.7587601E-03   13.37193    
  8.8988990E-03   12.89344    
  9.0390434E-03   12.43843    
  9.1791814E-03   12.00640    
  9.3193194E-03   11.59596    
  9.4594639E-03   11.20512    
  9.5996018E-03   10.83183    
  9.7397398E-03   10.47431    
  9.8798778E-03   10.13136    
  1.0020022E-02   9.802290    
  1.0160160E-02   9.486792    
  1.0300298E-02   9.184642    
  1.0440443E-02   8.895425    
  1.0580581E-02   8.618510    
  1.0720720E-02   8.353062    
  1.0860863E-02   8.098182    
  1.1001002E-02   7.853263    
  1.1141140E-02   7.617881    
  1.1281278E-02   7.391934    
  1.1421422E-02   7.175475    
  1.1561560E-02   6.968422    
  1.1701698E-02   6.770515    
  1.1841843E-02   6.581097    
  1.1981981E-02   6.399348    
  1.2122119E-02   6.224309    
  1.2262263E-02   6.055154    
  1.2402401E-02   5.891427    
  1.2542539E-02   5.733018    
  1.2682678E-02   5.580088    
  1.2822822E-02   5.432942    
  1.2962961E-02   5.291829    
  1.3103099E-02   5.156703    
  1.3243243E-02   5.027358    
  1.3383381E-02   4.903286    
  1.3523519E-02   4.783994    
  1.3663664E-02   4.669023    
  1.3803801E-02   4.558109    
  1.3943939E-02   4.451135    
  1.4084084E-02   4.348162    
  1.4224228E-02   4.249229    
  1.4364366E-02   4.154288    
  1.4504504E-02   4.063147    
  1.4644649E-02   3.975457    
  1.4784787E-02   3.890817    
  1.4924925E-02   3.808829    
  1.5065069E-02   3.729123    
  1.5205207E-02   3.651517    
  1.5345346E-02   3.575784    
  1.5485484E-02   3.501802    
  1.5625628E-02   3.429363    
  1.5765766E-02   3.358255    
  1.5905904E-02   3.288232    
  1.6046049E-02   3.219122    
  1.6186187E-02   3.150823    
  1.6326325E-02   3.083436    
  1.6466470E-02   3.017174    
  1.6606608E-02   2.952319    
  1.6746746E-02   2.889178    
  1.6886884E-02   2.827958    
  1.7027028E-02   2.768727    
  1.7167166E-02   2.711483    
  1.7307304E-02   2.656089    
  1.7447449E-02   2.602424    
  1.7587587E-02   2.550424    
  1.7727725E-02   2.500072    
  1.7867869E-02   2.451416    
  1.8008007E-02   2.404536    
  1.8148145E-02   2.359504    
  1.8288285E-02   2.316319    
  1.8428428E-02   2.274977    
  1.8568566E-02   2.235432    
  1.8708704E-02   2.197659    
  1.8848849E-02   2.161625    
  1.8988987E-02   2.127302    
  1.9129125E-02   2.094615    
  1.9269269E-02   2.063423    
  1.9409407E-02   2.033471    
  1.9549545E-02   2.004419    
  1.9689683E-02   1.975897    
  1.9829828E-02   1.947605    
  1.9969966E-02   1.919338    
  2.0110104E-02   1.891079    
  2.0250255E-02   1.862935    
  2.0390393E-02   1.835107    
  2.0530531E-02   1.807759    
  2.0670675E-02   1.780976    
  2.0810815E-02   1.754653    
  2.0950953E-02   1.728626    
  2.1091096E-02   1.702650    
  2.1231234E-02   1.676575    
  2.1371372E-02   1.650361    
  2.1511510E-02   1.624166    
  2.1651655E-02   1.598275    
  2.1791793E-02   1.572989    
  2.1931931E-02   1.548572    
  2.2072075E-02   1.525098    
  2.2212213E-02   1.502488    
  2.2352351E-02   1.480536    
  2.2492496E-02   1.458980    
  2.2632634E-02   1.437643    
  2.2772772E-02   1.416502    
  2.2912910E-02   1.395693    
  2.3053056E-02   1.375448    
  2.3193194E-02   1.355991    
  2.3333332E-02   1.337481    
  2.3473475E-02   1.319865    
  2.3613613E-02   1.302952    
  2.3753751E-02   1.286453    
  2.3893896E-02   1.270047    
  2.4034034E-02   1.253560    
  2.4174172E-02   1.236934    
  2.4314310E-02   1.220276    
  2.4454454E-02   1.203751    
  2.4594592E-02   1.187554    
  2.4734732E-02   1.171762    
  2.4874875E-02   1.156353    
  2.5015013E-02   1.141220    
  2.5155151E-02   1.126190    
  2.5295297E-02   1.111167    
  2.5435435E-02   1.096165    
  2.5575573E-02   1.081277    
  2.5715711E-02   1.066705    
  2.5855854E-02   1.052617    
  2.5995992E-02   1.039105    
  2.6136130E-02   1.026157    
  2.6276276E-02   1.013639    
  2.6416419E-02   1.001357    
  2.6556557E-02  0.9891523    
  2.6696702E-02  0.9769383    
  2.6836840E-02  0.9647334    
  2.6976978E-02  0.9526412    
  2.7117116E-02  0.9407890    
  2.7257260E-02  0.9292567    
  2.7397400E-02  0.9180339    
  2.7537538E-02  0.9070193    
  2.7677681E-02  0.8960490    
  2.7817819E-02  0.8849914    
  2.7957957E-02  0.8737939    
  2.8098103E-02  0.8625194    
  2.8238241E-02  0.8513425    
  2.8378379E-02  0.8404447    
  2.8518517E-02  0.8299949    
  2.8658660E-02  0.8200374    
  2.8798798E-02  0.8104910    
  2.8938936E-02  0.8012025    
  2.9079081E-02  0.7919894    
  2.9219219E-02  0.7827243    
  2.9359357E-02  0.7734378    
  2.9499503E-02  0.7642490    
  2.9639641E-02  0.7553907    
  2.9779779E-02  0.7470548    
  2.9919917E-02  0.7393534    
  3.0060060E-02  0.7322249    
  3.0200198E-02  0.7254837    
  3.0340336E-02  0.7188167    
  3.0480482E-02  0.7119441    
  3.0620620E-02  0.7046677    
  3.0760758E-02  0.6969607    
  3.0900901E-02  0.6889189    
  3.1041039E-02  0.6807665    
  3.1181179E-02  0.6727169    
  3.1321317E-02  0.6649233    
  3.1461462E-02  0.6574211    
  3.1601600E-02  0.6501406    
  3.1741738E-02  0.6429403    
  3.1881880E-02  0.6357172    
  3.2022018E-02  0.6284100    
  3.2162156E-02  0.6210979    
  3.2302301E-02  0.6139097    
  3.2442439E-02  0.6070231    
  3.2582577E-02  0.6005801    
  3.2722723E-02  0.5946368    
  3.2862868E-02  0.5891606    
  3.3003006E-02  0.5840533    
  3.3143144E-02  0.5792047    
  3.3283286E-02  0.5745456    
  3.3423424E-02  0.5700566    
  3.3563565E-02  0.5657876    
  3.3703707E-02  0.5617934    
  3.3843845E-02  0.5581138    
  3.3983983E-02  0.5547062    
  3.4124121E-02  0.5514567    
  3.4264266E-02  0.5481920    
  3.4404404E-02  0.5447553    
  3.4544542E-02  0.5410404    
  3.4684688E-02  0.5370422    
  3.4824826E-02  0.5328568    
  3.4964964E-02  0.5286451    
  3.5105109E-02  0.5245538    
  3.5245247E-02  0.5206992    
  3.5385385E-02  0.5170699    
  3.5525523E-02  0.5135831    
  3.5665665E-02  0.5100760    
  3.5805807E-02  0.5063795    
  3.5945944E-02  0.5023684    
  3.6086086E-02  0.4979929    
  3.6226224E-02  0.4932911    
  3.6366362E-02  0.4883400    
  3.6506508E-02  0.4832562    
  3.6646653E-02  0.4781215    
  3.6786783E-02  0.4730044    
  3.6926929E-02  0.4679272    
  3.7067074E-02  0.4629055    
  3.7207205E-02  0.4579517    
  3.7347350E-02  0.4530967    
  3.7487492E-02  0.4483742    
  3.7627626E-02  0.4438147    
  3.7767768E-02  0.4394069    
  3.7907913E-02  0.4351099    
  3.8048048E-02  0.4308532    
  3.8188189E-02  0.4265518    
  3.8328335E-02  0.4221649    
  3.8468465E-02  0.4176927    
  3.8608611E-02  0.4132214    
  3.8748741E-02  0.4088597    
  3.8888887E-02  0.4047259    
  3.9029032E-02  0.4009223    
  3.9169177E-02  0.3974716    
  3.9309308E-02  0.3943269    
  3.9449453E-02  0.3914225    
  3.9589595E-02  0.3886602    
  3.9729729E-02  0.3860036    
  3.9869871E-02  0.3834681    
  4.0010016E-02  0.3811209    
  4.0150151E-02  0.3790422    
  4.0290292E-02  0.3772767    
  4.0430438E-02  0.3758077    
  4.0570568E-02  0.3745315    
  4.0710714E-02  0.3732797    
  4.0850844E-02  0.3718719    
  4.0990990E-02  0.3701592    
  4.1131135E-02  0.3680896    
  4.1271266E-02  0.3656980    
  4.1411411E-02  0.3631094    
  4.1551556E-02  0.3604603    
  4.1691687E-02  0.3578628    
  4.1831832E-02  0.3553567    
  4.1971974E-02  0.3529054    
  4.2112108E-02  0.3504106    
  4.2252254E-02  0.3477819    
  4.2392395E-02  0.3449649    
  4.2532530E-02  0.3419957    
  4.2672671E-02  0.3389817    
  4.2812817E-02  0.3360778    
  4.2952947E-02  0.3334386    
  4.3093093E-02  0.3311553    
  4.3233238E-02  0.3292236    
  4.3373369E-02  0.3275619    
  4.3513514E-02  0.3260409    
  4.3653645E-02  0.3245234    
  4.3793790E-02  0.3229107    
  4.3933935E-02  0.3211738    
  4.4074066E-02  0.3193579    
  4.4214211E-02  0.3175147    
  4.4354353E-02  0.3157008    
  4.4494487E-02  0.3139235    
  4.4634633E-02  0.3121581    
  4.4774774E-02  0.3103286    
  4.4914909E-02  0.3083729    
  4.5055050E-02  0.3062564    
  4.5195196E-02  0.3039935    
  4.5335326E-02  0.3016553    
  4.5475472E-02  0.2993385    
  4.5615617E-02  0.2971162    
  4.5755748E-02  0.2950303    
  4.5895893E-02  0.2930550    
  4.6036039E-02  0.2911301    
  4.6176169E-02  0.2891697    
  4.6316314E-02  0.2871146    
  4.6456445E-02  0.2849506    
  4.6596590E-02  0.2827024    
  4.6736736E-02  0.2804328    
  4.6876866E-02  0.2782080    
  4.7017012E-02  0.2760703    
  4.7157153E-02  0.2740175    
  4.7297288E-02  0.2720158    
  4.7437429E-02  0.2700209    
  4.7577575E-02  0.2679991    
  4.7717705E-02  0.2659631    
  4.7857851E-02  0.2639574    
  4.7997996E-02  0.2620507    
  4.8138127E-02  0.2603128    
  4.8278283E-02  0.2587594    
  4.8418429E-02  0.2573504    
  4.8558559E-02  0.2560001    
  4.8698705E-02  0.2545893    
  4.8838850E-02  0.2530170    
  4.8978981E-02  0.2512422    
  4.9119126E-02  0.2492866    
  4.9259257E-02  0.2472271    
  4.9399402E-02  0.2451816    
  4.9539547E-02  0.2432617    
  4.9679678E-02  0.2415172    
  4.9819823E-02  0.2399627    
  4.9959969E-02  0.2385529    
  5.0100099E-02  0.2372342    
  5.0240245E-02  0.2359703    
  5.0380386E-02  0.2347734    
  5.0520521E-02  0.2336939    
  5.0660662E-02  0.2328049    
  5.0800808E-02  0.2321710    
  5.0940942E-02  0.2318057    
  5.1081084E-02  0.2316557    
  5.1221229E-02  0.2316105    
  5.1361360E-02  0.2315231    
  5.1501505E-02  0.2312630    
  5.1641650E-02  0.2307415    
  5.1781781E-02  0.2299420    
  5.1921926E-02  0.2289011    
  5.2062057E-02  0.2276976    
  5.2202202E-02  0.2264066    
  5.2342348E-02  0.2250800    
  5.2482478E-02  0.2237184    
  5.2622624E-02  0.2222992    
  5.2762765E-02  0.2207846    
  5.2902900E-02  0.2191617    
  5.3043045E-02  0.2174501    
  5.3183187E-02  0.2157087    
  5.3323321E-02  0.2140101    
  5.3463463E-02  0.2124200    
  5.3603608E-02  0.2109811    
  5.3743739E-02  0.2096888    
  5.3883884E-02  0.2085074    
  5.4024030E-02  0.2073970    
  5.4164160E-02  0.2063235    
  5.4304305E-02  0.2052909    
  5.4444451E-02  0.2043263    
  5.4584581E-02  0.2034936    
  5.4724727E-02  0.2028156    
  5.4864857E-02  0.2022974    
  5.5005003E-02  0.2018851    
  5.5145144E-02  0.2014916    
  5.5285279E-02  0.2010181    
  5.5425424E-02  0.2003791    
  5.5565566E-02  0.1995481    
  5.5705700E-02  0.1985474    
  5.5845842E-02  0.1974466    
  5.5985987E-02  0.1963341    
  5.6126118E-02  0.1952741    
  5.6266263E-02  0.1942932    
  5.6406409E-02  0.1933667    
  5.6546539E-02  0.1924356    
  5.6686684E-02  0.1914360    
  5.6826830E-02  0.1903329    
  5.6966960E-02  0.1891325    
  5.7107106E-02  0.1878842    
  5.7247248E-02  0.1866620    
  5.7387382E-02  0.1855315    
  5.7527527E-02  0.1845244    
  5.7667669E-02  0.1836254    
  5.7807803E-02  0.1827786    
  5.7947945E-02  0.1819187    
  5.8088079E-02  0.1809787    
  5.8228221E-02  0.1799446    
  5.8368366E-02  0.1788371    
  5.8508497E-02  0.1777137    
  5.8648642E-02  0.1766396    
  5.8788788E-02  0.1756510    
  5.8928918E-02  0.1747514    
  5.9069064E-02  0.1738949    
  5.9209209E-02  0.1730249    
  5.9349339E-02  0.1720767    
  5.9489485E-02  0.1710223    
  5.9629630E-02  0.1698815    
  5.9769761E-02  0.1687066    
  5.9909906E-02  0.1675704    
  6.0050048E-02  0.1665488    
  6.0190182E-02  0.1656729    
  6.0330324E-02  0.1649544    
  6.0470484E-02  0.1643706    
  6.0610615E-02  0.1638822    
  6.0750760E-02  0.1634708    
  6.0890891E-02  0.1631328    
  6.1031036E-02  0.1628747    
  6.1171178E-02  0.1627154    
  6.1311312E-02  0.1626360    
  6.1451454E-02  0.1625889    
  6.1591599E-02  0.1624773    
  6.1731733E-02  0.1621985    
  6.1871875E-02  0.1616489    
  6.2012020E-02  0.1607847    
  6.2152151E-02  0.1596183    
  6.2292296E-02  0.1582418    
  6.2432442E-02  0.1567843    
  6.2572576E-02  0.1553833    
  6.2712714E-02  0.1541462    
  6.2852859E-02  0.1531112    
  6.2992990E-02  0.1522658    
  6.3133135E-02  0.1515300    
  6.3273281E-02  0.1508259    
  6.3413411E-02  0.1500846    
  6.3553557E-02  0.1492886    
  6.3693687E-02  0.1484604    
  6.3833833E-02  0.1476588    
  6.3973978E-02  0.1469393    
  6.4114109E-02  0.1463434    
  6.4254254E-02  0.1458678    
  6.4394400E-02  0.1454735    
  6.4534530E-02  0.1451043    
  6.4674675E-02  0.1447074    
  6.4814821E-02  0.1442489    
  6.4954951E-02  0.1437327    
  6.5095097E-02  0.1431785    
  6.5235242E-02  0.1426130    
  6.5375373E-02  0.1420514    
  6.5515518E-02  0.1414786    
  6.5655664E-02  0.1408653    
  6.5795794E-02  0.1401640    
  6.5935940E-02  0.1393470    
  6.6076085E-02  0.1384071    
  6.6216215E-02  0.1373713    
  6.6356361E-02  0.1362979    
  6.6496491E-02  0.1352481    
  6.6636637E-02  0.1342643    
  6.6776782E-02  0.1333710    
  6.6916913E-02  0.1325644    
  6.7057058E-02  0.1318201    
  6.7197196E-02  0.1311111    
  6.7337334E-02  0.1304374    
  6.7477472E-02  0.1298046    
  6.7617618E-02  0.1292478    
  6.7757756E-02  0.1287895    
  6.7897893E-02  0.1284287    
  6.8038039E-02  0.1281405    
  6.8178169E-02  0.1278652    
  6.8318315E-02  0.1275328    
  6.8458460E-02  0.1270894    
  6.8598591E-02  0.1265162    
  6.8738736E-02  0.1258412    
  6.8878882E-02  0.1251316    
  6.9019012E-02  0.1244671    
  6.9159158E-02  0.1239137    
  6.9299288E-02  0.1234926    
  6.9439434E-02  0.1231674    
  6.9579579E-02  0.1228684    
  6.9719709E-02  0.1225000    
  6.9859855E-02  0.1219942    
  7.0000000E-02  0.1213218    
