 -0.1000000      0.1563817    
 -9.9799804E-02  0.1569790    
 -9.9599607E-02  0.1575925    
 -9.9399403E-02  0.1582230    
 -9.9199206E-02  0.1588709    
 -9.8999001E-02  0.1595335    
 -9.8798804E-02  0.1602047    
 -9.8598607E-02  0.1608892    
 -9.8398402E-02  0.1615812    
 -9.8198205E-02  0.1622867    
 -9.7998008E-02  0.1630072    
 -9.7797804E-02  0.1637456    
 -9.7597606E-02  0.1645011    
 -9.7397402E-02  0.1652735    
 -9.7197205E-02  0.1660576    
 -9.6997000E-02  0.1668489    
 -9.6796796E-02  0.1676406    
 -9.6596599E-02  0.1684338    
 -9.6396402E-02  0.1692274    
 -9.6196197E-02  0.1700216    
 -9.5996000E-02  0.1708242    
 -9.5795795E-02  0.1716369    
 -9.5595598E-02  0.1724606    
 -9.5395401E-02  0.1732966    
 -9.5195197E-02  0.1741417    
 -9.4994999E-02  0.1749923    
 -9.4794795E-02  0.1758457    
 -9.4594598E-02  0.1767025    
 -9.4394401E-02  0.1775602    
 -9.4194196E-02  0.1784245    
 -9.3993999E-02  0.1792999    
 -9.3793802E-02  0.1801850    
 -9.3593597E-02  0.1810811    
 -9.3393400E-02  0.1819854    
 -9.3193196E-02  0.1828937    
 -9.2992999E-02  0.1838016    
 -9.2792802E-02  0.1847068    
 -9.2592597E-02  0.1856097    
 -9.2392400E-02  0.1865095    
 -9.2192195E-02  0.1874102    
 -9.1991998E-02  0.1883156    
 -9.1791801E-02  0.1892270    
 -9.1591589E-02  0.1901464    
 -9.1391392E-02  0.1910670    
 -9.1191195E-02  0.1919923    
 -9.0990990E-02  0.1929130    
 -9.0790793E-02  0.1938344    
 -9.0590589E-02  0.1947552    
 -9.0390392E-02  0.1956816    
 -9.0190195E-02  0.1966175    
 -8.9989990E-02  0.1975645    
 -8.9789793E-02  0.1985255    
 -8.9589596E-02  0.1994997    
 -8.9389391E-02  0.2004825    
 -8.9189194E-02  0.2014712    
 -8.8988990E-02  0.2024596    
 -8.8788792E-02  0.2034483    
 -8.8588595E-02  0.2044366    
 -8.8388391E-02  0.2054262    
 -8.8188194E-02  0.2064179    
 -8.7987989E-02  0.2074127    
 -8.7787792E-02  0.2084086    
 -8.7587595E-02  0.2093998    
 -8.7387390E-02  0.2103820    
 -8.7187193E-02  0.2113533    
 -8.6986996E-02  0.2123063    
 -8.6786792E-02  0.2132418    
 -8.6586587E-02  0.2141671    
 -8.6386390E-02  0.2150796    
 -8.6186193E-02  0.2159898    
 -8.5985996E-02  0.2168944    
 -8.5785784E-02  0.2177947    
 -8.5585594E-02  0.2186953    
 -8.5385390E-02  0.2195884    
 -8.5185193E-02  0.2204774    
 -8.4984988E-02  0.2213611    
 -8.4784783E-02  0.2222472    
 -8.4584586E-02  0.2231453    
 -8.4384389E-02  0.2240593    
 -8.4184185E-02  0.2249976    
 -8.3983988E-02  0.2259629    
 -8.3783783E-02  0.2269548    
 -8.3583586E-02  0.2279731    
 -8.3383389E-02  0.2290130    
 -8.3183184E-02  0.2300737    
 -8.2982987E-02  0.2311521    
 -8.2782790E-02  0.2322553    
 -8.2582586E-02  0.2333794    
 -8.2382388E-02  0.2345332    
 -8.2182184E-02  0.2357157    
 -8.1981987E-02  0.2369251    
 -8.1781790E-02  0.2381592    
 -8.1581585E-02  0.2394168    
 -8.1381388E-02  0.2406919    
 -8.1181183E-02  0.2419856    
 -8.0980986E-02  0.2433002    
 -8.0780789E-02  0.2446411    
 -8.0580585E-02  0.2460154    
 -8.0380380E-02  0.2474278    
 -8.0180183E-02  0.2488738    
 -7.9979979E-02  0.2503577    
 -7.9779789E-02  0.2518709    
 -7.9579577E-02  0.2534072    
 -7.9379380E-02  0.2549575    
 -7.9179183E-02  0.2565168    
 -7.8978978E-02  0.2580852    
 -7.8778781E-02  0.2596593    
 -7.8578584E-02  0.2612398    
 -7.8378379E-02  0.2628252    
 -7.8178182E-02  0.2644154    
 -7.7977978E-02  0.2660075    
 -7.7777781E-02  0.2675955    
 -7.7577583E-02  0.2691784    
 -7.7377379E-02  0.2707510    
 -7.7177182E-02  0.2723192    
 -7.6976977E-02  0.2738834    
 -7.6776780E-02  0.2754511    
 -7.6576583E-02  0.2770299    
 -7.6376379E-02  0.2786183    
 -7.6176181E-02  0.2802266    
 -7.5975977E-02  0.2818460    
 -7.5775780E-02  0.2834764    
 -7.5575583E-02  0.2851166    
 -7.5375371E-02  0.2867660    
 -7.5175181E-02  0.2884232    
 -7.4974984E-02  0.2900932    
 -7.4774779E-02  0.2917786    
 -7.4574575E-02  0.2934784    
 -7.4374378E-02  0.2951949    
 -7.4174173E-02  0.2969231    
 -7.3973976E-02  0.2986524    
 -7.3773772E-02  0.3003832    
 -7.3573582E-02  0.3021103    
 -7.3373377E-02  0.3038330    
 -7.3173173E-02  0.3055584    
 -7.2972976E-02  0.3072939    
 -7.2772779E-02  0.3090435    
 -7.2572574E-02  0.3108219    
 -7.2372384E-02  0.3126289    
 -7.2172172E-02  0.3144711    
 -7.1971975E-02  0.3163433    
 -7.1771778E-02  0.3182524    
 -7.1571574E-02  0.3201984    
 -7.1371377E-02  0.3221832    
 -7.1171172E-02  0.3242084    
 -7.0970975E-02  0.3262815    
 -7.0770770E-02  0.3284000    
 -7.0570573E-02  0.3305639    
 -7.0370376E-02  0.3327676    
 -7.0170172E-02  0.3350001    
 -6.9969974E-02  0.3372568    
 -6.9769777E-02  0.3395291    
 -6.9569565E-02  0.3418123    
 -6.9369376E-02  0.3441054    
 -6.9169171E-02  0.3464089    
 -6.8968974E-02  0.3487254    
 -6.8768770E-02  0.3510560    
 -6.8568572E-02  0.3533960    
 -6.8368368E-02  0.3557408    
 -6.8168171E-02  0.3580831    
 -6.7967966E-02  0.3604195    
 -6.7767777E-02  0.3627445    
 -6.7567572E-02  0.3650587    
 -6.7367375E-02  0.3673665    
 -6.7167170E-02  0.3696754    
 -6.6966973E-02  0.3719929    
 -6.6766769E-02  0.3743225    
 -6.6566572E-02  0.3766690    
 -6.6366367E-02  0.3790323    
 -6.6166170E-02  0.3814106    
 -6.5965965E-02  0.3838058    
 -6.5765768E-02  0.3862199    
 -6.5565571E-02  0.3886611    
 -6.5365367E-02  0.3911361    
 -6.5165170E-02  0.3936525    
 -6.4964965E-02  0.3962184    
 -6.4764768E-02  0.3988346    
 -6.4564571E-02  0.4014973    
 -6.4364366E-02  0.4042014    
 -6.4164162E-02  0.4069400    
 -6.3963972E-02  0.4097098    
 -6.3763760E-02  0.4125019    
 -6.3563570E-02  0.4153232    
 -6.3363366E-02  0.4181711    
 -6.3163169E-02  0.4210512    
 -6.2962972E-02  0.4239694    
 -6.2762767E-02  0.4269251    
 -6.2562563E-02  0.4299126    
 -6.2362369E-02  0.4329298    
 -6.2162161E-02  0.4359733    
 -6.1961967E-02  0.4390415    
 -6.1761763E-02  0.4421354    
 -6.1561570E-02  0.4452593    
 -6.1361361E-02  0.4484198    
 -6.1161164E-02  0.4516186    
 -6.0960963E-02  0.4548628    
 -6.0760763E-02  0.4581452    
 -6.0560562E-02  0.4614635    
 -6.0360368E-02  0.4648153    
 -6.0160164E-02  0.4681869    
 -5.9959963E-02  0.4715837    
 -5.9759762E-02  0.4750040    
 -5.9559561E-02  0.4784510    
 -5.9359364E-02  0.4819244    
 -5.9159163E-02  0.4854323    
 -5.8958963E-02  0.4889666    
 -5.8758758E-02  0.4925251    
 -5.8558561E-02  0.4961002    
 -5.8358356E-02  0.4996847    
 -5.8158163E-02  0.5032726    
 -5.7957955E-02  0.5068603    
 -5.7757761E-02  0.5104522    
 -5.7557564E-02  0.5140533    
 -5.7357363E-02  0.5176628    
 -5.7157155E-02  0.5212836    
 -5.6956962E-02  0.5249166    
 -5.6756757E-02  0.5285552    
 -5.6556564E-02  0.5321840    
 -5.6356356E-02  0.5358018    
 -5.6156155E-02  0.5394030    
 -5.5955958E-02  0.5429876    
 -5.5755757E-02  0.5465603    
 -5.5555556E-02  0.5501281    
 -5.5355355E-02  0.5537032    
 -5.5155158E-02  0.5572882    
 -5.4954965E-02  0.5608945    
 -5.4754756E-02  0.5645236    
 -5.4554556E-02  0.5681804    
 -5.4354358E-02  0.5718789    
 -5.4154158E-02  0.5756258    
 -5.3953957E-02  0.5794402    
 -5.3753756E-02  0.5833394    
 -5.3553555E-02  0.5873429    
 -5.3353351E-02  0.5914617    
 -5.3153157E-02  0.5957050    
 -5.2952953E-02  0.6000746    
 -5.2752752E-02  0.6045650    
 -5.2552558E-02  0.6091763    
 -5.2352358E-02  0.6139052    
 -5.2152157E-02  0.6187457    
 -5.1951952E-02  0.6237044    
 -5.1751755E-02  0.6287819    
 -5.1551554E-02  0.6339738    
 -5.1351354E-02  0.6392810    
 -5.1151153E-02  0.6446934    
 -5.0950952E-02  0.6501994    
 -5.0750751E-02  0.6557811    
 -5.0550550E-02  0.6614302    
 -5.0350349E-02  0.6671329    
 -5.0150152E-02  0.6728881    
 -4.9949955E-02  0.6786950    
 -4.9749754E-02  0.6845483    
 -4.9549554E-02  0.6904621    
 -4.9349349E-02  0.6964208    
 -4.9149152E-02  0.7024283    
 -4.8948951E-02  0.7084764    
 -4.8748750E-02  0.7145615    
 -4.8548549E-02  0.7206820    
 -4.8348352E-02  0.7268464    
 -4.8148151E-02  0.7330601    
 -4.7947947E-02  0.7393436    
 -4.7747746E-02  0.7457061    
 -4.7547549E-02  0.7521621    
 -4.7347352E-02  0.7587178    
 -4.7147151E-02  0.7653698    
 -4.6946950E-02  0.7721299    
 -4.6746749E-02  0.7789894    
 -4.6546545E-02  0.7859482    
 -4.6346344E-02  0.7930154    
 -4.6146151E-02  0.8001987    
 -4.5945950E-02  0.8075106    
 -4.5745749E-02  0.8149561    
 -4.5545552E-02  0.8225352    
 -4.5345344E-02  0.8302463    
 -4.5145150E-02  0.8380752    
 -4.4944946E-02  0.8460064    
 -4.4744752E-02  0.8540322    
 -4.4544544E-02  0.8621441    
 -4.4344343E-02  0.8703369    
 -4.4144146E-02  0.8786159    
 -4.3943945E-02  0.8869838    
 -4.3743752E-02  0.8954521    
 -4.3543544E-02  0.9040247    
 -4.3343343E-02  0.9127021    
 -4.3143146E-02  0.9214859    
 -4.2942945E-02  0.9303809    
 -4.2742744E-02  0.9393961    
 -4.2542543E-02  0.9485385    
 -4.2342346E-02  0.9578260    
 -4.2142145E-02  0.9672778    
 -4.1941937E-02  0.9769121    
 -4.1741744E-02  0.9867305    
 -4.1541539E-02  0.9967431    
 -4.1341346E-02   1.006943    
 -4.1141145E-02   1.017324    
 -4.0940944E-02   1.027880    
 -4.0740743E-02   1.038599    
 -4.0540539E-02   1.049489    
 -4.0340345E-02   1.060551    
 -4.0140137E-02   1.071792    
 -3.9939944E-02   1.083216    
 -3.9739739E-02   1.094830    
 -3.9539546E-02   1.106633    
 -3.9339337E-02   1.118623    
 -3.9139140E-02   1.130798    
 -3.8938940E-02   1.143160    
 -3.8738739E-02   1.155713    
 -3.8538545E-02   1.168472    
 -3.8338337E-02   1.181454    
 -3.8138144E-02   1.194668    
 -3.7937939E-02   1.208124    
 -3.7737738E-02   1.221827    
 -3.7537538E-02   1.235771    
 -3.7337340E-02   1.249952    
 -3.7137140E-02   1.264359    
 -3.6936939E-02   1.279000    
 -3.6736738E-02   1.293865    
 -3.6536537E-02   1.308966    
 -3.6336333E-02   1.324316    
 -3.6136139E-02   1.339920    
 -3.5935938E-02   1.355792    
 -3.5735738E-02   1.371919    
 -3.5535540E-02   1.388303    
 -3.5335340E-02   1.404934    
 -3.5135139E-02   1.421803    
 -3.4934934E-02   1.438911    
 -3.4734737E-02   1.456278    
 -3.4534533E-02   1.473910    
 -3.4334339E-02   1.491825    
 -3.4134131E-02   1.510053    
 -3.3933938E-02   1.528605    
 -3.3733733E-02   1.547500    
 -3.3533532E-02   1.566744    
 -3.3333339E-02   1.586353    
 -3.3133134E-02   1.606341    
 -3.2932941E-02   1.626737    
 -3.2732733E-02   1.647561    
 -3.2532532E-02   1.668851    
 -3.2332331E-02   1.690623    
 -3.2132134E-02   1.712900    
 -3.1931933E-02   1.735683    
 -3.1731732E-02   1.758976    
 -3.1531531E-02   1.782762    
 -3.1331334E-02   1.807030    
 -3.1131126E-02   1.831768    
 -3.0930933E-02   1.856984    
 -3.0730734E-02   1.882671    
 -3.0530533E-02   1.908854    
 -3.0330332E-02   1.935539    
 -3.0130133E-02   1.962739    
 -2.9929932E-02   1.990475    
 -2.9729726E-02   2.018744    
 -2.9529532E-02   2.047568    
 -2.9329326E-02   2.076963    
 -2.9129133E-02   2.106962    
 -2.8928926E-02   2.137614    
 -2.8728733E-02   2.168953    
 -2.8528526E-02   2.201028    
 -2.8328327E-02   2.233884    
 -2.8128132E-02   2.267552    
 -2.7927926E-02   2.302062    
 -2.7727732E-02   2.337419    
 -2.7527526E-02   2.373639    
 -2.7327333E-02   2.410733    
 -2.7127126E-02   2.448723    
 -2.6926927E-02   2.487626    
 -2.6726726E-02   2.527460    
 -2.6526527E-02   2.568245    
 -2.6326327E-02   2.610000    
 -2.6126128E-02   2.652728    
 -2.5925932E-02   2.696452    
 -2.5725726E-02   2.741170    
 -2.5525527E-02   2.786904    
 -2.5325326E-02   2.833690    
 -2.5125127E-02   2.881568    
 -2.4924926E-02   2.930593    
 -2.4724727E-02   2.980822    
 -2.4524527E-02   3.032315    
 -2.4324328E-02   3.085092    
 -2.4124121E-02   3.139207    
 -2.3923926E-02   3.194653    
 -2.3723722E-02   3.251454    
 -2.3523526E-02   3.309614    
 -2.3323327E-02   3.369173    
 -2.3123126E-02   3.430147    
 -2.2922928E-02   3.492582    
 -2.2722721E-02   3.556527    
 -2.2522528E-02   3.622013    
 -2.2322321E-02   3.689088    
 -2.2122128E-02   3.757780    
 -2.1921922E-02   3.828122    
 -2.1721721E-02   3.900154    
 -2.1521520E-02   3.973911    
 -2.1321321E-02   4.049456    
 -2.1121120E-02   4.126868    
 -2.0920921E-02   4.206206    
 -2.0720728E-02   4.287556    
 -2.0520521E-02   4.370998    
 -2.0320321E-02   4.456595    
 -2.0120122E-02   4.544413    
 -1.9919921E-02   4.634509    
 -1.9719722E-02   4.726983    
 -1.9519521E-02   4.821901    
 -1.9319320E-02   4.919391    
 -1.9119121E-02   5.019559    
 -1.8918915E-02   5.122541    
 -1.8718721E-02   5.228460    
 -1.8518515E-02   5.337451    
 -1.8318322E-02   5.449585    
 -1.8118121E-02   5.565001    
 -1.7917922E-02   5.683796    
 -1.7717721E-02   5.806072    
 -1.7517515E-02   5.931959    
 -1.7317321E-02   6.061588    
 -1.7117115E-02   6.195121    
 -1.6916921E-02   6.332721    
 -1.6716715E-02   6.474538    
 -1.6516522E-02   6.620728    
 -1.6316315E-02   6.771454    
 -1.6116114E-02   6.926890    
 -1.5915915E-02   7.087211    
 -1.5715715E-02   7.252639    
 -1.5515521E-02   7.423427    
 -1.5315315E-02   7.599872    
 -1.5115121E-02   7.782205    
 -1.4914915E-02   7.970822    
 -1.4714715E-02   8.165979    
 -1.4514515E-02   8.367974    
 -1.4314315E-02   8.577123    
 -1.4114115E-02   8.793730    
 -1.3913915E-02   9.018092    
 -1.3713715E-02   9.250542    
 -1.3513515E-02   9.491427    
 -1.3313308E-02   9.741117    
 -1.3113115E-02   9.999913    
 -1.2912915E-02   10.26827    
 -1.2712715E-02   10.54649    
 -1.2512515E-02   10.83492    
 -1.2312309E-02   11.13395    
 -1.2112116E-02   11.44390    
 -1.1911909E-02   11.76519    
 -1.1711715E-02   12.09820    
 -1.1511508E-02   12.44343    
 -1.1311315E-02   12.80120    
 -1.1111109E-02   13.17212    
 -1.0910909E-02   13.55653    
 -1.0710709E-02   13.95490    
 -1.0510509E-02   14.36765    
 -1.0310316E-02   14.79525    
 -1.0110109E-02   15.23813    
 -9.9099148E-03   15.69678    
 -9.7097093E-03   16.17171    
 -9.5095085E-03   16.66344    
 -9.3093086E-03   17.17246    
 -9.1091087E-03   17.69929    
 -8.9089088E-03   18.24439    
 -8.7087089E-03   18.80815    
 -8.5085090E-03   19.39096    
 -8.3083091E-03   19.99317    
 -8.1081027E-03   20.61508    
 -7.9079093E-03   21.25701    
 -7.7077090E-03   21.91919    
 -7.5075091E-03   22.60185    
 -7.3073092E-03   23.30509    
 -7.1071088E-03   24.02895    
 -6.9069089E-03   24.77326    
 -6.7067025E-03   25.53791    
 -6.5065091E-03   26.32239    
 -6.3063027E-03   27.12633    
 -6.1061089E-03   27.94907    
 -5.9059029E-03   28.79000    
 -5.7057091E-03   29.64821    
 -5.5055027E-03   30.52271    
 -5.3053028E-03   31.41221    
 -5.1051090E-03   32.31499    
 -4.9049030E-03   33.22929    
 -4.7047092E-03   34.15252    
 -4.5045028E-03   35.08204    
 -4.3043094E-03   36.01443    
 -4.1041030E-03   36.94602    
 -3.9039028E-03   37.87246    
 -3.7037029E-03   38.78899    
 -3.5035030E-03   39.68997    
 -3.3033029E-03   40.56958    
 -3.1031030E-03   41.42131    
 -2.9029094E-03   42.23825    
 -2.7027030E-03   43.01391    
 -2.5025031E-03   43.74178    
 -2.3023030E-03   44.41629    
 -2.1021031E-03   45.03295    
 -1.9019031E-03   45.58868    
 -1.7017031E-03   46.08178    
 -1.5014968E-03   46.51202    
 -1.3013030E-03   46.88047    
 -1.1010967E-03   47.18913    
 -9.0090313E-04   47.44058    
 -7.0069678E-04   47.63763    
 -5.0050311E-04   47.78276    
 -3.0030316E-04   47.87819    
 -1.0009683E-04   47.92442    
  1.0009683E-04   47.92442    
  3.0030316E-04   47.87819    
  5.0049683E-04   47.78279    
  7.0070312E-04   47.63763    
  9.0089679E-04   47.44059    
  1.1011031E-03   47.18912    
  1.3013030E-03   46.88047    
  1.5015031E-03   46.51199    
  1.7017031E-03   46.08178    
  1.9019031E-03   45.58868    
  2.1021031E-03   45.03295    
  2.3022967E-03   44.41634    
  2.5025031E-03   43.74178    
  2.7027030E-03   43.01391    
  2.9029029E-03   42.23830    
  3.1031030E-03   41.42130    
  3.3033029E-03   40.56958    
  3.5035030E-03   39.68996    
  3.7037029E-03   38.78900    
  3.9039028E-03   37.87246    
  4.1041090E-03   36.94599    
  4.3043029E-03   36.01447    
  4.5045093E-03   35.08198    
  4.7047026E-03   34.15255    
  4.9049030E-03   33.22930    
  5.1051029E-03   32.31503    
  5.3053028E-03   31.41221    
  5.5055092E-03   30.52270    
  5.7057026E-03   29.64824    
  5.9059090E-03   28.78996    
  6.1061028E-03   27.94912    
  6.3063093E-03   27.12629    
  6.5065026E-03   26.32241    
  6.7067090E-03   25.53790    
  6.9069155E-03   24.77323    
  7.1071088E-03   24.02895    
  7.3073152E-03   23.30507    
  7.5075091E-03   22.60185    
  7.7077025E-03   21.91921    
  7.9079093E-03   21.25701    
  8.1081027E-03   20.61508    
  8.3083091E-03   19.99317    
  8.5085025E-03   19.39098    
  8.7087089E-03   18.80815    
  8.9089023E-03   18.24440    
  9.1091087E-03   17.69929    
  9.3093151E-03   17.17244    
  9.5095215E-03   16.66341    
  9.7097028E-03   16.17173    
  9.9099092E-03   15.69679    
  1.0110116E-02   15.23811    
  1.0310309E-02   14.79525    
  1.0510502E-02   14.36768    
  1.0710709E-02   13.95490    
  1.0910915E-02   13.55651    
  1.1111109E-02   13.17212    
  1.1311315E-02   12.80120    
  1.1511508E-02   12.44343    
  1.1711715E-02   12.09820    
  1.1911909E-02   11.76519    
  1.2112116E-02   11.44390    
  1.2312321E-02   11.13393    
  1.2512502E-02   10.83494    
  1.2712709E-02   10.54650    
  1.2912915E-02   10.26827    
  1.3113122E-02   9.999910    
  1.3313315E-02   9.741107    
  1.3513508E-02   9.491426    
  1.3713715E-02   9.250542    
  1.3913921E-02   9.018095    
  1.4114115E-02   8.793730    
  1.4314309E-02   8.577131    
  1.4514515E-02   8.367974    
  1.4714722E-02   8.165965    
  1.4914915E-02   7.970822    
  1.5115121E-02   7.782207    
  1.5315315E-02   7.599873    
  1.5515508E-02   7.423445    
  1.5715715E-02   7.252638    
  1.5915921E-02   7.087211    
  1.6116127E-02   6.926875    
  1.6316308E-02   6.771454    
  1.6516514E-02   6.620731    
  1.6716721E-02   6.474535    
  1.6916927E-02   6.332719    
  1.7117109E-02   6.195125    
  1.7317316E-02   6.061601    
  1.7517520E-02   5.931959    
  1.7717715E-02   5.806077    
  1.7917922E-02   5.683795    
  1.8118115E-02   5.565003    
  1.8318322E-02   5.449585    
  1.8518515E-02   5.337451    
  1.8718721E-02   5.228460    
  1.8918928E-02   5.122536    
  1.9119121E-02   5.019559    
  1.9319315E-02   4.919386    
  1.9519521E-02   4.821901    
  1.9719727E-02   4.726977    
  1.9919921E-02   4.634509    
  2.0120114E-02   4.544415    
  2.0320321E-02   4.456594    
  2.0520527E-02   4.371000    
  2.0720720E-02   4.287558    
  2.0920914E-02   4.206212    
  2.1121120E-02   4.126868    
  2.1321326E-02   4.049460    
  2.1521520E-02   3.973911    
  2.1721726E-02   3.900152    
  2.1921922E-02   3.828122    
  2.2122128E-02   3.757780    
  2.2322321E-02   3.689089    
  2.2522528E-02   3.622012    
  2.2722721E-02   3.556527    
  2.2922914E-02   3.492581    
  2.3123121E-02   3.430148    
  2.3323327E-02   3.369173    
  2.3523534E-02   3.309617    
  2.3723714E-02   3.251454    
  2.3923920E-02   3.194653    
  2.4124127E-02   3.139204    
  2.4324333E-02   3.085095    
  2.4524527E-02   3.032315    
  2.4724720E-02   2.980828    
  2.4924926E-02   2.930594    
  2.5125133E-02   2.881570    
  2.5325326E-02   2.833691    
  2.5525533E-02   2.786905    
  2.5725726E-02   2.741170    
  2.5925921E-02   2.696454    
  2.6126128E-02   2.652728    
  2.6326332E-02   2.610000    
  2.6526527E-02   2.568245    
  2.6726721E-02   2.527462    
  2.6926927E-02   2.487626    
  2.7127134E-02   2.448722    
  2.7327340E-02   2.410732    
  2.7527520E-02   2.373642    
  2.7727727E-02   2.337417    
  2.7927933E-02   2.302059    
  2.8128127E-02   2.267554    
  2.8328333E-02   2.233883    
  2.8528526E-02   2.201028    
  2.8728733E-02   2.168952    
  2.8928926E-02   2.137613    
  2.9129133E-02   2.106962    
  2.9329326E-02   2.076963    
  2.9529532E-02   2.047568    
  2.9729726E-02   2.018744    
  2.9929932E-02   1.990475    
  3.0130139E-02   1.962739    
  3.0330321E-02   1.935538    
  3.0530527E-02   1.908856    
  3.0730734E-02   1.882671    
  3.0930940E-02   1.856978    
  3.1131133E-02   1.831768    
  3.1331327E-02   1.807031    
  3.1531531E-02   1.782763    
  3.1731740E-02   1.758977    
  3.1931933E-02   1.735684    
  3.2132126E-02   1.712901    
  3.2332331E-02   1.690623    
  3.2532539E-02   1.668850    
  3.2732733E-02   1.647561    
  3.2932941E-02   1.626737    
  3.3133134E-02   1.606341    
  3.3333328E-02   1.586353    
  3.3533532E-02   1.566744    
  3.3733740E-02   1.547498    
  3.3933945E-02   1.528604    
  3.4134127E-02   1.510055    
  3.4334332E-02   1.491828    
  3.4534540E-02   1.473907    
  3.4734745E-02   1.456279    
  3.4934938E-02   1.438914    
  3.5135131E-02   1.421804    
  3.5335340E-02   1.404934    
  3.5535533E-02   1.388305    
  3.5735738E-02   1.371918    
  3.5935931E-02   1.355794    
  3.6136139E-02   1.339920    
  3.6336333E-02   1.324316    
  3.6536537E-02   1.308967    
  3.6736745E-02   1.293862    
  3.6936939E-02   1.279000    
  3.7137132E-02   1.264362    
  3.7337340E-02   1.249952    
  3.7537545E-02   1.235772    
  3.7737753E-02   1.221826    
  3.7937932E-02   1.208125    
  3.8138140E-02   1.194666    
  3.8338345E-02   1.181454    
  3.8538538E-02   1.168475    
  3.8738731E-02   1.155712    
  3.8938940E-02   1.143160    
  3.9139144E-02   1.130797    
  3.9339337E-02   1.118623    
  3.9539546E-02   1.106633    
  3.9739739E-02   1.094830    
  3.9939944E-02   1.083216    
  4.0140137E-02   1.071792    
  4.0340345E-02   1.060551    
  4.0540550E-02   1.049489    
  4.0740732E-02   1.038601    
  4.0940940E-02   1.027877    
  4.1141145E-02   1.017325    
  4.1341349E-02   1.006944    
  4.1541532E-02  0.9967454    
  4.1741740E-02  0.9867319    
  4.1941945E-02  0.9769122    
  4.2142153E-02  0.9672790    
  4.2342346E-02  0.9578264    
  4.2542540E-02  0.9485402    
  4.2742744E-02  0.9393962    
  4.2942952E-02  0.9303817    
  4.3143146E-02  0.9214861    
  4.3343350E-02  0.9127002    
  4.3543544E-02  0.9040248    
  4.3743737E-02  0.8954535    
  4.3943945E-02  0.8869838    
  4.4144150E-02  0.8786136    
  4.4344358E-02  0.8703355    
  4.4544537E-02  0.8621421    
  4.4744745E-02  0.8540322    
  4.4944949E-02  0.8460056    
  4.5145158E-02  0.8380718    
  4.5345340E-02  0.8302454    
  4.5545544E-02  0.8225371    
  4.5745749E-02  0.8149562    
  4.5945946E-02  0.8075100    
  4.6146151E-02  0.8001989    
  4.6346344E-02  0.7930155    
  4.6546552E-02  0.7859474    
  4.6746746E-02  0.7789890    
  4.6946950E-02  0.7721305    
  4.7147159E-02  0.7653726    
  4.7347352E-02  0.7587178    
  4.7547545E-02  0.7521623    
  4.7747750E-02  0.7457079    
  4.7947958E-02  0.7393416    
  4.8148137E-02  0.7330602    
  4.8348345E-02  0.7268442    
  4.8548549E-02  0.7206818    
  4.8748758E-02  0.7145605    
  4.8948951E-02  0.7084762    
  4.9149144E-02  0.7024285    
  4.9349349E-02  0.6964207    
  4.9549557E-02  0.6904616    
  4.9749751E-02  0.6845518    
  4.9949955E-02  0.6786944    
  5.0150152E-02  0.6728874    
  5.0350357E-02  0.6671340    
  5.0550550E-02  0.6614302    
  5.0750758E-02  0.6557828    
  5.0950952E-02  0.6501987    
  5.1151145E-02  0.6446925    
  5.1351350E-02  0.6392811    
  5.1551558E-02  0.6339747    
  5.1751763E-02  0.6287809    
  5.1951945E-02  0.6237035    
  5.2152149E-02  0.6187469    
  5.2352358E-02  0.6139053    
  5.2552562E-02  0.6091755    
  5.2752756E-02  0.6045645    
  5.2952949E-02  0.6000735    
  5.3153157E-02  0.5957049    
  5.3353351E-02  0.5914612    
  5.3553555E-02  0.5873429    
  5.3753749E-02  0.5833408    
  5.3953957E-02  0.5794402    
  5.4154150E-02  0.5756255    
  5.4354358E-02  0.5718789    
  5.4554563E-02  0.5681805    
  5.4754756E-02  0.5645238    
  5.4954950E-02  0.5608941    
  5.5155158E-02  0.5572883    
  5.5355363E-02  0.5537023    
  5.5555571E-02  0.5501289    
  5.5755749E-02  0.5465603    
  5.5955958E-02  0.5429876    
  5.6156162E-02  0.5394020    
  5.6356356E-02  0.5358019    
  5.6556564E-02  0.5321841    
  5.6756757E-02  0.5285550    
  5.6956962E-02  0.5249167    
  5.7157155E-02  0.5212840    
  5.7357363E-02  0.5176628    
  5.7557557E-02  0.5140530    
  5.7757761E-02  0.5104523    
  5.7957955E-02  0.5068603    
  5.8158163E-02  0.5032726    
  5.8358368E-02  0.4996837    
  5.8558550E-02  0.4961014    
  5.8758758E-02  0.4925251    
  5.8958963E-02  0.4889665    
  5.9159171E-02  0.4854308    
  5.9359364E-02  0.4819239    
  5.9559558E-02  0.4784499    
  5.9759762E-02  0.4750036    
  5.9959970E-02  0.4715844    
  6.0160164E-02  0.4681869    
  6.0360357E-02  0.4648131    
  6.0560562E-02  0.4614635    
  6.0760770E-02  0.4581446    
  6.0960963E-02  0.4548627    
  6.1161168E-02  0.4516190    
  6.1361361E-02  0.4484198    
  6.1561555E-02  0.4452608    
  6.1761763E-02  0.4421353    
  6.1961967E-02  0.4390415    
  6.2162176E-02  0.4359731    
  6.2362358E-02  0.4329307    
  6.2562563E-02  0.4299124    
  6.2762767E-02  0.4269250    
  6.2962972E-02  0.4239706    
  6.3163154E-02  0.4210505    
  6.3363366E-02  0.4181710    
  6.3563570E-02  0.4153232    
  6.3763760E-02  0.4125021    
  6.3963972E-02  0.4097098    
  6.4164162E-02  0.4069400    
  6.4364366E-02  0.4042011    
  6.4564563E-02  0.4014973    
  6.4764768E-02  0.3988345    
  6.4964972E-02  0.3962174    
  6.5165170E-02  0.3936524    
  6.5365359E-02  0.3911357    
  6.5565571E-02  0.3886616    
  6.5765776E-02  0.3862190    
  6.5965980E-02  0.3838050    
  6.6166162E-02  0.3814110    
  6.6366367E-02  0.3790323    
  6.6566572E-02  0.3766694    
  6.6766769E-02  0.3743227    
  6.6966966E-02  0.3719925    
  6.7167170E-02  0.3696752    
  6.7367375E-02  0.3673665    
  6.7567572E-02  0.3650587    
  6.7767777E-02  0.3627445    
  6.7967966E-02  0.3604194    
  6.8168178E-02  0.3580846    
  6.8368368E-02  0.3557408    
  6.8568572E-02  0.3533960    
  6.8768784E-02  0.3510562    
  6.8968959E-02  0.3487274    
  6.9169171E-02  0.3464091    
  6.9369376E-02  0.3441055    
  6.9569580E-02  0.3418127    
  6.9769762E-02  0.3395291    
  6.9969967E-02  0.3372577    
  7.0170172E-02  0.3350002    
  7.0370384E-02  0.3327671    
  7.0570573E-02  0.3305640    
  7.0770770E-02  0.3284002    
  7.0970975E-02  0.3262816    
  7.1171165E-02  0.3242081    
  7.1371377E-02  0.3221834    
  7.1571581E-02  0.3201981    
  7.1771778E-02  0.3182522    
  7.1971968E-02  0.3163452    
  7.2172172E-02  0.3144710    
  7.2372384E-02  0.3126287    
  7.2572574E-02  0.3108218    
  7.2772771E-02  0.3090455    
  7.2972976E-02  0.3072937    
  7.3173180E-02  0.3055592    
  7.3373385E-02  0.3038324    
  7.3573567E-02  0.3021097    
  7.3773772E-02  0.3003832    
  7.3973984E-02  0.2986510    
  7.4174173E-02  0.2969229    
  7.4374378E-02  0.2951949    
  7.4574575E-02  0.2934786    
  7.4774779E-02  0.2917787    
  7.4974976E-02  0.2900933    
  7.5175181E-02  0.2884230    
  7.5375386E-02  0.2867645    
  7.5575583E-02  0.2851165    
  7.5775772E-02  0.2834765    
  7.5975977E-02  0.2818459    
  7.6176189E-02  0.2802276    
  7.6376371E-02  0.2786205    
  7.6576576E-02  0.2770297    
  7.6776780E-02  0.2754513    
  7.6976985E-02  0.2738838    
  7.7177182E-02  0.2723193    
  7.7377371E-02  0.2707520    
  7.7577583E-02  0.2691785    
  7.7777788E-02  0.2675952    
  7.7977978E-02  0.2660075    
  7.8178190E-02  0.2644162    
  7.8378379E-02  0.2628250    
  7.8578584E-02  0.2612382    
  7.8778781E-02  0.2596592    
  7.8978986E-02  0.2580852    
  7.9179183E-02  0.2565168    
  7.9379372E-02  0.2549574    
  7.9579577E-02  0.2534072    
  7.9779789E-02  0.2518708    
  7.9979993E-02  0.2503574    
  8.0180176E-02  0.2488752    
  8.0380380E-02  0.2474276    
  8.0580585E-02  0.2460155    
  8.0780789E-02  0.2446423    
  8.0980986E-02  0.2433001    
  8.1181183E-02  0.2419848    
  8.1381388E-02  0.2406918    
  8.1581578E-02  0.2394168    
  8.1781790E-02  0.2381593    
  8.1981979E-02  0.2369246    
  8.2182184E-02  0.2357157    
  8.2382381E-02  0.2345331    
  8.2582586E-02  0.2333794    
  8.2782790E-02  0.2322543    
  8.2982987E-02  0.2311521    
  8.3183177E-02  0.2300740    
  8.3383389E-02  0.2290129    
  8.3583593E-02  0.2279729    
  8.3783798E-02  0.2269554    
  8.3983980E-02  0.2259619    
  8.4184185E-02  0.2249977    
  8.4384389E-02  0.2240586    
  8.4584586E-02  0.2231454    
  8.4784791E-02  0.2222491    
  8.4984988E-02  0.2213613    
  8.5185193E-02  0.2204774    
  8.5385390E-02  0.2195885    
  8.5585594E-02  0.2186956    
  8.5785784E-02  0.2177950    
  8.5985996E-02  0.2168944    
  8.6186185E-02  0.2159896    
  8.6386390E-02  0.2150797    
  8.6586602E-02  0.2141662    
  8.6786777E-02  0.2132428    
  8.6986989E-02  0.2123049    
  8.7187193E-02  0.2113534    
  8.7387398E-02  0.2103826    
  8.7587595E-02  0.2093999    
  8.7787785E-02  0.2084088    
  8.7987989E-02  0.2074127    
  8.8188201E-02  0.2064182    
  8.8388391E-02  0.2054262    
  8.8588588E-02  0.2044374    
  8.8788792E-02  0.2034483    
  8.8988997E-02  0.2024586    
  8.9189194E-02  0.2014712    
  8.9389399E-02  0.2004823    
  8.9589596E-02  0.1994996    
  8.9789785E-02  0.1985265    
  8.9989990E-02  0.1975644    
  9.0190202E-02  0.1966169    
  9.0390407E-02  0.1956823    
  9.0590589E-02  0.1947557    
  9.0790793E-02  0.1938344    
  9.0990998E-02  0.1929133    
  9.1191202E-02  0.1919905    
  9.1391385E-02  0.1910677    
  9.1591589E-02  0.1901464    
  9.1791801E-02  0.1892271    
  9.1991991E-02  0.1883151    
  9.2192195E-02  0.1874102    
  9.2392392E-02  0.1865090    
  9.2592597E-02  0.1856097    
  9.2792794E-02  0.1847066    
  9.2992999E-02  0.1838016    
  9.3193203E-02  0.1828934    
  9.3393400E-02  0.1819853    
  9.3593590E-02  0.1810820    
  9.3793802E-02  0.1801850    
  9.3994007E-02  0.1792985    
  9.4194189E-02  0.1784253    
  9.4394393E-02  0.1775616    
  9.4594598E-02  0.1767024    
  9.4794802E-02  0.1758459    
  9.4994999E-02  0.1749923    
  9.5195189E-02  0.1741418    
  9.5395401E-02  0.1732966    
  9.5595606E-02  0.1724607    
  9.5795795E-02  0.1716370    
  9.5996007E-02  0.1708234    
  9.6196197E-02  0.1700218    
  9.6396402E-02  0.1692264    
  9.6596599E-02  0.1684338    
  9.6796803E-02  0.1676417    
  9.6997008E-02  0.1668490    
  9.7197190E-02  0.1660586    
  9.7397402E-02  0.1652741    
  9.7597606E-02  0.1645010    
  9.7797811E-02  0.1637453    
  9.7997993E-02  0.1630076    
  9.8198198E-02  0.1622868    
  9.8398402E-02  0.1615811    
  9.8598614E-02  0.1608882    
  9.8798804E-02  0.1602047    
  9.8999001E-02  0.1595319    
  9.9199206E-02  0.1588709    
  9.9399395E-02  0.1582227    
  9.9599607E-02  0.1575925    
  9.9799812E-02  0.1569789    
  0.1000000      0.1563817    
