           N LOWER =  2  N UPPER=  3  WAVELENGTH (angstroms)=  6564.70
                electronic density(1/cm**3)       1.000E+18
                conversion factor for wlengths=f0 1.251E+03
                wings factor                  =   2.564E-03

T(K)                                                                  1.000E+04
RO/Debye                                                              8.982E-01
width Stark                                                           1.619E-02
width incl.Dop.                                                       1.619E-02

  0.000E+00                                                    1.872E+01 ( 1.872E+01 )
  1.585E-03                                                    1.851E+01 ( 1.851E+01 )
  2.512E-03                                                    1.821E+01 ( 1.821E+01 )
  3.981E-03                                                    1.749E+01 ( 1.749E+01 )
  6.310E-03                                                    1.596E+01 ( 1.596E+01 )
  1.000E-02                                                    1.322E+01 ( 1.322E+01 )
  1.585E-02                                                    9.492E+00 ( 9.492E+00 )
  2.512E-02                                                    5.865E+00 ( 5.865E+00 )
  3.981E-02                                                    3.196E+00 ( 3.196E+00 )
  6.310E-02                                                    1.532E+00 ( 1.532E+00 )
  1.000E-01                                                    6.393E-01 ( 6.393E-01 )
  1.585E-01                                                    2.380E-01 ( 2.380E-01 )
  2.512E-01                                                    8.353E-02 ( 8.353E-02 )
  3.981E-01                                                    2.861E-02 ( 2.861E-02 )
  6.310E-01                                                    8.934E-03 ( 8.934E-03 )
  1.000E+00                                                    2.826E-03 ( 2.826E-03 )
  1.585E+00                                                    9.301E-04 ( 9.301E-04 )
  2.512E+00                                                    3.127E-04 ( 3.127E-04 )
  3.981E+00                                                    1.077E-04 ( 1.077E-04 )

T(K)                1.995E+04                3.981E+04                7.943E+04
RO/Debye            6.358E-01                4.501E-01                3.187E-01
width Stark         1.684E-02                1.705E-02                1.704E-02
width incl.Dop.     1.684E-02                1.705E-02                1.704E-02

  0.000E+00  1.795E+01 ( 1.795E+01 )  1.761E+01 ( 1.761E+01 )  1.750E+01 ( 1.750E+01 )
  1.585E-03  1.776E+01 ( 1.776E+01 )  1.742E+01 ( 1.742E+01 )  1.731E+01 ( 1.731E+01 )
  2.512E-03  1.748E+01 ( 1.748E+01 )  1.713E+01 ( 1.713E+01 )  1.701E+01 ( 1.701E+01 )
  3.981E-03  1.681E+01 ( 1.681E+01 )  1.649E+01 ( 1.649E+01 )  1.636E+01 ( 1.636E+01 )
  6.310E-03  1.540E+01 ( 1.540E+01 )  1.511E+01 ( 1.511E+01 )  1.497E+01 ( 1.497E+01 )
  1.000E-02  1.285E+01 ( 1.285E+01 )  1.263E+01 ( 1.263E+01 )  1.250E+01 ( 1.250E+01 )
  1.585E-02  9.345E+00 ( 9.345E+00 )  9.238E+00 ( 9.238E+00 )  9.172E+00 ( 9.172E+00 )
  2.512E-02  5.890E+00 ( 5.890E+00 )  5.891E+00 ( 5.891E+00 )  5.898E+00 ( 5.898E+00 )
  3.981E-02  3.293E+00 ( 3.293E+00 )  3.351E+00 ( 3.351E+00 )  3.397E+00 ( 3.397E+00 )
  6.310E-02  1.614E+00 ( 1.614E+00 )  1.666E+00 ( 1.666E+00 )  1.700E+00 ( 1.700E+00 )
  1.000E-01  6.744E-01 ( 6.744E-01 )  6.929E-01 ( 6.929E-01 )  6.997E-01 ( 6.997E-01 )
  1.585E-01  2.466E-01 ( 2.466E-01 )  2.484E-01 ( 2.484E-01 )  2.451E-01 ( 2.451E-01 )
  2.512E-01  8.461E-02 ( 8.461E-02 )  8.349E-02 ( 8.349E-02 )  8.075E-02 ( 8.075E-02 )
  3.981E-01  2.842E-02 ( 2.842E-02 )  2.767E-02 ( 2.767E-02 )  2.648E-02 ( 2.648E-02 )
  6.310E-01  8.912E-03 ( 8.912E-03 )  8.751E-03 ( 8.751E-03 )  8.446E-03 ( 8.446E-03 )
  1.000E+00  2.833E-03 ( 2.833E-03 )  2.877E-03 ( 2.877E-03 )  2.802E-03 ( 2.802E-03 )
  1.585E+00  9.316E-04 ( 9.316E-04 )  9.323E-04 ( 9.323E-04 )  9.382E-04 ( 9.382E-04 )
  2.512E+00  3.131E-04 ( 3.131E-04 )  3.132E-04 ( 3.132E-04 )  3.133E-04 ( 3.133E-04 )
  3.981E+00  1.078E-04 ( 1.078E-04 )  1.078E-04 ( 1.078E-04 )  1.079E-04 ( 1.079E-04 )

T(K)                1.585E+05                3.162E+05                6.310E+05
RO/Debye            2.256E-01                1.597E-01                1.131E-01
width Stark         1.703E-02                1.717E-02                1.748E-02
width incl.Dop.     1.703E-02                1.717E-02                1.748E-02

  0.000E+00  1.749E+01 ( 1.749E+01 )  1.747E+01 ( 1.747E+01 )  1.745E+01 ( 1.745E+01 )
  1.585E-03  1.729E+01 ( 1.729E+01 )  1.727E+01 ( 1.727E+01 )  1.722E+01 ( 1.722E+01 )
  2.512E-03  1.698E+01 ( 1.698E+01 )  1.697E+01 ( 1.697E+01 )  1.693E+01 ( 1.693E+01 )
  3.981E-03  1.631E+01 ( 1.631E+01 )  1.627E+01 ( 1.627E+01 )  1.622E+01 ( 1.622E+01 )
  6.310E-03  1.490E+01 ( 1.490E+01 )  1.485E+01 ( 1.485E+01 )  1.481E+01 ( 1.481E+01 )
  1.000E-02  1.244E+01 ( 1.244E+01 )  1.241E+01 ( 1.241E+01 )  1.243E+01 ( 1.243E+01 )
  1.585E-02  9.156E+00 ( 9.156E+00 )  9.189E+00 ( 9.189E+00 )  9.278E+00 ( 9.278E+00 )
  2.512E-02  5.935E+00 ( 5.935E+00 )  6.010E+00 ( 6.010E+00 )  6.124E+00 ( 6.124E+00 )
  3.981E-02  3.447E+00 ( 3.447E+00 )  3.505E+00 ( 3.505E+00 )  3.566E+00 ( 3.566E+00 )
  6.310E-02  1.721E+00 ( 1.721E+00 )  1.729E+00 ( 1.729E+00 )  1.721E+00 ( 1.721E+00 )
  1.000E-01  6.946E-01 ( 6.946E-01 )  6.811E-01 ( 6.811E-01 )  6.586E-01 ( 6.586E-01 )
  1.585E-01  2.377E-01 ( 2.377E-01 )  2.280E-01 ( 2.280E-01 )  2.169E-01 ( 2.169E-01 )
  2.512E-01  7.698E-02 ( 7.698E-02 )  7.281E-02 ( 7.281E-02 )  6.866E-02 ( 6.866E-02 )
  3.981E-01  2.437E-02 ( 2.437E-02 )  2.291E-02 ( 2.291E-02 )  2.149E-02 ( 2.149E-02 )
  6.310E-01  8.026E-03 ( 8.026E-03 )  7.545E-03 ( 7.545E-03 )  7.055E-03 ( 7.055E-03 )
  1.000E+00  2.682E-03 ( 2.682E-03 )  2.531E-03 ( 2.531E-03 )  2.371E-03 ( 2.371E-03 )
  1.585E+00  9.090E-04 ( 9.090E-04 )  8.627E-04 ( 8.627E-04 )  8.089E-04 ( 8.089E-04 )
  2.512E+00  3.112E-04 ( 3.112E-04 )  2.977E-04 ( 2.977E-04 )  2.806E-04 ( 2.806E-04 )
  3.981E+00  1.079E-04 ( 1.079E-04 )  1.046E-04 ( 1.046E-04 )  9.913E-05 ( 9.913E-05 )
  6.310E+00                           3.749E-05 ( 3.749E-05 )  3.574E-05 ( 3.574E-05 )
  1.000E+01                           1.385E-05 ( 1.385E-05 )  1.316E-05 ( 1.316E-05 )
  1.585E+01                           5.149E-06 ( 5.149E-06 )  4.939E-06 ( 4.939E-06 )
  2.512E+01                                                    1.953E-06 ( 1.953E-06 )
  3.981E+01                                                    7.522E-07 ( 7.522E-07 )

T(K)                1.259E+06
RO/Debye            8.005E-02
width Stark         1.789E-02
width incl.Dop.     1.837E-02

  0.000E+00  1.724E+01 ( 1.747E+01 )
  1.000E-03  1.716E+01 ( 1.740E+01 )
  1.585E-03  1.705E+01 ( 1.727E+01 )
  2.512E-03  1.678E+01 ( 1.695E+01 )
  3.981E-03  1.616E+01 ( 1.625E+01 )
  6.310E-03  1.484E+01 ( 1.486E+01 )
  1.000E-02  1.256E+01 ( 1.253E+01 )
  1.585E-02  9.493E+00 ( 9.432E+00 )
  2.512E-02  6.283E+00 ( 6.267E+00 )
  3.981E-02  3.616E+00 ( 3.610E+00 )
  6.310E-02  1.687E+00 ( 1.685E+00 )
  1.000E-01  6.271E-01 ( 6.264E-01 )
  1.585E-01  2.048E-01 ( 2.047E-01 )
  2.512E-01  6.471E-02 ( 6.470E-02 )
  3.981E-01  2.067E-02 ( 2.067E-02 )
  6.310E-01  6.604E-03 ( 6.603E-03 )
  1.000E+00  2.210E-03 ( 2.210E-03 )
  1.585E+00  7.540E-04 ( 7.540E-04 )
  2.512E+00  2.621E-04 ( 2.621E-04 )
  3.981E+00  9.286E-05 ( 9.286E-05 )
  6.310E+00  3.360E-05 ( 3.360E-05 )
  1.000E+01  1.241E-05 ( 1.241E-05 )
  1.585E+01  4.671E-06 ( 4.671E-06 )
  2.512E+01  1.787E-06 ( 1.787E-06 )
  3.981E+01  6.922E-07 ( 6.922E-07 )
  6.310E+01  2.705E-07 ( 2.705E-07 )
  1.000E+02  1.064E-07 ( 1.064E-07 )
  1.585E+02  4.204E-08 ( 4.204E-08 )
  2.512E+02  1.665E-08 ( 1.665E-08 )
  3.981E+02  6.608E-09 ( 6.608E-09 )
  6.310E+02  2.626E-09 ( 2.626E-09 )
  1.000E+03  1.044E-09 ( 1.044E-09 )
  1.585E+03  4.152E-10 ( 4.152E-10 )
  2.512E+03  1.652E-10 ( 1.652E-10 )
  3.981E+03  6.575E-11 ( 6.575E-11 )
  6.310E+03  2.617E-11 ( 2.617E-11 )
  1.000E+04  1.042E-11 ( 1.042E-11 )
  1.585E+04  4.147E-12 ( 4.147E-12 )
  2.512E+04  1.651E-12 ( 1.651E-12 )
  3.981E+04  6.572E-13 ( 6.572E-13 )
