 -5.0000002E-04 -0.1797773    
 -4.9899908E-04  -3.469795    
 -4.9799803E-04 -7.8784868E-02
 -4.9699703E-04   2.837229    
 -4.9599604E-04  -1.104297    
 -4.9499504E-04   1.033432    
 -4.9399404E-04 -7.7264816E-02
 -4.9299304E-04  -2.228794    
 -4.9199205E-04  -2.480352    
 -4.9099105E-04  0.8754807    
 -4.8999005E-04 -0.8148645    
 -4.8898906E-04   1.217909    
 -4.8798800E-04   2.114361    
 -4.8698703E-04  -1.576631    
 -4.8598603E-04  -1.620676    
 -4.8498501E-04  -1.439459    
 -4.8398404E-04  -2.025258    
 -4.8298301E-04  -1.737215    
 -4.8198202E-04  -3.868644    
 -4.8098105E-04  0.1209330    
 -4.7997999E-04  -1.116955    
 -4.7897903E-04   1.192416    
 -4.7797806E-04   2.320064    
 -4.7697700E-04  0.8857580    
 -4.7597603E-04   1.914911    
 -4.7497501E-04 -0.8214664    
 -4.7397401E-04 -0.4008419    
 -4.7297304E-04 -0.2973954    
 -4.7197202E-04  0.4750685    
 -4.7097102E-04  0.2507669    
 -4.6996999E-04 -0.8236516    
 -4.6896900E-04 -0.9575808    
 -4.6796803E-04  -1.335435    
 -4.6696700E-04 -0.3283483    
 -4.6596600E-04  0.4445428    
 -4.6496504E-04   5.651572    
 -4.6396401E-04   4.511283    
 -4.6296301E-04   4.827743    
 -4.6196199E-04   1.996351    
 -4.6096099E-04  0.7828222    
 -4.5996002E-04   4.425222    
 -4.5895900E-04   7.209987    
 -4.5795800E-04   7.303928    
 -4.5695697E-04   5.900589    
 -4.5595600E-04   2.763298    
 -4.5495501E-04   4.172410    
 -4.5395398E-04   1.532493    
 -4.5295298E-04  -2.286628    
 -4.5195202E-04   2.363267    
 -4.5095099E-04   1.704833    
 -4.4994999E-04  0.8743620    
 -4.4894897E-04  0.6201749    
 -4.4794800E-04  0.8790090    
 -4.4694700E-04  -2.857355    
 -4.4594597E-04   1.560481    
 -4.4494498E-04 -0.1757417    
 -4.4394401E-04  -1.307417    
 -4.4294298E-04  -3.232335    
 -4.4194199E-04  -3.933420    
 -4.4094096E-04  -4.316033    
 -4.3993999E-04  -6.388473    
 -4.3893899E-04 -0.9167291    
 -4.3793797E-04  2.4556139E-02
 -4.3693697E-04  -1.140186    
 -4.3593600E-04   1.016053    
 -4.3493498E-04   2.420069    
 -4.3393398E-04  9.4897009E-02
 -4.3293295E-04  0.4001405    
 -4.3193199E-04   2.387600    
 -4.3093093E-04  0.8555867    
 -4.2992996E-04  -2.953903    
 -4.2892896E-04 -0.3195643    
 -4.2792794E-04  0.5383609    
 -4.2692697E-04  0.3579407    
 -4.2592597E-04   1.657559    
 -4.2492495E-04   4.338665    
 -4.2392398E-04   4.838408    
 -4.2292298E-04  0.5696610    
 -4.2192196E-04  -1.221772    
 -4.2092099E-04  -2.309429    
 -4.1991993E-04  0.5649372    
 -4.1891896E-04  -4.296309    
 -4.1791797E-04  -1.972021    
 -4.1691694E-04  -2.661754    
 -4.1591597E-04   4.975117    
 -4.1491495E-04   4.264503    
 -4.1391395E-04   2.402176    
 -4.1291295E-04   2.122758    
 -4.1191195E-04  0.5910382    
 -4.1091096E-04   1.113024    
 -4.0990996E-04   3.009896    
 -4.0890893E-04   3.144347    
 -4.0790797E-04  -4.166565    
 -4.0690694E-04  -2.139228    
 -4.0590594E-04  0.8548287    
 -4.0490495E-04  -2.804223    
 -4.0390392E-04  -1.741942    
 -4.0290295E-04  0.6104959    
 -4.0190195E-04   1.691920    
 -4.0090093E-04   3.398718    
 -3.9989993E-04   7.488996    
 -3.9889893E-04   7.331468    
 -3.9789794E-04   3.208712    
 -3.9689694E-04   2.371947    
 -3.9589591E-04   1.679679    
 -3.9489495E-04   3.059002    
 -3.9389392E-04  0.9850406    
 -3.9289292E-04  0.4366889    
 -3.9189195E-04  -3.274318    
 -3.9089093E-04  -1.710938    
 -3.8988993E-04  0.1444645    
 -3.8888893E-04   5.897844    
 -3.8788791E-04   5.252166    
 -3.8688694E-04   1.563522    
 -3.8588591E-04 -0.2931780    
 -3.8488492E-04  5.8130503E-02
 -3.8388392E-04 -0.4329692    
 -3.8288292E-04 -0.6558904    
 -3.8188192E-04  0.4385860    
 -3.8088090E-04 -1.4219568E-02
 -3.7987990E-04 -0.4533720    
 -3.7887890E-04 -0.2552056    
 -3.7787791E-04 -0.5448968    
 -3.7687691E-04 -0.2718754    
 -3.7587588E-04   2.202466    
 -3.7487491E-04   3.131724    
 -3.7387392E-04 -0.3229706    
 -3.7287292E-04 -0.2836629    
 -3.7187192E-04  0.9275195    
 -3.7087090E-04   1.007335    
 -3.6986990E-04   2.951646    
 -3.6886890E-04   6.277890    
 -3.6786791E-04   3.858018    
 -3.6686691E-04   6.838605    
 -3.6586588E-04   4.477851    
 -3.6486489E-04   2.367537    
 -3.6386392E-04   1.314182    
 -3.6286289E-04   1.703492    
 -3.6186189E-04   4.619973    
 -3.6086090E-04   5.018528    
 -3.5985987E-04   14.46885    
 -3.5885890E-04   9.865259    
 -3.5785791E-04   5.258256    
 -3.5685688E-04   5.676499    
 -3.5585591E-04   8.976132    
 -3.5485488E-04   5.964557    
 -3.5385389E-04   2.075096    
 -3.5285289E-04  0.3249246    
 -3.5185186E-04 -1.4375780E-02
 -3.5085090E-04   2.917242    
 -3.4984987E-04   4.580911    
 -3.4884887E-04   4.181096    
 -3.4784790E-04   5.057643    
 -3.4684685E-04   8.746415    
 -3.4584588E-04   2.863533    
 -3.4484488E-04 -0.8091485    
 -3.4384386E-04  -1.062899    
 -3.4284289E-04  -6.599283    
 -3.4184186E-04  -3.959000    
 -3.4084087E-04  0.3308359    
 -3.3983990E-04   2.216690    
 -3.3883884E-04   2.595451    
 -3.3783788E-04  7.3669657E-02
 -3.3683688E-04  -2.543192    
 -3.3583585E-04  -3.769735    
 -3.3483488E-04 -0.3461852    
 -3.3383386E-04   2.565888    
 -3.3283286E-04   1.501332    
 -3.3183186E-04 -0.6155357    
 -3.3083084E-04  -2.229299    
 -3.2982987E-04   5.141217    
 -3.2882884E-04   7.887465    
 -3.2782785E-04   3.156747    
 -3.2682685E-04   5.206738    
 -3.2582585E-04   6.483607    
 -3.2482485E-04   1.839617    
 -3.2382389E-04   4.312891    
 -3.2282286E-04   5.938643    
 -3.2182186E-04   4.966097    
 -3.2082087E-04   4.248725    
 -3.1981984E-04   7.284616    
 -3.1881887E-04   8.899806    
 -3.1781784E-04   10.38288    
 -3.1681685E-04   8.293062    
 -3.1581585E-04   6.785844    
 -3.1481485E-04   3.799600    
 -3.1381386E-04   2.047674    
 -3.1281283E-04 -0.5521074    
 -3.1181183E-04   3.264244    
 -3.1081084E-04   4.586590    
 -3.0980984E-04   2.697623    
 -3.0880884E-04   2.046211    
 -3.0780784E-04   4.006153    
 -3.0680685E-04   8.874583    
 -3.0580585E-04   7.001075    
 -3.0480482E-04   4.206480    
 -3.0380383E-04   1.692881    
 -3.0280283E-04  -1.682092    
 -3.0180183E-04  0.5636907    
 -3.0080084E-04   1.620275    
 -2.9979981E-04   1.507065    
 -2.9879884E-04   2.294386    
 -2.9779781E-04   2.840203    
 -2.9679682E-04   6.763490    
 -2.9579582E-04   5.968174    
 -2.9479479E-04   6.171854    
 -2.9379383E-04   7.512076    
 -2.9279280E-04   13.60331    
 -2.9179180E-04   5.952940    
 -2.9079083E-04   7.165267    
 -2.8978981E-04 -0.1379739    
 -2.8878881E-04  -1.475360    
 -2.8778781E-04   1.801697    
 -2.8678682E-04   2.227153    
 -2.8578579E-04  -1.334587    
 -2.8478479E-04  -6.292511    
 -2.8378383E-04  -5.530445    
 -2.8278283E-04 -0.2470168    
 -2.8178180E-04   4.431346    
 -2.8078081E-04   3.947530    
 -2.7977981E-04   6.797011    
 -2.7877878E-04   11.03402    
 -2.7777781E-04   10.79824    
 -2.7677679E-04   9.569406    
 -2.7577582E-04   7.690801    
 -2.7477479E-04   10.29362    
 -2.7377380E-04   3.767331    
 -2.7277280E-04   4.107601    
 -2.7177180E-04   2.827342    
 -2.7077078E-04   2.083779    
 -2.6976981E-04   6.065668    
 -2.6876878E-04   4.813323    
 -2.6776778E-04   3.116699    
 -2.6676682E-04  -2.834415    
 -2.6576579E-04  -7.765935    
 -2.6476479E-04 -0.9719538    
 -2.6376380E-04  -4.109682    
 -2.6276280E-04   4.861904    
 -2.6176177E-04   5.118131    
 -2.6076080E-04   10.31195    
 -2.5975978E-04   9.642082    
 -2.5875878E-04   6.597920    
 -2.5775778E-04   5.979226    
 -2.5675679E-04   6.213475    
 -2.5575579E-04   2.963702    
 -2.5475476E-04   10.35599    
 -2.5375377E-04   6.839777    
 -2.5275280E-04   2.157335    
 -2.5175174E-04   2.831858    
 -2.5075077E-04   3.904030    
 -2.4974978E-04 -0.9991636    
 -2.4874875E-04  0.6745244    
 -2.4774778E-04   3.055362    
 -2.4674676E-04   1.198719    
 -2.4574579E-04  -3.407161    
 -2.4474476E-04  -5.484755    
 -2.4374378E-04   1.434346    
 -2.4274277E-04  0.5873209    
 -2.4174176E-04  -1.402089    
 -2.4074076E-04  -3.166053    
 -2.3973978E-04   3.319306    
 -2.3873876E-04   1.166670    
 -2.3773775E-04 -0.5118061    
 -2.3673676E-04  -2.256860    
 -2.3573577E-04   10.88373    
 -2.3473473E-04   4.946270    
 -2.3373375E-04 -0.6845251    
 -2.3273277E-04   5.287193    
 -2.3173174E-04   12.83770    
 -2.3073076E-04   15.57517    
 -2.2972975E-04   18.63826    
 -2.2872876E-04   11.30720    
 -2.2772774E-04   11.83400    
 -2.2672676E-04   4.574375    
 -2.2572574E-04   15.44373    
 -2.2472475E-04   24.01214    
 -2.2372373E-04   19.01709    
 -2.2272275E-04   11.11537    
 -2.2172173E-04   15.03552    
 -2.2072074E-04   18.85124    
 -2.1971973E-04   16.20913    
 -2.1871875E-04   15.19000    
 -2.1771772E-04   14.84497    
 -2.1671674E-04   6.104332    
 -2.1571576E-04   11.62527    
 -2.1471472E-04   4.001437    
 -2.1371373E-04  -4.073153    
 -2.1271274E-04  -8.600616    
 -2.1171173E-04   3.930190    
 -2.1071071E-04   13.61126    
 -2.0970973E-04   26.09362    
 -2.0870873E-04   23.08972    
 -2.0770772E-04   24.57602    
 -2.0670671E-04   15.66811    
 -2.0570573E-04   23.25002    
 -2.0470470E-04   17.44048    
 -2.0370372E-04  0.4869194    
 -2.0270271E-04  -7.988410    
 -2.0170174E-04  -2.275400    
 -2.0070070E-04  -4.419559    
 -1.9969972E-04   6.946391    
 -1.9869873E-04   6.333482    
 -1.9769771E-04  -9.917165    
 -1.9669672E-04 -0.6276643    
 -1.9569571E-04   5.658787    
 -1.9469472E-04   19.13967    
 -1.9369370E-04   19.18385    
 -1.9269272E-04   15.05386    
 -1.9169171E-04   8.484060    
 -1.9069071E-04   7.322793    
 -1.8968970E-04   1.986942    
 -1.8868872E-04   5.741217    
 -1.8768769E-04   7.024797    
 -1.8668671E-04   14.26733    
 -1.8568570E-04  -6.381237    
 -1.8468469E-04  -8.713156    
 -1.8368370E-04  -7.141438    
 -1.8268271E-04   8.916856    
 -1.8168172E-04   5.196130    
 -1.8068068E-04   13.08537    
 -1.7967970E-04   9.869582    
 -1.7867870E-04   2.392650    
 -1.7767769E-04   2.901320    
 -1.7667668E-04   4.894511    
 -1.7567570E-04   18.57550    
 -1.7467470E-04   11.93652    
 -1.7367369E-04   14.45315    
 -1.7267268E-04   22.11143    
 -1.7167169E-04   23.35490    
 -1.7067067E-04   21.71766    
 -1.6966969E-04   30.87897    
 -1.6866867E-04   13.97586    
 -1.6766768E-04   3.938874    
 -1.6666669E-04   15.16779    
 -1.6566568E-04   25.17593    
 -1.6466470E-04   17.22011    
 -1.6366367E-04   26.22960    
 -1.6266269E-04   34.09690    
 -1.6166168E-04   11.86684    
 -1.6066067E-04   13.92588    
 -1.5965967E-04   5.854327    
 -1.5865869E-04   5.033237    
 -1.5765765E-04   3.350275    
 -1.5665666E-04   5.612641    
 -1.5565567E-04   21.82505    
 -1.5465468E-04   16.60662    
 -1.5365364E-04   16.21782    
 -1.5265266E-04  -5.635898    
 -1.5165166E-04  -15.23659    
 -1.5065065E-04  -7.401115    
 -1.4964967E-04   4.196174    
 -1.4864867E-04  -3.308782    
 -1.4764769E-04  -14.04752    
 -1.4664665E-04   2.144674    
 -1.4564567E-04   10.21835    
 -1.4464467E-04   5.222884    
 -1.4364366E-04  -3.483998    
 -1.4264265E-04   3.925470    
 -1.4164166E-04   7.405669    
 -1.4064064E-04   1.165468    
 -1.3963965E-04  -4.151649    
 -1.3863864E-04  -17.60421    
 -1.3763766E-04  -11.05422    
 -1.3663663E-04  -1.246157    
 -1.3563565E-04  -5.382134    
 -1.3463464E-04 -9.8760426E-02
 -1.3363364E-04  -9.250121    
 -1.3263266E-04  -6.096765    
 -1.3163165E-04   15.47617    
 -1.3063064E-04   21.77225    
 -1.2962964E-04   17.94291    
 -1.2862866E-04   13.28064    
 -1.2762765E-04   19.31023    
 -1.2662663E-04   15.53753    
 -1.2562564E-04   23.83637    
 -1.2462465E-04   22.00136    
 -1.2362361E-04   24.96018    
 -1.2262263E-04   31.88308    
 -1.2162163E-04   30.68017    
 -1.2062062E-04   32.76719    
 -1.1961962E-04   38.48370    
 -1.1861863E-04   29.62535    
 -1.1761765E-04   5.878994    
 -1.1661662E-04 -0.5070912    
 -1.1561564E-04   17.57313    
 -1.1461463E-04   30.76397    
 -1.1361362E-04   33.66006    
 -1.1261262E-04   23.16086    
 -1.1161163E-04   25.60036    
 -1.1061063E-04   26.62817    
 -1.0960962E-04   29.02145    
 -1.0860861E-04   40.71305    
 -1.0760763E-04   55.23467    
 -1.0660660E-04   43.95835    
 -1.0560562E-04   48.66276    
 -1.0460461E-04   39.30685    
 -1.0360360E-04   35.05950    
 -1.0260260E-04   42.63953    
 -1.0160162E-04   39.58413    
 -1.0060064E-04   38.38960    
 -9.9599602E-05   46.02717    
 -9.8598619E-05   38.10284    
 -9.7597615E-05   43.23221    
 -9.6596603E-05   38.13380    
 -9.5595598E-05   31.76082    
 -9.4594616E-05   30.51715    
 -9.3593582E-05   57.62431    
 -9.2592600E-05   50.78335    
 -9.1591595E-05   38.53889    
 -9.0590613E-05   43.43394    
 -8.9589579E-05   39.10145    
 -8.8588597E-05   43.03885    
 -8.7587592E-05   24.78214    
 -8.6586588E-05   46.80268    
 -8.5585576E-05   31.58184    
 -8.4584601E-05   44.44809    
 -8.3583567E-05   60.22530    
 -8.2582585E-05   64.74541    
 -8.1581602E-05   67.87392    
 -8.0580619E-05   72.42998    
 -7.9579586E-05   72.66766    
 -7.8578603E-05   80.35729    
 -7.7577577E-05   107.9414    
 -7.6576594E-05   104.8331    
 -7.5575561E-05   88.64082    
 -7.4574578E-05   69.24552    
 -7.3573596E-05   94.72635    
 -7.2572562E-05   127.5872    
 -7.1571536E-05   120.9074    
 -7.0570597E-05   132.5526    
 -6.9569571E-05   140.3534    
 -6.8568588E-05   128.0316    
 -6.7567606E-05   115.6733    
 -6.6566572E-05   103.0294    
 -6.5565589E-05   126.5787    
 -6.4564556E-05   115.2505    
 -6.3563581E-05   82.54608    
 -6.2562598E-05   99.70531    
 -6.1561565E-05   136.6173    
 -6.0560531E-05   128.0835    
 -5.9559599E-05   135.3853    
 -5.8558566E-05   141.4002    
 -5.7557536E-05   176.1739    
 -5.6556553E-05   174.1417    
 -5.5555571E-05   145.4628    
 -5.4554541E-05   166.9668    
 -5.3553558E-05   174.4209    
 -5.2552525E-05   232.6790    
 -5.1551593E-05   247.3967    
 -5.0550563E-05   218.4130    
 -4.9549530E-05   195.8510    
 -4.8548598E-05   221.5652    
 -4.7547564E-05   229.8253    
 -4.6546535E-05   185.2594    
 -4.5545552E-05   205.3744    
 -4.4544569E-05   257.0174    
 -4.3543540E-05   335.3865    
 -4.2542557E-05   312.4898    
 -4.1541523E-05   269.4567    
 -4.0540544E-05   258.9126    
 -3.9539562E-05   319.8095    
 -3.8538528E-05   332.4250    
 -3.7537498E-05   393.5909    
 -3.6536563E-05   443.3766    
 -3.5535533E-05   481.1422    
 -3.4534503E-05   470.9404    
 -3.3533568E-05   481.1723    
 -3.2532538E-05   447.3770    
 -3.1531556E-05   548.4098    
 -3.0530522E-05   606.2466    
 -2.9529541E-05   743.7049    
 -2.8528559E-05   696.6348    
 -2.7527529E-05   675.7453    
 -2.6526497E-05   535.0590    
 -2.5525564E-05   723.1406    
 -2.4524532E-05   868.4967    
 -2.3523500E-05   1045.926    
 -2.2522518E-05   1203.169    
 -2.1521537E-05   1300.689    
 -2.0520505E-05   1394.109    
 -1.9519523E-05   1729.638    
 -1.8518491E-05   1837.867    
 -1.7517508E-05   2058.656    
 -1.6516527E-05   2347.919    
 -1.5515496E-05   2739.172    
 -1.4514562E-05   3109.771    
 -1.3513531E-05   3783.519    
 -1.2512499E-05   4476.377    
 -1.1511517E-05   5487.756    
 -1.0510535E-05   6680.582    
 -9.5095029E-06   7882.437    
 -8.5085212E-06   9313.606    
 -7.5074895E-06   11666.47    
 -6.5065074E-06   15217.55    
 -5.5055252E-06   20998.05    
 -4.5044940E-06   30175.71    
 -3.5034623E-06   42827.24    
 -2.5025295E-06   64573.23    
 -1.5014979E-06   100751.1    
 -5.0046629E-07   138115.8    
  5.0046629E-07   138115.8    
  1.5014979E-06   100751.2    
  2.5025295E-06   64573.12    
  3.5035116E-06   42826.55    
  4.5044940E-06   30175.75    
  5.5054761E-06   20998.45    
  6.5065074E-06   15217.56    
  7.5075391E-06   11666.31    
  8.5084721E-06   9313.654    
  9.5095029E-06   7882.458    
  1.0510535E-05   6680.578    
  1.1511517E-05   5487.753    
  1.2512499E-05   4476.412    
  1.3513531E-05   3783.527    
  1.4514513E-05   3109.769    
  1.5515496E-05   2739.201    
  1.6516527E-05   2347.935    
  1.7517508E-05   2058.661    
  1.8518540E-05   1837.873    
  1.9519523E-05   1729.613    
  2.0520505E-05   1394.115    
  2.1521537E-05   1300.690    
  2.2522518E-05   1203.169    
  2.3523500E-05   1045.925    
  2.4524532E-05   868.4923    
  2.5525515E-05   723.1700    
  2.6526546E-05   535.0883    
  2.7527529E-05   675.7439    
  2.8528510E-05   696.6267    
  2.9529541E-05   743.7037    
  3.0530573E-05   606.2715    
  3.1531505E-05   548.4447    
  3.2532538E-05   447.3805    
  3.3533568E-05   481.1638    
  3.4534503E-05   470.9389    
  3.5535533E-05   481.1368    
  3.6536563E-05   443.3819    
  3.7537546E-05   393.6021    
  3.8538528E-05   332.4309    
  3.9539562E-05   319.8123    
  4.0540544E-05   258.9080    
  4.1541574E-05   269.4673    
  4.2542506E-05   312.4893    
  4.3543540E-05   335.3973    
  4.4544569E-05   257.0233    
  4.5545552E-05   205.3687    
  4.6546535E-05   185.2587    
  4.7547564E-05   229.8272    
  4.8548547E-05   221.5690    
  4.9549530E-05   195.8470    
  5.0550563E-05   218.4129    
  5.1551546E-05   247.4088    
  5.2552576E-05   232.6882    
  5.3553558E-05   174.4171    
  5.4554541E-05   166.9752    
  5.5555571E-05   145.4683    
  5.6556604E-05   174.1513    
  5.7557536E-05   176.1676    
  5.8558566E-05   141.3922    
  5.9559548E-05   135.3882    
  6.0560582E-05   128.0862    
  6.1561565E-05   136.6137    
  6.2562547E-05   99.70645    
  6.3563581E-05   82.54214    
  6.4564607E-05   115.2419    
  6.5565539E-05   126.5796    
  6.6566572E-05   103.0258    
  6.7567606E-05   115.6736    
  6.8568537E-05   128.0216    
  6.9569571E-05   140.3538    
  7.0570597E-05   132.5566    
  7.1571580E-05   120.9060    
  7.2572562E-05   127.5885    
  7.3573596E-05   94.71923    
  7.4574578E-05   69.24396    
  7.5575612E-05   88.64228    
  7.6576594E-05   104.8351    
  7.7577577E-05   107.9431    
  7.8578603E-05   80.35516    
  7.9579586E-05   72.67350    
  8.0580568E-05   72.42892    
  8.1581602E-05   67.86672    
  8.2582585E-05   64.74550    
  8.3583567E-05   60.22201    
  8.4584601E-05   44.45145    
  8.5585576E-05   31.57950    
  8.6586610E-05   46.79811    
  8.7587592E-05   24.78414    
  8.8588575E-05   43.02908    
  8.9589608E-05   39.09685    
  9.0590642E-05   43.43423    
  9.1591573E-05   38.54685    
  9.2592600E-05   50.78231    
  9.3593633E-05   57.62263    
  9.4594616E-05   30.52081    
  9.5595598E-05   31.75796    
  9.6596581E-05   38.13728    
  9.7597615E-05   43.23051    
  9.8598641E-05   38.10003    
  9.9599580E-05   46.02499    
  1.0060061E-04   38.39482    
  1.0160164E-04   39.57844    
  1.0260257E-04   42.64716    
  1.0360360E-04   35.05883    
  1.0460464E-04   39.30699    
  1.0560562E-04   48.66131    
  1.0660660E-04   43.95556    
  1.0760763E-04   55.23595    
  1.0860861E-04   40.71096    
  1.0960965E-04   29.01468    
  1.1061063E-04   26.62671    
  1.1161161E-04   25.60495    
  1.1261264E-04   23.16729    
  1.1361362E-04   33.66193    
  1.1461460E-04   30.76247    
  1.1561564E-04   17.57344    
  1.1661662E-04 -0.5073579    
  1.1761760E-04   5.886687    
  1.1861863E-04   29.62696    
  1.1961962E-04   38.48281    
  1.2062064E-04   32.76723    
  1.2162163E-04   30.68445    
  1.2262262E-04   31.88348    
  1.2362364E-04   24.96327    
  1.2462467E-04   22.00639    
  1.2562561E-04   23.83236    
  1.2662663E-04   15.53925    
  1.2762767E-04   19.30689    
  1.2862866E-04   13.28035    
  1.2962964E-04   17.93960    
  1.3063067E-04   21.77264    
  1.3163165E-04   15.47739    
  1.3263263E-04  -6.089145    
  1.3363361E-04  -9.249570    
  1.3463464E-04 -9.8267846E-02
  1.3563568E-04  -5.381054    
  1.3663661E-04  -1.238763    
  1.3763765E-04  -11.05772    
  1.3863867E-04  -17.60229    
  1.3963965E-04  -4.151782    
  1.4064064E-04   1.166511    
  1.4164166E-04   7.405294    
  1.4264265E-04   3.926694    
  1.4364369E-04  -3.477668    
  1.4464467E-04   5.222955    
  1.4564565E-04   10.22338    
  1.4664668E-04   2.141610    
  1.4764770E-04  -14.05160    
  1.4864864E-04  -3.308771    
  1.4964967E-04   4.196170    
  1.5065065E-04  -7.400309    
  1.5165163E-04  -15.24004    
  1.5265266E-04  -5.637667    
  1.5365364E-04   16.21833    
  1.5465468E-04   16.60518    
  1.5565567E-04   21.82658    
  1.5665665E-04   5.618739    
  1.5765768E-04   3.345451    
  1.5865870E-04   5.032177    
  1.5965964E-04   5.855895    
  1.6066067E-04   13.92387    
  1.6166171E-04   11.86445    
  1.6266269E-04   34.09789    
  1.6366367E-04   26.22900    
  1.6466470E-04   17.22169    
  1.6566568E-04   25.17518    
  1.6666666E-04   15.16796    
  1.6766769E-04   3.937299    
  1.6866867E-04   13.97362    
  1.6966971E-04   30.88428    
  1.7067064E-04   21.71507    
  1.7167168E-04   23.35530    
  1.7267271E-04   22.10971    
  1.7367369E-04   14.45405    
  1.7467467E-04   11.93732    
  1.7567570E-04   18.57254    
  1.7667668E-04   4.894891    
  1.7767772E-04   2.897158    
  1.7867870E-04   2.390517    
  1.7967969E-04   9.868673    
  1.8068071E-04   13.08294    
  1.8168174E-04   5.196108    
  1.8268268E-04   8.915092    
  1.8368370E-04  -7.141898    
  1.8468474E-04  -8.715191    
  1.8568567E-04  -6.384466    
  1.8668671E-04   14.26876    
  1.8768769E-04   7.025704    
  1.8868872E-04   5.738429    
  1.8968970E-04   1.987226    
  1.9069068E-04   7.320870    
  1.9169171E-04   8.485360    
  1.9269275E-04   15.05505    
  1.9369368E-04   19.18737    
  1.9469472E-04   19.13873    
  1.9569574E-04   5.656967    
  1.9669672E-04 -0.6300972    
  1.9769771E-04  -9.918494    
  1.9869873E-04   6.332198    
  1.9969972E-04   6.944794    
  2.0070070E-04  -4.418945    
  2.0170174E-04  -2.277191    
  2.0270271E-04  -7.987397    
  2.0370375E-04  0.4913208    
  2.0470467E-04   17.44084    
  2.0570571E-04   23.24772    
  2.0670674E-04   15.66558    
  2.0770772E-04   24.57416    
  2.0870871E-04   23.09161    
  2.0970973E-04   26.09379    
  2.1071071E-04   13.61093    
  2.1171175E-04   3.928078    
  2.1271274E-04  -8.598283    
  2.1371372E-04  -4.070603    
  2.1471475E-04   3.999607    
  2.1571573E-04   11.62278    
  2.1671671E-04   6.105919    
  2.1771774E-04   14.84495    
  2.1871878E-04   15.18951    
  2.1971970E-04   16.21057    
  2.2072074E-04   18.85148    
  2.2172177E-04   15.03589    
  2.2272275E-04   11.11420    
  2.2372373E-04   19.01547    
  2.2472472E-04   24.01038    
  2.2572574E-04   15.44209    
  2.2672678E-04   4.574881    
  2.2772771E-04   11.83615    
  2.2872875E-04   11.30854    
  2.2972978E-04   18.64116    
  2.3073076E-04   15.57514    
  2.3173174E-04   12.83796    
  2.3273277E-04   5.285854    
  2.3373375E-04 -0.6824309    
  2.3473473E-04   4.945567    
  2.3573577E-04   10.88316    
  2.3673676E-04  -2.254259    
  2.3773778E-04 -0.5124604    
  2.3873876E-04   1.165260    
  2.3973975E-04   3.318195    
  2.4074077E-04  -3.165003    
  2.4174176E-04  -1.400976    
  2.4274274E-04  0.5877151    
  2.4374378E-04   1.433403    
  2.4474476E-04  -5.486759    
  2.4574579E-04  -3.407591    
  2.4674676E-04   1.198307    
  2.4774775E-04   3.053617    
  2.4874878E-04  0.6754472    
  2.4974978E-04  -1.000229    
  2.5075075E-04   3.903781    
  2.5175177E-04   2.831189    
  2.5275280E-04   2.155706    
  2.5375374E-04   6.840850    
  2.5475476E-04   10.35636    
  2.5575582E-04   2.962418    
  2.5675679E-04   6.212174    
  2.5775778E-04   5.978922    
  2.5875881E-04   6.596326    
  2.5975978E-04   9.641618    
  2.6076080E-04   10.31517    
  2.6176174E-04   5.118184    
  2.6276277E-04   4.859190    
  2.6376382E-04  -4.111022    
  2.6476473E-04 -0.9698793    
  2.6576579E-04  -7.763524    
  2.6676682E-04  -2.834822    
  2.6776778E-04   3.114419    
  2.6876878E-04   4.814976    
  2.6976981E-04   6.066031    
  2.7077078E-04   2.084958    
  2.7177183E-04   2.826629    
  2.7277280E-04   4.107231    
  2.7377377E-04   3.767704    
  2.7477482E-04   10.29274    
  2.7577585E-04   7.690559    
  2.7677679E-04   9.566584    
  2.7777781E-04   10.79877    
  2.7877878E-04   11.03440    
  2.7977981E-04   6.796169    
  2.8078081E-04   3.947010    
  2.8178177E-04   4.430579    
  2.8278283E-04 -0.2479530    
  2.8378380E-04  -5.530215    
  2.8478479E-04  -6.295223    
  2.8578582E-04  -1.335786    
  2.8678685E-04   2.227971    
  2.8778779E-04   1.802231    
  2.8878881E-04  -1.474686    
  2.8978984E-04 -0.1374143    
  2.9079083E-04   7.164560    
  2.9179180E-04   5.953430    
  2.9279283E-04   13.60211    
  2.9379383E-04   7.512352    
  2.9479485E-04   6.170632    
  2.9579582E-04   5.966463    
  2.9679682E-04   6.764138    
  2.9779784E-04   2.840313    
  2.9879878E-04   2.291640    
  2.9979981E-04   1.506208    
  3.0080084E-04   1.619720    
  3.0180183E-04  0.5645697    
  3.0280280E-04  -1.680428    
  3.0380383E-04   1.693814    
  3.0480482E-04   4.208103    
  3.0580585E-04   7.002924    
  3.0680685E-04   8.873791    
  3.0780782E-04   4.005453    
  3.0880884E-04   2.045944    
  3.0980987E-04   2.698300    
  3.1081081E-04   4.587592    
  3.1181183E-04   3.264378    
  3.1281289E-04 -0.5516781    
  3.1381386E-04   2.046061    
  3.1481485E-04   3.799353    
  3.1581582E-04   6.787925    
  3.1681685E-04   8.292921    
  3.1781784E-04   10.38418    
  3.1881881E-04   8.901496    
  3.1981984E-04   7.284653    
  3.2082089E-04   4.249104    
  3.2182180E-04   4.964908    
  3.2282286E-04   5.937725    
  3.2382389E-04   4.313444    
  3.2482485E-04   1.839652    
  3.2582585E-04   6.483935    
  3.2682688E-04   5.205225    
  3.2782785E-04   3.159063    
  3.2882890E-04   7.885509    
  3.2982987E-04   5.141977    
  3.3083084E-04  -2.229066    
  3.3183189E-04 -0.6154678    
  3.3283292E-04   1.501825    
  3.3383386E-04   2.565553    
  3.3483488E-04 -0.3446066    
  3.3583582E-04  -3.770732    
  3.3683685E-04  -2.541672    
  3.3783788E-04  7.3506840E-02
  3.3883881E-04   2.594310    
  3.3983984E-04   2.214967    
  3.4084087E-04  0.3309147    
  3.4184189E-04  -3.957195    
  3.4284283E-04  -6.598773    
  3.4384386E-04  -1.060983    
  3.4484488E-04 -0.8082842    
  3.4584594E-04   2.862462    
  3.4684685E-04   8.747910    
  3.4784790E-04   5.057349    
  3.4884893E-04   4.180001    
  3.4984987E-04   4.581071    
  3.5085090E-04   2.918342    
  3.5185184E-04 -1.3136417E-02
  3.5285286E-04  0.3215321    
  3.5385389E-04   2.075957    
  3.5485491E-04   5.964377    
  3.5585594E-04   8.975328    
  3.5685697E-04   5.676573    
  3.5785782E-04   5.259706    
  3.5885884E-04   9.863811    
  3.5985987E-04   14.46919    
  3.6086090E-04   5.019380    
  3.6186195E-04   4.621168    
  3.6286286E-04   1.704265    
  3.6386392E-04   1.314714    
  3.6486483E-04   2.368307    
  3.6586588E-04   4.476274    
  3.6686691E-04   6.839278    
  3.6786793E-04   3.857624    
  3.6886887E-04   6.275090    
  3.6986990E-04   2.952766    
  3.7087093E-04   1.008886    
  3.7187195E-04  0.9265428    
  3.7287289E-04 -0.2825736    
  3.7387392E-04 -0.3232400    
  3.7487486E-04   3.130666    
  3.7587588E-04   2.202765    
  3.7687691E-04 -0.2699677    
  3.7787796E-04 -0.5462073    
  3.7887899E-04 -0.2588607    
  3.7987981E-04 -0.4527658    
  3.8088084E-04 -1.5090913E-02
  3.8188187E-04  0.4386215    
  3.8288292E-04 -0.6566870    
  3.8388395E-04 -0.4358371    
  3.8488497E-04  5.7278022E-02
  3.8588591E-04 -0.2931491    
  3.8688694E-04   1.563900    
  3.8788788E-04   5.251061    
  3.8888890E-04   5.897648    
  3.8988993E-04  0.1445354    
  3.9089096E-04  -1.711097    
  3.9189190E-04  -3.273134    
  3.9289292E-04  0.4362344    
  3.9389395E-04  0.9859517    
  3.9489500E-04   3.061935    
  3.9589591E-04   1.679840    
  3.9689685E-04   2.371994    
  3.9789788E-04   3.208244    
  3.9889893E-04   7.332601    
  3.9989996E-04   7.489864    
  4.0090099E-04   3.399436    
  4.0190201E-04   1.689689    
  4.0290286E-04  0.6098707    
  4.0390389E-04  -1.741986    
  4.0490492E-04  -2.804579    
  4.0590594E-04  0.8545343    
  4.0690697E-04  -2.137985    
  4.0790800E-04  -4.166147    
  4.0890893E-04   3.145494    
  4.0990996E-04   3.005428    
  4.1091090E-04   1.113555    
  4.1191193E-04  0.5910780    
  4.1291298E-04   2.123203    
  4.1391401E-04   2.402200    
  4.1491495E-04   4.261932    
  4.1591597E-04   4.974545    
  4.1691700E-04  -2.660943    
  4.1791794E-04  -1.971322    
  4.1891896E-04  -4.295574    
  4.1991990E-04  0.5641101    
  4.2092093E-04  -2.307653    
  4.2192196E-04  -1.222256    
  4.2292298E-04  0.5696377    
  4.2392401E-04   4.839643    
  4.2492506E-04   4.337158    
  4.2592589E-04   1.657655    
  4.2692691E-04  0.3573603    
  4.2792794E-04  0.5371023    
  4.2892896E-04 -0.3186434    
  4.2993002E-04  -2.955411    
  4.3093105E-04  0.8561062    
  4.3193199E-04   2.387966    
  4.3293289E-04  0.3998582    
  4.3393395E-04  9.5687725E-02
  4.3493498E-04   2.421387    
  4.3593600E-04   1.017314    
  4.3693694E-04  -1.141344    
  4.3793797E-04  2.4220619E-02
  4.3893899E-04 -0.9165109    
  4.3994002E-04  -6.389228    
  4.4094096E-04  -4.315998    
  4.4194199E-04  -3.933074    
  4.4294292E-04  -3.231846    
  4.4394395E-04  -1.308381    
  4.4494498E-04 -0.1756413    
  4.4594603E-04   1.559095    
  4.4694706E-04  -2.856992    
  4.4794808E-04  0.8794329    
  4.4894891E-04  0.6198713    
  4.4994996E-04  0.8732952    
  4.5095099E-04   1.704026    
  4.5195202E-04   2.361643    
  4.5295304E-04  -2.286737    
  4.5395398E-04   1.532888    
  4.5495501E-04   4.172015    
  4.5595595E-04   2.762348    
  4.5695697E-04   5.901549    
  4.5795800E-04   7.304192    
  4.5895902E-04   7.208838    
  4.5995996E-04   4.425274    
  4.6096099E-04  0.7830422    
  4.6196204E-04   1.996575    
  4.6296307E-04   4.828814    
  4.6396401E-04   4.510784    
  4.6496504E-04   5.650572    
  4.6596595E-04  0.4451097    
  4.6696700E-04 -0.3283509    
  4.6796803E-04  -1.334984    
  4.6896905E-04 -0.9576244    
  4.6997008E-04 -0.8247716    
  4.7097093E-04  0.2498794    
  4.7197196E-04  0.4759550    
  4.7297298E-04 -0.2993043    
  4.7397401E-04 -0.4016984    
  4.7497504E-04 -0.8211874    
  4.7597609E-04   1.916494    
  4.7697700E-04  0.8845419    
  4.7797806E-04   2.320507    
  4.7897897E-04   1.194328    
  4.7997999E-04  -1.117018    
  4.8098105E-04  0.1208669    
  4.8198208E-04  -3.870219    
  4.8298301E-04  -1.736985    
  4.8398404E-04  -2.025048    
  4.8498507E-04  -1.438882    
  4.8598601E-04  -1.621985    
  4.8698703E-04  -1.576565    
  4.8798806E-04   2.114326    
  4.8898900E-04   1.217725    
  4.8999005E-04 -0.8144715    
  4.9099105E-04  0.8762535    
  4.9199210E-04  -2.481031    
  4.9299310E-04  -2.228864    
  4.9399398E-04 -7.6700032E-02
  4.9499498E-04   1.031776    
  4.9599604E-04  -1.104671    
  4.9699703E-04   2.837471    
  4.9799809E-04 -8.0459103E-02
  4.9899908E-04  -3.470563    
  5.0000002E-04 -0.1794845    
