 -5.0000002E-04  -1.616122    
 -4.9899908E-04  -1.341334    
 -4.9799803E-04  0.1173996    
 -4.9699703E-04   2.248691    
 -4.9599604E-04   4.120446    
 -4.9499504E-04   5.247528    
 -4.9399404E-04   5.804258    
 -4.9299304E-04   6.013963    
 -4.9199205E-04   5.725681    
 -4.9099105E-04   4.768937    
 -4.8999005E-04   3.748288    
 -4.8898906E-04   3.856287    
 -4.8798800E-04   5.743564    
 -4.8698703E-04   8.474533    
 -4.8598603E-04   10.03846    
 -4.8498501E-04   9.102583    
 -4.8398404E-04   6.198789    
 -4.8298301E-04   3.136526    
 -4.8198202E-04   1.326271    
 -4.8098105E-04  0.7703719    
 -4.7997999E-04  0.6984414    
 -4.7897903E-04  0.7473083    
 -4.7797806E-04   1.229991    
 -4.7697700E-04   2.364105    
 -4.7597603E-04   3.554001    
 -4.7497501E-04   3.987393    
 -4.7397401E-04   3.630017    
 -4.7297304E-04   3.405888    
 -4.7197202E-04   4.084233    
 -4.7097102E-04   5.245654    
 -4.6996999E-04   5.508610    
 -4.6896900E-04   4.187570    
 -4.6796803E-04   2.184561    
 -4.6696700E-04   1.237208    
 -4.6596600E-04   2.268252    
 -4.6496504E-04   4.479646    
 -4.6396401E-04   6.291296    
 -4.6296301E-04   6.879608    
 -4.6196199E-04   6.674767    
 -4.6096099E-04   6.550137    
 -4.5996002E-04   6.801285    
 -4.5895900E-04   7.123142    
 -4.5795800E-04   7.276471    
 -4.5695697E-04   7.463235    
 -4.5595600E-04   7.951026    
 -4.5495501E-04   8.507574    
 -4.5395398E-04   8.563745    
 -4.5295298E-04   7.863760    
 -4.5195202E-04   6.834854    
 -4.5095099E-04   6.241388    
 -4.4994999E-04   6.392902    
 -4.4894897E-04   6.933657    
 -4.4794800E-04   7.232358    
 -4.4694700E-04   6.830867    
 -4.4594597E-04   5.593624    
 -4.4494498E-04   3.714138    
 -4.4394401E-04   1.801049    
 -4.4294298E-04  0.7663346    
 -4.4194199E-04   1.266011    
 -4.4094096E-04   2.856966    
 -4.3993999E-04   4.069112    
 -4.3893899E-04   3.576241    
 -4.3793797E-04   1.663516    
 -4.3693697E-04  0.1453730    
 -4.3593600E-04  0.7576143    
 -4.3493498E-04   3.244673    
 -4.3393398E-04   5.621231    
 -4.3293295E-04   6.145449    
 -4.3193199E-04   5.059468    
 -4.3093093E-04   4.085907    
 -4.2992996E-04   4.464347    
 -4.2892896E-04   5.587658    
 -4.2792794E-04   6.011765    
 -4.2692697E-04   5.272112    
 -4.2592597E-04   4.521805    
 -4.2492495E-04   5.047080    
 -4.2392398E-04   6.717175    
 -4.2292298E-04   8.176420    
 -4.2192196E-04   8.443865    
 -4.2092099E-04   7.949337    
 -4.1991993E-04   7.629251    
 -4.1891896E-04   7.466610    
 -4.1791797E-04   6.444746    
 -4.1691694E-04   4.127622    
 -4.1591597E-04   1.740087    
 -4.1491495E-04   1.055927    
 -4.1391395E-04   2.314964    
 -4.1291295E-04   3.565115    
 -4.1191195E-04   2.680760    
 -4.1091096E-04 -0.2444815    
 -4.0990996E-04  -2.718205    
 -4.0890893E-04  -2.477712    
 -4.0790797E-04  0.1946353    
 -4.0690694E-04   2.989786    
 -4.0590594E-04   4.122634    
 -4.0490495E-04   3.975563    
 -4.0390392E-04   4.133445    
 -4.0290295E-04   5.113395    
 -4.0190195E-04   5.777928    
 -4.0090093E-04   4.918959    
 -3.9989993E-04   3.032463    
 -3.9889893E-04   1.818728    
 -3.9789794E-04   2.289370    
 -3.9689694E-04   3.621258    
 -3.9589591E-04   4.333456    
 -3.9489495E-04   4.162232    
 -3.9389392E-04   4.187658    
 -3.9289292E-04   5.284396    
 -3.9189195E-04   6.855222    
 -3.9089093E-04   7.542770    
 -3.8988993E-04   6.993155    
 -3.8888893E-04   6.389109    
 -3.8788791E-04   7.018966    
 -3.8688694E-04   8.690338    
 -3.8588591E-04   10.11625    
 -3.8488492E-04   10.58788    
 -3.8388392E-04   10.72557    
 -3.8288292E-04   11.23113    
 -3.8188192E-04   11.35911    
 -3.8088090E-04   9.469581    
 -3.7987990E-04   5.366109    
 -3.7887890E-04   1.420422    
 -3.7787791E-04  0.6910738    
 -3.7687691E-04   3.841067    
 -3.7587588E-04   8.042883    
 -3.7487491E-04   9.895129    
 -3.7387392E-04   8.721159    
 -3.7287292E-04   6.859549    
 -3.7187192E-04   6.520655    
 -3.7087090E-04   7.068364    
 -3.6986990E-04   5.946424    
 -3.6886890E-04   2.196459    
 -3.6786791E-04  -1.719364    
 -3.6686691E-04  -2.158854    
 -3.6586588E-04   1.744786    
 -3.6486489E-04   6.943223    
 -3.6386392E-04   9.513629    
 -3.6286289E-04   8.556755    
 -3.6186189E-04   6.675563    
 -3.6086090E-04   6.882145    
 -3.5985987E-04   9.428321    
 -3.5885890E-04   11.93979    
 -3.5785791E-04   12.20579    
 -3.5685688E-04   10.37385    
 -3.5585591E-04   8.354207    
 -3.5485488E-04   7.603030    
 -3.5385389E-04   8.115394    
 -3.5285289E-04   9.114734    
 -3.5185186E-04   10.26973    
 -3.5085090E-04   11.67350    
 -3.4984987E-04   13.02686    
 -3.4884887E-04   13.47702    
 -3.4784790E-04   12.48147    
 -3.4684685E-04   10.54410    
 -3.4584588E-04   8.741039    
 -3.4484488E-04   7.555514    
 -3.4384386E-04   6.472927    
 -3.4284289E-04   4.923706    
 -3.4184186E-04   3.223623    
 -3.4084087E-04   2.388101    
 -3.3983990E-04   2.933500    
 -3.3883884E-04   4.415339    
 -3.3783788E-04   6.121761    
 -3.3683688E-04   7.944459    
 -3.3583585E-04   10.15528    
 -3.3483488E-04   12.53853    
 -3.3383386E-04   13.99524    
 -3.3283286E-04   13.57420    
 -3.3183186E-04   11.69125    
 -3.3083084E-04   9.902500    
 -3.2982987E-04   9.328922    
 -3.2882884E-04   9.579159    
 -3.2782785E-04   9.434944    
 -3.2682685E-04   8.483089    
 -3.2582585E-04   7.676421    
 -3.2482485E-04   8.000969    
 -3.2382389E-04   9.127862    
 -3.2282286E-04   9.591688    
 -3.2182186E-04   8.521532    
 -3.2082087E-04   6.783268    
 -3.1981984E-04   5.876734    
 -3.1881887E-04   6.317674    
 -3.1781784E-04   7.123737    
 -3.1681685E-04   7.268780    
 -3.1581585E-04   7.103554    
 -3.1481485E-04   8.106869    
 -3.1381386E-04   10.97614    
 -3.1281283E-04   14.78903    
 -3.1181183E-04   17.77752    
 -3.1081084E-04   18.93280    
 -3.0980984E-04   18.57108    
 -3.0880884E-04   17.40188    
 -3.0780784E-04   15.79935    
 -3.0680685E-04   14.08938    
 -3.0580585E-04   13.25764    
 -3.0480482E-04   14.28187    
 -3.0380383E-04   16.79031    
 -3.0280283E-04   18.50707    
 -3.0180183E-04   17.02231    
 -3.0080084E-04   12.32365    
 -2.9979981E-04   7.051706    
 -2.9879884E-04   4.173575    
 -2.9779781E-04   4.166652    
 -2.9679682E-04   4.833431    
 -2.9579582E-04   4.129788    
 -2.9479479E-04   2.257841    
 -2.9379383E-04   1.163393    
 -2.9279280E-04   2.110998    
 -2.9179180E-04   4.231627    
 -2.9079083E-04   5.655205    
 -2.8978981E-04   5.644073    
 -2.8878881E-04   5.027868    
 -2.8778781E-04   5.064051    
 -2.8678682E-04   6.120961    
 -2.8578579E-04   8.172060    
 -2.8478479E-04   11.55922    
 -2.8378383E-04   16.54761    
 -2.8278283E-04   21.85133    
 -2.8178180E-04   24.57460    
 -2.8078081E-04   22.45278    
 -2.7977981E-04   16.55632    
 -2.7877878E-04   10.93891    
 -2.7777781E-04   9.474489    
 -2.7677679E-04   12.42618    
 -2.7577582E-04   16.83169    
 -2.7477479E-04   19.68877    
 -2.7377380E-04   20.51605    
 -2.7277280E-04   20.66569    
 -2.7177180E-04   21.08094    
 -2.7077078E-04   21.41863    
 -2.6976981E-04   21.73221    
 -2.6876878E-04   23.71453    
 -2.6776778E-04   29.00341    
 -2.6676682E-04   36.56919    
 -2.6576579E-04   42.37484    
 -2.6476479E-04   42.86831    
 -2.6376380E-04   38.64989    
 -2.6276280E-04   33.93432    
 -2.6176177E-04   32.15699    
 -2.6076080E-04   32.25910    
 -2.5975978E-04   30.08872    
 -2.5875878E-04   23.04198    
 -2.5775778E-04   12.88886    
 -2.5675679E-04   4.026783    
 -2.5575579E-04 -0.3525005    
 -2.5475476E-04  3.9936926E-02
 -2.5375377E-04   4.067584    
 -2.5275280E-04   10.94529    
 -2.5175174E-04   19.69186    
 -2.5075077E-04   27.64188    
 -2.4974978E-04   31.40080    
 -2.4874875E-04   30.11446    
 -2.4774778E-04   27.16472    
 -2.4674676E-04   27.51987    
 -2.4574579E-04   32.85485    
 -2.4474476E-04   39.95904    
 -2.4374378E-04   44.19627    
 -2.4274277E-04   44.16811    
 -2.4174176E-04   42.27068    
 -2.4074076E-04   40.71735    
 -2.3973978E-04   38.49267    
 -2.3873876E-04   33.33264    
 -2.3773775E-04   25.93484    
 -2.3673676E-04   20.81784    
 -2.3573577E-04   21.63055    
 -2.3473473E-04   26.41623    
 -2.3373375E-04   28.79689    
 -2.3273277E-04   24.77973    
 -2.3173174E-04   17.39927    
 -2.3073076E-04   13.78663    
 -2.2972975E-04   17.80577    
 -2.2872876E-04   26.24109    
 -2.2772774E-04   32.82775    
 -2.2672676E-04   35.06858    
 -2.2572574E-04   36.07185    
 -2.2472475E-04   39.81772    
 -2.2372373E-04   45.92016    
 -2.2272275E-04   50.15433    
 -2.2172173E-04   49.48352    
 -2.2072074E-04   45.44242    
 -2.1971973E-04   41.72989    
 -2.1871875E-04   39.76905    
 -2.1771772E-04   37.66442    
 -2.1671674E-04   33.82121    
 -2.1571576E-04   30.35129    
 -2.1471472E-04   31.45115    
 -2.1371373E-04   38.91803    
 -2.1271274E-04   49.72116    
 -2.1171173E-04   58.51750    
 -2.1071071E-04   62.07315    
 -2.0970973E-04   60.68005    
 -2.0870873E-04   56.70937    
 -2.0770772E-04   52.50734    
 -2.0670671E-04   50.21788    
 -2.0570573E-04   51.71315    
 -2.0470470E-04   56.88544    
 -2.0370372E-04   62.21792    
 -2.0270271E-04   63.10833    
 -2.0170174E-04   58.50344    
 -2.0070070E-04   53.54339    
 -1.9969972E-04   54.82803    
 -1.9869873E-04   62.72909    
 -1.9769771E-04   69.33173    
 -1.9669672E-04   65.70714    
 -1.9569571E-04   51.81106    
 -1.9469472E-04   37.99406    
 -1.9369370E-04   35.57982    
 -1.9269272E-04   45.84250    
 -1.9169171E-04   59.18261    
 -1.9069071E-04   65.36019    
 -1.8968970E-04   63.56216    
 -1.8868872E-04   62.15460    
 -1.8768769E-04   69.32645    
 -1.8668671E-04   84.92903    
 -1.8568570E-04   101.6487    
 -1.8468469E-04   112.4923    
 -1.8368370E-04   115.6085    
 -1.8268271E-04   113.3258    
 -1.8168172E-04   108.2027    
 -1.8068068E-04   102.2323    
 -1.7967970E-04   97.72297    
 -1.7867870E-04   97.15718    
 -1.7767769E-04   100.8404    
 -1.7667668E-04   106.1102    
 -1.7567570E-04   110.4930    
 -1.7467470E-04   114.7825    
 -1.7367369E-04   121.6847    
 -1.7267268E-04   130.5998    
 -1.7167169E-04   136.4229    
 -1.7067067E-04   135.0991    
 -1.6966969E-04   129.9200    
 -1.6866867E-04   129.9486    
 -1.6766768E-04   139.3411    
 -1.6666669E-04   150.7462    
 -1.6566568E-04   151.5554    
 -1.6466470E-04   138.4585    
 -1.6366367E-04   123.3388    
 -1.6266269E-04   122.0135    
 -1.6166168E-04   137.4046    
 -1.6066067E-04   156.1336    
 -1.5965967E-04   163.1651    
 -1.5865869E-04   158.3488    
 -1.5765765E-04   155.8080    
 -1.5665666E-04   167.2717    
 -1.5565567E-04   189.9636    
 -1.5465468E-04   212.5988    
 -1.5365364E-04   231.5758    
 -1.5265266E-04   255.5975    
 -1.5165166E-04   292.3913    
 -1.5065065E-04   334.6501    
 -1.4964967E-04   364.7791    
 -1.4864867E-04   374.9922    
 -1.4764769E-04   378.6178    
 -1.4664665E-04   397.3266    
 -1.4564567E-04   437.8920    
 -1.4464467E-04   485.9723    
 -1.4364366E-04   524.4695    
 -1.4264265E-04   554.9119    
 -1.4164166E-04   595.6796    
 -1.4064064E-04   659.1095    
 -1.3963965E-04   736.1774    
 -1.3863864E-04   806.9038    
 -1.3763766E-04   864.5718    
 -1.3663663E-04   923.4554    
 -1.3563565E-04   1001.769    
 -1.3463464E-04   1102.510    
 -1.3363364E-04   1215.716    
 -1.3263266E-04   1338.378    
 -1.3163165E-04   1484.327    
 -1.3063064E-04   1672.642    
 -1.2962964E-04   1913.951    
 -1.2862866E-04   2217.517    
 -1.2762765E-04   2610.331    
 -1.2662663E-04   3136.566    
 -1.2562564E-04   3831.010    
 -1.2462465E-04   4707.222    
 -1.2362361E-04   5797.873    
 -1.2262263E-04   7212.129    
 -1.2162163E-04   9111.988    
 -1.2062062E-04   11550.60    
 -1.1961962E-04   14266.80    
 -1.1861863E-04   16637.74    
 -1.1761765E-04   17915.26    
 -1.1661662E-04   17637.88    
 -1.1561564E-04   15925.23    
 -1.1461463E-04   13413.96    
 -1.1361362E-04   10873.26    
 -1.1261262E-04   8792.223    
 -1.1161163E-04   7233.216    
 -1.1061063E-04   6001.953    
 -1.0960962E-04   4924.680    
 -1.0860861E-04   3984.735    
 -1.0760763E-04   3253.537    
 -1.0660660E-04   2750.496    
 -1.0560562E-04   2396.630    
 -1.0460461E-04   2088.907    
 -1.0360360E-04   1789.850    
 -1.0260260E-04   1533.109    
 -1.0160162E-04   1355.369    
 -1.0060064E-04   1243.567    
 -9.9599602E-05   1151.747    
 -9.8598619E-05   1054.031    
 -9.7597615E-05   964.5136    
 -9.6596603E-05   905.6539    
 -9.5595598E-05   871.1627    
 -9.4594616E-05   830.3741    
 -9.3593582E-05   765.8596    
 -9.2592600E-05   694.4868    
 -9.1591595E-05   647.7643    
 -9.0590613E-05   635.8032    
 -8.9589579E-05   638.3674    
 -8.8588597E-05   630.3120    
 -8.7587592E-05   607.4398    
 -8.6586588E-05   583.2250    
 -8.5585576E-05   565.0970    
 -8.4584601E-05   542.7448    
 -8.3583567E-05   503.4696    
 -8.2582585E-05   452.6230    
 -8.1581602E-05   412.5903    
 -8.0580619E-05   400.0186    
 -7.9579586E-05   409.2040    
 -7.8578603E-05   419.4039    
 -7.7577577E-05   416.0646    
 -7.6576594E-05   401.4600    
 -7.5575561E-05   386.0740    
 -7.4574578E-05   375.5522    
 -7.3573596E-05   369.5602    
 -7.2572562E-05   369.6710    
 -7.1571536E-05   380.4407    
 -7.0570597E-05   399.8904    
 -6.9569571E-05   414.6551    
 -6.8568588E-05   409.7784    
 -6.7567606E-05   385.8952    
 -6.6566572E-05   361.8483    
 -6.5565589E-05   356.9198    
 -6.4564556E-05   371.0726    
 -6.3563581E-05   386.1581    
 -6.2562598E-05   386.3602    
 -6.1561565E-05   374.9423    
 -6.0560531E-05   366.9140    
 -5.9559599E-05   370.0375    
 -5.8558566E-05   376.9263    
 -5.7557536E-05   377.6248    
 -5.6556553E-05   375.0841    
 -5.5555571E-05   382.3739    
 -5.4554541E-05   404.5349    
 -5.3553558E-05   427.6776    
 -5.2552525E-05   433.4799    
 -5.1551593E-05   420.5222    
 -5.0550563E-05   408.7866    
 -4.9549530E-05   418.8148    
 -4.8548598E-05   448.9845    
 -4.7547564E-05   478.2352    
 -4.6546535E-05   490.1161    
 -4.5545552E-05   490.7945    
 -4.4544569E-05   500.7984    
 -4.3543540E-05   529.8455    
 -4.2542557E-05   565.8656    
 -4.1541523E-05   589.7787    
 -4.0540544E-05   598.0454    
 -3.9539562E-05   607.3652    
 -3.8538528E-05   635.3706    
 -3.7537498E-05   682.6215    
 -3.6536563E-05   733.4372    
 -3.5535533E-05   776.6983    
 -3.4534503E-05   818.5135    
 -3.3533568E-05   876.0092    
 -3.2532538E-05   957.4435    
 -3.1531556E-05   1051.530    
 -3.0530522E-05   1136.969    
 -2.9529541E-05   1199.459    
 -2.8528559E-05   1243.952    
 -2.7527529E-05   1291.029    
 -2.6526497E-05   1363.310    
 -2.5525564E-05   1473.113    
 -2.4524532E-05   1616.221    
 -2.3523500E-05   1776.256    
 -2.2522518E-05   1935.994    
 -2.1521537E-05   2089.770    
 -2.0520505E-05   2246.986    
 -1.9519523E-05   2424.900    
 -1.8518491E-05   2638.712    
 -1.7517508E-05   2899.828    
 -1.6516527E-05   3223.228    
 -1.5515496E-05   3627.224    
 -1.4514562E-05   4118.319    
 -1.3513531E-05   4679.016    
 -1.2512499E-05   5281.372    
 -1.1511517E-05   5933.181    
 -1.0510535E-05   6710.094    
 -9.5095029E-06   7736.721    
 -8.5085212E-06   9113.523    
 -7.5074895E-06   10854.13    
 -6.5065074E-06   12900.29    
 -5.5055252E-06   15192.70    
 -4.5044940E-06   17711.03    
 -3.5034623E-06   20413.72    
 -2.5025295E-06   23102.74    
 -1.5014979E-06   25360.51    
 -5.0046629E-07   26670.13    
  5.0046629E-07   26669.91    
  1.5014979E-06   25360.44    
  2.5025295E-06   23102.41    
  3.5035116E-06   20414.11    
  4.5044940E-06   17710.88    
  5.5054761E-06   15192.31    
  6.5065074E-06   12900.40    
  7.5075391E-06   10854.05    
  8.5084721E-06   9113.136    
  9.5095029E-06   7736.945    
  1.0510535E-05   6710.069    
  1.1511517E-05   5933.241    
  1.2512499E-05   5281.331    
  1.3513531E-05   4678.971    
  1.4514513E-05   4118.386    
  1.5515496E-05   3627.169    
  1.6516527E-05   3223.238    
  1.7517508E-05   2899.869    
  1.8518540E-05   2638.658    
  1.9519523E-05   2424.895    
  2.0520505E-05   2247.040    
  2.1521537E-05   2089.708    
  2.2522518E-05   1935.990    
  2.3523500E-05   1776.220    
  2.4524532E-05   1616.222    
  2.5525515E-05   1473.083    
  2.6526546E-05   1363.190    
  2.7527529E-05   1291.028    
  2.8528510E-05   1243.897    
  2.9529541E-05   1199.515    
  3.0530573E-05   1136.953    
  3.1531505E-05   1051.593    
  3.2532538E-05   957.4537    
  3.3533568E-05   876.0355    
  3.4534503E-05   818.5392    
  3.5535533E-05   776.6937    
  3.6536563E-05   733.4019    
  3.7537546E-05   682.5572    
  3.8538528E-05   635.3650    
  3.9539562E-05   607.3917    
  4.0540544E-05   598.0293    
  4.1541574E-05   589.7283    
  4.2542506E-05   565.8810    
  4.3543540E-05   529.8723    
  4.4544569E-05   500.8028    
  4.5545552E-05   490.8064    
  4.6546535E-05   490.0960    
  4.7547564E-05   478.2869    
  4.8548547E-05   449.0138    
  4.9549530E-05   418.8152    
  5.0550563E-05   408.8065    
  5.1551546E-05   420.5381    
  5.2552576E-05   433.4380    
  5.3553558E-05   427.6715    
  5.4554541E-05   404.5063    
  5.5555571E-05   382.3922    
  5.6556604E-05   375.0996    
  5.7557536E-05   377.6409    
  5.8558566E-05   376.9343    
  5.9559548E-05   370.1120    
  6.0560582E-05   366.8461    
  6.1561565E-05   374.9002    
  6.2562547E-05   386.4171    
  6.3563581E-05   386.1583    
  6.4564607E-05   371.0691    
  6.5565539E-05   356.8338    
  6.6566572E-05   361.8601    
  6.7567606E-05   385.8609    
  6.8568537E-05   409.7241    
  6.9569571E-05   414.6152    
  7.0570597E-05   399.8806    
  7.1571580E-05   380.4222    
  7.2572562E-05   369.6546    
  7.3573596E-05   369.5403    
  7.4574578E-05   375.5539    
  7.5575612E-05   386.0833    
  7.6576594E-05   401.4380    
  7.7577577E-05   416.0456    
  7.8578603E-05   419.4126    
  7.9579586E-05   409.2042    
  8.0580568E-05   400.0177    
  8.1581602E-05   412.5874    
  8.2582585E-05   452.6175    
  8.3583567E-05   503.4802    
  8.4584601E-05   542.7247    
  8.5585576E-05   565.0844    
  8.6586610E-05   583.2349    
  8.7587592E-05   607.4551    
  8.8588575E-05   630.3051    
  8.9589608E-05   638.3461    
  9.0590642E-05   635.7540    
  9.1591573E-05   647.7747    
  9.2592600E-05   694.5005    
  9.3593633E-05   765.8289    
  9.4594616E-05   830.3715    
  9.5595598E-05   871.1396    
  9.6596581E-05   905.6579    
  9.7597615E-05   964.5018    
  9.8598641E-05   1054.046    
  9.9599580E-05   1151.722    
  1.0060061E-04   1243.514    
  1.0160164E-04   1355.384    
  1.0260257E-04   1533.107    
  1.0360360E-04   1789.843    
  1.0460464E-04   2088.890    
  1.0560562E-04   2396.647    
  1.0660660E-04   2750.495    
  1.0760763E-04   3253.558    
  1.0860861E-04   3984.745    
  1.0960965E-04   4924.696    
  1.1061063E-04   6001.931    
  1.1161161E-04   7233.185    
  1.1261264E-04   8792.274    
  1.1361362E-04   10873.26    
  1.1461460E-04   13413.90    
  1.1561564E-04   15925.24    
  1.1661662E-04   17637.87    
  1.1761760E-04   17915.35    
  1.1861863E-04   16637.76    
  1.1961962E-04   14266.79    
  1.2062064E-04   11550.48    
  1.2162163E-04   9111.983    
  1.2262262E-04   7212.147    
  1.2362364E-04   5797.863    
  1.2462467E-04   4707.224    
  1.2562561E-04   3831.026    
  1.2662663E-04   3136.558    
  1.2762767E-04   2610.322    
  1.2862866E-04   2217.500    
  1.2962964E-04   1913.947    
  1.3063067E-04   1672.614    
  1.3163165E-04   1484.316    
  1.3263263E-04   1338.387    
  1.3363361E-04   1215.719    
  1.3463464E-04   1102.491    
  1.3563568E-04   1001.778    
  1.3663661E-04   923.4396    
  1.3763765E-04   864.5760    
  1.3863867E-04   806.8967    
  1.3963965E-04   736.1733    
  1.4064064E-04   659.1247    
  1.4164166E-04   595.6628    
  1.4264265E-04   554.9117    
  1.4364369E-04   524.4493    
  1.4464467E-04   485.9744    
  1.4564565E-04   437.8871    
  1.4664668E-04   397.3201    
  1.4764770E-04   378.6439    
  1.4864864E-04   375.0275    
  1.4964967E-04   364.7711    
  1.5065065E-04   334.6562    
  1.5165163E-04   292.3883    
  1.5265266E-04   255.6003    
  1.5365364E-04   231.5794    
  1.5465468E-04   212.6001    
  1.5565567E-04   189.9605    
  1.5665665E-04   167.2903    
  1.5765768E-04   155.8045    
  1.5865870E-04   158.3370    
  1.5965964E-04   163.1692    
  1.6066067E-04   156.1332    
  1.6166171E-04   137.4264    
  1.6266269E-04   122.0120    
  1.6366367E-04   123.3300    
  1.6466470E-04   138.4714    
  1.6566568E-04   151.5606    
  1.6666666E-04   150.7418    
  1.6766769E-04   139.3467    
  1.6866867E-04   129.9418    
  1.6966971E-04   129.9299    
  1.7067064E-04   135.0722    
  1.7167168E-04   136.4305    
  1.7267271E-04   130.5937    
  1.7367369E-04   121.6728    
  1.7467467E-04   114.7985    
  1.7567570E-04   110.4945    
  1.7667668E-04   106.0956    
  1.7767772E-04   100.8291    
  1.7867870E-04   97.15612    
  1.7967969E-04   97.71722    
  1.8068071E-04   102.2308    
  1.8168174E-04   108.2008    
  1.8268268E-04   113.3177    
  1.8368370E-04   115.6115    
  1.8468474E-04   112.4730    
  1.8568567E-04   101.6538    
  1.8668671E-04   84.92799    
  1.8768769E-04   69.32560    
  1.8868872E-04   62.14721    
  1.8968970E-04   63.54459    
  1.9069068E-04   65.34514    
  1.9169171E-04   59.17591    
  1.9269275E-04   45.81518    
  1.9369368E-04   35.57993    
  1.9469472E-04   38.00372    
  1.9569574E-04   51.81415    
  1.9669672E-04   65.71322    
  1.9769771E-04   69.32863    
  1.9869873E-04   62.72742    
  1.9969972E-04   54.81761    
  2.0070070E-04   53.54953    
  2.0170174E-04   58.50505    
  2.0270271E-04   63.09973    
  2.0370375E-04   62.23312    
  2.0470467E-04   56.87534    
  2.0570571E-04   51.70990    
  2.0670674E-04   50.23262    
  2.0770772E-04   52.50446    
  2.0870871E-04   56.72083    
  2.0970973E-04   60.68770    
  2.1071071E-04   62.07567    
  2.1171175E-04   58.51874    
  2.1271274E-04   49.71969    
  2.1371372E-04   38.92996    
  2.1471475E-04   31.46016    
  2.1571573E-04   30.34213    
  2.1671671E-04   33.83512    
  2.1771774E-04   37.65112    
  2.1871878E-04   39.76279    
  2.1971970E-04   41.73090    
  2.2072074E-04   45.43747    
  2.2172177E-04   49.48378    
  2.2272275E-04   50.15352    
  2.2372373E-04   45.91830    
  2.2472472E-04   39.81982    
  2.2572574E-04   36.07809    
  2.2672678E-04   35.08934    
  2.2772771E-04   32.83697    
  2.2872875E-04   26.24514    
  2.2972978E-04   17.79025    
  2.3073076E-04   13.78181    
  2.3173174E-04   17.40698    
  2.3273277E-04   24.77926    
  2.3373375E-04   28.79834    
  2.3473473E-04   26.40392    
  2.3573577E-04   21.62781    
  2.3673676E-04   20.81808    
  2.3773778E-04   25.93002    
  2.3873876E-04   33.33733    
  2.3973975E-04   38.49924    
  2.4074077E-04   40.71157    
  2.4174176E-04   42.27525    
  2.4274274E-04   44.17521    
  2.4374378E-04   44.19224    
  2.4474476E-04   39.96357    
  2.4574579E-04   32.86054    
  2.4674676E-04   27.51974    
  2.4774775E-04   27.16241    
  2.4874878E-04   30.11668    
  2.4974978E-04   31.39566    
  2.5075075E-04   27.63499    
  2.5175177E-04   19.69459    
  2.5275280E-04   10.95771    
  2.5375374E-04   4.056607    
  2.5475476E-04  2.8988561E-02
  2.5575582E-04 -0.3560168    
  2.5675679E-04   4.030272    
  2.5775778E-04   12.88743    
  2.5875881E-04   23.04463    
  2.5975978E-04   30.07994    
  2.6076080E-04   32.25250    
  2.6176174E-04   32.14552    
  2.6276277E-04   33.93375    
  2.6376382E-04   38.64576    
  2.6476473E-04   42.86780    
  2.6576579E-04   42.37745    
  2.6676682E-04   36.56985    
  2.6776778E-04   29.00739    
  2.6876878E-04   23.71169    
  2.6976981E-04   21.73531    
  2.7077078E-04   21.41924    
  2.7177183E-04   21.07442    
  2.7277280E-04   20.66816    
  2.7377377E-04   20.50730    
  2.7477482E-04   19.68386    
  2.7577585E-04   16.83924    
  2.7677679E-04   12.43204    
  2.7777781E-04   9.469830    
  2.7877878E-04   10.93998    
  2.7977981E-04   16.55579    
  2.8078081E-04   22.45441    
  2.8178177E-04   24.58130    
  2.8278283E-04   21.85275    
  2.8378380E-04   16.54710    
  2.8478479E-04   11.56480    
  2.8578582E-04   8.161247    
  2.8678685E-04   6.117688    
  2.8778779E-04   5.063314    
  2.8878881E-04   5.034305    
  2.8978984E-04   5.645572    
  2.9079083E-04   5.656367    
  2.9179180E-04   4.233028    
  2.9279283E-04   2.112288    
  2.9379383E-04   1.160527    
  2.9479485E-04   2.243271    
  2.9579582E-04   4.129852    
  2.9679682E-04   4.829101    
  2.9779784E-04   4.152065    
  2.9879878E-04   4.184682    
  2.9979981E-04   7.046480    
  3.0080084E-04   12.32473    
  3.0180183E-04   17.02688    
  3.0280280E-04   18.51615    
  3.0380383E-04   16.79071    
  3.0480482E-04   14.28923    
  3.0580585E-04   13.24662    
  3.0680685E-04   14.09663    
  3.0780782E-04   15.79888    
  3.0880884E-04   17.40665    
  3.0980987E-04   18.56974    
  3.1081081E-04   18.92827    
  3.1181183E-04   17.78131    
  3.1281289E-04   14.78468    
  3.1381386E-04   10.97650    
  3.1481485E-04   8.104322    
  3.1581582E-04   7.122270    
  3.1681685E-04   7.264595    
  3.1781784E-04   7.111189    
  3.1881881E-04   6.321471    
  3.1981984E-04   5.875501    
  3.2082089E-04   6.790606    
  3.2182180E-04   8.541193    
  3.2282286E-04   9.590475    
  3.2382389E-04   9.128419    
  3.2482485E-04   7.999344    
  3.2582585E-04   7.676442    
  3.2682688E-04   8.486862    
  3.2782785E-04   9.433635    
  3.2882890E-04   9.579634    
  3.2982987E-04   9.323952    
  3.3083084E-04   9.904553    
  3.3183189E-04   11.69388    
  3.3283292E-04   13.57535    
  3.3383386E-04   13.99054    
  3.3483488E-04   12.53924    
  3.3583582E-04   10.16174    
  3.3683685E-04   7.951068    
  3.3783788E-04   6.132143    
  3.3883881E-04   4.425742    
  3.3983984E-04   2.928396    
  3.4084087E-04   2.386069    
  3.4184189E-04   3.224393    
  3.4284283E-04   4.920747    
  3.4384386E-04   6.474617    
  3.4484488E-04   7.556800    
  3.4584594E-04   8.743488    
  3.4684685E-04   10.54247    
  3.4784790E-04   12.47712    
  3.4884893E-04   13.47963    
  3.4984987E-04   13.04017    
  3.5085090E-04   11.67759    
  3.5185184E-04   10.27108    
  3.5285286E-04   9.114740    
  3.5385389E-04   8.115721    
  3.5485491E-04   7.604154    
  3.5585594E-04   8.343592    
  3.5685697E-04   10.37465    
  3.5785782E-04   12.20216    
  3.5885884E-04   11.93751    
  3.5985987E-04   9.428358    
  3.6086090E-04   6.883976    
  3.6186195E-04   6.683702    
  3.6286286E-04   8.559698    
  3.6386392E-04   9.521783    
  3.6486483E-04   6.946598    
  3.6586588E-04   1.751849    
  3.6686691E-04  -2.160663    
  3.6786793E-04  -1.715501    
  3.6886887E-04   2.191597    
  3.6986990E-04   5.944454    
  3.7087093E-04   7.075176    
  3.7187195E-04   6.519943    
  3.7287289E-04   6.849450    
  3.7387392E-04   8.722596    
  3.7487486E-04   9.894279    
  3.7587588E-04   8.043931    
  3.7687691E-04   3.842337    
  3.7787796E-04  0.7066581    
  3.7887899E-04   1.412585    
  3.7987981E-04   5.371650    
  3.8088084E-04   9.475970    
  3.8188187E-04   11.35386    
  3.8288292E-04   11.22402    
  3.8388395E-04   10.72132    
  3.8488497E-04   10.58676    
  3.8588591E-04   10.10909    
  3.8688694E-04   8.692867    
  3.8788788E-04   7.020882    
  3.8888890E-04   6.393058    
  3.8988993E-04   6.994529    
  3.9089096E-04   7.555220    
  3.9189190E-04   6.854973    
  3.9289292E-04   5.288676    
  3.9389395E-04   4.182682    
  3.9489500E-04   4.164747    
  3.9589591E-04   4.336355    
  3.9689685E-04   3.625635    
  3.9789788E-04   2.282626    
  3.9889893E-04   1.819416    
  3.9989996E-04   3.032910    
  4.0090099E-04   4.926804    
  4.0190201E-04   5.774283    
  4.0290286E-04   5.115047    
  4.0390389E-04   4.139983    
  4.0490492E-04   3.971058    
  4.0590594E-04   4.118330    
  4.0690697E-04   2.982697    
  4.0790800E-04  0.1867317    
  4.0890893E-04  -2.478260    
  4.0990996E-04  -2.717827    
  4.1091090E-04 -0.2428689    
  4.1191193E-04   2.675064    
  4.1291298E-04   3.574564    
  4.1391401E-04   2.315063    
  4.1491495E-04   1.055993    
  4.1591597E-04   1.734588    
  4.1691700E-04   4.123972    
  4.1791794E-04   6.449500    
  4.1891896E-04   7.466876    
  4.1991990E-04   7.630566    
  4.2092093E-04   7.944814    
  4.2192196E-04   8.445544    
  4.2292298E-04   8.173499    
  4.2392401E-04   6.722987    
  4.2492506E-04   5.051357    
  4.2592589E-04   4.522332    
  4.2692691E-04   5.270665    
  4.2792794E-04   6.005046    
  4.2892896E-04   5.587691    
  4.2993002E-04   4.468870    
  4.3093105E-04   4.088080    
  4.3193199E-04   5.058525    
  4.3293289E-04   6.145492    
  4.3393395E-04   5.618893    
  4.3493498E-04   3.245428    
  4.3593600E-04  0.7553638    
  4.3693694E-04  0.1486313    
  4.3793797E-04   1.660904    
  4.3893899E-04   3.578161    
  4.3994002E-04   4.069582    
  4.4094096E-04   2.854760    
  4.4194199E-04   1.265414    
  4.4294292E-04  0.7717194    
  4.4394395E-04   1.797217    
  4.4494498E-04   3.709554    
  4.4594603E-04   5.590315    
  4.4694706E-04   6.831342    
  4.4794808E-04   7.230326    
  4.4894891E-04   6.923021    
  4.4994996E-04   6.393082    
  4.5095099E-04   6.241175    
  4.5195202E-04   6.841498    
  4.5295304E-04   7.859215    
  4.5395398E-04   8.561575    
  4.5495501E-04   8.505963    
  4.5595595E-04   7.955934    
  4.5695697E-04   7.461102    
  4.5795800E-04   7.277682    
  4.5895902E-04   7.116883    
  4.5995996E-04   6.802116    
  4.6096099E-04   6.547461    
  4.6196204E-04   6.680973    
  4.6296307E-04   6.879894    
  4.6396401E-04   6.294235    
  4.6496504E-04   4.477000    
  4.6596595E-04   2.267379    
  4.6696700E-04   1.243320    
  4.6796803E-04   2.183191    
  4.6896905E-04   4.188235    
  4.6997008E-04   5.510488    
  4.7097093E-04   5.241704    
  4.7197196E-04   4.085204    
  4.7297298E-04   3.396693    
  4.7397401E-04   3.627033    
  4.7497504E-04   3.991437    
  4.7597609E-04   3.555920    
  4.7697700E-04   2.364213    
  4.7797806E-04   1.227464    
  4.7897897E-04  0.7434650    
  4.7997999E-04  0.6974804    
  4.8098105E-04  0.7682897    
  4.8198208E-04   1.315683    
  4.8298301E-04   3.137547    
  4.8398404E-04   6.200111    
  4.8498507E-04   9.102689    
  4.8598601E-04   10.02749    
  4.8698703E-04   8.479619    
  4.8798806E-04   5.739467    
  4.8898900E-04   3.855522    
  4.8999005E-04   3.748686    
  4.9099105E-04   4.771000    
  4.9199210E-04   5.729332    
  4.9299310E-04   6.016461    
  4.9399398E-04   5.794491    
  4.9499498E-04   5.246027    
  4.9599604E-04   4.119347    
  4.9699703E-04   2.252972    
  4.9799809E-04  0.1083227    
  4.9899908E-04  -1.345726    
  5.0000002E-04  -1.614695    
