 -5.0000002E-04   5.289693    
 -4.9899908E-04   5.556226    
 -4.9799803E-04   5.803244    
 -4.9699703E-04   5.938700    
 -4.9599604E-04   5.950132    
 -4.9499504E-04   5.919393    
 -4.9399404E-04   5.943666    
 -4.9299304E-04   6.040710    
 -4.9199205E-04   6.128702    
 -4.9099105E-04   6.107568    
 -4.8999005E-04   5.945798    
 -4.8898906E-04   5.692966    
 -4.8798800E-04   5.432289    
 -4.8698703E-04   5.215193    
 -4.8598603E-04   5.064647    
 -4.8498501E-04   5.001769    
 -4.8398404E-04   5.048098    
 -4.8298301E-04   5.204088    
 -4.8198202E-04   5.429734    
 -4.8098105E-04   5.664119    
 -4.7997999E-04   5.867363    
 -4.7897903E-04   6.033638    
 -4.7797806E-04   6.174582    
 -4.7697700E-04   6.306952    
 -4.7597603E-04   6.445700    
 -4.7497501E-04   6.612149    
 -4.7397401E-04   6.807441    
 -4.7297304E-04   6.977531    
 -4.7197202E-04   7.012900    
 -4.7097102E-04   6.836067    
 -4.6996999E-04   6.467758    
 -4.6896900E-04   6.039955    
 -4.6796803E-04   5.691235    
 -4.6696700E-04   5.470952    
 -4.6596600E-04   5.332794    
 -4.6496504E-04   5.220660    
 -4.6396401E-04   5.147328    
 -4.6296301E-04   5.176888    
 -4.6196199E-04   5.337637    
 -4.6096099E-04   5.568622    
 -4.5996002E-04   5.769948    
 -4.5895900E-04   5.878201    
 -4.5795800E-04   5.897851    
 -4.5695697E-04   5.869157    
 -4.5595600E-04   5.816903    
 -4.5495501E-04   5.759817    
 -4.5395398E-04   5.738853    
 -4.5295298E-04   5.804534    
 -4.5195202E-04   5.968858    
 -4.5095099E-04   6.162302    
 -4.4994999E-04   6.291877    
 -4.4894897E-04   6.324937    
 -4.4794800E-04   6.315231    
 -4.4694700E-04   6.326107    
 -4.4594597E-04   6.344642    
 -4.4494498E-04   6.291454    
 -4.4394401E-04   6.117216    
 -4.4294298E-04   5.886703    
 -4.4194199E-04   5.729452    
 -4.4094096E-04   5.703434    
 -4.3993999E-04   5.726069    
 -4.3893899E-04   5.655167    
 -4.3793797E-04   5.438776    
 -4.3693697E-04   5.170585    
 -4.3593600E-04   5.001326    
 -4.3493498E-04   5.000783    
 -4.3393398E-04   5.109742    
 -4.3293295E-04   5.230634    
 -4.3193199E-04   5.329844    
 -4.3093093E-04   5.460844    
 -4.2992996E-04   5.687723    
 -4.2892896E-04   6.019390    
 -4.2792794E-04   6.403625    
 -4.2692697E-04   6.774892    
 -4.2592597E-04   7.111065    
 -4.2492495E-04   7.421486    
 -4.2392398E-04   7.723476    
 -4.2292298E-04   8.026486    
 -4.2192196E-04   8.330253    
 -4.2092099E-04   8.604381    
 -4.1991993E-04   8.803687    
 -4.1891896E-04   8.881255    
 -4.1791797E-04   8.840812    
 -4.1691694E-04   8.747651    
 -4.1591597E-04   8.675680    
 -4.1491495E-04   8.647328    
 -4.1391395E-04   8.602936    
 -4.1291295E-04   8.482937    
 -4.1191195E-04   8.288486    
 -4.1091096E-04   8.107900    
 -4.0990996E-04   8.028167    
 -4.0890893E-04   8.068295    
 -4.0790797E-04   8.171447    
 -4.0690694E-04   8.259424    
 -4.0590594E-04   8.304671    
 -4.0490495E-04   8.324157    
 -4.0390392E-04   8.352942    
 -4.0290295E-04   8.422234    
 -4.0190195E-04   8.559525    
 -4.0090093E-04   8.771932    
 -3.9989993E-04   9.028099    
 -3.9889893E-04   9.248928    
 -3.9789794E-04   9.355598    
 -3.9689694E-04   9.350707    
 -3.9589591E-04   9.327414    
 -3.9489495E-04   9.397823    
 -3.9389392E-04   9.593386    
 -3.9289292E-04   9.860175    
 -3.9189195E-04   10.11563    
 -3.9089093E-04   10.34818    
 -3.8988993E-04   10.59768    
 -3.8888893E-04   10.88259    
 -3.8788791E-04   11.16146    
 -3.8688694E-04   11.38999    
 -3.8588591E-04   11.57729    
 -3.8488492E-04   11.78530    
 -3.8388392E-04   12.03593    
 -3.8288292E-04   12.24968    
 -3.8188192E-04   12.30536    
 -3.8088090E-04   12.16047    
 -3.7987990E-04   11.90224    
 -3.7887890E-04   11.66438    
 -3.7787791E-04   11.51974    
 -3.7687691E-04   11.44091    
 -3.7587588E-04   11.39742    
 -3.7487491E-04   11.43127    
 -3.7387392E-04   11.63323    
 -3.7287292E-04   12.02285    
 -3.7187192E-04   12.50284    
 -3.7087090E-04   12.91668    
 -3.6986990E-04   13.16865    
 -3.6886890E-04   13.24233    
 -3.6786791E-04   13.16118    
 -3.6686691E-04   12.93729    
 -3.6586588E-04   12.60963    
 -3.6486489E-04   12.29669    
 -3.6386392E-04   12.15398    
 -3.6286289E-04   12.23935    
 -3.6186189E-04   12.44962    
 -3.6086090E-04   12.60848    
 -3.5985987E-04   12.65426    
 -3.5885890E-04   12.71091    
 -3.5785791E-04   12.93996    
 -3.5685688E-04   13.32304    
 -3.5585591E-04   13.60721    
 -3.5485488E-04   13.50373    
 -3.5385389E-04   12.94672    
 -3.5285289E-04   12.15176    
 -3.5185186E-04   11.40549    
 -3.5085090E-04   10.83626    
 -3.4984987E-04   10.35342    
 -3.4884887E-04   9.823382    
 -3.4784790E-04   9.256907    
 -3.4684685E-04   8.831434    
 -3.4584588E-04   8.718520    
 -3.4484488E-04   8.957797    
 -3.4384386E-04   9.439881    
 -3.4284289E-04   10.04080    
 -3.4184186E-04   10.71360    
 -3.4084087E-04   11.49258    
 -3.3983990E-04   12.40791    
 -3.3883884E-04   13.39806    
 -3.3783788E-04   14.32902    
 -3.3683688E-04   15.05023    
 -3.3583585E-04   15.49736    
 -3.3483488E-04   15.71419    
 -3.3383386E-04   15.81642    
 -3.3283286E-04   15.90150    
 -3.3183186E-04   15.97211    
 -3.3083084E-04   15.96636    
 -3.2982987E-04   15.83776    
 -3.2882884E-04   15.64878    
 -3.2782785E-04   15.53445    
 -3.2682685E-04   15.57882    
 -3.2582585E-04   15.73635    
 -3.2482485E-04   15.86722    
 -3.2382389E-04   15.88245    
 -3.2282286E-04   15.82698    
 -3.2182186E-04   15.81979    
 -3.2082087E-04   15.92114    
 -3.1981984E-04   16.08081    
 -3.1881887E-04   16.23446    
 -3.1781784E-04   16.39964    
 -3.1681685E-04   16.65670    
 -3.1581585E-04   17.01677    
 -3.1481485E-04   17.35203    
 -3.1381386E-04   17.47563    
 -3.1281283E-04   17.31727    
 -3.1181183E-04   17.00886    
 -3.1081084E-04   16.76949    
 -3.0980984E-04   16.75361    
 -3.0880884E-04   16.97845    
 -3.0780784E-04   17.38507    
 -3.0680685E-04   17.89837    
 -3.0580585E-04   18.41351    
 -3.0480482E-04   18.77659    
 -3.0380383E-04   18.85692    
 -3.0280283E-04   18.68356    
 -3.0180183E-04   18.47126    
 -3.0080084E-04   18.43979    
 -2.9979981E-04   18.58862    
 -2.9879884E-04   18.70279    
 -2.9779781E-04   18.57886    
 -2.9679682E-04   18.29558    
 -2.9579582E-04   18.14968    
 -2.9479479E-04   18.34692    
 -2.9379383E-04   18.74123    
 -2.9279280E-04   18.96313    
 -2.9179180E-04   18.78403    
 -2.9079083E-04   18.35849    
 -2.8978981E-04   18.07145    
 -2.8878881E-04   18.15206    
 -2.8778781E-04   18.48768    
 -2.8678682E-04   18.79783    
 -2.8578579E-04   18.94474    
 -2.8478479E-04   19.04383    
 -2.8378383E-04   19.26245    
 -2.8278283E-04   19.62752    
 -2.8178180E-04   20.02469    
 -2.8078081E-04   20.38590    
 -2.7977981E-04   20.79785    
 -2.7877878E-04   21.38701    
 -2.7777781E-04   22.12305    
 -2.7677679E-04   22.80683    
 -2.7577582E-04   23.23896    
 -2.7477479E-04   23.39324    
 -2.7377380E-04   23.38313    
 -2.7277280E-04   23.31279    
 -2.7177180E-04   23.20727    
 -2.7077078E-04   23.10105    
 -2.6976981E-04   23.11055    
 -2.6876878E-04   23.36691    
 -2.6776778E-04   23.83410    
 -2.6676682E-04   24.28475    
 -2.6576579E-04   24.49797    
 -2.6476479E-04   24.46380    
 -2.6376380E-04   24.40688    
 -2.6276280E-04   24.52522    
 -2.6176177E-04   24.77380    
 -2.6076080E-04   24.91823    
 -2.5975978E-04   24.79216    
 -2.5875878E-04   24.46345    
 -2.5775778E-04   24.16042    
 -2.5675679E-04   24.04364    
 -2.5575579E-04   24.10844    
 -2.5475476E-04   24.29842    
 -2.5375377E-04   24.64088    
 -2.5275280E-04   25.25303    
 -2.5175174E-04   26.19517    
 -2.5075077E-04   27.38291    
 -2.4974978E-04   28.64552    
 -2.4874875E-04   29.85038    
 -2.4774778E-04   30.92533    
 -2.4674676E-04   31.78983    
 -2.4574579E-04   32.32565    
 -2.4474476E-04   32.44565    
 -2.4374378E-04   32.21253    
 -2.4274277E-04   31.80862    
 -2.4174176E-04   31.37624    
 -2.4074076E-04   30.94991    
 -2.3973978E-04   30.50920    
 -2.3873876E-04   30.13328    
 -2.3773775E-04   29.99842    
 -2.3673676E-04   30.22245    
 -2.3573577E-04   30.72636    
 -2.3473473E-04   31.30589    
 -2.3373375E-04   31.83938    
 -2.3273277E-04   32.35152    
 -2.3173174E-04   32.89000    
 -2.3073076E-04   33.32587    
 -2.2972975E-04   33.38732    
 -2.2872876E-04   32.91822    
 -2.2772774E-04   32.10683    
 -2.2672676E-04   31.41774    
 -2.2572574E-04   31.27242    
 -2.2472475E-04   31.82547    
 -2.2372373E-04   32.96533    
 -2.2272275E-04   34.51233    
 -2.2172173E-04   36.29724    
 -2.2072074E-04   38.11552    
 -2.1971973E-04   39.68068    
 -2.1871875E-04   40.74466    
 -2.1771772E-04   41.31175    
 -2.1671674E-04   41.65650    
 -2.1571576E-04   42.08809    
 -2.1471472E-04   42.66331    
 -2.1371373E-04   43.15317    
 -2.1271274E-04   43.28560    
 -2.1171173E-04   43.00913    
 -2.1071071E-04   42.51260    
 -2.0970973E-04   42.07296    
 -2.0870873E-04   41.90350    
 -2.0770772E-04   42.13871    
 -2.0670671E-04   42.88670    
 -2.0570573E-04   44.14565    
 -2.0470470E-04   45.70839    
 -2.0370372E-04   47.20542    
 -2.0270271E-04   48.32413    
 -2.0170174E-04   49.01369    
 -2.0070070E-04   49.45720    
 -1.9969972E-04   49.83194    
 -1.9869873E-04   50.15672    
 -1.9769771E-04   50.39615    
 -1.9669672E-04   50.67920    
 -1.9569571E-04   51.32323    
 -1.9469472E-04   52.52245    
 -1.9369370E-04   54.06910    
 -1.9269272E-04   55.42780    
 -1.9169171E-04   56.15171    
 -1.9069071E-04   56.25348    
 -1.8968970E-04   56.14891    
 -1.8868872E-04   56.31643    
 -1.8768769E-04   56.94398    
 -1.8668671E-04   57.97265    
 -1.8568570E-04   59.31156    
 -1.8468469E-04   60.95838    
 -1.8368370E-04   62.91339    
 -1.8268271E-04   64.99564    
 -1.8168172E-04   66.86852    
 -1.8068068E-04   68.19572    
 -1.7967970E-04   68.79728    
 -1.7867870E-04   68.64481    
 -1.7767769E-04   67.83136    
 -1.7667668E-04   66.58017    
 -1.7567570E-04   65.30839    
 -1.7467470E-04   64.47266    
 -1.7367369E-04   64.34628    
 -1.7267268E-04   64.76996    
 -1.7167169E-04   65.24651    
 -1.7067067E-04   65.33742    
 -1.6966969E-04   64.98866    
 -1.6866867E-04   64.55327    
 -1.6766768E-04   64.47801    
 -1.6666669E-04   65.00512    
 -1.6566568E-04   66.11769    
 -1.6466470E-04   67.63187    
 -1.6366367E-04   69.36172    
 -1.6266269E-04   71.14520    
 -1.6166168E-04   72.85676    
 -1.6066067E-04   74.44164    
 -1.5965967E-04   75.91249    
 -1.5865869E-04   77.27289    
 -1.5765765E-04   78.45901    
 -1.5665666E-04   79.44226    
 -1.5565567E-04   80.43288    
 -1.5465468E-04   81.93839    
 -1.5365364E-04   84.49349    
 -1.5265266E-04   88.12678    
 -1.5165166E-04   92.17068    
 -1.5065065E-04   95.59734    
 -1.4964967E-04   97.68352    
 -1.4864867E-04   98.44746    
 -1.4764769E-04   98.43156    
 -1.4664665E-04   98.17679    
 -1.4564567E-04   97.88020    
 -1.4464467E-04   97.51215    
 -1.4364366E-04   97.15675    
 -1.4264265E-04   97.10075    
 -1.4164166E-04   97.58595    
 -1.4064064E-04   98.57629    
 -1.3963965E-04   99.81876    
 -1.3863864E-04   101.2106    
 -1.3763766E-04   102.9719    
 -1.3663663E-04   105.4442    
 -1.3563565E-04   108.7103    
 -1.3463464E-04   112.4051    
 -1.3363364E-04   115.9497    
 -1.3263266E-04   118.9330    
 -1.3163165E-04   121.3309    
 -1.3063064E-04   123.4063    
 -1.2962964E-04   125.4161    
 -1.2862866E-04   127.4327    
 -1.2762765E-04   129.2852    
 -1.2662663E-04   130.7023    
 -1.2562564E-04   131.5266    
 -1.2462465E-04   131.8691    
 -1.2362361E-04   132.1770    
 -1.2262263E-04   133.0571    
 -1.2162163E-04   134.9881    
 -1.2062062E-04   138.0550    
 -1.1961962E-04   142.0071    
 -1.1861863E-04   146.4763    
 -1.1761765E-04   151.1702    
 -1.1661662E-04   155.8384    
 -1.1561564E-04   160.1813    
 -1.1461463E-04   163.8828    
 -1.1361362E-04   166.8565    
 -1.1261262E-04   169.4022    
 -1.1161163E-04   172.0698    
 -1.1061063E-04   175.2537    
 -1.0960962E-04   178.9557    
 -1.0860861E-04   182.9079    
 -1.0760763E-04   186.8725    
 -1.0660660E-04   190.8082    
 -1.0560562E-04   194.7982    
 -1.0460461E-04   198.8182    
 -1.0360360E-04   202.7700    
 -1.0260260E-04   206.5829    
 -1.0160162E-04   210.2520    
 -1.0060064E-04   213.7209    
 -9.9599602E-05   216.8308    
 -9.8598619E-05   219.5898    
 -9.7597615E-05   222.4770    
 -9.6596603E-05   226.4480    
 -9.5595598E-05   232.3046    
 -9.4594616E-05   240.0563    
 -9.3593582E-05   248.8005    
 -9.2592600E-05   257.4445    
 -9.1591595E-05   265.4866    
 -9.0590613E-05   273.2224    
 -8.9589579E-05   281.2079    
 -8.8588597E-05   289.5912    
 -8.7587592E-05   298.0625    
 -8.6586588E-05   306.2943    
 -8.5585576E-05   314.3298    
 -8.4584601E-05   322.4415    
 -8.3583567E-05   330.8437    
 -8.2582585E-05   339.5125    
 -8.1581602E-05   348.4998    
 -8.0580619E-05   358.1898    
 -7.9579586E-05   369.1057    
 -7.8578603E-05   381.5274    
 -7.7577577E-05   395.2914    
 -7.6576594E-05   410.1478    
 -7.5575561E-05   426.1513    
 -7.4574578E-05   443.6856    
 -7.3573596E-05   462.9977    
 -7.2572562E-05   483.8021    
 -7.1571536E-05   505.3614    
 -7.0570597E-05   527.0673    
 -6.9569571E-05   548.8141    
 -6.8568588E-05   570.8078    
 -6.7567606E-05   593.2547    
 -6.6566572E-05   616.0670    
 -6.5565589E-05   639.0413    
 -6.4564556E-05   662.1052    
 -6.3563581E-05   685.4946    
 -6.2562598E-05   709.7662    
 -6.1561565E-05   735.7718    
 -6.0560531E-05   764.2518    
 -5.9559599E-05   795.3306    
 -5.8558566E-05   828.1353    
 -5.7557536E-05   861.1699    
 -5.6556553E-05   893.5425    
 -5.5555571E-05   926.0119    
 -5.4554541E-05   960.7462    
 -5.3553558E-05   999.6439    
 -5.2552525E-05   1042.659    
 -5.1551593E-05   1087.919    
 -5.0550563E-05   1133.874    
 -4.9549530E-05   1181.375    
 -4.8548598E-05   1233.777    
 -4.7547564E-05   1294.654    
 -4.6546535E-05   1365.099    
 -4.5545552E-05   1443.287    
 -4.4544569E-05   1526.017    
 -4.3543540E-05   1611.356    
 -4.2542557E-05   1699.302    
 -4.1541523E-05   1791.217    
 -4.0540544E-05   1888.641    
 -3.9539562E-05   1992.919    
 -3.8538528E-05   2105.398    
 -3.7537498E-05   2227.437    
 -3.6536563E-05   2360.085    
 -3.5535533E-05   2503.794    
 -3.4534503E-05   2658.850    
 -3.3533568E-05   2825.947    
 -3.2532538E-05   3006.322    
 -3.1531556E-05   3201.100    
 -3.0530522E-05   3411.315    
 -2.9529541E-05   3638.501    
 -2.8528559E-05   3885.919    
 -2.7527529E-05   4158.211    
 -2.6526497E-05   4459.522    
 -2.5525564E-05   4791.848    
 -2.4524532E-05   5155.412    
 -2.3523500E-05   5550.771    
 -2.2522518E-05   5981.124    
 -2.1521537E-05   6452.260    
 -2.0520505E-05   6970.285    
 -1.9519523E-05   7540.379    
 -1.8518491E-05   8168.346    
 -1.7517508E-05   8862.727    
 -1.6516527E-05   9636.056    
 -1.5515496E-05   10501.56    
 -1.4514562E-05   11469.06    
 -1.3513531E-05   12543.37    
 -1.2512499E-05   13725.57    
 -1.1511517E-05   15017.47    
 -1.0510535E-05   16421.88    
 -9.5095029E-06   17938.75    
 -8.5085212E-06   19557.89    
 -7.5074895E-06   21255.05    
 -6.5065074E-06   22989.90    
 -5.5055252E-06   24708.38    
 -4.5044940E-06   26343.54    
 -3.5034623E-06   27815.98    
 -2.5025295E-06   29036.45    
 -1.5014979E-06   29914.94    
 -5.0046629E-07   30375.77    
  5.0046629E-07   30375.79    
  1.5014979E-06   29914.90    
  2.5025295E-06   29036.45    
  3.5035116E-06   27815.89    
  4.5044940E-06   26343.56    
  5.5054761E-06   24708.43    
  6.5065074E-06   22989.89    
  7.5075391E-06   21254.93    
  8.5084721E-06   19558.02    
  9.5095029E-06   17938.75    
  1.0510535E-05   16421.86    
  1.1511517E-05   15017.46    
  1.2512499E-05   13725.56    
  1.3513531E-05   12543.35    
  1.4514513E-05   11469.11    
  1.5515496E-05   10501.56    
  1.6516527E-05   9636.058    
  1.7517508E-05   8862.729    
  1.8518540E-05   8168.307    
  1.9519523E-05   7540.373    
  2.0520505E-05   6970.284    
  2.1521537E-05   6452.265    
  2.2522518E-05   5981.111    
  2.3523500E-05   5550.770    
  2.4524532E-05   5155.423    
  2.5525515E-05   4791.869    
  2.6526546E-05   4459.497    
  2.7527529E-05   4158.213    
  2.8528510E-05   3885.931    
  2.9529541E-05   3638.496    
  3.0530573E-05   3411.290    
  3.1531505E-05   3201.102    
  3.2532538E-05   3006.321    
  3.3533568E-05   2825.948    
  3.4534503E-05   2658.849    
  3.5535533E-05   2503.792    
  3.6536563E-05   2360.082    
  3.7537546E-05   2227.446    
  3.8538528E-05   2105.395    
  3.9539562E-05   1992.922    
  4.0540544E-05   1888.638    
  4.1541574E-05   1791.210    
  4.2542506E-05   1699.302    
  4.3543540E-05   1611.355    
  4.4544569E-05   1526.019    
  4.5545552E-05   1443.285    
  4.6546535E-05   1365.099    
  4.7547564E-05   1294.656    
  4.8548547E-05   1233.793    
  4.9549530E-05   1181.376    
  5.0550563E-05   1133.874    
  5.1551546E-05   1087.923    
  5.2552576E-05   1042.657    
  5.3553558E-05   999.6422    
  5.4554541E-05   960.7469    
  5.5555571E-05   926.0118    
  5.6556604E-05   893.5324    
  5.7557536E-05   861.1696    
  5.8558566E-05   828.1355    
  5.9559548E-05   795.3344    
  6.0560582E-05   764.2563    
  6.1561565E-05   735.7725    
  6.2562547E-05   709.7772    
  6.3563581E-05   685.4927    
  6.4564607E-05   662.1105    
  6.5565539E-05   639.0419    
  6.6566572E-05   616.0672    
  6.7567606E-05   593.2545    
  6.8568537E-05   570.8142    
  6.9569571E-05   548.8142    
  7.0570597E-05   527.0665    
  7.1571580E-05   505.3582    
  7.2572562E-05   483.8020    
  7.3573596E-05   462.9992    
  7.4574578E-05   443.6872    
  7.5575612E-05   426.1480    
  7.6576594E-05   410.1480    
  7.7577577E-05   395.2904    
  7.8578603E-05   381.5281    
  7.9579586E-05   369.1037    
  8.0580568E-05   358.1870    
  8.1581602E-05   348.5005    
  8.2582585E-05   339.5114    
  8.3583567E-05   330.8459    
  8.4584601E-05   322.4401    
  8.5585576E-05   314.3314    
  8.6586610E-05   306.2948    
  8.7587592E-05   298.0623    
  8.8588575E-05   289.5853    
  8.9589608E-05   281.2055    
  9.0590642E-05   273.2209    
  9.1591573E-05   265.4840    
  9.2592600E-05   257.4440    
  9.3593633E-05   248.7988    
  9.4594616E-05   240.0560    
  9.5595598E-05   232.3048    
  9.6596581E-05   226.4474    
  9.7597615E-05   222.4777    
  9.8598641E-05   219.5873    
  9.9599580E-05   216.8312    
  1.0060061E-04   213.7166    
  1.0160164E-04   210.2495    
  1.0260257E-04   206.5835    
  1.0360360E-04   202.7701    
  1.0460464E-04   198.8186    
  1.0560562E-04   194.7993    
  1.0660660E-04   190.8076    
  1.0760763E-04   186.8739    
  1.0860861E-04   182.9070    
  1.0960965E-04   178.9581    
  1.1061063E-04   175.2534    
  1.1161161E-04   172.0666    
  1.1261264E-04   169.4053    
  1.1361362E-04   166.8575    
  1.1461460E-04   163.8815    
  1.1561564E-04   160.1813    
  1.1661662E-04   155.8385    
  1.1761760E-04   151.1677    
  1.1861863E-04   146.4756    
  1.1961962E-04   142.0071    
  1.2062064E-04   138.0546    
  1.2162163E-04   134.9879    
  1.2262262E-04   133.0589    
  1.2362364E-04   132.1725    
  1.2462467E-04   131.8680    
  1.2562561E-04   131.5276    
  1.2662663E-04   130.7033    
  1.2762767E-04   129.2846    
  1.2862866E-04   127.4331    
  1.2962964E-04   125.4171    
  1.3063067E-04   123.4039    
  1.3163165E-04   121.3296    
  1.3263263E-04   118.9298    
  1.3363361E-04   115.9497    
  1.3463464E-04   112.4056    
  1.3563568E-04   108.7107    
  1.3663661E-04   105.4441    
  1.3763765E-04   102.9722    
  1.3863867E-04   101.2108    
  1.3963965E-04   99.81905    
  1.4064064E-04   98.57558    
  1.4164166E-04   97.58534    
  1.4264265E-04   97.10008    
  1.4364369E-04   97.15714    
  1.4464467E-04   97.51340    
  1.4564565E-04   97.88326    
  1.4664668E-04   98.17951    
  1.4764770E-04   98.43066    
  1.4864864E-04   98.44740    
  1.4964967E-04   97.68475    
  1.5065065E-04   95.59650    
  1.5165163E-04   92.17239    
  1.5265266E-04   88.12660    
  1.5365364E-04   84.49353    
  1.5465468E-04   81.93790    
  1.5565567E-04   80.43275    
  1.5665665E-04   79.44131    
  1.5765768E-04   78.45657    
  1.5865870E-04   77.26776    
  1.5965964E-04   75.91251    
  1.6066067E-04   74.44103    
  1.6166171E-04   72.85564    
  1.6266269E-04   71.14509    
  1.6366367E-04   69.36203    
  1.6466470E-04   67.63276    
  1.6566568E-04   66.11825    
  1.6666666E-04   65.00677    
  1.6766769E-04   64.47470    
  1.6866867E-04   64.55379    
  1.6966971E-04   64.99008    
  1.7067064E-04   65.33443    
  1.7167168E-04   65.24541    
  1.7267271E-04   64.76975    
  1.7367369E-04   64.34640    
  1.7467467E-04   64.47186    
  1.7567570E-04   65.30894    
  1.7667668E-04   66.58067    
  1.7767772E-04   67.83079    
  1.7867870E-04   68.64504    
  1.7967969E-04   68.79586    
  1.8068071E-04   68.19415    
  1.8168174E-04   66.86721    
  1.8268268E-04   64.99609    
  1.8368370E-04   62.91396    
  1.8468474E-04   60.95905    
  1.8568567E-04   59.31140    
  1.8668671E-04   57.97238    
  1.8768769E-04   56.94387    
  1.8868872E-04   56.31626    
  1.8968970E-04   56.14930    
  1.9069068E-04   56.25132    
  1.9169171E-04   56.15216    
  1.9269275E-04   55.43024    
  1.9369368E-04   54.07115    
  1.9469472E-04   52.52265    
  1.9569574E-04   51.32344    
  1.9669672E-04   50.67945    
  1.9769771E-04   50.39554    
  1.9869873E-04   50.15573    
  1.9969972E-04   49.83224    
  2.0070070E-04   49.45657    
  2.0170174E-04   49.01307    
  2.0270271E-04   48.32346    
  2.0370375E-04   47.20686    
  2.0470467E-04   45.71053    
  2.0570571E-04   44.14465    
  2.0670674E-04   42.88703    
  2.0770772E-04   42.13871    
  2.0870871E-04   41.90296    
  2.0970973E-04   42.07345    
  2.1071071E-04   42.51290    
  2.1171175E-04   43.00829    
  2.1271274E-04   43.28571    
  2.1371372E-04   43.15174    
  2.1471475E-04   42.66346    
  2.1571573E-04   42.08951    
  2.1671671E-04   41.65851    
  2.1771774E-04   41.31259    
  2.1871878E-04   40.74525    
  2.1971970E-04   39.67908    
  2.2072074E-04   38.11454    
  2.2172177E-04   36.29710    
  2.2272275E-04   34.51259    
  2.2372373E-04   32.96665    
  2.2472472E-04   31.82549    
  2.2572574E-04   31.27222    
  2.2672678E-04   31.41554    
  2.2772771E-04   32.10454    
  2.2872875E-04   32.91842    
  2.2972978E-04   33.38643    
  2.3073076E-04   33.32628    
  2.3173174E-04   32.88915    
  2.3273277E-04   32.35182    
  2.3373375E-04   31.83971    
  2.3473473E-04   31.30675    
  2.3573577E-04   30.72636    
  2.3673676E-04   30.22268    
  2.3773778E-04   29.99912    
  2.3873876E-04   30.13298    
  2.3973975E-04   30.50775    
  2.4074077E-04   30.94831    
  2.4174176E-04   31.37623    
  2.4274274E-04   31.80820    
  2.4374378E-04   32.21289    
  2.4474476E-04   32.44621    
  2.4574579E-04   32.32578    
  2.4674676E-04   31.79077    
  2.4774775E-04   30.92545    
  2.4874878E-04   29.85118    
  2.4974978E-04   28.64513    
  2.5075075E-04   27.38334    
  2.5175177E-04   26.19582    
  2.5275280E-04   25.24914    
  2.5375374E-04   24.63863    
  2.5475476E-04   24.29768    
  2.5575582E-04   24.10789    
  2.5675679E-04   24.04413    
  2.5775778E-04   24.16028    
  2.5875881E-04   24.46292    
  2.5975978E-04   24.79212    
  2.6076080E-04   24.91796    
  2.6176174E-04   24.77293    
  2.6276277E-04   24.52543    
  2.6376382E-04   24.40746    
  2.6476473E-04   24.46386    
  2.6576579E-04   24.49703    
  2.6676682E-04   24.28461    
  2.6776778E-04   23.83468    
  2.6876878E-04   23.36690    
  2.6976981E-04   23.11022    
  2.7077078E-04   23.10078    
  2.7177183E-04   23.20786    
  2.7277280E-04   23.31246    
  2.7377377E-04   23.38223    
  2.7477482E-04   23.39304    
  2.7577585E-04   23.23870    
  2.7677679E-04   22.80715    
  2.7777781E-04   22.12411    
  2.7877878E-04   21.38722    
  2.7977981E-04   20.79798    
  2.8078081E-04   20.38553    
  2.8178177E-04   20.02491    
  2.8278283E-04   19.62795    
  2.8378380E-04   19.26100    
  2.8478479E-04   19.04228    
  2.8578582E-04   18.94580    
  2.8678685E-04   18.79913    
  2.8778779E-04   18.48956    
  2.8878881E-04   18.15154    
  2.8978984E-04   18.07178    
  2.9079083E-04   18.35875    
  2.9179180E-04   18.78457    
  2.9279283E-04   18.96371    
  2.9379383E-04   18.74113    
  2.9479485E-04   18.34514    
  2.9579582E-04   18.14964    
  2.9679682E-04   18.29499    
  2.9779784E-04   18.58003    
  2.9879878E-04   18.70195    
  2.9979981E-04   18.58896    
  3.0080084E-04   18.43975    
  3.0180183E-04   18.47152    
  3.0280280E-04   18.68439    
  3.0380383E-04   18.85684    
  3.0480482E-04   18.77697    
  3.0580585E-04   18.41299    
  3.0680685E-04   17.89815    
  3.0780782E-04   17.38576    
  3.0880884E-04   16.97810    
  3.0980987E-04   16.75383    
  3.1081081E-04   16.77014    
  3.1181183E-04   17.00876    
  3.1281289E-04   17.31884    
  3.1381386E-04   17.47649    
  3.1481485E-04   17.35232    
  3.1581582E-04   17.01699    
  3.1681685E-04   16.65636    
  3.1781784E-04   16.39896    
  3.1881881E-04   16.23510    
  3.1981984E-04   16.08036    
  3.2082089E-04   15.92128    
  3.2182180E-04   15.81910    
  3.2282286E-04   15.82740    
  3.2382389E-04   15.88298    
  3.2482485E-04   15.86753    
  3.2582585E-04   15.73563    
  3.2682688E-04   15.57905    
  3.2782785E-04   15.53405    
  3.2882890E-04   15.64944    
  3.2982987E-04   15.83794    
  3.3083084E-04   15.96654    
  3.3183189E-04   15.97309    
  3.3283292E-04   15.90206    
  3.3383386E-04   15.81654    
  3.3483488E-04   15.71450    
  3.3583582E-04   15.49793    
  3.3683685E-04   15.05159    
  3.3783788E-04   14.32859    
  3.3883881E-04   13.39905    
  3.3983984E-04   12.40749    
  3.4084087E-04   11.49273    
  3.4184189E-04   10.71310    
  3.4284283E-04   10.03994    
  3.4384386E-04   9.440080    
  3.4484488E-04   8.957442    
  3.4584594E-04   8.719268    
  3.4684685E-04   8.830914    
  3.4784790E-04   9.257257    
  3.4884893E-04   9.823771    
  3.4984987E-04   10.35125    
  3.5085090E-04   10.83591    
  3.5185184E-04   11.40419    
  3.5285286E-04   12.15121    
  3.5385389E-04   12.94709    
  3.5485491E-04   13.50382    
  3.5585594E-04   13.60833    
  3.5685697E-04   13.32440    
  3.5785782E-04   12.94064    
  3.5885884E-04   12.71158    
  3.5985987E-04   12.65382    
  3.6086090E-04   12.60811    
  3.6186195E-04   12.45126    
  3.6286286E-04   12.23967    
  3.6386392E-04   12.15457    
  3.6486483E-04   12.29733    
  3.6586588E-04   12.60947    
  3.6686691E-04   12.93743    
  3.6786793E-04   13.16061    
  3.6886887E-04   13.24309    
  3.6986990E-04   13.16893    
  3.7087093E-04   12.91735    
  3.7187195E-04   12.50296    
  3.7287289E-04   12.02256    
  3.7387392E-04   11.63297    
  3.7487486E-04   11.43070    
  3.7587588E-04   11.39788    
  3.7687691E-04   11.44118    
  3.7787796E-04   11.51923    
  3.7887899E-04   11.66504    
  3.7987981E-04   11.89947    
  3.8088084E-04   12.16102    
  3.8188187E-04   12.30648    
  3.8288292E-04   12.25012    
  3.8388395E-04   12.03666    
  3.8488497E-04   11.78592    
  3.8588591E-04   11.57758    
  3.8688694E-04   11.39019    
  3.8788788E-04   11.16265    
  3.8888890E-04   10.88294    
  3.8988993E-04   10.59773    
  3.9089096E-04   10.34850    
  3.9189190E-04   10.11498    
  3.9289292E-04   9.860031    
  3.9389395E-04   9.593778    
  3.9489500E-04   9.397469    
  3.9589591E-04   9.327539    
  3.9689685E-04   9.350239    
  3.9789788E-04   9.356124    
  3.9889893E-04   9.249240    
  3.9989996E-04   9.028896    
  4.0090099E-04   8.771544    
  4.0190201E-04   8.559029    
  4.0290286E-04   8.421879    
  4.0390389E-04   8.353089    
  4.0490492E-04   8.324306    
  4.0590594E-04   8.304644    
  4.0690697E-04   8.258746    
  4.0790800E-04   8.169923    
  4.0890893E-04   8.068547    
  4.0990996E-04   8.028069    
  4.1091090E-04   8.107412    
  4.1191193E-04   8.288440    
  4.1291298E-04   8.482476    
  4.1391401E-04   8.602144    
  4.1491495E-04   8.646684    
  4.1591597E-04   8.676039    
  4.1691700E-04   8.746997    
  4.1791794E-04   8.841186    
  4.1891896E-04   8.881171    
  4.1991990E-04   8.803483    
  4.2092093E-04   8.605145    
  4.2192196E-04   8.330266    
  4.2292298E-04   8.026520    
  4.2392401E-04   7.722511    
  4.2492506E-04   7.422064    
  4.2592589E-04   7.111585    
  4.2692691E-04   6.774354    
  4.2792794E-04   6.403921    
  4.2892896E-04   6.019700    
  4.2993002E-04   5.688028    
  4.3093105E-04   5.460180    
  4.3193199E-04   5.329888    
  4.3293289E-04   5.231831    
  4.3393395E-04   5.110173    
  4.3493498E-04   5.000412    
  4.3593600E-04   5.001158    
  4.3693694E-04   5.170828    
  4.3793797E-04   5.438765    
  4.3893899E-04   5.654936    
  4.3994002E-04   5.725085    
  4.4094096E-04   5.703639    
  4.4194199E-04   5.729852    
  4.4294292E-04   5.887348    
  4.4394395E-04   6.116889    
  4.4494498E-04   6.291341    
  4.4594603E-04   6.344746    
  4.4694706E-04   6.325152    
  4.4794808E-04   6.314772    
  4.4894891E-04   6.325067    
  4.4994996E-04   6.291825    
  4.5095099E-04   6.162750    
  4.5195202E-04   5.968664    
  4.5295304E-04   5.805173    
  4.5395398E-04   5.738967    
  4.5495501E-04   5.759878    
  4.5595595E-04   5.816740    
  4.5695697E-04   5.869059    
  4.5795800E-04   5.897895    
  4.5895902E-04   5.877027    
  4.5995996E-04   5.769837    
  4.6096099E-04   5.568196    
  4.6196204E-04   5.337822    
  4.6296307E-04   5.177257    
  4.6396401E-04   5.147530    
  4.6496504E-04   5.220718    
  4.6596595E-04   5.332899    
  4.6696700E-04   5.470714    
  4.6796803E-04   5.691406    
  4.6896905E-04   6.040257    
  4.6997008E-04   6.467854    
  4.7097093E-04   6.836008    
  4.7197196E-04   7.014358    
  4.7297298E-04   6.976404    
  4.7397401E-04   6.807859    
  4.7497504E-04   6.612515    
  4.7597609E-04   6.445513    
  4.7697700E-04   6.306748    
  4.7797806E-04   6.174487    
  4.7897897E-04   6.033463    
  4.7997999E-04   5.866974    
  4.8098105E-04   5.664361    
  4.8198208E-04   5.429163    
  4.8298301E-04   5.203611    
  4.8398404E-04   5.048409    
  4.8498507E-04   5.002091    
  4.8598601E-04   5.064397    
  4.8698703E-04   5.214659    
  4.8798806E-04   5.431522    
  4.8898900E-04   5.692006    
  4.8999005E-04   5.945453    
  4.9099105E-04   6.107864    
  4.9199210E-04   6.128535    
  4.9299310E-04   6.039707    
  4.9399398E-04   5.943084    
  4.9499498E-04   5.918948    
  4.9599604E-04   5.949973    
  4.9699703E-04   5.938680    
  4.9799809E-04   5.802675    
  4.9899908E-04   5.556051    
  5.0000002E-04   5.289996    
