 -5.0000002E-04   2.509408    
 -4.9899908E-04  0.6598318    
 -4.9799803E-04   1.784199    
 -4.9699703E-04   2.037272    
 -4.9599604E-04 -4.0773884E-03
 -4.9499504E-04 -0.3660547    
 -4.9399404E-04 -9.1667935E-02
 -4.9299304E-04 -0.3223079    
 -4.9199205E-04  -3.121326    
 -4.9099105E-04  -3.682941    
 -4.8999005E-04   3.541214    
 -4.8898906E-04   8.416521    
 -4.8798800E-04   8.090263    
 -4.8698703E-04   9.833966    
 -4.8598603E-04   10.84342    
 -4.8498501E-04   10.61605    
 -4.8398404E-04   13.81569    
 -4.8298301E-04   18.20362    
 -4.8198202E-04   18.92054    
 -4.8098105E-04   16.17658    
 -4.7997999E-04   14.15510    
 -4.7897903E-04   13.03014    
 -4.7797806E-04   10.68676    
 -4.7697700E-04   8.738620    
 -4.7597603E-04   9.368361    
 -4.7497501E-04   11.11737    
 -4.7397401E-04   8.917258    
 -4.7297304E-04   4.332551    
 -4.7197202E-04   3.960189    
 -4.7097102E-04   5.639588    
 -4.6996999E-04   7.858487    
 -4.6896900E-04   10.25624    
 -4.6796803E-04   6.718625    
 -4.6696700E-04   2.372411    
 -4.6596600E-04   4.298284    
 -4.6496504E-04   5.498264    
 -4.6396401E-04   4.887534    
 -4.6296301E-04   6.942618    
 -4.6196199E-04   8.262199    
 -4.6096099E-04   9.133103    
 -4.5996002E-04   10.88655    
 -4.5895900E-04   6.936397    
 -4.5795800E-04   1.256632    
 -4.5695697E-04   4.984439    
 -4.5595600E-04   10.39015    
 -4.5495501E-04   9.435027    
 -4.5395398E-04   9.882915    
 -4.5295298E-04   10.72645    
 -4.5195202E-04   7.869438    
 -4.5095099E-04   6.947871    
 -4.4994999E-04   6.370195    
 -4.4894897E-04   3.025487    
 -4.4794800E-04   1.919002    
 -4.4694700E-04   2.905101    
 -4.4594597E-04  0.3147826    
 -4.4494498E-04  -5.864300    
 -4.4394401E-04  -8.884044    
 -4.4294298E-04  -5.870347    
 -4.4194199E-04  -2.990999    
 -4.4094096E-04  -5.262222    
 -4.3993999E-04  -9.273605    
 -4.3893899E-04  -9.362839    
 -4.3793797E-04  -6.938706    
 -4.3693697E-04  -6.084113    
 -4.3593600E-04  -5.534949    
 -4.3493498E-04  -4.191800    
 -4.3393398E-04  -2.728998    
 -4.3293295E-04  -2.003948    
 -4.3193199E-04  -2.140789    
 -4.3093093E-04 -0.6832522    
 -4.2992996E-04  0.5219086    
 -4.2892896E-04  0.4324749    
 -4.2792794E-04   1.112671    
 -4.2692697E-04 -0.9862015    
 -4.2592597E-04  -2.979519    
 -4.2492495E-04  -2.297248    
 -4.2392398E-04  -6.330384    
 -4.2292298E-04  -12.36261    
 -4.2192196E-04  -15.88432    
 -4.2092099E-04  -17.22997    
 -4.1991993E-04  -14.69988    
 -4.1891896E-04  -15.21580    
 -4.1791797E-04  -18.75757    
 -4.1691694E-04  -17.84971    
 -4.1591597E-04  -14.87606    
 -4.1491495E-04  -8.407583    
 -4.1391395E-04  0.3261287    
 -4.1291295E-04   6.928040    
 -4.1191195E-04   13.01762    
 -4.1091096E-04   11.60439    
 -4.0990996E-04   4.452026    
 -4.0890893E-04   2.808916    
 -4.0790797E-04   4.522449    
 -4.0690694E-04   7.452877    
 -4.0590594E-04   6.679071    
 -4.0490495E-04  0.8693855    
 -4.0390392E-04   1.443000    
 -4.0290295E-04   3.213746    
 -4.0190195E-04  2.3076121E-02
 -4.0090093E-04  0.5790037    
 -3.9989993E-04   2.243520    
 -3.9889893E-04  0.9586720    
 -3.9789794E-04  0.6375496    
 -3.9689694E-04   1.495736    
 -3.9589591E-04  0.4311965    
 -3.9489495E-04  -2.423135    
 -3.9389392E-04  -1.598269    
 -3.9289292E-04  0.7602737    
 -3.9189195E-04   2.498354    
 -3.9089093E-04   6.085204    
 -3.8988993E-04   2.965725    
 -3.8888893E-04  -3.100757    
 -3.8788791E-04  -2.389906    
 -3.8688694E-04  -5.309471    
 -3.8588591E-04  -10.35272    
 -3.8488492E-04  -8.840730    
 -3.8388392E-04  -4.264569    
 -3.8288292E-04   1.641466    
 -3.8188192E-04   1.631578    
 -3.8088090E-04  -4.266353    
 -3.7987990E-04  -6.656227    
 -3.7887890E-04  -8.507428    
 -3.7787791E-04  -9.541153    
 -3.7687691E-04  -8.513453    
 -3.7587588E-04  -6.912698    
 -3.7487491E-04  -1.375052    
 -3.7387392E-04 -0.4437754    
 -3.7287292E-04  -5.450563    
 -3.7187192E-04  -4.582201    
 -3.7087090E-04  0.5131736    
 -3.6986990E-04   7.554398    
 -3.6886890E-04   13.58600    
 -3.6786791E-04   14.19100    
 -3.6686691E-04   16.48681    
 -3.6586588E-04   19.21645    
 -3.6486489E-04   17.87078    
 -3.6386392E-04   16.58828    
 -3.6286289E-04   13.20840    
 -3.6186189E-04   8.531487    
 -3.6086090E-04   6.910722    
 -3.5985987E-04   6.317316    
 -3.5885890E-04   7.261357    
 -3.5785791E-04   10.43449    
 -3.5685688E-04   14.71401    
 -3.5585591E-04   19.02577    
 -3.5485488E-04   17.26009    
 -3.5385389E-04   8.584708    
 -3.5285289E-04   1.662378    
 -3.5185186E-04  -2.344075    
 -3.5085090E-04  -6.860765    
 -3.4984987E-04  -8.114324    
 -3.4884887E-04  -8.069891    
 -3.4784790E-04  -8.599036    
 -3.4684685E-04  -1.506605    
 -3.4584588E-04   7.205396    
 -3.4484488E-04   8.695121    
 -3.4384386E-04   8.593181    
 -3.4284289E-04   5.769687    
 -3.4184186E-04   2.566711    
 -3.4084087E-04   3.904836    
 -3.3983990E-04   5.326376    
 -3.3883884E-04   11.20492    
 -3.3783788E-04   16.26865    
 -3.3683688E-04   12.29510    
 -3.3583585E-04   11.75659    
 -3.3483488E-04   11.92228    
 -3.3383386E-04   7.554482    
 -3.3283286E-04   6.344866    
 -3.3183186E-04   1.317044    
 -3.3083084E-04  -4.620777    
 -3.2982987E-04  -3.775745    
 -3.2882884E-04  -2.943412    
 -3.2782785E-04   1.398176    
 -3.2682685E-04   7.579316    
 -3.2582585E-04   8.962358    
 -3.2482485E-04   11.05081    
 -3.2382389E-04   13.33398    
 -3.2282286E-04   17.07527    
 -3.2182186E-04   21.78927    
 -3.2082087E-04   18.25939    
 -3.1981984E-04   13.83439    
 -3.1881887E-04   16.61876    
 -3.1781784E-04   18.17926    
 -3.1681685E-04   16.98638    
 -3.1581585E-04   20.63300    
 -3.1481485E-04   26.22524    
 -3.1381386E-04   25.62561    
 -3.1281283E-04   24.88107    
 -3.1181183E-04   26.70387    
 -3.1081084E-04   24.24740    
 -3.0980984E-04   23.73308    
 -3.0880884E-04   25.48219    
 -3.0780784E-04   23.01161    
 -3.0680685E-04   22.97721    
 -3.0580585E-04   24.35523    
 -3.0480482E-04   21.53018    
 -3.0380383E-04   17.26459    
 -3.0280283E-04   15.88903    
 -3.0180183E-04   19.38628    
 -3.0080084E-04   19.37163    
 -2.9979981E-04   15.40975    
 -2.9879884E-04   16.29212    
 -2.9779781E-04   19.95452    
 -2.9679682E-04   25.66710    
 -2.9579582E-04   26.87393    
 -2.9479479E-04   22.41415    
 -2.9379383E-04   25.56840    
 -2.9279280E-04   27.10725    
 -2.9179180E-04   25.50890    
 -2.9079083E-04   29.75243    
 -2.8978981E-04   22.18947    
 -2.8878881E-04   9.053733    
 -2.8778781E-04   5.557731    
 -2.8678682E-04  -2.133362    
 -2.8578579E-04  -10.91115    
 -2.8478479E-04  -11.87623    
 -2.8378383E-04  -7.881756    
 -2.8278283E-04  -3.239665    
 -2.8178180E-04  -5.708822    
 -2.8078081E-04  -8.257483    
 -2.7977981E-04  -8.012448    
 -2.7877878E-04  -3.964681    
 -2.7777781E-04   15.64672    
 -2.7677679E-04   31.24104    
 -2.7577582E-04   29.02194    
 -2.7477479E-04   25.43560    
 -2.7377380E-04   22.80033    
 -2.7277280E-04   25.74859    
 -2.7177180E-04   30.55374    
 -2.7077078E-04   26.85110    
 -2.6976981E-04   30.71907    
 -2.6876878E-04   36.41912    
 -2.6776778E-04   28.32670    
 -2.6676682E-04   18.97475    
 -2.6576579E-04   9.099477    
 -2.6476479E-04 -0.2221024    
 -2.6376380E-04   2.245207    
 -2.6276280E-04   8.018453    
 -2.6176177E-04   6.143596    
 -2.6076080E-04   4.550014    
 -2.5975978E-04   13.23407    
 -2.5875878E-04   16.30494    
 -2.5775778E-04   5.735061    
 -2.5675679E-04   5.581246    
 -2.5575579E-04   11.07020    
 -2.5475476E-04   6.445245    
 -2.5375377E-04   5.114919    
 -2.5275280E-04   7.157393    
 -2.5175174E-04   10.12275    
 -2.5075077E-04   16.17780    
 -2.4974978E-04   16.92711    
 -2.4874875E-04   18.17488    
 -2.4774778E-04   19.07517    
 -2.4674676E-04   16.56693    
 -2.4574579E-04   24.83872    
 -2.4474476E-04   34.90619    
 -2.4374378E-04   36.11878    
 -2.4274277E-04   38.21958    
 -2.4174176E-04   40.35426    
 -2.4074076E-04   39.13188    
 -2.3973978E-04   33.82461    
 -2.3873876E-04   31.06393    
 -2.3773775E-04   35.95057    
 -2.3673676E-04   30.97049    
 -2.3573577E-04   20.86769    
 -2.3473473E-04   23.79708    
 -2.3373375E-04   27.91327    
 -2.3273277E-04   33.07949    
 -2.3173174E-04   40.26821    
 -2.3073076E-04   33.92026    
 -2.2972975E-04   27.51161    
 -2.2872876E-04   28.97413    
 -2.2772774E-04   23.65420    
 -2.2672676E-04   20.83918    
 -2.2572574E-04   26.71244    
 -2.2472475E-04   29.90658    
 -2.2372373E-04   30.59971    
 -2.2272275E-04   26.88279    
 -2.2172173E-04   15.08144    
 -2.2072074E-04   6.795519    
 -2.1971973E-04   7.019384    
 -2.1871875E-04   4.865413    
 -2.1771772E-04   2.417643    
 -2.1671674E-04   9.158375    
 -2.1571576E-04   12.94005    
 -2.1471472E-04   12.85542    
 -2.1371373E-04   25.51837    
 -2.1271274E-04   30.64834    
 -2.1171173E-04   16.34217    
 -2.1071071E-04   13.98843    
 -2.0970973E-04   19.52596    
 -2.0870873E-04   14.19032    
 -2.0770772E-04   16.40581    
 -2.0670671E-04   27.66089    
 -2.0570573E-04   35.19012    
 -2.0470470E-04   40.94513    
 -2.0370372E-04   41.37342    
 -2.0270271E-04   39.22598    
 -2.0170174E-04   43.24039    
 -2.0070070E-04   48.33727    
 -1.9969972E-04   45.36043    
 -1.9869873E-04   36.60029    
 -1.9769771E-04   37.23063    
 -1.9669672E-04   46.10299    
 -1.9569571E-04   48.91156    
 -1.9469472E-04   51.94124    
 -1.9369370E-04   61.02134    
 -1.9269272E-04   71.06972    
 -1.9169171E-04   73.44071    
 -1.9069071E-04   59.46242    
 -1.8968970E-04   44.28700    
 -1.8868872E-04   33.20141    
 -1.8768769E-04   16.24659    
 -1.8668671E-04   13.44566    
 -1.8568570E-04   27.59768    
 -1.8468469E-04   40.57226    
 -1.8368370E-04   54.08046    
 -1.8268271E-04   58.38649    
 -1.8168172E-04   55.10401    
 -1.8068068E-04   55.56954    
 -1.7967970E-04   43.50282    
 -1.7867870E-04   32.04687    
 -1.7767769E-04   42.01810    
 -1.7667668E-04   50.55568    
 -1.7567570E-04   51.23031    
 -1.7467470E-04   49.93872    
 -1.7367369E-04   40.21930    
 -1.7267268E-04   35.20024    
 -1.7167169E-04   36.60529    
 -1.7067067E-04   27.16907    
 -1.6966969E-04   17.44698    
 -1.6866867E-04   17.53180    
 -1.6766768E-04   17.72962    
 -1.6666669E-04   21.06931    
 -1.6566568E-04   22.48944    
 -1.6466470E-04   16.19906    
 -1.6366367E-04   24.15604    
 -1.6266269E-04   37.48432    
 -1.6166168E-04   34.96394    
 -1.6066067E-04   33.70262    
 -1.5965967E-04   29.65337    
 -1.5865869E-04   20.35644    
 -1.5765765E-04   23.88665    
 -1.5665666E-04   27.87294    
 -1.5565567E-04   41.94690    
 -1.5465468E-04   67.74057    
 -1.5365364E-04   65.16256    
 -1.5265266E-04   54.90399    
 -1.5165166E-04   62.66865    
 -1.5065065E-04   70.42385    
 -1.4964967E-04   82.99033    
 -1.4864867E-04   86.44920    
 -1.4764769E-04   74.29323    
 -1.4664665E-04   77.16757    
 -1.4564567E-04   84.15780    
 -1.4464467E-04   81.66105    
 -1.4364366E-04   85.84407    
 -1.4264265E-04   95.91232    
 -1.4164166E-04   99.21359    
 -1.4064064E-04   88.45162    
 -1.3963965E-04   78.16766    
 -1.3863864E-04   82.47666    
 -1.3763766E-04   92.47680    
 -1.3663663E-04   98.29060    
 -1.3563565E-04   90.95693    
 -1.3463464E-04   83.91417    
 -1.3363364E-04   85.74045    
 -1.3263266E-04   77.91662    
 -1.3163165E-04   82.18570    
 -1.3063064E-04   100.8423    
 -1.2962964E-04   92.81785    
 -1.2862866E-04   76.82652    
 -1.2762765E-04   74.35770    
 -1.2662663E-04   71.20528    
 -1.2562564E-04   69.22501    
 -1.2462465E-04   67.16805    
 -1.2362361E-04   69.34721    
 -1.2262263E-04   78.96634    
 -1.2162163E-04   85.37428    
 -1.2062062E-04   86.54796    
 -1.1961962E-04   83.75118    
 -1.1861863E-04   94.48476    
 -1.1761765E-04   111.3694    
 -1.1661662E-04   101.7365    
 -1.1561564E-04   85.86744    
 -1.1461463E-04   70.63554    
 -1.1361362E-04   43.94847    
 -1.1261262E-04   30.43332    
 -1.1161163E-04   23.93493    
 -1.1061063E-04   31.15156    
 -1.0960962E-04   72.63300    
 -1.0860861E-04   100.6276    
 -1.0760763E-04   99.83064    
 -1.0660660E-04   101.1744    
 -1.0560562E-04   106.8884    
 -1.0460461E-04   123.1170    
 -1.0360360E-04   137.2448    
 -1.0260260E-04   125.3987    
 -1.0160162E-04   111.8203    
 -1.0060064E-04   116.8929    
 -9.9599602E-05   111.7984    
 -9.8598619E-05   83.90885    
 -9.7597615E-05   69.56641    
 -9.6596603E-05   63.87182    
 -9.5595598E-05   34.77343    
 -9.4594616E-05   24.06868    
 -9.3593582E-05   47.81340    
 -9.2592600E-05   46.38976    
 -9.1591595E-05   14.47816    
 -9.0590613E-05  -3.688434    
 -8.9589579E-05   2.761354    
 -8.8588597E-05   19.14912    
 -8.7587592E-05   51.11838    
 -8.6586588E-05   103.3661    
 -8.5585576E-05   135.8212    
 -8.4584601E-05   144.2377    
 -8.3583567E-05   171.8915    
 -8.2582585E-05   202.4957    
 -8.1581602E-05   199.7233    
 -8.0580619E-05   188.9424    
 -7.9579586E-05   206.2461    
 -7.8578603E-05   222.5407    
 -7.7577577E-05   205.3651    
 -7.6576594E-05   194.6604    
 -7.5575561E-05   203.0361    
 -7.4574578E-05   217.4477    
 -7.3573596E-05   254.0867    
 -7.2572562E-05   272.0375    
 -7.1571536E-05   259.3366    
 -7.0570597E-05   263.4822    
 -6.9569571E-05   267.1012    
 -6.8568588E-05   273.5891    
 -6.7567606E-05   297.9888    
 -6.6566572E-05   314.4421    
 -6.5565589E-05   341.6813    
 -6.4564556E-05   362.6973    
 -6.3563581E-05   351.6412    
 -6.2562598E-05   353.5227    
 -6.1561565E-05   353.2952    
 -6.0560531E-05   321.3881    
 -5.9559599E-05   294.4124    
 -5.8558566E-05   291.2867    
 -5.7557536E-05   303.8318    
 -5.6556553E-05   323.2380    
 -5.5555571E-05   361.7534    
 -5.4554541E-05   408.1843    
 -5.3553558E-05   397.3728    
 -5.2552525E-05   344.7954    
 -5.1551593E-05   347.1723    
 -5.0550563E-05   409.9974    
 -4.9549530E-05   446.0973    
 -4.8548598E-05   454.3597    
 -4.7547564E-05   522.7681    
 -4.6546535E-05   626.2606    
 -4.5545552E-05   670.2614    
 -4.4544569E-05   663.8207    
 -4.3543540E-05   683.1213    
 -4.2542557E-05   727.8552    
 -4.1541523E-05   700.6042    
 -4.0540544E-05   666.7913    
 -3.9539562E-05   759.0592    
 -3.8538528E-05   860.6591    
 -3.7537498E-05   948.7039    
 -3.6536563E-05   1074.383    
 -3.5535533E-05   1117.648    
 -3.4534503E-05   1188.526    
 -3.3533568E-05   1324.976    
 -3.2532538E-05   1344.274    
 -3.1531556E-05   1403.492    
 -3.0530522E-05   1516.287    
 -2.9529541E-05   1524.543    
 -2.8528559E-05   1635.152    
 -2.7527529E-05   1844.489    
 -2.6526497E-05   2004.108    
 -2.5525564E-05   2228.646    
 -2.4524532E-05   2486.297    
 -2.3523500E-05   2673.068    
 -2.2522518E-05   2785.063    
 -2.1521537E-05   2923.865    
 -2.0520505E-05   3220.548    
 -1.9519523E-05   3478.850    
 -1.8518491E-05   3591.715    
 -1.7517508E-05   3812.750    
 -1.6516527E-05   4328.856    
 -1.5515496E-05   5163.462    
 -1.4514562E-05   6046.363    
 -1.3513531E-05   6903.475    
 -1.2512499E-05   8064.768    
 -1.1511517E-05   9385.541    
 -1.0510535E-05   10884.60    
 -9.5095029E-06   13016.28    
 -8.5085212E-06   15591.00    
 -7.5074895E-06   18666.03    
 -6.5065074E-06   22687.01    
 -5.5055252E-06   27799.06    
 -4.5044940E-06   35092.51    
 -3.5034623E-06   45189.64    
 -2.5025295E-06   56419.92    
 -1.5014979E-06   66925.45    
 -5.0046629E-07   74092.56    
  5.0046629E-07   74092.41    
  1.5014979E-06   66925.60    
  2.5025295E-06   56419.88    
  3.5035116E-06   45188.88    
  4.5044940E-06   35092.42    
  5.5054761E-06   27799.41    
  6.5065074E-06   22686.99    
  7.5075391E-06   18665.79    
  8.5084721E-06   15591.10    
  9.5095029E-06   13016.21    
  1.0510535E-05   10884.63    
  1.1511517E-05   9385.490    
  1.2512499E-05   8064.742    
  1.3513531E-05   6903.538    
  1.4514513E-05   6046.387    
  1.5515496E-05   5163.455    
  1.6516527E-05   4328.855    
  1.7517508E-05   3812.692    
  1.8518540E-05   3591.730    
  1.9519523E-05   3478.844    
  2.0520505E-05   3220.557    
  2.1521537E-05   2923.830    
  2.2522518E-05   2785.078    
  2.3523500E-05   2673.100    
  2.4524532E-05   2486.282    
  2.5525515E-05   2228.584    
  2.6526546E-05   2004.132    
  2.7527529E-05   1844.488    
  2.8528510E-05   1635.185    
  2.9529541E-05   1524.532    
  3.0530573E-05   1516.280    
  3.1531505E-05   1403.454    
  3.2532538E-05   1344.279    
  3.3533568E-05   1324.958    
  3.4534503E-05   1188.519    
  3.5535533E-05   1117.645    
  3.6536563E-05   1074.363    
  3.7537546E-05   948.7231    
  3.8538528E-05   860.6576    
  3.9539562E-05   759.0546    
  4.0540544E-05   666.7913    
  4.1541574E-05   700.6301    
  4.2542506E-05   727.8013    
  4.3543540E-05   683.1183    
  4.4544569E-05   663.8196    
  4.5545552E-05   670.2597    
  4.6546535E-05   626.2637    
  4.7547564E-05   522.7752    
  4.8548547E-05   454.3580    
  4.9549530E-05   446.0984    
  5.0550563E-05   409.9999    
  5.1551546E-05   347.1721    
  5.2552576E-05   344.8031    
  5.3553558E-05   397.3785    
  5.4554541E-05   408.1825    
  5.5555571E-05   361.7512    
  5.6556604E-05   323.2455    
  5.7557536E-05   303.8360    
  5.8558566E-05   291.2883    
  5.9559548E-05   294.4234    
  6.0560582E-05   321.3885    
  6.1561565E-05   353.2963    
  6.2562547E-05   353.5387    
  6.3563581E-05   351.6501    
  6.4564607E-05   362.7109    
  6.5565539E-05   341.6989    
  6.6566572E-05   314.4473    
  6.7567606E-05   297.9912    
  6.8568537E-05   273.6046    
  6.9569571E-05   267.0968    
  7.0570597E-05   263.4836    
  7.1571580E-05   259.3401    
  7.2572562E-05   272.0494    
  7.3573596E-05   254.0837    
  7.4574578E-05   217.4449    
  7.5575612E-05   203.0149    
  7.6576594E-05   194.6644    
  7.7577577E-05   205.3601    
  7.8578603E-05   222.5406    
  7.9579586E-05   206.2543    
  8.0580568E-05   188.9253    
  8.1581602E-05   199.7205    
  8.2582585E-05   202.4966    
  8.3583567E-05   171.8856    
  8.4584601E-05   144.2385    
  8.5585576E-05   135.8231    
  8.6586610E-05   103.3548    
  8.7587592E-05   51.12952    
  8.8588575E-05   19.14496    
  8.9589608E-05   2.774119    
  9.0590642E-05  -3.677300    
  9.1591573E-05   14.47281    
  9.2592600E-05   46.39141    
  9.3593633E-05   47.82862    
  9.4594616E-05   24.05324    
  9.5595598E-05   34.77194    
  9.6596581E-05   63.85928    
  9.7597615E-05   69.56705    
  9.8598641E-05   83.90557    
  9.9599580E-05   111.7985    
  1.0060061E-04   116.8965    
  1.0160164E-04   111.8210    
  1.0260257E-04   125.4078    
  1.0360360E-04   137.2445    
  1.0460464E-04   123.1213    
  1.0560562E-04   106.8868    
  1.0660660E-04   101.1789    
  1.0760763E-04   99.83483    
  1.0860861E-04   100.6344    
  1.0960965E-04   72.62956    
  1.1061063E-04   31.15639    
  1.1161161E-04   23.94617    
  1.1261264E-04   30.43587    
  1.1361362E-04   43.95332    
  1.1461460E-04   70.62227    
  1.1561564E-04   85.86669    
  1.1661662E-04   101.7442    
  1.1761760E-04   111.3646    
  1.1861863E-04   94.48425    
  1.1961962E-04   83.75753    
  1.2062064E-04   86.53914    
  1.2162163E-04   85.37577    
  1.2262262E-04   78.96651    
  1.2362364E-04   69.34987    
  1.2462467E-04   67.17476    
  1.2562561E-04   69.22726    
  1.2662663E-04   71.20420    
  1.2762767E-04   74.36065    
  1.2862866E-04   76.82567    
  1.2962964E-04   92.81680    
  1.3063067E-04   100.8404    
  1.3163165E-04   82.18314    
  1.3263263E-04   77.91452    
  1.3363361E-04   85.74626    
  1.3463464E-04   83.90961    
  1.3563568E-04   90.96165    
  1.3663661E-04   98.29800    
  1.3763765E-04   92.47677    
  1.3863867E-04   82.47577    
  1.3963965E-04   78.17265    
  1.4064064E-04   88.45420    
  1.4164166E-04   99.21662    
  1.4264265E-04   95.91017    
  1.4364369E-04   85.83939    
  1.4464467E-04   81.66032    
  1.4564565E-04   84.15430    
  1.4664668E-04   77.15639    
  1.4764770E-04   74.28705    
  1.4864864E-04   86.44510    
  1.4964967E-04   82.98845    
  1.5065065E-04   70.42825    
  1.5165163E-04   62.66558    
  1.5265266E-04   54.90670    
  1.5365364E-04   65.16612    
  1.5465468E-04   67.74180    
  1.5565567E-04   41.94741    
  1.5665665E-04   27.87061    
  1.5765768E-04   23.88384    
  1.5865870E-04   20.36065    
  1.5965964E-04   29.64780    
  1.6066067E-04   33.70267    
  1.6166171E-04   34.96267    
  1.6266269E-04   37.47816    
  1.6366367E-04   24.15797    
  1.6466470E-04   16.20153    
  1.6566568E-04   22.48809    
  1.6666666E-04   21.06809    
  1.6766769E-04   17.72519    
  1.6866867E-04   17.53424    
  1.6966971E-04   17.43738    
  1.7067064E-04   27.16893    
  1.7167168E-04   36.60816    
  1.7267271E-04   35.20386    
  1.7367369E-04   40.21538    
  1.7467467E-04   49.93777    
  1.7567570E-04   51.22622    
  1.7667668E-04   50.56012    
  1.7767772E-04   42.00890    
  1.7867870E-04   32.04645    
  1.7967969E-04   43.50185    
  1.8068071E-04   55.56657    
  1.8168174E-04   55.10739    
  1.8268268E-04   58.38248    
  1.8368370E-04   54.08100    
  1.8468474E-04   40.57685    
  1.8568567E-04   27.59661    
  1.8668671E-04   13.44306    
  1.8768769E-04   16.24635    
  1.8868872E-04   33.19757    
  1.8968970E-04   44.28511    
  1.9069068E-04   59.46458    
  1.9169171E-04   73.43803    
  1.9269275E-04   71.06796    
  1.9369368E-04   61.02568    
  1.9469472E-04   51.93684    
  1.9569574E-04   48.91008    
  1.9669672E-04   46.10686    
  1.9769771E-04   37.23199    
  1.9869873E-04   36.59900    
  1.9969972E-04   45.36298    
  2.0070070E-04   48.33511    
  2.0170174E-04   43.24102    
  2.0270271E-04   39.22487    
  2.0370375E-04   41.38091    
  2.0470467E-04   40.93943    
  2.0570571E-04   35.19546    
  2.0670674E-04   27.66146    
  2.0770772E-04   16.40499    
  2.0870871E-04   14.20037    
  2.0970973E-04   19.52506    
  2.1071071E-04   13.98987    
  2.1171175E-04   16.34358    
  2.1271274E-04   30.65171    
  2.1371372E-04   25.51526    
  2.1471475E-04   12.84720    
  2.1571573E-04   12.93959    
  2.1671671E-04   9.161007    
  2.1771774E-04   2.415445    
  2.1871878E-04   4.871367    
  2.1971970E-04   7.021379    
  2.2072074E-04   6.797185    
  2.2172177E-04   15.08100    
  2.2272275E-04   26.88053    
  2.2372373E-04   30.59772    
  2.2472472E-04   29.90932    
  2.2572574E-04   26.71041    
  2.2672678E-04   20.83715    
  2.2772771E-04   23.66094    
  2.2872875E-04   28.97449    
  2.2972978E-04   27.51248    
  2.3073076E-04   33.92017    
  2.3173174E-04   40.26887    
  2.3273277E-04   33.08125    
  2.3373375E-04   27.91105    
  2.3473473E-04   23.79646    
  2.3573577E-04   20.86564    
  2.3673676E-04   30.97221    
  2.3773778E-04   35.94647    
  2.3873876E-04   31.06468    
  2.3973975E-04   33.83016    
  2.4074077E-04   39.13614    
  2.4174176E-04   40.35546    
  2.4274274E-04   38.21542    
  2.4374378E-04   36.11629    
  2.4474476E-04   34.90715    
  2.4574579E-04   24.83621    
  2.4674676E-04   16.57056    
  2.4774775E-04   19.07379    
  2.4874878E-04   18.17248    
  2.4974978E-04   16.92491    
  2.5075075E-04   16.17856    
  2.5175177E-04   10.12442    
  2.5275280E-04   7.160607    
  2.5375374E-04   5.118300    
  2.5475476E-04   6.444461    
  2.5575582E-04   11.06861    
  2.5675679E-04   5.580830    
  2.5775778E-04   5.732762    
  2.5875881E-04   16.30585    
  2.5975978E-04   13.23363    
  2.6076080E-04   4.547980    
  2.6176174E-04   6.143459    
  2.6276277E-04   8.018885    
  2.6376382E-04   2.244550    
  2.6476473E-04 -0.2226661    
  2.6576579E-04   9.100533    
  2.6676682E-04   18.97375    
  2.6776778E-04   28.32749    
  2.6876878E-04   36.42039    
  2.6976981E-04   30.71703    
  2.7077078E-04   26.84954    
  2.7177183E-04   30.55190    
  2.7277280E-04   25.75050    
  2.7377377E-04   22.80203    
  2.7477482E-04   25.43052    
  2.7577585E-04   29.01277    
  2.7677679E-04   31.24130    
  2.7777781E-04   15.64921    
  2.7877878E-04  -3.964664    
  2.7977981E-04  -8.011620    
  2.8078081E-04  -8.256579    
  2.8178177E-04  -5.710099    
  2.8278283E-04  -3.239750    
  2.8378380E-04  -7.879451    
  2.8478479E-04  -11.88067    
  2.8578582E-04  -10.90989    
  2.8678685E-04  -2.131788    
  2.8778779E-04   5.552877    
  2.8878881E-04   9.050529    
  2.8978984E-04   22.19323    
  2.9079083E-04   29.75535    
  2.9179180E-04   25.50666    
  2.9279283E-04   27.10440    
  2.9379383E-04   25.56820    
  2.9479485E-04   22.41087    
  2.9579582E-04   26.87189    
  2.9679682E-04   25.66772    
  2.9779784E-04   19.95707    
  2.9879878E-04   16.29704    
  2.9979981E-04   15.40951    
  3.0080084E-04   19.37266    
  3.0180183E-04   19.38827    
  3.0280280E-04   15.89174    
  3.0380383E-04   17.26602    
  3.0480482E-04   21.52962    
  3.0580585E-04   24.35302    
  3.0680685E-04   22.97848    
  3.0780782E-04   23.01212    
  3.0880884E-04   25.48360    
  3.0980987E-04   23.73532    
  3.1081081E-04   24.25070    
  3.1181183E-04   26.70119    
  3.1281289E-04   24.88175    
  3.1381386E-04   25.62490    
  3.1481485E-04   26.22533    
  3.1581582E-04   20.63246    
  3.1681685E-04   16.98712    
  3.1781784E-04   18.18057    
  3.1881881E-04   16.62006    
  3.1981984E-04   13.83658    
  3.2082089E-04   18.26537    
  3.2182180E-04   21.78874    
  3.2282286E-04   17.07572    
  3.2382389E-04   13.33364    
  3.2482485E-04   11.04982    
  3.2582585E-04   8.962012    
  3.2682688E-04   7.577725    
  3.2782785E-04   1.398152    
  3.2882890E-04  -2.944659    
  3.2982987E-04  -3.777077    
  3.3083084E-04  -4.619041    
  3.3183189E-04   1.319479    
  3.3283292E-04   6.345694    
  3.3383386E-04   7.554566    
  3.3483488E-04   11.92289    
  3.3583582E-04   11.75878    
  3.3683685E-04   12.29326    
  3.3783788E-04   16.26974    
  3.3883881E-04   11.20979    
  3.3983984E-04   5.326361    
  3.4084087E-04   3.905334    
  3.4184189E-04   2.568581    
  3.4284283E-04   5.771681    
  3.4384386E-04   8.592845    
  3.4484488E-04   8.697769    
  3.4584594E-04   7.205538    
  3.4684685E-04  -1.509831    
  3.4784790E-04  -8.600092    
  3.4884893E-04  -8.070810    
  3.4984987E-04  -8.118439    
  3.5085090E-04  -6.858633    
  3.5185184E-04  -2.345837    
  3.5285286E-04   1.663562    
  3.5385389E-04   8.584934    
  3.5485491E-04   17.25729    
  3.5585594E-04   19.02171    
  3.5685697E-04   14.70850    
  3.5785782E-04   10.43136    
  3.5885884E-04   7.263563    
  3.5985987E-04   6.317408    
  3.6086090E-04   6.915050    
  3.6186195E-04   8.534431    
  3.6286286E-04   13.20818    
  3.6386392E-04   16.58919    
  3.6486483E-04   17.86849    
  3.6586588E-04   19.21599    
  3.6686691E-04   16.48814    
  3.6786793E-04   14.18939    
  3.6886887E-04   13.58382    
  3.6986990E-04   7.553581    
  3.7087093E-04  0.5136822    
  3.7187195E-04  -4.585117    
  3.7287289E-04  -5.453919    
  3.7387392E-04 -0.4418022    
  3.7487486E-04  -1.371915    
  3.7587588E-04  -6.913398    
  3.7687691E-04  -8.511043    
  3.7787796E-04  -9.539392    
  3.7887899E-04  -8.507252    
  3.7987981E-04  -6.656868    
  3.8088084E-04  -4.270135    
  3.8188187E-04   1.629385    
  3.8288292E-04   1.640876    
  3.8388395E-04  -4.265475    
  3.8488497E-04  -8.841236    
  3.8588591E-04  -10.35206    
  3.8688694E-04  -5.308032    
  3.8788788E-04  -2.394309    
  3.8888890E-04  -3.098385    
  3.8988993E-04   2.967501    
  3.9089096E-04   6.086692    
  3.9189190E-04   2.497567    
  3.9289292E-04  0.7608548    
  3.9389395E-04  -1.596866    
  3.9489500E-04  -2.420988    
  3.9589591E-04  0.4303678    
  3.9689685E-04   1.494409    
  3.9789788E-04  0.6374089    
  3.9889893E-04  0.9597010    
  3.9989996E-04   2.243767    
  4.0090099E-04  0.5789023    
  4.0190201E-04  2.1678390E-02
  4.0290286E-04   3.211272    
  4.0390389E-04   1.443722    
  4.0490492E-04  0.8661273    
  4.0590594E-04   6.678512    
  4.0690697E-04   7.449747    
  4.0790800E-04   4.519321    
  4.0890893E-04   2.807584    
  4.0990996E-04   4.453443    
  4.1091090E-04   11.60367    
  4.1191193E-04   13.01923    
  4.1291298E-04   6.928967    
  4.1391401E-04  0.3236621    
  4.1491495E-04  -8.407847    
  4.1591597E-04  -14.87428    
  4.1691700E-04  -17.84966    
  4.1791794E-04  -18.75641    
  4.1891896E-04  -15.21852    
  4.1991990E-04  -14.69933    
  4.2092093E-04  -17.22636    
  4.2192196E-04  -15.88430    
  4.2292298E-04  -12.36342    
  4.2392401E-04  -6.330859    
  4.2492506E-04  -2.294199    
  4.2592589E-04  -2.980420    
  4.2692691E-04 -0.9861253    
  4.2792794E-04   1.111200    
  4.2892896E-04  0.4326432    
  4.2993002E-04  0.5213695    
  4.3093105E-04 -0.6856362    
  4.3193199E-04  -2.141258    
  4.3293289E-04  -2.005008    
  4.3393395E-04  -2.731679    
  4.3493498E-04  -4.190943    
  4.3593600E-04  -5.531596    
  4.3693694E-04  -6.082473    
  4.3793797E-04  -6.939706    
  4.3893899E-04  -9.364050    
  4.3994002E-04  -9.275159    
  4.4094096E-04  -5.261068    
  4.4194199E-04  -2.990278    
  4.4294292E-04  -5.866767    
  4.4394395E-04  -8.885173    
  4.4494498E-04  -5.862799    
  4.4594603E-04  0.3146627    
  4.4694706E-04   2.906841    
  4.4794808E-04   1.919956    
  4.4894891E-04   3.023428    
  4.4994996E-04   6.371365    
  4.5095099E-04   6.948329    
  4.5195202E-04   7.869279    
  4.5295304E-04   10.72437    
  4.5395398E-04   9.882899    
  4.5495501E-04   9.435507    
  4.5595595E-04   10.39145    
  4.5695697E-04   4.987002    
  4.5795800E-04   1.257244    
  4.5895902E-04   6.937417    
  4.5995996E-04   10.88463    
  4.6096099E-04   9.132758    
  4.6196204E-04   8.263580    
  4.6296307E-04   6.943207    
  4.6396401E-04   4.888840    
  4.6496504E-04   5.499569    
  4.6596595E-04   4.300005    
  4.6696700E-04   2.373100    
  4.6796803E-04   6.717972    
  4.6896905E-04   10.25282    
  4.6997008E-04   7.857204    
  4.7097093E-04   5.640210    
  4.7197196E-04   3.962583    
  4.7297298E-04   4.331836    
  4.7397401E-04   8.916553    
  4.7497504E-04   11.11808    
  4.7597609E-04   9.364179    
  4.7697700E-04   8.738984    
  4.7797806E-04   10.68742    
  4.7897897E-04   13.03354    
  4.7997999E-04   14.15307    
  4.8098105E-04   16.17643    
  4.8198208E-04   18.92148    
  4.8298301E-04   18.20466    
  4.8398404E-04   13.81542    
  4.8498507E-04   10.61397    
  4.8598601E-04   10.84154    
  4.8698703E-04   9.834959    
  4.8798806E-04   8.091459    
  4.8898900E-04   8.417897    
  4.8999005E-04   3.541002    
  4.9099105E-04  -3.682654    
  4.9199210E-04  -3.121181    
  4.9299310E-04 -0.3227824    
  4.9399398E-04 -9.0743586E-02
  4.9499498E-04 -0.3654001    
  4.9599604E-04 -2.3322459E-03
  4.9699703E-04   2.037894    
  4.9799809E-04   1.782586    
  4.9899908E-04  0.6574845    
  5.0000002E-04   2.510669    
