 -1.0000000E-03   4.438637    
 -9.9799817E-04   4.503758    
 -9.9599606E-04   4.560733    
 -9.9399406E-04   4.612312    
 -9.9199207E-04   4.659131    
 -9.8999008E-04   4.696100    
 -9.8798808E-04   4.711647    
 -9.8598609E-04   4.696415    
 -9.8398409E-04   4.652258    
 -9.8198210E-04   4.597277    
 -9.7998010E-04   4.555753    
 -9.7797811E-04   4.546380    
 -9.7597600E-04   4.573166    
 -9.7397406E-04   4.625557    
 -9.7197207E-04   4.688992    
 -9.6997002E-04   4.750274    
 -9.6796808E-04   4.795791    
 -9.6596603E-04   4.808032    
 -9.6396403E-04   4.765560    
 -9.6196210E-04   4.653933    
 -9.5995999E-04   4.477539    
 -9.5795805E-04   4.262112    
 -9.5595611E-04   4.045719    
 -9.5395400E-04   3.858578    
 -9.5195207E-04   3.716885    
 -9.4995002E-04   3.621897    
 -9.4794802E-04   3.569273    
 -9.4594609E-04   3.557317    
 -9.4394403E-04   3.587754    
 -9.4194204E-04   3.659089    
 -9.3993999E-04   3.766840    
 -9.3793799E-04   3.903651    
 -9.3593606E-04   4.060785    
 -9.3393400E-04   4.231033    
 -9.3193201E-04   4.404666    
 -9.2993007E-04   4.572204    
 -9.2792802E-04   4.725958    
 -9.2592603E-04   4.862629    
 -9.2392397E-04   4.983641    
 -9.2192198E-04   5.091210    
 -9.1992004E-04   5.187877    
 -9.1791799E-04   5.277190    
 -9.1591600E-04   5.363563    
 -9.1391394E-04   5.453979    
 -9.1191201E-04   5.552937    
 -9.0991001E-04   5.658451    
 -9.0790796E-04   5.765354    
 -9.0590597E-04   5.870936    
 -9.0390403E-04   5.979507    
 -9.0190198E-04   6.100475    
 -8.9989998E-04   6.236022    
 -8.9789793E-04   6.374077    
 -8.9589600E-04   6.491471    
 -8.9389400E-04   6.567126    
 -8.9189195E-04   6.591670    
 -8.8988995E-04   6.569748    
 -8.8788802E-04   6.512558    
 -8.8588597E-04   6.429236    
 -8.8388397E-04   6.330255    
 -8.8188192E-04   6.229429    
 -8.7987998E-04   6.143735    
 -8.7787799E-04   6.089263    
 -8.7587594E-04   6.065143    
 -8.7387394E-04   6.053961    
 -8.7187201E-04   6.034521    
 -8.6986995E-04   5.999790    
 -8.6786796E-04   5.961593    
 -8.6586591E-04   5.939469    
 -8.6386397E-04   5.941082    
 -8.6186186E-04   5.953627    
 -8.5985992E-04   5.952228    
 -8.5785793E-04   5.920244    
 -8.5585588E-04   5.861589    
 -8.5385394E-04   5.795593    
 -8.5185195E-04   5.742903    
 -8.4984989E-04   5.713928    
 -8.4784796E-04   5.706025    
 -8.4584596E-04   5.714827    
 -8.4384391E-04   5.734622    
 -8.4184197E-04   5.759822    
 -8.3983986E-04   5.777657    
 -8.3783793E-04   5.771743    
 -8.3583593E-04   5.727844    
 -8.3383388E-04   5.648838    
 -8.3183195E-04   5.555303    
 -8.2982989E-04   5.478468    
 -8.2782790E-04   5.445045    
 -8.2582590E-04   5.466321    
 -8.2382391E-04   5.533192    
 -8.2182192E-04   5.622572    
 -8.1981992E-04   5.705206    
 -8.1781787E-04   5.757280    
 -8.1581593E-04   5.766578    
 -8.1381388E-04   5.736383    
 -8.1181189E-04   5.681643    
 -8.0980989E-04   5.621983    
 -8.0780784E-04   5.572017    
 -8.0580590E-04   5.540335    
 -8.0380391E-04   5.530527    
 -8.0180186E-04   5.541662    
 -7.9979986E-04   5.570416    
 -7.9779787E-04   5.609642    
 -7.9579587E-04   5.650930    
 -7.9379388E-04   5.692195    
 -7.9179183E-04   5.741231    
 -7.8978989E-04   5.812534    
 -7.8778784E-04   5.917637    
 -7.8578584E-04   6.053789    
 -7.8378391E-04   6.199972    
 -7.8178186E-04   6.328137    
 -7.7977986E-04   6.412673    
 -7.7777787E-04   6.440447    
 -7.7577581E-04   6.403903    
 -7.7377388E-04   6.300627    
 -7.7177183E-04   6.133980    
 -7.6976983E-04   5.919116    
 -7.6776784E-04   5.689876    
 -7.6576584E-04   5.488963    
 -7.6376385E-04   5.352308    
 -7.6176180E-04   5.298340    
 -7.5975980E-04   5.326239    
 -7.5775781E-04   5.428026    
 -7.5575581E-04   5.595266    
 -7.5375382E-04   5.815488    
 -7.5175177E-04   6.057969    
 -7.4974983E-04   6.272764    
 -7.4774784E-04   6.405375    
 -7.4574584E-04   6.423402    
 -7.4374385E-04   6.333395    
 -7.4174179E-04   6.175680    
 -7.3973980E-04   6.004280    
 -7.3773781E-04   5.864617    
 -7.3573581E-04   5.786619    
 -7.3373382E-04   5.791675    
 -7.3173176E-04   5.896333    
 -7.2972977E-04   6.109032    
 -7.2772783E-04   6.417024    
 -7.2572578E-04   6.783402    
 -7.2372379E-04   7.159842    
 -7.2172179E-04   7.508640    
 -7.1971974E-04   7.815582    
 -7.1771780E-04   8.084927    
 -7.1571581E-04   8.324053    
 -7.1371376E-04   8.530020    
 -7.1171182E-04   8.690126    
 -7.0970977E-04   8.794691    
 -7.0770778E-04   8.850740    
 -7.0570578E-04   8.877825    
 -7.0370373E-04   8.896586    
 -7.0170179E-04   8.916332    
 -6.9969974E-04   8.929979    
 -6.9769775E-04   8.923316    
 -6.9569581E-04   8.887555    
 -6.9369370E-04   8.822871    
 -6.9169176E-04   8.739131    
 -6.8968977E-04   8.645632    
 -6.8768772E-04   8.550495    
 -6.8568578E-04   8.459952    
 -6.8368373E-04   8.385066    
 -6.8168173E-04   8.343721    
 -6.7967980E-04   8.355487    
 -6.7767769E-04   8.429830    
 -6.7567575E-04   8.557217    
 -6.7367376E-04   8.705756    
 -6.7167170E-04   8.839969    
 -6.6966977E-04   8.935670    
 -6.6766771E-04   8.997946    
 -6.6566572E-04   9.057351    
 -6.6366373E-04   9.149884    
 -6.6166167E-04   9.294474    
 -6.5965974E-04   9.481574    
 -6.5765769E-04   9.683494    
 -6.5565569E-04   9.868283    
 -6.5365370E-04   10.02019    
 -6.5165170E-04   10.14072    
 -6.4964971E-04   10.24168    
 -6.4764777E-04   10.33637    
 -6.4564572E-04   10.43440    
 -6.4364373E-04   10.54624    
 -6.4164173E-04   10.68149    
 -6.3963968E-04   10.84837    
 -6.3763774E-04   11.04270    
 -6.3563569E-04   11.24450    
 -6.3363370E-04   11.42198    
 -6.3163170E-04   11.54629    
 -6.2962971E-04   11.60822    
 -6.2762771E-04   11.62583    
 -6.2562566E-04   11.64240    
 -6.2362367E-04   11.71013    
 -6.2162167E-04   11.86604    
 -6.1961968E-04   12.11033    
 -6.1761768E-04   12.41150    
 -6.1561569E-04   12.72083    
 -6.1361369E-04   13.00048    
 -6.1161170E-04   13.24044    
 -6.0960965E-04   13.46011    
 -6.0760765E-04   13.68563    
 -6.0560566E-04   13.93287    
 -6.0360366E-04   14.19541    
 -6.0160167E-04   14.45644    
 -5.9959962E-04   14.69943    
 -5.9759768E-04   14.92569    
 -5.9559563E-04   15.14840    
 -5.9359364E-04   15.38745    
 -5.9159164E-04   15.66086    
 -5.8958959E-04   15.97573    
 -5.8758765E-04   16.33063    
 -5.8558560E-04   16.71024    
 -5.8358361E-04   17.08583    
 -5.8158167E-04   17.42104    
 -5.7957962E-04   17.68800    
 -5.7757762E-04   17.87633    
 -5.7557563E-04   17.99677    
 -5.7357363E-04   18.07196    
 -5.7157158E-04   18.11886    
 -5.6956959E-04   18.14450    
 -5.6756765E-04   18.14746    
 -5.6556566E-04   18.12800    
 -5.6356360E-04   18.09391    
 -5.6156161E-04   18.05999    
 -5.5955962E-04   18.04269    
 -5.5755756E-04   18.05651    
 -5.5555563E-04   18.10834    
 -5.5355357E-04   18.19681    
 -5.5155164E-04   18.30178    
 -5.4954959E-04   18.38494    
 -5.4754759E-04   18.40309    
 -5.4554560E-04   18.33681    
 -5.4354360E-04   18.21205    
 -5.4154155E-04   18.09691    
 -5.3953961E-04   18.07340    
 -5.3753756E-04   18.19494    
 -5.3553557E-04   18.46412    
 -5.3353363E-04   18.83718    
 -5.3153158E-04   19.25992    
 -5.2952959E-04   19.69766    
 -5.2752759E-04   20.15389    
 -5.2552560E-04   20.64927    
 -5.2352354E-04   21.20535    
 -5.2152161E-04   21.81802    
 -5.1951956E-04   22.45644    
 -5.1751756E-04   23.07275    
 -5.1551557E-04   23.61493    
 -5.1351357E-04   24.04597    
 -5.1151158E-04   24.35179    
 -5.0950953E-04   24.54588    
 -5.0750753E-04   24.66150    
 -5.0550560E-04   24.74097    
 -5.0350348E-04   24.82428    
 -5.0150155E-04   24.93645    
 -4.9949955E-04   25.08830    
 -4.9749750E-04   25.27014    
 -4.9549557E-04   25.45566    
 -4.9349351E-04   25.61232    
 -4.9149158E-04   25.71317    
 -4.8948952E-04   25.75335    
 -4.8748756E-04   25.75237    
 -4.8548554E-04   25.74571    
 -4.8348351E-04   25.76255    
 -4.8148152E-04   25.81644    
 -4.7947955E-04   25.90627    
 -4.7747753E-04   26.02055    
 -4.7547551E-04   26.15168    
 -4.7347351E-04   26.28903    
 -4.7147155E-04   26.41953    
 -4.6946947E-04   26.52913    
 -4.6746750E-04   26.62853    
 -4.6546553E-04   26.76336    
 -4.6346348E-04   27.00569    
 -4.6146152E-04   27.41728    
 -4.5945949E-04   28.00085    
 -4.5745753E-04   28.69163    
 -4.5545548E-04   29.37387    
 -4.5345351E-04   29.93565    
 -4.5145149E-04   30.31348    
 -4.4944949E-04   30.51401    
 -4.4744747E-04   30.60636    
 -4.4544550E-04   30.69591    
 -4.4344345E-04   30.89595    
 -4.4144149E-04   31.28657    
 -4.3943946E-04   31.88733    
 -4.3743750E-04   32.63202    
 -4.3543545E-04   33.39741    
 -4.3343348E-04   34.06083    
 -4.3143152E-04   34.56469    
 -4.2942943E-04   34.94261    
 -4.2742747E-04   35.28919    
 -4.2542547E-04   35.69619    
 -4.2342345E-04   36.20065    
 -4.2142143E-04   36.78444    
 -4.1941946E-04   37.41294    
 -4.1741747E-04   38.06374    
 -4.1541544E-04   38.73111    
 -4.1341342E-04   39.40213    
 -4.1141146E-04   40.03396    
 -4.0940940E-04   40.56905    
 -4.0740744E-04   40.97007    
 -4.0540542E-04   41.24124    
 -4.0340348E-04   41.42667    
 -4.0140140E-04   41.57944    
 -3.9939943E-04   41.73969    
 -3.9739747E-04   41.93686    
 -3.9539541E-04   42.20038    
 -3.9339345E-04   42.56355    
 -3.9139143E-04   43.05505    
 -3.8938943E-04   43.67101    
 -3.8738741E-04   44.37021    
 -3.8538544E-04   45.08978    
 -3.8338342E-04   45.77945    
 -3.8138143E-04   46.41970    
 -3.7937940E-04   47.02100    
 -3.7737744E-04   47.60676    
 -3.7537538E-04   48.19030    
 -3.7337342E-04   48.75871    
 -3.7137140E-04   49.27602    
 -3.6936937E-04   49.69778    
 -3.6736741E-04   49.99598    
 -3.6536541E-04   50.18098    
 -3.6336345E-04   50.30761    
 -3.6136137E-04   50.45656    
 -3.5935940E-04   50.69976    
 -3.5735741E-04   51.07118    
 -3.5535538E-04   51.56870    
 -3.5335336E-04   52.17437    
 -3.5135139E-04   52.88186    
 -3.4934940E-04   53.70010    
 -3.4734738E-04   54.62509    
 -3.4534535E-04   55.61798    
 -3.4334339E-04   56.60397    
 -3.4134134E-04   57.50363    
 -3.3933937E-04   58.27616    
 -3.3733735E-04   58.93293    
 -3.3533535E-04   59.52340    
 -3.3333339E-04   60.10358    
 -3.3133136E-04   60.70968    
 -3.2932940E-04   61.34331    
 -3.2732735E-04   61.98030    
 -3.2532538E-04   62.56540    
 -3.2332336E-04   63.03846    
 -3.2132133E-04   63.36507    
 -3.1931934E-04   63.57481    
 -3.1731738E-04   63.76319    
 -3.1531529E-04   64.06331    
 -3.1331333E-04   64.57993    
 -3.1131133E-04   65.35056    
 -3.0930937E-04   66.35197    
 -3.0730729E-04   67.55226    
 -3.0530532E-04   68.94646    
 -3.0330333E-04   70.55547    
 -3.0130130E-04   72.37503    
 -2.9929934E-04   74.33835    
 -2.9729735E-04   76.32970    
 -2.9529538E-04   78.23968    
 -2.9329330E-04   80.03496    
 -2.9129133E-04   81.77103    
 -2.8928934E-04   83.55896    
 -2.8728732E-04   85.49952    
 -2.8528529E-04   87.64075    
 -2.8328333E-04   89.96663    
 -2.8128127E-04   92.41702    
 -2.7927931E-04   94.90835    
 -2.7727729E-04   97.35346    
 -2.7527532E-04   99.68530    
 -2.7327327E-04   101.8674    
 -2.7127130E-04   103.8894    
 -2.6926928E-04   105.7582    
 -2.6726729E-04   107.4798    
 -2.6526532E-04   109.0602    
 -2.6326330E-04   110.5268    
 -2.6126127E-04   111.9292    
 -2.5925928E-04   113.3182    
 -2.5725731E-04   114.7128    
 -2.5525529E-04   116.1053    
 -2.5325327E-04   117.5057    
 -2.5125127E-04   119.0164    
 -2.4924931E-04   120.8331    
 -2.4724723E-04   123.1688    
 -2.4524526E-04   126.1204    
 -2.4324325E-04   129.5852    
 -2.4124124E-04   133.3155    
 -2.3923923E-04   137.0606    
 -2.3723727E-04   140.6902    
 -2.3523530E-04   144.2125    
 -2.3323324E-04   147.6914    
 -2.3123127E-04   151.1362    
 -2.2922926E-04   154.4896    
 -2.2722724E-04   157.6895    
 -2.2522523E-04   160.7410    
 -2.2322327E-04   163.7328    
 -2.2122126E-04   166.7741    
 -2.1921925E-04   169.9535    
 -2.1721722E-04   173.3208    
 -2.1521526E-04   176.9418    
 -2.1321321E-04   180.8913    
 -2.1121124E-04   185.2293    
 -2.0920922E-04   189.9227    
 -2.0720721E-04   194.8417    
 -2.0520520E-04   199.8346    
 -2.0320324E-04   204.8245    
 -2.0120127E-04   209.8607    
 -1.9919920E-04   215.0762    
 -1.9719724E-04   220.5923    
 -1.9519523E-04   226.4728    
 -1.9319321E-04   232.7217    
 -1.9119120E-04   239.3388    
 -1.8918923E-04   246.3291    
 -1.8718716E-04   253.7104    
 -1.8518520E-04   261.5271    
 -1.8318319E-04   269.8908    
 -1.8118123E-04   279.0260    
 -1.7917916E-04   289.2144    
 -1.7717719E-04   300.6728    
 -1.7517518E-04   313.3677    
 -1.7317318E-04   326.9727    
 -1.7117115E-04   340.9785    
 -1.6916920E-04   354.9276    
 -1.6716713E-04   368.6373    
 -1.6516517E-04   382.2397    
 -1.6316320E-04   396.0933    
 -1.6116124E-04   410.5951    
 -1.5915917E-04   426.0596    
 -1.5715721E-04   442.6249    
 -1.5515515E-04   460.2458    
 -1.5315319E-04   478.7159    
 -1.5115112E-04   497.7539    
 -1.4914916E-04   517.1337    
 -1.4714719E-04   536.8125    
 -1.4514512E-04   556.9553    
 -1.4314307E-04   577.8817    
 -1.4114119E-04   599.8935    
 -1.3913914E-04   623.1971    
 -1.3713718E-04   647.8966    
 -1.3513521E-04   674.1315    
 -1.3313314E-04   702.1570    
 -1.3113118E-04   732.2989    
 -1.2912911E-04   764.8477    
 -1.2712716E-04   799.9527    
 -1.2512520E-04   837.6031    
 -1.2312313E-04   877.7947    
 -1.2112106E-04   920.6349    
 -1.1911920E-04   966.4438    
 -1.1711713E-04   1015.697    
 -1.1511507E-04   1068.885    
 -1.1311311E-04   1126.446    
 -1.1111114E-04   1188.773    
 -1.0910908E-04   1256.279    
 -1.0710712E-04   1329.521    
 -1.0510505E-04   1409.241    
 -1.0310319E-04   1496.272    
 -1.0110113E-04   1591.345    
 -9.9099059E-05   1694.790    
 -9.7097196E-05   1806.343    
 -9.5095129E-05   1925.291    
 -9.3093069E-05   2050.655    
 -9.1091104E-05   2181.654    
 -8.9089139E-05   2317.961    
 -8.7087079E-05   2459.609    
 -8.5085114E-05   2606.702    
 -8.3083047E-05   2758.917    
 -8.1081089E-05   2915.190    
 -7.9079124E-05   3073.548    
 -7.7077057E-05   3231.172    
 -7.5074997E-05   3384.574    
 -7.3073126E-05   3529.947    
 -7.1071066E-05   3663.567    
 -6.9069007E-05   3782.182    
 -6.7067136E-05   3883.376    
 -6.5065076E-05   3965.771    
 -6.3063111E-05   4028.906    
 -6.1061044E-05   4073.233    
 -5.9059083E-05   4100.037    
 -5.7057117E-05   4111.470    
 -5.5055058E-05   4110.606    
 -5.3052994E-05   4101.245    
 -5.1051127E-05   4087.584    
 -4.9049064E-05   4073.864    
 -4.7047000E-05   4064.024    
 -4.5045035E-05   4061.485    
 -4.3043074E-05   4069.028    
 -4.1041010E-05   4088.677    
 -3.9039045E-05   4121.663    
 -3.7036982E-05   4168.549    
 -3.5035016E-05   4229.547    
 -3.3033055E-05   4304.822    
 -3.1030992E-05   4394.622    
 -2.9029125E-05   4499.018    
 -2.7027061E-05   4617.647    
 -2.5024998E-05   4749.360    
 -2.3023034E-05   4892.424    
 -2.1021069E-05   5044.909    
 -1.9019006E-05   5204.813    
 -1.7017042E-05   5369.939    
 -1.5014979E-05   5537.337    
 -1.3013015E-05   5702.665    
 -1.1011050E-05   5860.225    
 -9.0089879E-06   6003.377    
 -7.0069245E-06   6125.634    
 -5.0050589E-06   6221.517    
 -3.0029958E-06   6287.248    
 -1.0009326E-06   6320.544    
  1.0009326E-06   6320.545    
  3.0029958E-06   6287.244    
  5.0050589E-06   6221.517    
  7.0070232E-06   6125.621    
  9.0089879E-06   6003.374    
  1.1010952E-05   5860.238    
  1.3013015E-05   5702.665    
  1.5015078E-05   5537.324    
  1.7016944E-05   5369.933    
  1.9019006E-05   5204.812    
  2.1021069E-05   5044.907    
  2.3023034E-05   4892.425    
  2.5024998E-05   4749.363    
  2.7027061E-05   4617.647    
  2.9029026E-05   4499.032    
  3.1030992E-05   4394.620    
  3.3033055E-05   4304.822    
  3.5035016E-05   4229.545    
  3.7037080E-05   4168.544    
  3.9039045E-05   4121.661    
  4.1041010E-05   4088.677    
  4.3043074E-05   4069.031    
  4.5045035E-05   4061.485    
  4.7047000E-05   4064.023    
  4.9049064E-05   4073.865    
  5.1051029E-05   4087.582    
  5.3053092E-05   4101.244    
  5.5055058E-05   4110.609    
  5.7057019E-05   4111.470    
  5.9059083E-05   4100.038    
  6.1061146E-05   4073.232    
  6.3063009E-05   4028.908    
  6.5065076E-05   3965.771    
  6.7067136E-05   3883.376    
  6.9069007E-05   3782.182    
  7.1071066E-05   3663.567    
  7.3073126E-05   3529.947    
  7.5075091E-05   3384.565    
  7.7077057E-05   3231.173    
  7.9079124E-05   3073.549    
  8.1081089E-05   2915.190    
  8.3083149E-05   2758.911    
  8.5085012E-05   2606.709    
  8.7087079E-05   2459.610    
  8.9089139E-05   2317.961    
  9.1091104E-05   2181.654    
  9.3093069E-05   2050.654    
  9.5095129E-05   1925.290    
  9.7097094E-05   1806.353    
  9.9099059E-05   1694.789    
  1.0110113E-04   1591.345    
  1.0310309E-04   1496.275    
  1.0510515E-04   1409.238    
  1.0710712E-04   1329.520    
  1.0910908E-04   1256.279    
  1.1111114E-04   1188.773    
  1.1311321E-04   1126.445    
  1.1511507E-04   1068.884    
  1.1711713E-04   1015.697    
  1.1911910E-04   966.4460    
  1.2112116E-04   920.6339    
  1.2312313E-04   877.7946    
  1.2512509E-04   837.6038    
  1.2712716E-04   799.9517    
  1.2912921E-04   764.8497    
  1.3113108E-04   732.2997    
  1.3313314E-04   702.1562    
  1.3513521E-04   674.1316    
  1.3713707E-04   647.8980    
  1.3913914E-04   623.1964    
  1.4114119E-04   599.8931    
  1.4314316E-04   577.8817    
  1.4514512E-04   556.9560    
  1.4714719E-04   536.8126    
  1.4914916E-04   517.1335    
  1.5115122E-04   497.7533    
  1.5315319E-04   478.7165    
  1.5515515E-04   460.2452    
  1.5715721E-04   442.6247    
  1.5915917E-04   426.0597    
  1.6116114E-04   410.5948    
  1.6316320E-04   396.0933    
  1.6516517E-04   382.2396    
  1.6716713E-04   368.6370    
  1.6916920E-04   354.9272    
  1.7117115E-04   340.9781    
  1.7317322E-04   326.9727    
  1.7517518E-04   313.3681    
  1.7717715E-04   300.6727    
  1.7917922E-04   289.2132    
  1.8118128E-04   279.0237    
  1.8318315E-04   269.8930    
  1.8518520E-04   261.5273    
  1.8718727E-04   253.7113    
  1.8918923E-04   246.3292    
  1.9119120E-04   239.3388    
  1.9319316E-04   232.7224    
  1.9519523E-04   226.4728    
  1.9719728E-04   220.5924    
  1.9919916E-04   215.0762    
  2.0120121E-04   209.8605    
  2.0320328E-04   204.8239    
  2.0520514E-04   199.8347    
  2.0720721E-04   194.8419    
  2.0920928E-04   189.9220    
  2.1121124E-04   185.2293    
  2.1321321E-04   180.8917    
  2.1521526E-04   176.9418    
  2.1721722E-04   173.3208    
  2.1921929E-04   169.9530    
  2.2122126E-04   166.7746    
  2.2322322E-04   163.7320    
  2.2522529E-04   160.7402    
  2.2722724E-04   157.6895    
  2.2922920E-04   154.4901    
  2.3123127E-04   151.1358    
  2.3323324E-04   147.6910    
  2.3523520E-04   144.2130    
  2.3723727E-04   140.6900    
  2.3923923E-04   137.0607    
  2.4124129E-04   133.3155    
  2.4324325E-04   129.5854    
  2.4524523E-04   126.1195    
  2.4724728E-04   123.1684    
  2.4924934E-04   120.8333    
  2.5125121E-04   119.0167    
  2.5325327E-04   117.5059    
  2.5525535E-04   116.1052    
  2.5725731E-04   114.7124    
  2.5925928E-04   113.3184    
  2.6126133E-04   111.9291    
  2.6326330E-04   110.5268    
  2.6526526E-04   109.0607    
  2.6726723E-04   107.4800    
  2.6926928E-04   105.7584    
  2.7127136E-04   103.8901    
  2.7327321E-04   101.8670    
  2.7527529E-04   99.68427    
  2.7727734E-04   97.35411    
  2.7927931E-04   94.90833    
  2.8128127E-04   92.41734    
  2.8328333E-04   89.96626    
  2.8528529E-04   87.64069    
  2.8728737E-04   85.49986    
  2.8928934E-04   83.55891    
  2.9129130E-04   81.77169    
  2.9329336E-04   80.03457    
  2.9529541E-04   78.23902    
  2.9729729E-04   76.32980    
  2.9929934E-04   74.33849    
  3.0130130E-04   72.37502    
  3.0330327E-04   70.55536    
  3.0530532E-04   68.94632    
  3.0730729E-04   67.55209    
  3.0930937E-04   66.35217    
  3.1131133E-04   65.35044    
  3.1331330E-04   64.58043    
  3.1531535E-04   64.06342    
  3.1731740E-04   63.76349    
  3.1931928E-04   63.57516    
  3.2132133E-04   63.36510    
  3.2332342E-04   63.03791    
  3.2532538E-04   62.56548    
  3.2732735E-04   61.97996    
  3.2932940E-04   61.34340    
  3.3133136E-04   60.70970    
  3.3333333E-04   60.10361    
  3.3533538E-04   59.52388    
  3.3733735E-04   58.93311    
  3.3933943E-04   58.27708    
  3.4134128E-04   57.50433    
  3.4334336E-04   56.60471    
  3.4534541E-04   55.61827    
  3.4734738E-04   54.62498    
  3.4934934E-04   53.70000    
  3.5135139E-04   52.88182    
  3.5335336E-04   52.17441    
  3.5535544E-04   51.56897    
  3.5735741E-04   51.07121    
  3.5935937E-04   50.69930    
  3.6136142E-04   50.45570    
  3.6336348E-04   50.30788    
  3.6536535E-04   50.18177    
  3.6736741E-04   49.99592    
  3.6936949E-04   49.69795    
  3.7137134E-04   49.27566    
  3.7337342E-04   48.75866    
  3.7537538E-04   48.19025    
  3.7737744E-04   47.60681    
  3.7937940E-04   47.02097    
  3.8138137E-04   46.41953    
  3.8338342E-04   45.77941    
  3.8538550E-04   45.08915    
  3.8738735E-04   44.36993    
  3.8938943E-04   43.67089    
  3.9139148E-04   43.05469    
  3.9339345E-04   42.56356    
  3.9539541E-04   42.20024    
  3.9739747E-04   41.93687    
  3.9939943E-04   41.73969    
  4.0140140E-04   41.57950    
  4.0340348E-04   41.42688    
  4.0540542E-04   41.24124    
  4.0740750E-04   40.97057    
  4.0940935E-04   40.56936    
  4.1141143E-04   40.03373    
  4.1341348E-04   39.40203    
  4.1541544E-04   38.73120    
  4.1741741E-04   38.06319    
  4.1941946E-04   37.41279    
  4.2142143E-04   36.78452    
  4.2342351E-04   36.20008    
  4.2542547E-04   35.69612    
  4.2742744E-04   35.28913    
  4.2942949E-04   34.94288    
  4.3143146E-04   34.56509    
  4.3343342E-04   34.06128    
  4.3543548E-04   33.39798    
  4.3743756E-04   32.63250    
  4.3943941E-04   31.88748    
  4.4144149E-04   31.28658    
  4.4344354E-04   30.89566    
  4.4544550E-04   30.69596    
  4.4744747E-04   30.60644    
  4.4944944E-04   30.51440    
  4.5145149E-04   30.31363    
  4.5345357E-04   29.93537    
  4.5545542E-04   29.37432    
  4.5745750E-04   28.69157    
  4.5945955E-04   28.00093    
  4.6146152E-04   27.41717    
  4.6346348E-04   27.00578    
  4.6546553E-04   26.76339    
  4.6746750E-04   26.62834    
  4.6946947E-04   26.52924    
  4.7147155E-04   26.41960    
  4.7347351E-04   26.28922    
  4.7547556E-04   26.15182    
  4.7747753E-04   26.02069    
  4.7947949E-04   25.90645    
  4.8148155E-04   25.81690    
  4.8348351E-04   25.76259    
  4.8548548E-04   25.74536    
  4.8748756E-04   25.75228    
  4.8948952E-04   25.75339    
  4.9149158E-04   25.71312    
  4.9349351E-04   25.61221    
  4.9549551E-04   25.45536    
  4.9749756E-04   25.26951    
  4.9949955E-04   25.08838    
  5.0150149E-04   24.93656    
  5.0350354E-04   24.82431    
  5.0550560E-04   24.74175    
  5.0750747E-04   24.66165    
  5.0950953E-04   24.54589    
  5.1151164E-04   24.35168    
  5.1351357E-04   24.04611    
  5.1551557E-04   23.61498    
  5.1751762E-04   23.07248    
  5.1951956E-04   22.45661    
  5.2152161E-04   21.81843    
  5.2352349E-04   21.20551    
  5.2552554E-04   20.64916    
  5.2752765E-04   20.15407    
  5.2952947E-04   19.69787    
  5.3153158E-04   19.26000    
  5.3353363E-04   18.83711    
  5.3553557E-04   18.46415    
  5.3753756E-04   18.19508    
  5.3953961E-04   18.07328    
  5.4154155E-04   18.09689    
  5.4354366E-04   18.21194    
  5.4554560E-04   18.33680    
  5.4754753E-04   18.40284    
  5.4954964E-04   18.38511    
  5.5155170E-04   18.30205    
  5.5355357E-04   18.19684    
  5.5555563E-04   18.10841    
  5.5755756E-04   18.05634    
  5.5955962E-04   18.04275    
  5.6156161E-04   18.05988    
  5.6356355E-04   18.09388    
  5.6556566E-04   18.12794    
  5.6756759E-04   18.14783    
  5.6956959E-04   18.14442    
  5.7157164E-04   18.11872    
  5.7357369E-04   18.07166    
  5.7557557E-04   17.99701    
  5.7757762E-04   17.87636    
  5.7957968E-04   17.68803    
  5.8158167E-04   17.42084    
  5.8358361E-04   17.08576    
  5.8558566E-04   16.70991    
  5.8758765E-04   16.33061    
  5.8958970E-04   15.97597    
  5.9159164E-04   15.66075    
  5.9359364E-04   15.38747    
  5.9559569E-04   15.14837    
  5.9759757E-04   14.92546    
  5.9959962E-04   14.69946    
  6.0160167E-04   14.45649    
  6.0360366E-04   14.19539    
  6.0560560E-04   13.93310    
  6.0760765E-04   13.68579    
  6.0960965E-04   13.46017    
  6.1161170E-04   13.24050    
  6.1361369E-04   13.00025    
  6.1561563E-04   12.72025    
  6.1761768E-04   12.41150    
  6.1961974E-04   12.11028    
  6.2162161E-04   11.86564    
  6.2362367E-04   11.71012    
  6.2562578E-04   11.64205    
  6.2762771E-04   11.62572    
  6.2962971E-04   11.60824    
  6.3163164E-04   11.54645    
  6.3363370E-04   11.42212    
  6.3563569E-04   11.24460    
  6.3763763E-04   11.04294    
  6.3963968E-04   10.84859    
  6.4164179E-04   10.68175    
  6.4364361E-04   10.54607    
  6.4564572E-04   10.43452    
  6.4764777E-04   10.33655    
  6.4964971E-04   10.24194    
  6.5165170E-04   10.14076    
  6.5365375E-04   10.02034    
  6.5565569E-04   9.868267    
  6.5765780E-04   9.683475    
  6.5965974E-04   9.481579    
  6.6166167E-04   9.294597    
  6.6366378E-04   9.150033    
  6.6566584E-04   9.057200    
  6.6766771E-04   8.998019    
  6.6966977E-04   8.935641    
  6.7167165E-04   8.839622    
  6.7367370E-04   8.705946    
  6.7567575E-04   8.557215    
  6.7767763E-04   8.430230    
  6.7967968E-04   8.355222    
  6.8168173E-04   8.343756    
  6.8368379E-04   8.385324    
  6.8568566E-04   8.460041    
  6.8768772E-04   8.550632    
  6.8968977E-04   8.645665    
  6.9169188E-04   8.738967    
  6.9369370E-04   8.822807    
  6.9569581E-04   8.887496    
  6.9769786E-04   8.923211    
  6.9969974E-04   8.929670    
  7.0170179E-04   8.916308    
  7.0370367E-04   8.896699    
  7.0570572E-04   8.877655    
  7.0770778E-04   8.850670    
  7.0970983E-04   8.794724    
  7.1171188E-04   8.689786    
  7.1371393E-04   8.530113    
  7.1571564E-04   8.324390    
  7.1771769E-04   8.084955    
  7.1971974E-04   7.815627    
  7.2172179E-04   7.508841    
  7.2372390E-04   7.159715    
  7.2572572E-04   6.783273    
  7.2772783E-04   6.417009    
  7.2972965E-04   6.109356    
  7.3173176E-04   5.896431    
  7.3373382E-04   5.791697    
  7.3573587E-04   5.786404    
  7.3773775E-04   5.864489    
  7.3973980E-04   6.004158    
  7.4174185E-04   6.175419    
  7.4374391E-04   6.333251    
  7.4574578E-04   6.423838    
  7.4774784E-04   6.405523    
  7.4974971E-04   6.272943    
  7.5175177E-04   6.058010    
  7.5375382E-04   5.815528    
  7.5575593E-04   5.595323    
  7.5775798E-04   5.428031    
  7.5975963E-04   5.325939    
  7.6176168E-04   5.298185    
  7.6376373E-04   5.352631    
  7.6576584E-04   5.488960    
  7.6776790E-04   5.689825    
  7.6976995E-04   5.919140    
  7.7177183E-04   6.133885    
  7.7377388E-04   6.300619    
  7.7577576E-04   6.403965    
  7.7777781E-04   6.440051    
  7.7977986E-04   6.412647    
  7.8178191E-04   6.328132    
  7.8378379E-04   6.200146    
  7.8578584E-04   6.053822    
  7.8778790E-04   5.917907    
  7.8979001E-04   5.812498    
  7.9179183E-04   5.741274    
  7.9379370E-04   5.692220    
  7.9579576E-04   5.650425    
  7.9779787E-04   5.609662    
  7.9979992E-04   5.570334    
  8.0180197E-04   5.541863    
  8.0380403E-04   5.530503    
  8.0580573E-04   5.540322    
  8.0780778E-04   5.571712    
  8.0980983E-04   5.621973    
  8.1181189E-04   5.681720    
  8.1381394E-04   5.736341    
  8.1581599E-04   5.766622    
  8.1781787E-04   5.757315    
  8.1981992E-04   5.705318    
  8.2182180E-04   5.622767    
  8.2382385E-04   5.533254    
  8.2582596E-04   5.466308    
  8.2782801E-04   5.445296    
  8.2982989E-04   5.478312    
  8.3183195E-04   5.555241    
  8.3383400E-04   5.648673    
  8.3583588E-04   5.727560    
  8.3783793E-04   5.771730    
  8.3983981E-04   5.777976    
  8.4184186E-04   5.759498    
  8.4384391E-04   5.734536    
  8.4584596E-04   5.714847    
  8.4784802E-04   5.705764    
  8.4985013E-04   5.713581    
  8.5185177E-04   5.742948    
  8.5385382E-04   5.795321    
  8.5585588E-04   5.861344    
  8.5785793E-04   5.920115    
  8.5986004E-04   5.952312    
  8.6186209E-04   5.953769    
  8.6386397E-04   5.941276    
  8.6586579E-04   5.939514    
  8.6786790E-04   5.961538    
  8.6986995E-04   5.999856    
  8.7187201E-04   6.034493    
  8.7387388E-04   6.053777    
  8.7587594E-04   6.065132    
  8.7787799E-04   6.089316    
  8.7988004E-04   6.144003    
  8.8188192E-04   6.229449    
  8.8388397E-04   6.330302    
  8.8588585E-04   6.429709    
  8.8788790E-04   6.512485    
  8.8988995E-04   6.569824    
  8.9189206E-04   6.591741    
  8.9389412E-04   6.567039    
  8.9589617E-04   6.491580    
  8.9789781E-04   6.374041    
  8.9989993E-04   6.235968    
  9.0190198E-04   6.100654    
  9.0390403E-04   5.979602    
  9.0590608E-04   5.870827    
  9.0790796E-04   5.765394    
  9.0991001E-04   5.658432    
  9.1191189E-04   5.552675    
  9.1391394E-04   5.453957    
  9.1591600E-04   5.363478    
  9.1791805E-04   5.277199    
  9.1991993E-04   5.187884    
  9.2192198E-04   5.091174    
  9.2392409E-04   4.983328    
  9.2592614E-04   4.862682    
  9.2792802E-04   4.725983    
  9.2993007E-04   4.572289    
  9.3193189E-04   4.404625    
  9.3393400E-04   4.231051    
  9.3593606E-04   4.060863    
  9.3793811E-04   3.903670    
  9.3994016E-04   3.766958    
  9.4194186E-04   3.659030    
  9.4394392E-04   3.588039    
  9.4594597E-04   3.557708    
  9.4794802E-04   3.569325    
  9.4995007E-04   3.621720    
  9.5195218E-04   3.716825    
  9.5395400E-04   3.858585    
  9.5595611E-04   4.045782    
  9.5795793E-04   4.262172    
  9.5995999E-04   4.477422    
  9.6196210E-04   4.653886    
  9.6396415E-04   4.765409    
  9.6596603E-04   4.808052    
  9.6796808E-04   4.795751    
  9.6997013E-04   4.750165    
  9.7197201E-04   4.688945    
  9.7397406E-04   4.625523    
  9.7597612E-04   4.573025    
  9.7797799E-04   4.546467    
  9.7998010E-04   4.555807    
  9.8198210E-04   4.597302    
  9.8398421E-04   4.652327    
  9.8598620E-04   4.696496    
  9.8798797E-04   4.711635    
  9.8998996E-04   4.696126    
  9.9199207E-04   4.659041    
  9.9399406E-04   4.612309    
  9.9599618E-04   4.560445    
  9.9799817E-04   4.503958    
  1.0000000E-03   4.438521    
