 -4.9999999E-03 -0.1551570    
 -4.9899900E-03 -0.1648296    
 -4.9799802E-03 -3.6423687E-02
 -4.9699699E-03  0.1467471    
 -4.9599600E-03  0.2139920    
 -4.9499501E-03  0.1499652    
 -4.9399403E-03  0.1203734    
 -4.9299300E-03  0.1995923    
 -4.9199201E-03  0.2563284    
 -4.9099098E-03  0.2071055    
 -4.8998999E-03  0.1756837    
 -4.8898896E-03  0.2677816    
 -4.8798798E-03  0.3640931    
 -4.8698699E-03  0.3230557    
 -4.8598601E-03  0.2275046    
 -4.8498502E-03  0.2337812    
 -4.8398399E-03  0.3020542    
 -4.8298300E-03  0.2984748    
 -4.8198197E-03  0.2597952    
 -4.8098098E-03  0.3181634    
 -4.7997995E-03  0.4239602    
 -4.7897897E-03  0.4052287    
 -4.7797798E-03  0.2732846    
 -4.7697700E-03  0.2184792    
 -4.7597601E-03  0.2906688    
 -4.7497498E-03  0.3348050    
 -4.7397399E-03  0.2848216    
 -4.7297296E-03  0.2754979    
 -4.7197198E-03  0.3755611    
 -4.7097094E-03  0.4363768    
 -4.6996996E-03  0.3438798    
 -4.6896897E-03  0.2185725    
 -4.6796799E-03  0.2183734    
 -4.6696700E-03  0.2950148    
 -4.6596597E-03  0.3118144    
 -4.6496498E-03  0.2709084    
 -4.6396400E-03  0.2649857    
 -4.6296297E-03  0.2966112    
 -4.6196193E-03  0.3085595    
 -4.6096095E-03  0.3155801    
 -4.5995996E-03  0.3623576    
 -4.5895898E-03  0.4018966    
 -4.5795795E-03  0.3631115    
 -4.5695696E-03  0.2864191    
 -4.5595597E-03  0.2643935    
 -4.5495499E-03  0.2963942    
 -4.5395396E-03  0.3207535    
 -4.5295293E-03  0.3398997    
 -4.5195194E-03  0.3818243    
 -4.5095095E-03  0.3937984    
 -4.4994997E-03  0.3196699    
 -4.4894894E-03  0.2329683    
 -4.4794795E-03  0.2408208    
 -4.4694697E-03  0.2937481    
 -4.4594598E-03  0.2559436    
 -4.4494495E-03  0.1448493    
 -4.4394392E-03  0.1207712    
 -4.4294293E-03  0.2343559    
 -4.4194194E-03  0.3540614    
 -4.4094096E-03  0.3734554    
 -4.3993993E-03  0.3246758    
 -4.3893894E-03  0.2587995    
 -4.3793796E-03  0.1731491    
 -4.3693697E-03  9.3016431E-02
 -4.3593599E-03  6.7584433E-02
 -4.3493495E-03  4.7021139E-02
 -4.3393392E-03 -6.0980674E-02
 -4.3293294E-03 -0.1814077    
 -4.3193190E-03 -0.1136979    
 -4.3093092E-03  0.1389384    
 -4.2992993E-03  0.3016170    
 -4.2892895E-03  0.2062349    
 -4.2792796E-03  2.9429421E-02
 -4.2692693E-03  6.7834905E-03
 -4.2592594E-03  9.9849559E-02
 -4.2492491E-03  0.1433301    
 -4.2392393E-03  0.1416033    
 -4.2292294E-03  0.1872279    
 -4.2192191E-03  0.2251111    
 -4.2092092E-03  0.1495649    
 -4.1991994E-03  4.5514196E-02
 -4.1891895E-03  7.1947023E-02
 -4.1791792E-03  0.1650694    
 -4.1691693E-03  0.1280847    
 -4.1591590E-03 -2.3325806E-02
 -4.1491492E-03 -8.2216769E-02
 -4.1391389E-03 -2.8251589E-03
 -4.1291290E-03  5.0636854E-02
 -4.1191191E-03  2.7552854E-02
 -4.1091093E-03  7.6759405E-02
 -4.0990994E-03  0.2369783    
 -4.0890891E-03  0.3384663    
 -4.0790793E-03  0.3157829    
 -4.0690694E-03  0.3367184    
 -4.0590591E-03  0.4761431    
 -4.0490492E-03  0.5403372    
 -4.0390389E-03  0.3987579    
 -4.0290290E-03  0.2499534    
 -4.0190192E-03  0.3088045    
 -4.0090089E-03  0.4414005    
 -3.9989995E-03  0.3832887    
 -3.9889892E-03  0.1643033    
 -3.9789793E-03  3.6638316E-02
 -3.9689690E-03  8.4106140E-02
 -3.9589587E-03  0.1813754    
 -3.9489488E-03  0.2682224    
 -3.9389390E-03  0.3887506    
 -3.9289291E-03  0.4895552    
 -3.9189192E-03  0.4588256    
 -3.9089089E-03  0.3569902    
 -3.8988988E-03  0.3601019    
 -3.8888890E-03  0.4651265    
 -3.8788787E-03  0.5008180    
 -3.8688693E-03  0.4314607    
 -3.8588590E-03  0.4043734    
 -3.8488489E-03  0.4649841    
 -3.8388390E-03  0.4851218    
 -3.8288287E-03  0.4347793    
 -3.8188188E-03  0.4553291    
 -3.8088090E-03  0.5777585    
 -3.7987989E-03  0.6331823    
 -3.7887890E-03  0.5500984    
 -3.7787787E-03  0.4861615    
 -3.7687689E-03  0.5255863    
 -3.7587588E-03  0.5121023    
 -3.7487489E-03  0.3494898    
 -3.7387386E-03  0.2197516    
 -3.7287287E-03  0.2732511    
 -3.7187189E-03  0.3370845    
 -3.7087088E-03  0.1970319    
 -3.6986985E-03 -2.9053064E-02
 -3.6886886E-03 -7.9737335E-02
 -3.6786788E-03  2.6705820E-02
 -3.6686689E-03  7.8902997E-02
 -3.6586588E-03  6.4860918E-02
 -3.6486485E-03  0.1427971    
 -3.6386386E-03  0.2904996    
 -3.6286288E-03  0.3124841    
 -3.6186187E-03  0.1961018    
 -3.6086084E-03  0.1544736    
 -3.5985985E-03  0.2715908    
 -3.5885887E-03  0.3940661    
 -3.5785788E-03  0.4157166    
 -3.5685685E-03  0.3923446    
 -3.5585584E-03  0.3333861    
 -3.5485486E-03  0.1605659    
 -3.5385387E-03 -5.5210359E-02
 -3.5285288E-03 -9.9881515E-02
 -3.5185185E-03  4.5894247E-02
 -3.5085084E-03  0.1501458    
 -3.4984986E-03  0.1198210    
 -3.4884887E-03  0.1391278    
 -3.4784784E-03  0.2899886    
 -3.4684683E-03  0.3564856    
 -3.4584585E-03  0.2176595    
 -3.4484486E-03  0.1214285    
 -3.4384383E-03  0.2985272    
 -3.4284284E-03  0.5675664    
 -3.4184183E-03  0.6328550    
 -3.4084085E-03  0.5556241    
 -3.3983986E-03  0.5826754    
 -3.3883883E-03  0.6953958    
 -3.3783785E-03  0.6937027    
 -3.3683684E-03  0.6008198    
 -3.3583585E-03  0.5926657    
 -3.3483487E-03  0.6046169    
 -3.3383383E-03  0.4151473    
 -3.3283283E-03  8.3585963E-02
 -3.3183184E-03 -7.6639555E-02
 -3.3083083E-03  6.5212552E-03
 -3.2982985E-03  9.3559906E-02
 -3.2882884E-03  7.4378163E-02
 -3.2782783E-03  9.2279591E-02
 -3.2682684E-03  0.1605323    
 -3.2582583E-03  7.2695218E-02
 -3.2482482E-03 -0.1719003    
 -3.2382382E-03 -0.2518449    
 -3.2282281E-03 -2.6040424E-02
 -3.2182182E-03  0.2263581    
 -3.2082084E-03  0.2936844    
 -3.1981983E-03  0.3854266    
 -3.1881882E-03  0.7021955    
 -3.1781783E-03   1.027511    
 -3.1681682E-03   1.086178    
 -3.1581582E-03   1.005744    
 -3.1481483E-03   1.035889    
 -3.1381380E-03   1.069401    
 -3.1281281E-03  0.8814579    
 -3.1181183E-03  0.6256852    
 -3.1081082E-03  0.6043840    
 -3.0980981E-03  0.6808501    
 -3.0880882E-03  0.4550877    
 -3.0780782E-03 -2.6949462E-02
 -3.0680681E-03 -0.2648009    
 -3.0580582E-03 -4.9947605E-02
 -3.0480481E-03  0.2671767    
 -3.0380380E-03  0.3647211    
 -3.0280282E-03  0.3380852    
 -3.0180181E-03  0.3394772    
 -3.0080082E-03  0.2877008    
 -2.9979981E-03  0.1503773    
 -2.9879878E-03  0.1336149    
 -2.9779780E-03  0.3186801    
 -2.9679681E-03  0.4402206    
 -2.9579580E-03  0.3024564    
 -2.9479479E-03  9.9388093E-02
 -2.9379381E-03  7.3209360E-02
 -2.9279280E-03  0.1324088    
 -2.9179181E-03  0.1063662    
 -2.9079081E-03  0.1018446    
 -2.8978977E-03  0.2610288    
 -2.8878879E-03  0.4250335    
 -2.8778778E-03  0.4003455    
 -2.8678679E-03  0.3505452    
 -2.8578578E-03  0.5268702    
 -2.8478478E-03  0.7960811    
 -2.8378379E-03  0.8227890    
 -2.8278281E-03  0.6109683    
 -2.8178177E-03  0.4196382    
 -2.8078076E-03  0.2753861    
 -2.7977978E-03  2.9866530E-02
 -2.7877877E-03 -0.1705486    
 -2.7777778E-03  1.9447746E-02
 -2.7677678E-03  0.5322257    
 -2.7577577E-03  0.8524176    
 -2.7477478E-03  0.7225829    
 -2.7377380E-03  0.4323700    
 -2.7277276E-03  0.2924750    
 -2.7177178E-03  0.2521998    
 -2.7077077E-03  0.2034433    
 -2.6976976E-03  0.2409163    
 -2.6876878E-03  0.3866500    
 -2.6776779E-03  0.4353432    
 -2.6676676E-03  0.3208330    
 -2.6576577E-03  0.2683153    
 -2.6476476E-03  0.3565203    
 -2.6376375E-03  0.3016188    
 -2.6276277E-03 -3.1127436E-02
 -2.6176176E-03 -0.2851524    
 -2.6076075E-03 -0.1574500    
 -2.5975977E-03  9.0296306E-02
 -2.5875878E-03  8.6992629E-02
 -2.5775777E-03  1.3098117E-02
 -2.5675676E-03  0.2711234    
 -2.5575575E-03  0.7709507    
 -2.5475475E-03   1.084070    
 -2.5375376E-03   1.165002    
 -2.5275275E-03   1.323054    
 -2.5175174E-03   1.555989    
 -2.5075076E-03   1.506915    
 -2.4974977E-03   1.118338    
 -2.4874876E-03  0.7874614    
 -2.4774773E-03  0.7504333    
 -2.4674674E-03  0.8252838    
 -2.4574574E-03  0.8542585    
 -2.4474475E-03  0.9209206    
 -2.4374374E-03   1.002258    
 -2.4274273E-03  0.9064416    
 -2.4174175E-03  0.7164407    
 -2.4074076E-03  0.7853510    
 -2.3973975E-03   1.093216    
 -2.3873874E-03   1.147983    
 -2.3773774E-03  0.7954303    
 -2.3673673E-03  0.5562748    
 -2.3573574E-03  0.7957191    
 -2.3473476E-03   1.091801    
 -2.3373372E-03  0.9369323    
 -2.3273274E-03  0.5902258    
 -2.3173175E-03  0.6237373    
 -2.3073072E-03  0.9871883    
 -2.2972974E-03   1.160290    
 -2.2872873E-03  0.9999853    
 -2.2772772E-03  0.7966671    
 -2.2672673E-03  0.6642094    
 -2.2572575E-03  0.4897803    
 -2.2472474E-03  0.3956928    
 -2.2372373E-03  0.6019849    
 -2.2272274E-03  0.8909484    
 -2.2172171E-03  0.8488655    
 -2.2072073E-03  0.6226277    
 -2.1971972E-03  0.7818333    
 -2.1871871E-03   1.397887    
 -2.1771772E-03   1.926659    
 -2.1671674E-03   2.097078    
 -2.1571573E-03   2.200297    
 -2.1471472E-03   2.352672    
 -2.1371371E-03   2.218776    
 -2.1271270E-03   1.763773    
 -2.1171172E-03   1.512231    
 -2.1071073E-03   1.657030    
 -2.0970970E-03   1.607982    
 -2.0870871E-03  0.9671232    
 -2.0770773E-03  0.3002301    
 -2.0670672E-03  0.2854871    
 -2.0570571E-03  0.6563217    
 -2.0470468E-03  0.7341241    
 -2.0370369E-03  0.5629596    
 -2.0270271E-03  0.6699996    
 -2.0170170E-03   1.024656    
 -2.0070069E-03   1.113854    
 -1.9969970E-03  0.9075710    
 -1.9869870E-03  0.9036128    
 -1.9769771E-03   1.218622    
 -1.9669670E-03   1.430624    
 -1.9569569E-03   1.396010    
 -1.9469468E-03   1.452324    
 -1.9369370E-03   1.702672    
 -1.9269269E-03   1.801808    
 -1.9169169E-03   1.644336    
 -1.9069071E-03   1.593475    
 -1.8968969E-03   1.808022    
 -1.8868870E-03   1.997703    
 -1.8768768E-03   2.070115    
 -1.8668667E-03   2.357303    
 -1.8568569E-03   2.926704    
 -1.8468469E-03   3.312715    
 -1.8368368E-03   3.267026    
 -1.8268268E-03   3.132535    
 -1.8168170E-03   3.142209    
 -1.8068068E-03   3.017791    
 -1.7967967E-03   2.697484    
 -1.7867868E-03   2.698855    
 -1.7767766E-03   3.210121    
 -1.7667668E-03   3.503505    
 -1.7567568E-03   2.987253    
 -1.7467467E-03   2.243472    
 -1.7367367E-03   2.191074    
 -1.7267269E-03   2.693186    
 -1.7167168E-03   2.901907    
 -1.7067066E-03   2.590121    
 -1.6966967E-03   2.190505    
 -1.6866866E-03   1.832254    
 -1.6766769E-03   1.313365    
 -1.6666666E-03  0.8805149    
 -1.6566566E-03   1.008191    
 -1.6466468E-03   1.471768    
 -1.6366368E-03   1.621065    
 -1.6266268E-03   1.566791    
 -1.6166165E-03   2.016043    
 -1.6066066E-03   2.901900    
 -1.5965967E-03   3.272951    
 -1.5865864E-03   2.803232    
 -1.5765765E-03   2.265940    
 -1.5665665E-03   2.199944    
 -1.5565567E-03   2.211023    
 -1.5465467E-03   2.055303    
 -1.5365368E-03   2.260688    
 -1.5265265E-03   2.977056    
 -1.5165166E-03   3.311041    
 -1.5065067E-03   2.662939    
 -1.4964964E-03   1.822790    
 -1.4864864E-03   1.798294    
 -1.4764764E-03   2.401016    
 -1.4664661E-03   2.924241    
 -1.4564563E-03   3.374281    
 -1.4464463E-03   3.966285    
 -1.4364364E-03   4.193123    
 -1.4264265E-03   3.602563    
 -1.4164166E-03   2.853572    
 -1.4064063E-03   2.743091    
 -1.3963963E-03   2.824461    
 -1.3863865E-03   2.335431    
 -1.3763765E-03   1.833643    
 -1.3663666E-03   2.282168    
 -1.3563567E-03   3.070741    
 -1.3463463E-03   2.835716    
 -1.3363364E-03   1.951404    
 -1.3263260E-03   2.093277    
 -1.3163162E-03   3.330199    
 -1.3063062E-03   3.940469    
 -1.2962964E-03   3.483657    
 -1.2862860E-03   3.631988    
 -1.2762761E-03   5.110616    
 -1.2662662E-03   6.176120    
 -1.2562562E-03   5.509519    
 -1.2462464E-03   4.433641    
 -1.2362364E-03   4.538828    
 -1.2262261E-03   5.014287    
 -1.2162162E-03   4.401696    
 -1.2062063E-03   3.412526    
 -1.1961963E-03   3.638455    
 -1.1861864E-03   4.707695    
 -1.1761765E-03   5.143126    
 -1.1661662E-03   5.176582    
 -1.1561563E-03   6.155011    
 -1.1461460E-03   7.732253    
 -1.1361360E-03   8.244278    
 -1.1261262E-03   7.633467    
 -1.1161162E-03   7.404530    
 -1.1061059E-03   7.748410    
 -1.0960960E-03   7.348403    
 -1.0860860E-03   6.209177    
 -1.0760761E-03   6.001411    
 -1.0660662E-03   7.083515    
 -1.0560562E-03   7.838889    
 -1.0460459E-03   7.650422    
 -1.0360361E-03   7.832106    
 -1.0260261E-03   8.759397    
 -1.0160162E-03   8.954178    
 -1.0060063E-03   8.228118    
 -9.9599641E-04   8.737176    
 -9.8598609E-04   11.16818    
 -9.7597571E-04   12.87971    
 -9.6596580E-04   12.07069    
 -9.5595588E-04   10.96633    
 -9.4594597E-04   12.03254    
 -9.3593606E-04   13.63517    
 -9.2592573E-04   12.86619    
 -9.1591582E-04   10.46858    
 -9.0590591E-04   9.187099    
 -8.9589600E-04   9.041683    
 -8.8588602E-04   8.326351    
 -8.7587611E-04   7.964067    
 -8.6586579E-04   10.23489    
 -8.5585588E-04   13.81979    
 -8.4584596E-04   14.93602    
 -8.3583605E-04   13.45998    
 -8.2582614E-04   13.24168    
 -8.1581622E-04   15.70814    
 -8.0580550E-04   17.95565    
 -7.9579558E-04   18.21511    
 -7.8578567E-04   18.48413    
 -7.7577576E-04   20.04189    
 -7.6576584E-04   21.09920    
 -7.5575552E-04   21.01978    
 -7.4574561E-04   22.25049    
 -7.3573564E-04   25.57011    
 -7.2572572E-04   28.01875    
 -7.1571581E-04   28.39831    
 -7.0570590E-04   29.91158    
 -6.9569558E-04   33.97592    
 -6.8568566E-04   36.62889    
 -6.7567575E-04   35.50677    
 -6.6566584E-04   35.00772    
 -6.5565592E-04   38.91820    
 -6.4564601E-04   43.15874    
 -6.3563528E-04   42.90907    
 -6.2562537E-04   42.02567    
 -6.1561546E-04   46.83686    
 -6.0560554E-04   54.49173    
 -5.9559557E-04   57.42053    
 -5.8558566E-04   56.81715    
 -5.7557534E-04   60.67479    
 -5.6556542E-04   69.47831    
 -5.5555551E-04   75.75220    
 -5.4554560E-04   78.22245    
 -5.3553568E-04   83.97515    
 -5.2552577E-04   94.64001    
 -5.1551545E-04   103.5837    
 -5.0550554E-04   110.2100    
 -4.9549562E-04   122.9373    
 -4.8548568E-04   142.9294    
 -4.7547577E-04   160.1325    
 -4.6546545E-04   172.6580    
 -4.5545513E-04   193.2279    
 -4.4544521E-04   226.5065    
 -4.3543530E-04   259.1415    
 -4.2542536E-04   286.8364    
 -4.1541544E-04   330.3810    
 -4.0540553E-04   404.2340    
 -3.9539521E-04   492.2103    
 -3.8538530E-04   584.9915    
 -3.7537538E-04   720.6476    
 -3.6536544E-04   947.8081    
 -3.5535553E-04   1272.116    
 -3.4534562E-04   1700.483    
 -3.3533529E-04   2316.913    
 -3.2532538E-04   3195.684    
 -3.1531547E-04   4178.896    
 -3.0530553E-04   4837.194    
 -2.9529521E-04   4787.766    
 -2.8528529E-04   4061.934    
 -2.7527497E-04   3080.293    
 -2.6526506E-04   2258.900    
 -2.5525515E-04   1711.207    
 -2.4524523E-04   1330.805    
 -2.3523530E-04   1033.873    
 -2.2522538E-04   826.7268    
 -2.1521507E-04   705.1649    
 -2.0520514E-04   613.0974    
 -1.9519523E-04   513.9991    
 -1.8518530E-04   427.9402    
 -1.7517539E-04   375.7478    
 -1.6516546E-04   338.8688    
 -1.5515515E-04   296.2362    
 -1.4514523E-04   257.4370    
 -1.3513531E-04   235.0774    
 -1.2512499E-04   218.0097    
 -1.1511507E-04   196.0288    
 -1.0510515E-04   182.0669    
 -9.5094838E-05   185.7422    
 -8.5084917E-05   189.6072    
 -7.5074997E-05   177.4304    
 -6.5065076E-05   163.5214    
 -5.5055156E-05   166.6923    
 -4.5045235E-05   175.1497    
 -3.5034918E-05   166.9214    
 -2.5024998E-05   149.9178    
 -1.5015078E-05   147.8167    
 -5.0051581E-06   158.0805    
  5.0047620E-06   158.1537    
  1.5014683E-05   147.8256    
  2.5024998E-05   149.9303    
  3.5034918E-05   166.9247    
  4.5045235E-05   175.1489    
  5.5055156E-05   166.7041    
  6.5065076E-05   163.5155    
  7.5075390E-05   177.4333    
  8.5085310E-05   189.6233    
  9.5095231E-05   185.7560    
  1.0510515E-04   182.0654    
  1.1511507E-04   196.0301    
  1.2512499E-04   218.0128    
  1.3513531E-04   235.0759    
  1.4514523E-04   257.4396    
  1.5515515E-04   296.2361    
  1.6516507E-04   338.8715    
  1.7517500E-04   375.7430    
  1.8518491E-04   427.9421    
  1.9519523E-04   513.9979    
  2.0520514E-04   613.0974    
  2.1521546E-04   705.1716    
  2.2522538E-04   826.7274    
  2.3523530E-04   1033.874    
  2.4524523E-04   1330.804    
  2.5525552E-04   1711.224    
  2.6526547E-04   2258.931    
  2.7527538E-04   3080.329    
  2.8528529E-04   4061.937    
  2.9529521E-04   4787.768    
  3.0530515E-04   4837.216    
  3.1531547E-04   4178.899    
  3.2532538E-04   3195.682    
  3.3533529E-04   2316.913    
  3.4534521E-04   1700.501    
  3.5535512E-04   1272.128    
  3.6536506E-04   947.8194    
  3.7537538E-04   720.6470    
  3.8538568E-04   584.9863    
  3.9539562E-04   492.2074    
  4.0540553E-04   404.2321    
  4.1541544E-04   330.3800    
  4.2542536E-04   286.8379    
  4.3543568E-04   259.1406    
  4.4544559E-04   226.5040    
  4.5545553E-04   193.2248    
  4.6546545E-04   172.6583    
  4.7547536E-04   160.1310    
  4.8548527E-04   142.9278    
  4.9549562E-04   122.9386    
  5.0550554E-04   110.2095    
  5.1551545E-04   103.5839    
  5.2552536E-04   94.63989    
  5.3553528E-04   83.97644    
  5.4554519E-04   78.22071    
  5.5555592E-04   75.75533    
  5.6556583E-04   69.47699    
  5.7557574E-04   60.67126    
  5.8558566E-04   56.81800    
  5.9559557E-04   57.42060    
  6.0560554E-04   54.49187    
  6.1561581E-04   46.83752    
  6.2562578E-04   42.02691    
  6.3563569E-04   42.91026    
  6.4564560E-04   43.15803    
  6.5565552E-04   38.91822    
  6.6566543E-04   35.01019    
  6.7567575E-04   35.50644    
  6.8568566E-04   36.62910    
  6.9569558E-04   33.97508    
  7.0570549E-04   29.91302    
  7.1571540E-04   28.39707    
  7.2572572E-04   28.01890    
  7.3573604E-04   25.57131    
  7.4574596E-04   22.25137    
  7.5575593E-04   21.01981    
  7.6576584E-04   21.09959    
  7.7577576E-04   20.04245    
  7.8578567E-04   18.48426    
  7.9579599E-04   18.21673    
  8.0580590E-04   17.95286    
  8.1581582E-04   15.71087    
  8.2582573E-04   13.24189    
  8.3583564E-04   13.45896    
  8.4584556E-04   14.93595    
  8.5585588E-04   13.82115    
  8.6586579E-04   10.23515    
  8.7587576E-04   7.965001    
  8.8588567E-04   8.328249    
  8.9589600E-04   9.041133    
  9.0590632E-04   9.187614    
  9.1591623E-04   10.46860    
  9.2592614E-04   12.86869    
  9.3593606E-04   13.63552    
  9.4594597E-04   12.03171    
  9.5595588E-04   10.96740    
  9.6596620E-04   12.07068    
  9.7597612E-04   12.88040    
  9.8598609E-04   11.16830    
  9.9599594E-04   8.736545    
  1.0060059E-03   8.228288    
  1.0160158E-03   8.953702    
  1.0260261E-03   8.759470    
  1.0360361E-03   7.832323    
  1.0460459E-03   7.650441    
  1.0560559E-03   7.839685    
  1.0660662E-03   7.083304    
  1.0760761E-03   6.001243    
  1.0860864E-03   6.211281    
  1.0960964E-03   7.349582    
  1.1061063E-03   7.749569    
  1.1161162E-03   7.404222    
  1.1261262E-03   7.633590    
  1.1361360E-03   8.244795    
  1.1461463E-03   7.732053    
  1.1561563E-03   6.154563    
  1.1661662E-03   5.176848    
  1.1761761E-03   5.144119    
  1.1861860E-03   4.708779    
  1.1961960E-03   3.638473    
  1.2062063E-03   3.412661    
  1.2162162E-03   4.401950    
  1.2262261E-03   5.013815    
  1.2362364E-03   4.538597    
  1.2462464E-03   4.433544    
  1.2562562E-03   5.509052    
  1.2662666E-03   6.175566    
  1.2762765E-03   5.110053    
  1.2862864E-03   3.632675    
  1.2962964E-03   3.483702    
  1.3063062E-03   3.940394    
  1.3163162E-03   3.329985    
  1.3263265E-03   2.094673    
  1.3363364E-03   1.951542    
  1.3463463E-03   2.835660    
  1.3563563E-03   3.070142    
  1.3663662E-03   2.282526    
  1.3763761E-03   1.834274    
  1.3863865E-03   2.335834    
  1.3963963E-03   2.824353    
  1.4064066E-03   2.742397    
  1.4164166E-03   2.852899    
  1.4264265E-03   3.602332    
  1.4364364E-03   4.193308    
  1.4464468E-03   3.965803    
  1.4564566E-03   3.373464    
  1.4664666E-03   2.924441    
  1.4764764E-03   2.401700    
  1.4864864E-03   1.798555    
  1.4964964E-03   1.823040    
  1.5065067E-03   2.662598    
  1.5165166E-03   3.310448    
  1.5265265E-03   2.977587    
  1.5365364E-03   2.261583    
  1.5465464E-03   2.054452    
  1.5565562E-03   2.210552    
  1.5665665E-03   2.200123    
  1.5765765E-03   2.265563    
  1.5865868E-03   2.803178    
  1.5965967E-03   3.273790    
  1.6066066E-03   2.901922    
  1.6166165E-03   2.016407    
  1.6266268E-03   1.566702    
  1.6366368E-03   1.621210    
  1.6466463E-03   1.471589    
  1.6566566E-03   1.008007    
  1.6666669E-03  0.8804145    
  1.6766764E-03   1.312241    
  1.6866868E-03   1.831929    
  1.6966963E-03   2.190819    
  1.7067066E-03   2.590379    
  1.7167169E-03   2.902967    
  1.7267264E-03   2.693025    
  1.7367367E-03   2.190536    
  1.7467464E-03   2.244078    
  1.7567567E-03   2.986475    
  1.7667669E-03   3.503566    
  1.7767772E-03   3.210330    
  1.7867868E-03   2.698331    
  1.7967972E-03   2.697857    
  1.8068067E-03   3.018641    
  1.8168170E-03   3.141750    
  1.8268273E-03   3.133016    
  1.8368368E-03   3.267212    
  1.8468471E-03   3.313067    
  1.8568566E-03   2.926707    
  1.8668670E-03   2.357377    
  1.8768765E-03   2.070509    
  1.8868868E-03   1.997645    
  1.8968971E-03   1.807718    
  1.9069066E-03   1.593353    
  1.9169169E-03   1.644299    
  1.9269264E-03   1.800896    
  1.9369368E-03   1.703005    
  1.9469471E-03   1.452512    
  1.9569567E-03   1.395813    
  1.9669670E-03   1.430515    
  1.9769764E-03   1.218471    
  1.9869867E-03  0.9038956    
  1.9969963E-03  0.9077883    
  2.0070074E-03   1.114563    
  2.0170177E-03   1.025325    
  2.0270273E-03  0.6694688    
  2.0370376E-03  0.5626670    
  2.0470470E-03  0.7345708    
  2.0570573E-03  0.6559977    
  2.0670677E-03  0.2858292    
  2.0770773E-03  0.2999218    
  2.0870876E-03  0.9676614    
  2.0970970E-03   1.608092    
  2.1071073E-03   1.657346    
  2.1171169E-03   1.512058    
  2.1271273E-03   1.763744    
  2.1371376E-03   2.219498    
  2.1471470E-03   2.352147    
  2.1571573E-03   2.200173    
  2.1671669E-03   2.096740    
  2.1771772E-03   1.926927    
  2.1871876E-03   1.397643    
  2.1971972E-03  0.7820460    
  2.2072075E-03  0.6232378    
  2.2172169E-03  0.8490064    
  2.2272272E-03  0.8904115    
  2.2372368E-03  0.6021144    
  2.2472471E-03  0.3954721    
  2.2572575E-03  0.4897655    
  2.2672669E-03  0.6644492    
  2.2772772E-03  0.7967597    
  2.2872868E-03  0.9991822    
  2.2972971E-03   1.160038    
  2.3073074E-03  0.9873058    
  2.3173168E-03  0.6242511    
  2.3273272E-03  0.5905004    
  2.3373368E-03  0.9365706    
  2.3473478E-03   1.091138    
  2.3573574E-03  0.7959631    
  2.3673677E-03  0.5570069    
  2.3773781E-03  0.7953805    
  2.3873874E-03   1.148208    
  2.3973978E-03   1.092672    
  2.4074074E-03  0.7853494    
  2.4174177E-03  0.7162457    
  2.4274280E-03  0.9064645    
  2.4374374E-03   1.002339    
  2.4474477E-03  0.9210221    
  2.4574574E-03  0.8541942    
  2.4674677E-03  0.8254986    
  2.4774773E-03  0.7506472    
  2.4874876E-03  0.7876071    
  2.4974979E-03   1.118238    
  2.5075073E-03   1.506612    
  2.5175177E-03   1.556963    
  2.5275273E-03   1.322854    
  2.5375376E-03   1.164909    
  2.5475479E-03   1.084525    
  2.5575573E-03  0.7707899    
  2.5675676E-03  0.2709557    
  2.5775773E-03  1.3089515E-02
  2.5875876E-03  8.7679565E-02
  2.5975970E-03  9.0246290E-02
  2.6076073E-03 -0.1575294    
  2.6176176E-03 -0.2852302    
  2.6276272E-03 -3.0875018E-02
  2.6376375E-03  0.3019322    
  2.6476469E-03  0.3569388    
  2.6576573E-03  0.2678222    
  2.6676676E-03  0.3211340    
  2.6776772E-03  0.4358392    
  2.6876875E-03  0.3865095    
  2.6976978E-03  0.2418258    
  2.7077082E-03  0.2036458    
  2.7177185E-03  0.2520892    
  2.7277281E-03  0.2924773    
  2.7377382E-03  0.4324124    
  2.7477478E-03  0.7224680    
  2.7577581E-03  0.8523547    
  2.7677678E-03  0.5321075    
  2.7777781E-03  1.9638522E-02
  2.7877884E-03 -0.1710687    
  2.7977978E-03  2.9772168E-02
  2.8078081E-03  0.2759748    
  2.8178177E-03  0.4195468    
  2.8278281E-03  0.6109760    
  2.8378384E-03  0.8230227    
  2.8478478E-03  0.7960258    
  2.8578581E-03  0.5271096    
  2.8678677E-03  0.3503883    
  2.8778780E-03  0.4006619    
  2.8878874E-03  0.4249473    
  2.8978977E-03  0.2611345    
  2.9079081E-03  0.1019697    
  2.9179177E-03  0.1059874    
  2.9279280E-03  0.1323949    
  2.9379374E-03  7.3519193E-02
  2.9479477E-03  9.9620573E-02
  2.9579580E-03  0.3025515    
  2.9679677E-03  0.4406536    
  2.9779780E-03  0.3186771    
  2.9879876E-03  0.1338322    
  2.9979979E-03  0.1508660    
  3.0080073E-03  0.2877065    
  3.0180176E-03  0.3394772    
  3.0280279E-03  0.3378877    
  3.0380383E-03  0.3652094    
  3.0480486E-03  0.2672717    
  3.0580582E-03 -4.9902543E-02
  3.0680685E-03 -0.2647047    
  3.0780789E-03 -2.7163370E-02
  3.0880882E-03  0.4551888    
  3.0980986E-03  0.6813192    
  3.1081082E-03  0.6044099    
  3.1181185E-03  0.6253015    
  3.1281279E-03  0.8811973    
  3.1381382E-03   1.069911    
  3.1481485E-03   1.035832    
  3.1581582E-03   1.005419    
  3.1681685E-03   1.086314    
  3.1781779E-03   1.028103    
  3.1881882E-03  0.7021870    
  3.1981985E-03  0.3851088    
  3.2082081E-03  0.2942162    
  3.2182185E-03  0.2263500    
  3.2282281E-03 -2.5559556E-02
  3.2382382E-03 -0.2517369    
  3.2482478E-03 -0.1720257    
  3.2582581E-03  7.2634839E-02
  3.2682684E-03  0.1605539    
  3.2782780E-03  9.2290744E-02
  3.2882884E-03  7.4182600E-02
  3.2982978E-03  9.3640164E-02
  3.3083081E-03  6.5644565E-03
  3.3183184E-03 -7.6627702E-02
  3.3283280E-03  8.3917372E-02
  3.3383383E-03  0.4149324    
  3.3483477E-03  0.6051631    
  3.3583581E-03  0.5928035    
  3.3683677E-03  0.6010640    
  3.3783787E-03  0.6933007    
  3.3883890E-03  0.6951922    
  3.3983986E-03  0.5826335    
  3.4084090E-03  0.5556333    
  3.4184183E-03  0.6328148    
  3.4284287E-03  0.5677720    
  3.4384390E-03  0.2986196    
  3.4484486E-03  0.1213524    
  3.4584589E-03  0.2176913    
  3.4684683E-03  0.3564802    
  3.4784786E-03  0.2901849    
  3.4884890E-03  0.1391045    
  3.4984986E-03  0.1198614    
  3.5085089E-03  0.1504145    
  3.5185185E-03  4.5989715E-02
  3.5285288E-03 -9.9811941E-02
  3.5385382E-03 -5.5379625E-02
  3.5485486E-03  0.1604476    
  3.5585589E-03  0.3329618    
  3.5685685E-03  0.3925286    
  3.5785788E-03  0.4159483    
  3.5885882E-03  0.3944617    
  3.5985985E-03  0.2714369    
  3.6086089E-03  0.1543392    
  3.6186185E-03  0.1958582    
  3.6286288E-03  0.3123058    
  3.6386382E-03  0.2904698    
  3.6486485E-03  0.1429061    
  3.6586581E-03  6.5212511E-02
  3.6686684E-03  7.9210721E-02
  3.6786788E-03  2.6599707E-02
  3.6886882E-03 -8.0138266E-02
  3.6986985E-03 -2.9066846E-02
  3.7087081E-03  0.1968972    
  3.7187191E-03  0.3371060    
  3.7287294E-03  0.2729743    
  3.7387391E-03  0.2197591    
  3.7487494E-03  0.3497268    
  3.7587588E-03  0.5120814    
  3.7687691E-03  0.5259690    
  3.7787787E-03  0.4861404    
  3.7887890E-03  0.5500171    
  3.7987994E-03  0.6331830    
  3.8088090E-03  0.5776929    
  3.8188193E-03  0.4553092    
  3.8288287E-03  0.4350996    
  3.8388390E-03  0.4852079    
  3.8488493E-03  0.4648214    
  3.8588590E-03  0.4043545    
  3.8688693E-03  0.4313785    
  3.8788787E-03  0.5008938    
  3.8888890E-03  0.4651993    
  3.8988986E-03  0.3599123    
  3.9089089E-03  0.3568695    
  3.9189192E-03  0.4585664    
  3.9289286E-03  0.4893517    
  3.9389390E-03  0.3888894    
  3.9489483E-03  0.2683276    
  3.9589587E-03  0.1813323    
  3.9689690E-03  8.4322229E-02
  3.9789788E-03  3.6918107E-02
  3.9889892E-03  0.1643350    
  3.9989986E-03  0.3835352    
  4.0090089E-03  0.4414034    
  4.0190183E-03  0.3090130    
  4.0290286E-03  0.2502905    
  4.0390389E-03  0.3987611    
  4.0490488E-03  0.5403699    
  4.0590595E-03  0.4760832    
  4.0690694E-03  0.3365571    
  4.0790793E-03  0.3159536    
  4.0890896E-03  0.3384933    
  4.0990994E-03  0.2369557    
  4.1091098E-03  7.6489858E-02
  4.1191191E-03  2.7545204E-02
  4.1291295E-03  5.0145887E-02
  4.1391389E-03 -2.9610998E-03
  4.1491492E-03 -8.2188733E-02
  4.1591595E-03 -2.3380168E-02
  4.1691693E-03  0.1281976    
  4.1791797E-03  0.1649196    
  4.1891891E-03  7.2298013E-02
  4.1991994E-03  4.5551229E-02
  4.2092097E-03  0.1492577    
  4.2192191E-03  0.2251842    
  4.2292294E-03  0.1872251    
  4.2392388E-03  0.1414894    
  4.2492491E-03  0.1432253    
  4.2592590E-03  9.9968605E-02
  4.2692693E-03  6.7644138E-03
  4.2792796E-03  2.9456437E-02
  4.2892890E-03  0.2059228    
  4.2992993E-03  0.3017763    
  4.3093087E-03  0.1387319    
  4.3193190E-03 -0.1136889    
  4.3293294E-03 -0.1813354    
  4.3393392E-03 -6.1252750E-02
  4.3493495E-03  4.6991479E-02
  4.3593589E-03  6.7531444E-02
  4.3693692E-03  9.3050316E-02
  4.3793786E-03  0.1730165    
  4.3893890E-03  0.2590110    
  4.3994002E-03  0.3242630    
  4.4094096E-03  0.3734118    
  4.4194199E-03  0.3538764    
  4.4294293E-03  0.2342809    
  4.4394396E-03  0.1209829    
  4.4494499E-03  0.1447689    
  4.4594598E-03  0.2558611    
  4.4694701E-03  0.2936769    
  4.4794795E-03  0.2408745    
  4.4894898E-03  0.2329344    
  4.4995002E-03  0.3196771    
  4.5095095E-03  0.3938966    
  4.5195199E-03  0.3819015    
  4.5295293E-03  0.3400398    
  4.5395396E-03  0.3206634    
  4.5495494E-03  0.2964438    
  4.5595597E-03  0.2641476    
  4.5695701E-03  0.2862497    
  4.5795795E-03  0.3632591    
  4.5895898E-03  0.4019716    
  4.5995992E-03  0.3623664    
  4.6096095E-03  0.3157550    
  4.6196198E-03  0.3085245    
  4.6296297E-03  0.2965482    
  4.6396400E-03  0.2649727    
  4.6496494E-03  0.2709113    
  4.6596597E-03  0.3118095    
  4.6696691E-03  0.2949798    
  4.6796794E-03  0.2185843    
  4.6896897E-03  0.2184940    
  4.6996991E-03  0.3438154    
  4.7097094E-03  0.4363376    
  4.7197193E-03  0.3753506    
  4.7297296E-03  0.2754916    
  4.7397404E-03  0.2848068    
  4.7497503E-03  0.3348786    
  4.7597606E-03  0.2907734    
  4.7697700E-03  0.2183511    
  4.7797803E-03  0.2731074    
  4.7897897E-03  0.4052446    
  4.7998000E-03  0.4239401    
  4.8098103E-03  0.3184075    
  4.8198197E-03  0.2597109    
  4.8298300E-03  0.2984673    
  4.8398399E-03  0.3020217    
  4.8498502E-03  0.2339018    
  4.8598605E-03  0.2275829    
  4.8698699E-03  0.3229489    
  4.8798802E-03  0.3642169    
  4.8898896E-03  0.2679175    
  4.8998999E-03  0.1758319    
  4.9099098E-03  0.2068375    
  4.9199201E-03  0.2565033    
  4.9299304E-03  0.1993898    
  4.9399398E-03  0.1205656    
  4.9499501E-03  0.1500801    
  4.9599595E-03  0.2142403    
  4.9699699E-03  0.1466020    
  4.9799802E-03 -3.6429927E-02
  4.9899896E-03 -0.1648890    
  4.9999999E-03 -0.1553247    
