 -4.9999999E-03 -0.1523743    
 -4.9899900E-03 -0.1329683    
 -4.9799802E-03 -0.1227663    
 -4.9699699E-03 -9.7803682E-02
 -4.9599600E-03 -5.7687938E-02
 -4.9499501E-03 -6.2439246E-03
 -4.9399403E-03  6.0251668E-02
 -4.9299300E-03  0.1148492    
 -4.9199201E-03  0.1096297    
 -4.9099098E-03  5.0355546E-02
 -4.8998999E-03  7.5546646E-04
 -4.8898896E-03 -3.4439645E-03
 -4.8798798E-03  1.8991582E-02
 -4.8698699E-03  6.4142972E-02
 -4.8598601E-03  0.1520301    
 -4.8498502E-03  0.2435280    
 -4.8398399E-03  0.2427919    
 -4.8298300E-03  0.1291264    
 -4.8198197E-03  5.6106723E-03
 -4.8098098E-03 -3.8887825E-02
 -4.7997995E-03 -3.4523122E-02
 -4.7897897E-03 -4.1029252E-02
 -4.7797798E-03 -4.0576741E-02
 -4.7697700E-03  1.8538098E-03
 -4.7597601E-03  4.7182571E-02
 -4.7497498E-03  4.4810954E-02
 -4.7397399E-03  2.8003562E-02
 -4.7297296E-03  4.7432832E-02
 -4.7197198E-03  6.2798671E-02
 -4.7097094E-03  9.6985409E-03
 -4.6996996E-03 -6.3398980E-02
 -4.6896897E-03 -4.4193842E-02
 -4.6796799E-03  7.6701686E-02
 -4.6696700E-03  0.1994228    
 -4.6596597E-03  0.2697921    
 -4.6496498E-03  0.3258304    
 -4.6396400E-03  0.3816006    
 -4.6296297E-03  0.3839127    
 -4.6196193E-03  0.3218412    
 -4.6096095E-03  0.2754490    
 -4.5995996E-03  0.3048488    
 -4.5895898E-03  0.3661106    
 -4.5795795E-03  0.3795868    
 -4.5695696E-03  0.3182211    
 -4.5595597E-03  0.2030608    
 -4.5495499E-03  8.1177294E-02
 -4.5395396E-03  2.6290597E-02
 -4.5295293E-03  8.0940135E-02
 -4.5195194E-03  0.1743428    
 -4.5095095E-03  0.1918598    
 -4.4994997E-03  0.1516598    
 -4.4894894E-03  0.1964011    
 -4.4794795E-03  0.3640195    
 -4.4694697E-03  0.4994998    
 -4.4594598E-03  0.4794471    
 -4.4494495E-03  0.3954934    
 -4.4394392E-03  0.3910167    
 -4.4294293E-03  0.4276462    
 -4.4194194E-03  0.3712339    
 -4.4094096E-03  0.2345944    
 -4.3993993E-03  0.1607921    
 -4.3893894E-03  0.1994116    
 -4.3793796E-03  0.2683370    
 -4.3693697E-03  0.3231849    
 -4.3593599E-03  0.3929055    
 -4.3493495E-03  0.4450344    
 -4.3393392E-03  0.3924897    
 -4.3293294E-03  0.2693204    
 -4.3193190E-03  0.2307769    
 -4.3093092E-03  0.3181285    
 -4.2992993E-03  0.3857949    
 -4.2892895E-03  0.3376972    
 -4.2792796E-03  0.2747658    
 -4.2692693E-03  0.3005297    
 -4.2592594E-03  0.3322091    
 -4.2492491E-03  0.2538749    
 -4.2392393E-03  0.1388361    
 -4.2292294E-03  0.1453534    
 -4.2192191E-03  0.2653368    
 -4.2092092E-03  0.3521618    
 -4.1991994E-03  0.3584481    
 -4.1891895E-03  0.3759620    
 -4.1791792E-03  0.4491465    
 -4.1691693E-03  0.5111537    
 -4.1591590E-03  0.5236232    
 -4.1491492E-03  0.5364541    
 -4.1391389E-03  0.5691515    
 -4.1291290E-03  0.5542840    
 -4.1191191E-03  0.4456187    
 -4.1091093E-03  0.2887589    
 -4.0990994E-03  0.1498063    
 -4.0890891E-03  5.5346370E-02
 -4.0790793E-03  2.2381848E-02
 -4.0690694E-03  4.8630290E-02
 -4.0590591E-03  5.2398693E-02
 -4.0490492E-03 -6.2453456E-02
 -4.0390389E-03 -0.2491753    
 -4.0290290E-03 -0.3434815    
 -4.0190192E-03 -0.2954130    
 -4.0090089E-03 -0.2441367    
 -3.9989995E-03 -0.2884741    
 -3.9889892E-03 -0.3230207    
 -3.9789793E-03 -0.2186654    
 -3.9689690E-03 -5.1662773E-02
 -3.9589587E-03  5.8970382E-03
 -3.9489488E-03 -5.4627769E-02
 -3.9389390E-03 -9.3472965E-02
 -3.9289291E-03 -5.6924127E-02
 -3.9189192E-03 -3.1551588E-02
 -3.9089089E-03 -5.8368478E-02
 -3.8988988E-03 -5.2843686E-02
 -3.8888890E-03  5.1407099E-02
 -3.8788787E-03  0.1991499    
 -3.8688693E-03  0.3012468    
 -3.8588590E-03  0.3335962    
 -3.8488489E-03  0.3098033    
 -3.8388390E-03  0.2403222    
 -3.8288287E-03  0.1607061    
 -3.8188188E-03  0.1269481    
 -3.8088090E-03  0.1507711    
 -3.7987989E-03  0.2068001    
 -3.7887890E-03  0.3134835    
 -3.7787787E-03  0.5131224    
 -3.7687689E-03  0.7474619    
 -3.7587588E-03  0.8675210    
 -3.7487489E-03  0.8258948    
 -3.7387386E-03  0.7458292    
 -3.7287287E-03  0.7269672    
 -3.7187189E-03  0.6935676    
 -3.7087088E-03  0.5471008    
 -3.6986985E-03  0.3712091    
 -3.6886886E-03  0.3366122    
 -3.6786788E-03  0.4477644    
 -3.6686689E-03  0.5384009    
 -3.6586588E-03  0.5102623    
 -3.6486485E-03  0.4368787    
 -3.6386386E-03  0.4048845    
 -3.6286288E-03  0.3802221    
 -3.6186187E-03  0.2867854    
 -3.6086084E-03  0.1326973    
 -3.5985985E-03 -1.8943065E-04
 -3.5885887E-03 -4.2233985E-02
 -3.5785788E-03  2.1010647E-02
 -3.5685685E-03  0.1375307    
 -3.5585584E-03  0.2023842    
 -3.5485486E-03  0.1430293    
 -3.5385387E-03  1.8947205E-02
 -3.5285288E-03 -3.0816462E-02
 -3.5185185E-03  3.6569744E-02
 -3.5085084E-03  0.1181172    
 -3.4984986E-03  0.1303610    
 -3.4884887E-03  0.1393640    
 -3.4784784E-03  0.2488476    
 -3.4684683E-03  0.4212114    
 -3.4584585E-03  0.5091684    
 -3.4484486E-03  0.4502355    
 -3.4384383E-03  0.3443124    
 -3.4284284E-03  0.3251898    
 -3.4184183E-03  0.4101018    
 -3.4084085E-03  0.4946947    
 -3.3983986E-03  0.4650745    
 -3.3883883E-03  0.3095453    
 -3.3783785E-03  0.1361665    
 -3.3683684E-03  7.2072096E-02
 -3.3583585E-03  0.1282502    
 -3.3483487E-03  0.1918968    
 -3.3383383E-03  0.1711905    
 -3.3283283E-03  0.1037218    
 -3.3183184E-03  7.5760037E-02
 -3.3083083E-03  8.0385163E-02
 -3.2982985E-03  4.0102888E-02
 -3.2882884E-03 -4.7822304E-02
 -3.2782783E-03 -8.0500871E-02
 -3.2682684E-03  1.2434151E-02
 -3.2582583E-03  0.1699204    
 -3.2482482E-03  0.2714556    
 -3.2382382E-03  0.2566243    
 -3.2282281E-03  0.1418803    
 -3.2182182E-03 -2.6339924E-02
 -3.2082084E-03 -0.1831791    
 -3.1981983E-03 -0.2460743    
 -3.1881882E-03 -0.1651969    
 -3.1781783E-03  2.3580566E-02
 -3.1681682E-03  0.2242169    
 -3.1581582E-03  0.3591266    
 -3.1481483E-03  0.4083254    
 -3.1381380E-03  0.3913468    
 -3.1281281E-03  0.3486942    
 -3.1181183E-03  0.3419210    
 -3.1081082E-03  0.4288484    
 -3.0980981E-03  0.5961349    
 -3.0880882E-03  0.7214491    
 -3.0780782E-03  0.6499260    
 -3.0680681E-03  0.3565882    
 -3.0580582E-03  2.3968784E-02
 -3.0480481E-03 -0.1015563    
 -3.0380380E-03  4.1256614E-02
 -3.0280282E-03  0.2626856    
 -3.0180181E-03  0.3409790    
 -3.0080082E-03  0.2580068    
 -2.9979981E-03  0.1704732    
 -2.9879878E-03  0.1894194    
 -2.9779780E-03  0.2748640    
 -2.9679681E-03  0.3264006    
 -2.9579580E-03  0.2789871    
 -2.9479479E-03  0.1140798    
 -2.9379381E-03 -0.1183829    
 -2.9279280E-03 -0.2685671    
 -2.9179181E-03 -0.1912011    
 -2.9079081E-03  6.1802428E-02
 -2.8978977E-03  0.2575996    
 -2.8878879E-03  0.2589450    
 -2.8778778E-03  0.1874383    
 -2.8678679E-03  0.2287892    
 -2.8578578E-03  0.3758422    
 -2.8478478E-03  0.4960721    
 -2.8378379E-03  0.5664449    
 -2.8278281E-03  0.6718140    
 -2.8178177E-03  0.7966542    
 -2.8078076E-03  0.8006502    
 -2.7977978E-03  0.6402420    
 -2.7877877E-03  0.4673329    
 -2.7777778E-03  0.4366774    
 -2.7677678E-03  0.5197256    
 -2.7577577E-03  0.5803747    
 -2.7477478E-03  0.5626730    
 -2.7377380E-03  0.5367901    
 -2.7277276E-03  0.6029870    
 -2.7177178E-03  0.7856955    
 -2.7077077E-03  0.9787828    
 -2.6976976E-03   1.001517    
 -2.6876878E-03  0.7946702    
 -2.6776779E-03  0.5605662    
 -2.6676676E-03  0.5793238    
 -2.6576577E-03  0.8501060    
 -2.6476476E-03   1.055520    
 -2.6376375E-03  0.9604648    
 -2.6276277E-03  0.6921915    
 -2.6176176E-03  0.5083400    
 -2.6076075E-03  0.4353179    
 -2.5975977E-03  0.3185788    
 -2.5875878E-03  0.1313106    
 -2.5775777E-03  2.0495884E-03
 -2.5675676E-03 -3.0831872E-02
 -2.5575575E-03 -6.6057295E-02
 -2.5475475E-03 -0.1154963    
 -2.5375376E-03 -3.2400902E-02
 -2.5275275E-03  0.2453672    
 -2.5175174E-03  0.5532406    
 -2.5075076E-03  0.7061450    
 -2.4974977E-03  0.7366199    
 -2.4874876E-03  0.8247026    
 -2.4774773E-03   1.066453    
 -2.4674674E-03   1.393461    
 -2.4574574E-03   1.656258    
 -2.4474475E-03   1.723241    
 -2.4374374E-03   1.561863    
 -2.4274273E-03   1.289279    
 -2.4174175E-03   1.078999    
 -2.4074076E-03  0.9679761    
 -2.3973975E-03  0.8307898    
 -2.3873874E-03  0.5918202    
 -2.3773774E-03  0.3594123    
 -2.3673673E-03  0.2673182    
 -2.3573574E-03  0.2871547    
 -2.3473476E-03  0.3047478    
 -2.3373372E-03  0.2909650    
 -2.3273274E-03  0.2823779    
 -2.3173175E-03  0.2690577    
 -2.3073072E-03  0.2395182    
 -2.2972974E-03  0.2786815    
 -2.2872873E-03  0.4728051    
 -2.2772772E-03  0.7595293    
 -2.2672673E-03   1.010366    
 -2.2572575E-03   1.213688    
 -2.2472474E-03   1.414438    
 -2.2372373E-03   1.516432    
 -2.2272274E-03   1.358670    
 -2.2172171E-03  0.9983613    
 -2.2072073E-03  0.7170385    
 -2.1971972E-03  0.6784400    
 -2.1871871E-03  0.7686321    
 -2.1771772E-03  0.8327231    
 -2.1671674E-03  0.8847265    
 -2.1571573E-03  0.9811382    
 -2.1471472E-03   1.083169    
 -2.1371371E-03   1.189063    
 -2.1271270E-03   1.418370    
 -2.1171172E-03   1.774319    
 -2.1071073E-03   1.967183    
 -2.0970970E-03   1.735895    
 -2.0870871E-03   1.287040    
 -2.0770773E-03   1.150303    
 -2.0670672E-03   1.555614    
 -2.0570571E-03   2.159846    
 -2.0470468E-03   2.469070    
 -2.0370369E-03   2.379392    
 -2.0270271E-03   2.200714    
 -2.0170170E-03   2.235711    
 -2.0070069E-03   2.455700    
 -1.9969970E-03   2.583369    
 -1.9869870E-03   2.430293    
 -1.9769771E-03   2.103935    
 -1.9669670E-03   1.845215    
 -1.9569569E-03   1.716765    
 -1.9469468E-03   1.580816    
 -1.9369370E-03   1.402762    
 -1.9269269E-03   1.362931    
 -1.9169169E-03   1.524932    
 -1.9069071E-03   1.597683    
 -1.8968969E-03   1.299059    
 -1.8868870E-03  0.8416117    
 -1.8768768E-03  0.7157581    
 -1.8668667E-03   1.001473    
 -1.8568569E-03   1.268555    
 -1.8468469E-03   1.248757    
 -1.8368368E-03   1.226711    
 -1.8268268E-03   1.526919    
 -1.8168170E-03   1.931469    
 -1.8068068E-03   1.950179    
 -1.7967967E-03   1.513148    
 -1.7867868E-03   1.046806    
 -1.7767766E-03  0.9092215    
 -1.7667668E-03   1.046690    
 -1.7567568E-03   1.202723    
 -1.7467467E-03   1.223131    
 -1.7367367E-03   1.111375    
 -1.7267269E-03  0.9888131    
 -1.7167168E-03   1.038390    
 -1.7067066E-03   1.328647    
 -1.6966967E-03   1.685076    
 -1.6866866E-03   1.885444    
 -1.6766769E-03   1.955187    
 -1.6666666E-03   2.084084    
 -1.6566566E-03   2.269519    
 -1.6466468E-03   2.301824    
 -1.6366368E-03   2.150005    
 -1.6266268E-03   2.100195    
 -1.6166165E-03   2.380724    
 -1.6066066E-03   2.854391    
 -1.5965967E-03   3.231325    
 -1.5865864E-03   3.433224    
 -1.5765765E-03   3.597414    
 -1.5665665E-03   3.845361    
 -1.5565567E-03   4.179456    
 -1.5465467E-03   4.512974    
 -1.5365368E-03   4.692597    
 -1.5265265E-03   4.583084    
 -1.5165166E-03   4.216807    
 -1.5065067E-03   3.756875    
 -1.4964964E-03   3.279266    
 -1.4864864E-03   2.772621    
 -1.4764764E-03   2.404677    
 -1.4664661E-03   2.513007    
 -1.4564563E-03   3.133793    
 -1.4464463E-03   3.791471    
 -1.4364364E-03   4.008308    
 -1.4264265E-03   3.826249    
 -1.4164166E-03   3.565519    
 -1.4064063E-03   3.300941    
 -1.3963963E-03   2.957717    
 -1.3863865E-03   2.729424    
 -1.3763765E-03   2.896846    
 -1.3663666E-03   3.267165    
 -1.3563567E-03   3.317181    
 -1.3463463E-03   2.967996    
 -1.3363364E-03   2.726459    
 -1.3263260E-03   2.896629    
 -1.3163162E-03   3.145321    
 -1.3063062E-03   3.110658    
 -1.2962964E-03   2.990733    
 -1.2862860E-03   3.146817    
 -1.2762761E-03   3.480793    
 -1.2662662E-03   3.656972    
 -1.2562562E-03   3.688866    
 -1.2462464E-03   3.829932    
 -1.2362364E-03   4.034153    
 -1.2262261E-03   4.016054    
 -1.2162162E-03   3.782732    
 -1.2062063E-03   3.649748    
 -1.1961963E-03   3.724557    
 -1.1861864E-03   3.823303    
 -1.1761765E-03   3.920723    
 -1.1661662E-03   4.237377    
 -1.1561563E-03   4.755229    
 -1.1461460E-03   5.097419    
 -1.1361360E-03   5.089200    
 -1.1261262E-03   5.031597    
 -1.1161162E-03   5.144003    
 -1.1061059E-03   5.109764    
 -1.0960960E-03   4.576661    
 -1.0860860E-03   3.850671    
 -1.0760761E-03   3.615777    
 -1.0660662E-03   4.024081    
 -1.0560562E-03   4.500017    
 -1.0460459E-03   4.521427    
 -1.0360361E-03   4.259047    
 -1.0260261E-03   4.261457    
 -1.0160162E-03   4.737309    
 -1.0060063E-03   5.362895    
 -9.9599641E-04   5.708528    
 -9.8598609E-04   5.646179    
 -9.7597571E-04   5.316513    
 -9.6596580E-04   4.917143    
 -9.5595588E-04   4.704006    
 -9.4594597E-04   5.075067    
 -9.3593606E-04   6.284538    
 -9.2592573E-04   7.905364    
 -9.1591582E-04   8.898721    
 -9.0590591E-04   8.610364    
 -8.9589600E-04   7.603813    
 -8.8588602E-04   7.093142    
 -8.7587611E-04   7.576152    
 -8.6586579E-04   8.458104    
 -8.5585588E-04   9.059733    
 -8.4584596E-04   9.431288    
 -8.3583605E-04   9.948464    
 -8.2582614E-04   10.67665    
 -8.1581622E-04   11.54937    
 -8.0580550E-04   12.67168    
 -7.9579558E-04   13.88687    
 -7.8578567E-04   14.47074    
 -7.7577576E-04   14.00797    
 -7.6576584E-04   13.36174    
 -7.5575552E-04   13.94858    
 -7.4574561E-04   16.00694    
 -7.3573564E-04   18.25579    
 -7.2572572E-04   19.39102    
 -7.1571581E-04   19.26401    
 -7.0570590E-04   18.45846    
 -6.9569558E-04   17.42553    
 -6.8568566E-04   16.35015    
 -6.7567575E-04   15.33047    
 -6.6566584E-04   14.35769    
 -6.5565592E-04   13.58375    
 -6.4564601E-04   13.74881    
 -6.3563528E-04   15.57253    
 -6.2562537E-04   18.37898    
 -6.1561546E-04   20.19607    
 -6.0560554E-04   19.92609    
 -5.9559557E-04   18.78153    
 -5.8558566E-04   18.77552    
 -5.7557534E-04   20.39286    
 -5.6556542E-04   22.70328    
 -5.5555551E-04   25.23515    
 -5.4554560E-04   28.42326    
 -5.3553568E-04   32.26265    
 -5.2552577E-04   35.76034    
 -5.1551545E-04   38.07390    
 -5.0550554E-04   39.35058    
 -4.9549562E-04   40.18705    
 -4.8548568E-04   41.03234    
 -4.7547577E-04   42.31826    
 -4.6546545E-04   44.31828    
 -4.5545513E-04   46.55966    
 -4.4544521E-04   48.16705    
 -4.3543530E-04   49.14763    
 -4.2542536E-04   50.70107    
 -4.1541544E-04   53.97832    
 -4.0540553E-04   59.17609    
 -3.9539521E-04   65.86246    
 -3.8538530E-04   73.21922    
 -3.7537538E-04   79.90414    
 -3.6536544E-04   85.06781    
 -3.5535553E-04   89.91823    
 -3.4534562E-04   96.75349    
 -3.3533529E-04   105.7606    
 -3.2532538E-04   114.4849    
 -3.1531547E-04   121.4360    
 -3.0530553E-04   128.1537    
 -2.9529521E-04   135.9628    
 -2.8528529E-04   143.0613    
 -2.7527497E-04   147.9545    
 -2.6526506E-04   154.2564    
 -2.5525515E-04   167.9069    
 -2.4524523E-04   189.5210    
 -2.3523530E-04   213.2805    
 -2.2522538E-04   234.3596    
 -2.1521507E-04   253.9772    
 -2.0520514E-04   276.0674    
 -1.9519523E-04   302.8440    
 -1.8518530E-04   335.9968    
 -1.7517539E-04   378.8878    
 -1.6516546E-04   434.4883    
 -1.5515515E-04   503.8829    
 -1.4514523E-04   589.4640    
 -1.3513531E-04   696.0093    
 -1.2512499E-04   824.5207    
 -1.1511507E-04   970.0286    
 -1.0510515E-04   1133.983    
 -9.5094838E-05   1337.451    
 -8.5084917E-05   1612.487    
 -7.5074997E-05   1979.808    
 -6.5065076E-05   2447.678    
 -5.5055156E-05   3039.814    
 -4.5045235E-05   3806.820    
 -3.5034918E-05   4776.218    
 -2.5024998E-05   5866.932    
 -1.5015078E-05   6855.507    
 -5.0051581E-06   7452.209    
  5.0047620E-06   7452.221    
  1.5014683E-05   6855.540    
  2.5024998E-05   5866.938    
  3.5034918E-05   4776.217    
  4.5045235E-05   3806.822    
  5.5055156E-05   3039.814    
  6.5065076E-05   2447.677    
  7.5075390E-05   1979.793    
  8.5085310E-05   1612.471    
  9.5095231E-05   1337.439    
  1.0510515E-04   1133.982    
  1.1511507E-04   970.0289    
  1.2512499E-04   824.5202    
  1.3513531E-04   696.0089    
  1.4514523E-04   589.4646    
  1.5515515E-04   503.8831    
  1.6516507E-04   434.4908    
  1.7517500E-04   378.8897    
  1.8518491E-04   335.9996    
  1.9519523E-04   302.8436    
  2.0520514E-04   276.0672    
  2.1521546E-04   253.9754    
  2.2522538E-04   234.3600    
  2.3523530E-04   213.2802    
  2.4524523E-04   189.5214    
  2.5525552E-04   167.9062    
  2.6526547E-04   154.2565    
  2.7527538E-04   147.9542    
  2.8528529E-04   143.0617    
  2.9529521E-04   135.9626    
  3.0530515E-04   128.1537    
  3.1531547E-04   121.4361    
  3.2532538E-04   114.4847    
  3.3533529E-04   105.7606    
  3.4534521E-04   96.75299    
  3.5535512E-04   89.91899    
  3.6536506E-04   85.06775    
  3.7537538E-04   79.90434    
  3.8538568E-04   73.21832    
  3.9539562E-04   65.86239    
  4.0540553E-04   59.17614    
  4.1541544E-04   53.97832    
  4.2542536E-04   50.70104    
  4.3543568E-04   49.14772    
  4.4544559E-04   48.16690    
  4.5545553E-04   46.55982    
  4.6546545E-04   44.31841    
  4.7547536E-04   42.31922    
  4.8548527E-04   41.03211    
  4.9549562E-04   40.18692    
  5.0550554E-04   39.35072    
  5.1551545E-04   38.07381    
  5.2552536E-04   35.76041    
  5.3553528E-04   32.26265    
  5.4554519E-04   28.42274    
  5.5555592E-04   25.23450    
  5.6556583E-04   22.70299    
  5.7557574E-04   20.39313    
  5.8558566E-04   18.77541    
  5.9559557E-04   18.78148    
  6.0560554E-04   19.92588    
  6.1561581E-04   20.19614    
  6.2562578E-04   18.37905    
  6.3563569E-04   15.57198    
  6.4564560E-04   13.74875    
  6.5565552E-04   13.58396    
  6.6566543E-04   14.35756    
  6.7567575E-04   15.33058    
  6.8568566E-04   16.35012    
  6.9569558E-04   17.42548    
  7.0570549E-04   18.45901    
  7.1571540E-04   19.26380    
  7.2572572E-04   19.39096    
  7.3573604E-04   18.25532    
  7.4574596E-04   16.00678    
  7.5575593E-04   13.94858    
  7.6576584E-04   13.36166    
  7.7577576E-04   14.00803    
  7.8578567E-04   14.47071    
  7.9579599E-04   13.88691    
  8.0580590E-04   12.67176    
  8.1581582E-04   11.54980    
  8.2582573E-04   10.67653    
  8.3583564E-04   9.948603    
  8.4584556E-04   9.431070    
  8.5585588E-04   9.059734    
  8.6586579E-04   8.458117    
  8.7587576E-04   7.575843    
  8.8588567E-04   7.093125    
  8.9589600E-04   7.603715    
  9.0590632E-04   8.610332    
  9.1591623E-04   8.898437    
  9.2592614E-04   7.905506    
  9.3593606E-04   6.284489    
  9.4594597E-04   5.075036    
  9.5595588E-04   4.704046    
  9.6596620E-04   4.917078    
  9.7597612E-04   5.316484    
  9.8598609E-04   5.646242    
  9.9599594E-04   5.708751    
  1.0060059E-03   5.362646    
  1.0160158E-03   4.737272    
  1.0260261E-03   4.261490    
  1.0360361E-03   4.259014    
  1.0460459E-03   4.521501    
  1.0560559E-03   4.499789    
  1.0660662E-03   4.024055    
  1.0760761E-03   3.615787    
  1.0860864E-03   3.850814    
  1.0960964E-03   4.576665    
  1.1061063E-03   5.109854    
  1.1161162E-03   5.143996    
  1.1261262E-03   5.031659    
  1.1361360E-03   5.089186    
  1.1461463E-03   5.097686    
  1.1561563E-03   4.755157    
  1.1661662E-03   4.237452    
  1.1761761E-03   3.920832    
  1.1861860E-03   3.823352    
  1.1961960E-03   3.724905    
  1.2062063E-03   3.649715    
  1.2162162E-03   3.782764    
  1.2262261E-03   4.016016    
  1.2362364E-03   4.034214    
  1.2462464E-03   3.829937    
  1.2562562E-03   3.688835    
  1.2662666E-03   3.657143    
  1.2762765E-03   3.480995    
  1.2862864E-03   3.147165    
  1.2962964E-03   2.990686    
  1.3063062E-03   3.110557    
  1.3163162E-03   3.145353    
  1.3263265E-03   2.896858    
  1.3363364E-03   2.726502    
  1.3463463E-03   2.967996    
  1.3563563E-03   3.317151    
  1.3663662E-03   3.267350    
  1.3763761E-03   2.896921    
  1.3863865E-03   2.729443    
  1.3963963E-03   2.957684    
  1.4064066E-03   3.300932    
  1.4164166E-03   3.565590    
  1.4264265E-03   3.826297    
  1.4364364E-03   4.008282    
  1.4464468E-03   3.791565    
  1.4564566E-03   3.133688    
  1.4664666E-03   2.512955    
  1.4764764E-03   2.404779    
  1.4864864E-03   2.772580    
  1.4964964E-03   3.279271    
  1.5065067E-03   3.756841    
  1.5165166E-03   4.216832    
  1.5265265E-03   4.583177    
  1.5365364E-03   4.692446    
  1.5465464E-03   4.513090    
  1.5565562E-03   4.179483    
  1.5665665E-03   3.845370    
  1.5765765E-03   3.597488    
  1.5865868E-03   3.433118    
  1.5965967E-03   3.231356    
  1.6066066E-03   2.854414    
  1.6166165E-03   2.380752    
  1.6266268E-03   2.100290    
  1.6366368E-03   2.149914    
  1.6466463E-03   2.301826    
  1.6566566E-03   2.269505    
  1.6666669E-03   2.084127    
  1.6766764E-03   1.955289    
  1.6866868E-03   1.885573    
  1.6966963E-03   1.685230    
  1.7067066E-03   1.328591    
  1.7167169E-03   1.038604    
  1.7267264E-03  0.9888815    
  1.7367367E-03   1.111336    
  1.7467464E-03   1.223173    
  1.7567567E-03   1.202781    
  1.7667669E-03   1.046425    
  1.7767772E-03  0.9089201    
  1.7867868E-03   1.046796    
  1.7967972E-03   1.513465    
  1.8068067E-03   1.950299    
  1.8168170E-03   1.931514    
  1.8268273E-03   1.526906    
  1.8368368E-03   1.226650    
  1.8468471E-03   1.248784    
  1.8568566E-03   1.268390    
  1.8668670E-03   1.001570    
  1.8768765E-03  0.7157007    
  1.8868868E-03  0.8415604    
  1.8968971E-03   1.298999    
  1.9069066E-03   1.597656    
  1.9169169E-03   1.524854    
  1.9269264E-03   1.362858    
  1.9369368E-03   1.402907    
  1.9469471E-03   1.580833    
  1.9569567E-03   1.716628    
  1.9669670E-03   1.845232    
  1.9769764E-03   2.103961    
  1.9869867E-03   2.430310    
  1.9969963E-03   2.583385    
  2.0070074E-03   2.455936    
  2.0170177E-03   2.235721    
  2.0270273E-03   2.200764    
  2.0370376E-03   2.379522    
  2.0470470E-03   2.468870    
  2.0570573E-03   2.159912    
  2.0670677E-03   1.555542    
  2.0770773E-03   1.150352    
  2.0870876E-03   1.287163    
  2.0970970E-03   1.735845    
  2.1071073E-03   1.967154    
  2.1171169E-03   1.774339    
  2.1271273E-03   1.418336    
  2.1371376E-03   1.188985    
  2.1471470E-03   1.083269    
  2.1571573E-03  0.9811543    
  2.1671669E-03  0.8847936    
  2.1771772E-03  0.8327138    
  2.1871876E-03  0.7686946    
  2.1971972E-03  0.6785406    
  2.2072075E-03  0.7168780    
  2.2172169E-03  0.9982472    
  2.2272272E-03   1.358463    
  2.2372368E-03   1.516495    
  2.2472471E-03   1.414382    
  2.2572575E-03   1.213742    
  2.2672669E-03   1.010472    
  2.2772772E-03  0.7594928    
  2.2872868E-03  0.4725956    
  2.2972971E-03  0.2786396    
  2.3073074E-03  0.2394970    
  2.3173168E-03  0.2691288    
  2.3273272E-03  0.2825043    
  2.3373368E-03  0.2909096    
  2.3473478E-03  0.3047363    
  2.3573574E-03  0.2871844    
  2.3673677E-03  0.2673272    
  2.3773781E-03  0.3595891    
  2.3873874E-03  0.5918636    
  2.3973978E-03  0.8308384    
  2.4074074E-03  0.9681576    
  2.4174177E-03   1.079256    
  2.4274280E-03   1.289337    
  2.4374374E-03   1.561800    
  2.4474477E-03   1.723170    
  2.4574574E-03   1.656294    
  2.4674677E-03   1.393486    
  2.4774773E-03   1.066535    
  2.4874876E-03  0.8246549    
  2.4974979E-03  0.7364985    
  2.5075073E-03  0.7061633    
  2.5175177E-03  0.5532633    
  2.5275273E-03  0.2454011    
  2.5375376E-03 -3.2437582E-02
  2.5475479E-03 -0.1153629    
  2.5575573E-03 -6.6249803E-02
  2.5675676E-03 -3.0851986E-02
  2.5775773E-03  2.1175223E-03
  2.5875876E-03  0.1314272    
  2.5975970E-03  0.3185966    
  2.6076073E-03  0.4352107    
  2.6176176E-03  0.5083416    
  2.6276272E-03  0.6923435    
  2.6376375E-03  0.9604190    
  2.6476469E-03   1.055400    
  2.6576573E-03  0.8500924    
  2.6676676E-03  0.5793331    
  2.6776772E-03  0.5605630    
  2.6876875E-03  0.7946478    
  2.6976978E-03   1.001566    
  2.7077082E-03  0.9788752    
  2.7177185E-03  0.7857499    
  2.7277281E-03  0.6030639    
  2.7377382E-03  0.5367666    
  2.7477478E-03  0.5627201    
  2.7577581E-03  0.5803762    
  2.7677678E-03  0.5196689    
  2.7777781E-03  0.4366395    
  2.7877884E-03  0.4674158    
  2.7977978E-03  0.6401784    
  2.8078081E-03  0.8005449    
  2.8178177E-03  0.7966272    
  2.8278281E-03  0.6717730    
  2.8378384E-03  0.5664032    
  2.8478478E-03  0.4961301    
  2.8578581E-03  0.3759665    
  2.8678677E-03  0.2288319    
  2.8778780E-03  0.1874474    
  2.8878874E-03  0.2589631    
  2.8978977E-03  0.2575668    
  2.9079081E-03  6.1761815E-02
  2.9179177E-03 -0.1912056    
  2.9279280E-03 -0.2685813    
  2.9379374E-03 -0.1183968    
  2.9479477E-03  0.1141114    
  2.9579580E-03  0.2789855    
  2.9679677E-03  0.3264983    
  2.9779780E-03  0.2749458    
  2.9879876E-03  0.1894909    
  2.9979979E-03  0.1705097    
  3.0080073E-03  0.2579108    
  3.0180176E-03  0.3408198    
  3.0280279E-03  0.2627033    
  3.0380383E-03  4.1125581E-02
  3.0480486E-03 -0.1015156    
  3.0580582E-03  2.3961339E-02
  3.0680685E-03  0.3565589    
  3.0780789E-03  0.6499033    
  3.0880882E-03  0.7214562    
  3.0980986E-03  0.5961154    
  3.1081082E-03  0.4287796    
  3.1181185E-03  0.3418213    
  3.1281279E-03  0.3486417    
  3.1381382E-03  0.3913403    
  3.1481485E-03  0.4083418    
  3.1581582E-03  0.3591124    
  3.1681685E-03  0.2242679    
  3.1781779E-03  2.3649778E-02
  3.1881882E-03 -0.1651866    
  3.1981985E-03 -0.2460266    
  3.2082081E-03 -0.1831213    
  3.2182185E-03 -2.6419077E-02
  3.2282281E-03  0.1418425    
  3.2382382E-03  0.2565640    
  3.2482478E-03  0.2715786    
  3.2582581E-03  0.1699043    
  3.2682684E-03  1.2414689E-02
  3.2782780E-03 -8.0564082E-02
  3.2882884E-03 -4.7778204E-02
  3.2982978E-03  4.0018063E-02
  3.3083081E-03  8.0427721E-02
  3.3183184E-03  7.5725608E-02
  3.3283280E-03  0.1037441    
  3.3383383E-03  0.1712081    
  3.3483477E-03  0.1918678    
  3.3583581E-03  0.1282136    
  3.3683677E-03  7.2028108E-02
  3.3783787E-03  0.1362547    
  3.3883890E-03  0.3095781    
  3.3983986E-03  0.4651140    
  3.4084090E-03  0.4946747    
  3.4184183E-03  0.4100852    
  3.4284287E-03  0.3253065    
  3.4384390E-03  0.3444292    
  3.4484486E-03  0.4502629    
  3.4584589E-03  0.5092485    
  3.4684683E-03  0.4212530    
  3.4784786E-03  0.2489410    
  3.4884890E-03  0.1393252    
  3.4984986E-03  0.1303542    
  3.5085089E-03  0.1181452    
  3.5185185E-03  3.6590189E-02
  3.5285288E-03 -3.0824952E-02
  3.5385382E-03  1.8943721E-02
  3.5485486E-03  0.1430035    
  3.5585589E-03  0.2022179    
  3.5685685E-03  0.1375269    
  3.5785788E-03  2.1007875E-02
  3.5885882E-03 -4.2209785E-02
  3.5985985E-03 -1.9914411E-04
  3.6086089E-03  0.1326843    
  3.6186185E-03  0.2867245    
  3.6286288E-03  0.3802220    
  3.6386382E-03  0.4048992    
  3.6486485E-03  0.4368615    
  3.6586581E-03  0.5103420    
  3.6686684E-03  0.5383791    
  3.6786788E-03  0.4477590    
  3.6886882E-03  0.3365774    
  3.6986985E-03  0.3712085    
  3.7087081E-03  0.5470380    
  3.7187191E-03  0.6936170    
  3.7287294E-03  0.7270378    
  3.7387391E-03  0.7459414    
  3.7487494E-03  0.8258958    
  3.7587588E-03  0.8675115    
  3.7687691E-03  0.7473683    
  3.7787787E-03  0.5131037    
  3.7887890E-03  0.3134115    
  3.7987994E-03  0.2067865    
  3.8088090E-03  0.1507786    
  3.8188193E-03  0.1268862    
  3.8288287E-03  0.1606876    
  3.8388390E-03  0.2403554    
  3.8488493E-03  0.3098041    
  3.8588590E-03  0.3335923    
  3.8688693E-03  0.3012295    
  3.8788787E-03  0.1991488    
  3.8888890E-03  5.1380172E-02
  3.8988986E-03 -5.2857548E-02
  3.9089089E-03 -5.8320727E-02
  3.9189192E-03 -3.1547453E-02
  3.9289286E-03 -5.6911923E-02
  3.9389390E-03 -9.3414582E-02
  3.9489483E-03 -5.4662164E-02
  3.9589587E-03  5.9664883E-03
  3.9689690E-03 -5.1659226E-02
  3.9789788E-03 -0.2186675    
  3.9889892E-03 -0.3230213    
  3.9989986E-03 -0.2885712    
  4.0090089E-03 -0.2442056    
  4.0190183E-03 -0.2954070    
  4.0290286E-03 -0.3434249    
  4.0390389E-03 -0.2491696    
  4.0490488E-03 -6.2532224E-02
  4.0590595E-03  5.2393388E-02
  4.0690694E-03  4.8655365E-02
  4.0790793E-03  2.2537718E-02
  4.0890896E-03  5.5350251E-02
  4.0990994E-03  0.1498015    
  4.1091098E-03  0.2887041    
  4.1191191E-03  0.4456355    
  4.1291295E-03  0.5544090    
  4.1391389E-03  0.5691426    
  4.1491492E-03  0.5364279    
  4.1591595E-03  0.5237343    
  4.1691693E-03  0.5111502    
  4.1791797E-03  0.4491061    
  4.1891891E-03  0.3759561    
  4.1991994E-03  0.3584858    
  4.2092097E-03  0.3521411    
  4.2192191E-03  0.2653253    
  4.2292294E-03  0.1453389    
  4.2392388E-03  0.1387604    
  4.2492491E-03  0.2538575    
  4.2592590E-03  0.3321276    
  4.2692693E-03  0.3005375    
  4.2792796E-03  0.2747515    
  4.2892890E-03  0.3376868    
  4.2992993E-03  0.3858230    
  4.3093087E-03  0.3181779    
  4.3193190E-03  0.2307839    
  4.3293294E-03  0.2693198    
  4.3393392E-03  0.3925500    
  4.3493495E-03  0.4450243    
  4.3593589E-03  0.3928834    
  4.3693692E-03  0.3231812    
  4.3793786E-03  0.2684163    
  4.3893890E-03  0.1994287    
  4.3994002E-03  0.1608321    
  4.4094096E-03  0.2346029    
  4.4194199E-03  0.3712249    
  4.4294293E-03  0.4276642    
  4.4394396E-03  0.3910307    
  4.4494499E-03  0.3954390    
  4.4594598E-03  0.4794828    
  4.4694701E-03  0.4994741    
  4.4794795E-03  0.3640146    
  4.4894898E-03  0.1963006    
  4.4995002E-03  0.1516608    
  4.5095095E-03  0.1918464    
  4.5195199E-03  0.1742772    
  4.5295293E-03  8.0881894E-02
  4.5395396E-03  2.6318520E-02
  4.5495494E-03  8.1194080E-02
  4.5595597E-03  0.2030540    
  4.5695701E-03  0.3182577    
  4.5795795E-03  0.3795794    
  4.5895898E-03  0.3661124    
  4.5995992E-03  0.3048220    
  4.6096095E-03  0.2754406    
  4.6196198E-03  0.3218414    
  4.6296297E-03  0.3839035    
  4.6396400E-03  0.3816198    
  4.6496494E-03  0.3258466    
  4.6596597E-03  0.2698012    
  4.6696691E-03  0.1994130    
  4.6796794E-03  7.6772325E-02
  4.6896897E-03 -4.4206049E-02
  4.6996991E-03 -6.3447542E-02
  4.7097094E-03  9.7120460E-03
  4.7197193E-03  6.2751412E-02
  4.7297296E-03  4.7385335E-02
  4.7397404E-03  2.8035600E-02
  4.7497503E-03  4.4864502E-02
  4.7597606E-03  4.7199570E-02
  4.7697700E-03  1.8537703E-03
  4.7797803E-03 -4.0599838E-02
  4.7897897E-03 -4.1021913E-02
  4.7998000E-03 -3.4395814E-02
  4.8098103E-03 -3.8880493E-02
  4.8198197E-03  5.6537190E-03
  4.8298300E-03  0.1291176    
  4.8398399E-03  0.2427679    
  4.8498502E-03  0.2434932    
  4.8598605E-03  0.1519787    
  4.8698699E-03  6.4139299E-02
  4.8798802E-03  1.9063162E-02
  4.8898896E-03 -3.4652839E-03
  4.8998999E-03  7.6382293E-04
  4.9099098E-03  5.0446354E-02
  4.9199201E-03  0.1096293    
  4.9299304E-03  0.1149020    
  4.9399398E-03  6.0244735E-02
  4.9499501E-03 -6.2263692E-03
  4.9599595E-03 -5.7692803E-02
  4.9699699E-03 -9.7818412E-02
  4.9799802E-03 -0.1227470    
  4.9899896E-03 -0.1329052    
  4.9999999E-03 -0.1523456    
