 -4.9999999E-03  0.4587239    
 -4.9899900E-03  0.4710849    
 -4.9799802E-03  0.4783935    
 -4.9699699E-03  0.4833693    
 -4.9599600E-03  0.4871832    
 -4.9499501E-03  0.4916590    
 -4.9399403E-03  0.5007132    
 -4.9299300E-03  0.5171017    
 -4.9199201E-03  0.5385017    
 -4.9099098E-03  0.5555425    
 -4.8998999E-03  0.5563025    
 -4.8898896E-03  0.5344497    
 -4.8798798E-03  0.4953410    
 -4.8698699E-03  0.4534875    
 -4.8598601E-03  0.4228078    
 -4.8498502E-03  0.4082641    
 -4.8398399E-03  0.4044880    
 -4.8298300E-03  0.4027649    
 -4.8198197E-03  0.3987896    
 -4.8098098E-03  0.3951222    
 -4.7997995E-03  0.3953041    
 -4.7897897E-03  0.3977436    
 -4.7797798E-03  0.3951601    
 -4.7697700E-03  0.3809520    
 -4.7597601E-03  0.3557616    
 -4.7497498E-03  0.3289371    
 -4.7397399E-03  0.3104953    
 -4.7297296E-03  0.3037811    
 -4.7197198E-03  0.3045542    
 -4.7097094E-03  0.3081053    
 -4.6996996E-03  0.3171519    
 -4.6896897E-03  0.3411603    
 -4.6796799E-03  0.3872938    
 -4.6696700E-03  0.4488303    
 -4.6596597E-03  0.5055521    
 -4.6496498E-03  0.5352668    
 -4.6396400E-03  0.5296949    
 -4.6296297E-03  0.5009047    
 -4.6196193E-03  0.4724334    
 -4.6096095E-03  0.4622922    
 -4.5995996E-03  0.4713258    
 -4.5895898E-03  0.4865455    
 -4.5795795E-03  0.4956426    
 -4.5695696E-03  0.4968256    
 -4.5595597E-03  0.4998883    
 -4.5495499E-03  0.5152306    
 -4.5395396E-03  0.5431913    
 -4.5295293E-03  0.5732149    
 -4.5195194E-03  0.5937664    
 -4.5095095E-03  0.6018505    
 -4.4994997E-03  0.6037267    
 -4.4894894E-03  0.6070299    
 -4.4794795E-03  0.6122823    
 -4.4694697E-03  0.6127433    
 -4.4594598E-03  0.6011842    
 -4.4494495E-03  0.5784241    
 -4.4394392E-03  0.5528862    
 -4.4294293E-03  0.5342532    
 -4.4194194E-03  0.5264785    
 -4.4094096E-03  0.5271695    
 -4.3993993E-03  0.5350196    
 -4.3893894E-03  0.5547680    
 -4.3793796E-03  0.5944094    
 -4.3693697E-03  0.6551360    
 -4.3593599E-03  0.7244015    
 -4.3493495E-03  0.7791579    
 -4.3393392E-03  0.8005827    
 -4.3293294E-03  0.7858946    
 -4.3193190E-03  0.7503006    
 -4.3093092E-03  0.7140131    
 -4.2992993E-03  0.6877496    
 -4.2892895E-03  0.6664457    
 -4.2792796E-03  0.6375695    
 -4.2692693E-03  0.5949177    
 -4.2592594E-03  0.5466645    
 -4.2492491E-03  0.5105246    
 -4.2392393E-03  0.5000985    
 -4.2292294E-03  0.5171430    
 -4.2192191E-03  0.5516294    
 -4.2092092E-03  0.5906711    
 -4.1991994E-03  0.6247139    
 -4.1891895E-03  0.6496695    
 -4.1791792E-03  0.6620858    
 -4.1691693E-03  0.6579540    
 -4.1591590E-03  0.6363607    
 -4.1491492E-03  0.6044410    
 -4.1391389E-03  0.5774426    
 -4.1291290E-03  0.5711858    
 -4.1191191E-03  0.5931478    
 -4.1091093E-03  0.6375129    
 -4.0990994E-03  0.6903114    
 -4.0890891E-03  0.7379227    
 -4.0790793E-03  0.7727320    
 -4.0690694E-03  0.7919729    
 -4.0590591E-03  0.7922070    
 -4.0490492E-03  0.7685982    
 -4.0390389E-03  0.7196191    
 -4.0290290E-03  0.6539834    
 -4.0190192E-03  0.5900962    
 -4.0090089E-03  0.5473800    
 -3.9989995E-03  0.5349197    
 -3.9889892E-03  0.5475882    
 -3.9789793E-03  0.5722927    
 -3.9689690E-03  0.5992996    
 -3.9589587E-03  0.6287896    
 -3.9489488E-03  0.6659800    
 -3.9389390E-03  0.7114971    
 -3.9289291E-03  0.7560052    
 -3.9189192E-03  0.7857633    
 -3.9089089E-03  0.7936686    
 -3.8988988E-03  0.7870765    
 -3.8888890E-03  0.7832271    
 -3.8788787E-03  0.7974088    
 -3.8688693E-03  0.8326547    
 -3.8588590E-03  0.8788086    
 -3.8488489E-03  0.9206238    
 -3.8388390E-03  0.9460171    
 -3.8288287E-03  0.9490280    
 -3.8188188E-03  0.9267287    
 -3.8088090E-03  0.8781490    
 -3.7987989E-03  0.8070940    
 -3.7887890E-03  0.7267724    
 -3.7787787E-03  0.6576071    
 -3.7687689E-03  0.6180308    
 -3.7587588E-03  0.6133531    
 -3.7487489E-03  0.6316170    
 -3.7387386E-03  0.6532589    
 -3.7287287E-03  0.6654773    
 -3.7187189E-03  0.6705367    
 -3.7087088E-03  0.6806807    
 -3.6986985E-03  0.7028238    
 -3.6886886E-03  0.7301815    
 -3.6786788E-03  0.7468965    
 -3.6686689E-03  0.7425314    
 -3.6586588E-03  0.7230942    
 -3.6486485E-03  0.7065618    
 -3.6386386E-03  0.7074049    
 -3.6286288E-03  0.7221956    
 -3.6186187E-03  0.7325026    
 -3.6086084E-03  0.7202563    
 -3.5985985E-03  0.6839418    
 -3.5885887E-03  0.6415557    
 -3.5785788E-03  0.6150805    
 -3.5685685E-03  0.6131966    
 -3.5585584E-03  0.6242694    
 -3.5485486E-03  0.6278678    
 -3.5385387E-03  0.6128929    
 -3.5285288E-03  0.5857666    
 -3.5185185E-03  0.5648187    
 -3.5085084E-03  0.5638276    
 -3.4984986E-03  0.5812062    
 -3.4884887E-03  0.6030931    
 -3.4784784E-03  0.6167760    
 -3.4684683E-03  0.6204536    
 -3.4584585E-03  0.6242768    
 -3.4484486E-03  0.6410618    
 -3.4384383E-03  0.6756706    
 -3.4284284E-03  0.7238762    
 -3.4184183E-03  0.7747723    
 -3.4084085E-03  0.8170068    
 -3.3983986E-03  0.8414377    
 -3.3883883E-03  0.8431211    
 -3.3783785E-03  0.8227592    
 -3.3683684E-03  0.7902462    
 -3.3583585E-03  0.7644641    
 -3.3483487E-03  0.7642402    
 -3.3383383E-03  0.7977989    
 -3.3283283E-03  0.8563152    
 -3.3183184E-03  0.9174917    
 -3.3083083E-03  0.9612058    
 -3.2982985E-03  0.9814373    
 -3.2882884E-03  0.9861538    
 -3.2782783E-03  0.9884953    
 -3.2682684E-03  0.9926504    
 -3.2582583E-03  0.9925951    
 -3.2482482E-03  0.9803542    
 -3.2382382E-03  0.9586675    
 -3.2282281E-03  0.9397479    
 -3.2182182E-03  0.9362810    
 -3.2082084E-03  0.9482497    
 -3.1981983E-03  0.9619009    
 -3.1881882E-03  0.9624612    
 -3.1781783E-03  0.9471977    
 -3.1681682E-03  0.9293302    
 -3.1581582E-03  0.9245012    
 -3.1481483E-03  0.9357904    
 -3.1381380E-03  0.9499245    
 -3.1281281E-03  0.9496310    
 -3.1181183E-03  0.9326755    
 -3.1081082E-03  0.9153199    
 -3.0980981E-03  0.9205391    
 -3.0880882E-03  0.9563006    
 -3.0780782E-03   1.007127    
 -3.0680681E-03   1.046138    
 -3.0580582E-03   1.056898    
 -3.0480481E-03   1.046765    
 -3.0380380E-03   1.037597    
 -3.0280282E-03   1.044602    
 -3.0180181E-03   1.062018    
 -3.0080082E-03   1.069039    
 -2.9979981E-03   1.052053    
 -2.9879878E-03   1.018428    
 -2.9779780E-03  0.9916355    
 -2.9679681E-03  0.9893966    
 -2.9579580E-03   1.005660    
 -2.9479479E-03   1.013821    
 -2.9379381E-03  0.9907998    
 -2.9279280E-03  0.9367511    
 -2.9179181E-03  0.8780682    
 -2.9079081E-03  0.8453040    
 -2.8978977E-03  0.8508386    
 -2.8878879E-03  0.8824719    
 -2.8778778E-03  0.9177974    
 -2.8678679E-03  0.9473304    
 -2.8578578E-03  0.9814678    
 -2.8478478E-03   1.038373    
 -2.8378379E-03   1.124527    
 -2.8278281E-03   1.225115    
 -2.8178177E-03   1.315399    
 -2.8078076E-03   1.378858    
 -2.7977978E-03   1.417402    
 -2.7877877E-03   1.445094    
 -2.7777778E-03   1.472908    
 -2.7677678E-03   1.500304    
 -2.7577577E-03   1.517942    
 -2.7477478E-03   1.519585    
 -2.7377380E-03   1.506549    
 -2.7277276E-03   1.485009    
 -2.7177178E-03   1.458352    
 -2.7077077E-03   1.427986    
 -2.6976976E-03   1.400596    
 -2.6876878E-03   1.392849    
 -2.6776779E-03   1.426345    
 -2.6676676E-03   1.510072    
 -2.6576577E-03   1.628846    
 -2.6476476E-03   1.747816    
 -2.6376375E-03   1.835320    
 -2.6276277E-03   1.884974    
 -2.6176176E-03   1.917570    
 -2.6076075E-03   1.960461    
 -2.5975977E-03   2.021857    
 -2.5875878E-03   2.082288    
 -2.5775777E-03   2.110954    
 -2.5675676E-03   2.094262    
 -2.5575575E-03   2.048152    
 -2.5475475E-03   2.008095    
 -2.5375376E-03   2.001164    
 -2.5275275E-03   2.025950    
 -2.5175174E-03   2.056077    
 -2.5075076E-03   2.061067    
 -2.4974977E-03   2.023361    
 -2.4874876E-03   1.945788    
 -2.4774773E-03   1.841188    
 -2.4674674E-03   1.721901    
 -2.4574574E-03   1.599695    
 -2.4474475E-03   1.489729    
 -2.4374374E-03   1.412154    
 -2.4274273E-03   1.381103    
 -2.4174175E-03   1.394429    
 -2.4074076E-03   1.433169    
 -2.3973975E-03   1.477471    
 -2.3873874E-03   1.522361    
 -2.3773774E-03   1.580647    
 -2.3673673E-03   1.666152    
 -2.3573574E-03   1.772250    
 -2.3473476E-03   1.865883    
 -2.3373372E-03   1.910599    
 -2.3273274E-03   1.895088    
 -2.3173175E-03   1.848048    
 -2.3073072E-03   1.818894    
 -2.2972974E-03   1.843733    
 -2.2872873E-03   1.920267    
 -2.2772772E-03   2.016556    
 -2.2672673E-03   2.099310    
 -2.2572575E-03   2.162387    
 -2.2472474E-03   2.225934    
 -2.2372373E-03   2.311940    
 -2.2272274E-03   2.419914    
 -2.2172171E-03   2.526546    
 -2.2072073E-03   2.604829    
 -2.1971972E-03   2.647424    
 -2.1871871E-03   2.670240    
 -2.1771772E-03   2.693591    
 -2.1671674E-03   2.722210    
 -2.1571573E-03   2.745765    
 -2.1471472E-03   2.754818    
 -2.1371371E-03   2.758317    
 -2.1271270E-03   2.780486    
 -2.1171172E-03   2.838852    
 -2.1071073E-03   2.923756    
 -2.0970970E-03   2.998559    
 -2.0870871E-03   3.025739    
 -2.0770773E-03   2.990808    
 -2.0670672E-03   2.910530    
 -2.0570571E-03   2.813042    
 -2.0470468E-03   2.717981    
 -2.0370369E-03   2.629633    
 -2.0270271E-03   2.551865    
 -2.0170170E-03   2.502997    
 -2.0070069E-03   2.511990    
 -1.9969970E-03   2.596902    
 -1.9869870E-03   2.741695    
 -1.9769771E-03   2.903674    
 -1.9669670E-03   3.041048    
 -1.9569569E-03   3.144205    
 -1.9469468E-03   3.238629    
 -1.9369370E-03   3.357027    
 -1.9269269E-03   3.506525    
 -1.9169169E-03   3.655367    
 -1.9069071E-03   3.756755    
 -1.8968969E-03   3.782216    
 -1.8868870E-03   3.738464    
 -1.8768768E-03   3.656245    
 -1.8668667E-03   3.563463    
 -1.8568569E-03   3.473268    
 -1.8468469E-03   3.394511    
 -1.8368368E-03   3.348716    
 -1.8268268E-03   3.369342    
 -1.8168170E-03   3.474138    
 -1.8068068E-03   3.639874    
 -1.7967967E-03   3.802902    
 -1.7867868E-03   3.903004    
 -1.7767766E-03   3.929460    
 -1.7667668E-03   3.938485    
 -1.7567568E-03   4.017296    
 -1.7467467E-03   4.219874    
 -1.7367367E-03   4.527913    
 -1.7267269E-03   4.862612    
 -1.7167168E-03   5.141291    
 -1.7067066E-03   5.328958    
 -1.6966967E-03   5.451021    
 -1.6866866E-03   5.562112    
 -1.6766769E-03   5.700507    
 -1.6666666E-03   5.870698    
 -1.6566566E-03   6.057223    
 -1.6466468E-03   6.250591    
 -1.6366368E-03   6.460763    
 -1.6266268E-03   6.703503    
 -1.6166165E-03   6.980602    
 -1.6066066E-03   7.270101    
 -1.5965967E-03   7.533846    
 -1.5865864E-03   7.733974    
 -1.5765765E-03   7.843623    
 -1.5665665E-03   7.846593    
 -1.5565567E-03   7.741460    
 -1.5465467E-03   7.551055    
 -1.5365368E-03   7.326265    
 -1.5265265E-03   7.136408    
 -1.5165166E-03   7.043112    
 -1.5065067E-03   7.068742    
 -1.4964964E-03   7.190166    
 -1.4864864E-03   7.361821    
 -1.4764764E-03   7.545829    
 -1.4664661E-03   7.727109    
 -1.4564563E-03   7.899448    
 -1.4464463E-03   8.048767    
 -1.4364364E-03   8.151799    
 -1.4264265E-03   8.201796    
 -1.4164166E-03   8.233142    
 -1.4064063E-03   8.311830    
 -1.3963963E-03   8.485580    
 -1.3863865E-03   8.735653    
 -1.3763765E-03   8.974207    
 -1.3663666E-03   9.101480    
 -1.3563567E-03   9.088958    
 -1.3463463E-03   9.006149    
 -1.3363364E-03   8.979591    
 -1.3263260E-03   9.098104    
 -1.3163162E-03   9.355630    
 -1.3063062E-03   9.666774    
 -1.2962964E-03   9.947861    
 -1.2862860E-03   10.18336    
 -1.2762761E-03   10.42359    
 -1.2662662E-03   10.71420    
 -1.2562562E-03   11.03432    
 -1.2462464E-03   11.29897    
 -1.2362364E-03   11.43525    
 -1.2262261E-03   11.45759    
 -1.2162162E-03   11.47798    
 -1.2062063E-03   11.62871    
 -1.1961963E-03   11.97148    
 -1.1861864E-03   12.46413    
 -1.1761765E-03   13.00832    
 -1.1661662E-03   13.53281    
 -1.1561563E-03   14.03417    
 -1.1461460E-03   14.54536    
 -1.1361360E-03   15.07242    
 -1.1261262E-03   15.57173    
 -1.1161162E-03   15.99452    
 -1.1061059E-03   16.35256    
 -1.0960960E-03   16.73594    
 -1.0860860E-03   17.25900    
 -1.0760761E-03   17.96542    
 -1.0660662E-03   18.79802    
 -1.0560562E-03   19.64537    
 -1.0460459E-03   20.44513    
 -1.0360361E-03   21.23476    
 -1.0260261E-03   22.11600    
 -1.0160162E-03   23.14951    
 -1.0060063E-03   24.28076    
 -9.9599641E-04   25.36244    
 -9.8598609E-04   26.25517    
 -9.7597571E-04   26.92948    
 -9.6596580E-04   27.48303    
 -9.5595588E-04   28.06212    
 -9.4594597E-04   28.75922    
 -9.3593606E-04   29.55704    
 -9.2592573E-04   30.35727    
 -9.1591582E-04   31.05657    
 -9.0590591E-04   31.61232    
 -8.9589600E-04   32.05738    
 -8.8588602E-04   32.47607    
 -8.7587611E-04   32.96960    
 -8.6586579E-04   33.62093    
 -8.5585588E-04   34.47853    
 -8.4584596E-04   35.55000    
 -8.3583605E-04   36.82423    
 -8.2582614E-04   38.30489    
 -8.1581622E-04   40.03819    
 -8.0580550E-04   42.09560    
 -7.9579558E-04   44.49741    
 -7.8578567E-04   47.13949    
 -7.7577576E-04   49.78847    
 -7.6576584E-04   52.19428    
 -7.5575552E-04   54.25570    
 -7.4574561E-04   56.11600    
 -7.3573564E-04   58.09330    
 -7.2572572E-04   60.48288    
 -7.1571581E-04   63.36745    
 -7.0570590E-04   66.61226    
 -6.9569558E-04   70.02377    
 -6.8568566E-04   73.55726    
 -6.7567575E-04   77.39292    
 -6.6566584E-04   81.79752    
 -6.5565592E-04   86.91595    
 -6.4564601E-04   92.67286    
 -6.3563528E-04   98.86366    
 -6.2562537E-04   105.3546    
 -6.1561546E-04   112.2178    
 -6.0560554E-04   119.6751    
 -5.9559557E-04   127.9505    
 -5.8558566E-04   137.1823    
 -5.7557534E-04   147.4933    
 -5.6556542E-04   159.0946    
 -5.5555551E-04   172.3071    
 -5.4554560E-04   187.4221    
 -5.3553568E-04   204.5553    
 -5.2552577E-04   223.7192    
 -5.1551545E-04   245.1246    
 -5.0550554E-04   269.4514    
 -4.9549562E-04   297.7936    
 -4.8548568E-04   331.2224    
 -4.7547577E-04   370.2881    
 -4.6546545E-04   415.0138    
 -4.5545513E-04   465.5014    
 -4.4544521E-04   522.8091    
 -4.3543530E-04   589.3457    
 -4.2542536E-04   668.3585    
 -4.1541544E-04   762.8228    
 -4.0540553E-04   874.6154    
 -3.9539521E-04   1004.531    
 -3.8538530E-04   1152.843    
 -3.7537538E-04   1319.349    
 -3.6536544E-04   1501.756    
 -3.5535553E-04   1692.853    
 -3.4534562E-04   1878.200    
 -3.3533529E-04   2036.752    
 -3.2532538E-04   2145.395    
 -3.1531547E-04   2186.127    
 -3.0530553E-04   2152.499    
 -2.9529521E-04   2051.962    
 -2.8528529E-04   1903.017    
 -2.7527497E-04   1728.588    
 -2.6526506E-04   1549.276    
 -2.5525515E-04   1379.224    
 -2.4524523E-04   1225.738    
 -2.3523530E-04   1091.281    
 -2.2522538E-04   975.7950    
 -2.1521507E-04   878.0178    
 -2.0520514E-04   795.7808    
 -1.9519523E-04   726.1630    
 -1.8518530E-04   666.1141    
 -1.7517539E-04   613.3251    
 -1.6516546E-04   566.6698    
 -1.5515515E-04   525.8568    
 -1.4514523E-04   490.6382    
 -1.3513531E-04   460.2958    
 -1.2512499E-04   433.8514    
 -1.1511507E-04   410.6704    
 -1.0510515E-04   390.8185    
 -9.5094838E-05   374.6602    
 -8.5084917E-05   362.1154    
 -7.5074997E-05   352.2408    
 -6.5065076E-05   343.5357    
 -5.5055156E-05   334.8769    
 -4.5045235E-05   326.1862    
 -3.5034918E-05   318.3181    
 -2.5024998E-05   312.2897    
 -1.5015078E-05   308.5651    
 -5.0051581E-06   306.8958    
  5.0047620E-06   306.9123    
  1.5014683E-05   308.5728    
  2.5024998E-05   312.2917    
  3.5034918E-05   318.3171    
  4.5045235E-05   326.1819    
  5.5055156E-05   334.8781    
  6.5065076E-05   343.5377    
  7.5075390E-05   352.2453    
  8.5085310E-05   362.1195    
  9.5095231E-05   374.6534    
  1.0510515E-04   390.8191    
  1.1511507E-04   410.6711    
  1.2512499E-04   433.8511    
  1.3513531E-04   460.2962    
  1.4514523E-04   490.6383    
  1.5515515E-04   525.8561    
  1.6516507E-04   566.6666    
  1.7517500E-04   613.3225    
  1.8518491E-04   666.1097    
  1.9519523E-04   726.1630    
  2.0520514E-04   795.7800    
  2.1521546E-04   878.0204    
  2.2522538E-04   975.7946    
  2.3523530E-04   1091.281    
  2.4524523E-04   1225.738    
  2.5525552E-04   1379.229    
  2.6526547E-04   1549.283    
  2.7527538E-04   1728.592    
  2.8528529E-04   1903.017    
  2.9529521E-04   2051.962    
  3.0530515E-04   2152.496    
  3.1531547E-04   2186.127    
  3.2532538E-04   2145.395    
  3.3533529E-04   2036.751    
  3.4534521E-04   1878.206    
  3.5535512E-04   1692.858    
  3.6536506E-04   1501.763    
  3.7537538E-04   1319.348    
  3.8538568E-04   1152.837    
  3.9539562E-04   1004.526    
  4.0540553E-04   874.6160    
  4.1541544E-04   762.8235    
  4.2542536E-04   668.3578    
  4.3543568E-04   589.3434    
  4.4544559E-04   522.8068    
  4.5545553E-04   465.4979    
  4.6546545E-04   415.0139    
  4.7547536E-04   370.2907    
  4.8548527E-04   331.2229    
  4.9549562E-04   297.7943    
  5.0550554E-04   269.4512    
  5.1551545E-04   245.1247    
  5.2552536E-04   223.7203    
  5.3553528E-04   204.5552    
  5.4554519E-04   187.4221    
  5.5555592E-04   172.3068    
  5.6556583E-04   159.0942    
  5.7557574E-04   147.4922    
  5.8558566E-04   137.1824    
  5.9559557E-04   127.9504    
  6.0560554E-04   119.6751    
  6.1561581E-04   112.2182    
  6.2562578E-04   105.3550    
  6.3563569E-04   98.86327    
  6.4564560E-04   92.67316    
  6.5565552E-04   86.91637    
  6.6566543E-04   81.79782    
  6.7567575E-04   77.39287    
  6.8568566E-04   73.55695    
  6.9569558E-04   70.02348    
  7.0570549E-04   66.61174    
  7.1571540E-04   63.36768    
  7.2572572E-04   60.48288    
  7.3573604E-04   58.09338    
  7.4574596E-04   56.11627    
  7.5575593E-04   54.25600    
  7.6576584E-04   52.19435    
  7.7577576E-04   49.78851    
  7.8578567E-04   47.13953    
  7.9579599E-04   44.49761    
  8.0580590E-04   42.09475    
  8.1581582E-04   40.03834    
  8.2582573E-04   38.30520    
  8.3583564E-04   36.82458    
  8.4584556E-04   35.54993    
  8.5585588E-04   34.47829    
  8.6586579E-04   33.62094    
  8.7587576E-04   32.96961    
  8.8588567E-04   32.47659    
  8.9589600E-04   32.05721    
  9.0590632E-04   31.61281    
  9.1591623E-04   31.05680    
  9.2592614E-04   30.35711    
  9.3593606E-04   29.55698    
  9.4594597E-04   28.75929    
  9.5595588E-04   28.06215    
  9.6596620E-04   27.48276    
  9.7597612E-04   26.92981    
  9.8598609E-04   26.25524    
  9.9599594E-04   25.36215    
  1.0060059E-03   24.28082    
  1.0160158E-03   23.14949    
  1.0260261E-03   22.11591    
  1.0360361E-03   21.23475    
  1.0460459E-03   20.44514    
  1.0560559E-03   19.64573    
  1.0660662E-03   18.79803    
  1.0760761E-03   17.96548    
  1.0860864E-03   17.25910    
  1.0960964E-03   16.73643    
  1.1061063E-03   16.35256    
  1.1161162E-03   15.99470    
  1.1261262E-03   15.57183    
  1.1361360E-03   15.07244    
  1.1461463E-03   14.54517    
  1.1561563E-03   14.03429    
  1.1661662E-03   13.53288    
  1.1761761E-03   13.00825    
  1.1861860E-03   12.46409    
  1.1961960E-03   11.97166    
  1.2062063E-03   11.62864    
  1.2162162E-03   11.47805    
  1.2262261E-03   11.45774    
  1.2362364E-03   11.43524    
  1.2462464E-03   11.29910    
  1.2562562E-03   11.03427    
  1.2662666E-03   10.71462    
  1.2762765E-03   10.42323    
  1.2862864E-03   10.18328    
  1.2962964E-03   9.947719    
  1.3063062E-03   9.666761    
  1.3163162E-03   9.355645    
  1.3263265E-03   9.098309    
  1.3363364E-03   8.979655    
  1.3463463E-03   9.006212    
  1.3563563E-03   9.088770    
  1.3663662E-03   9.101671    
  1.3763761E-03   8.974407    
  1.3863865E-03   8.735623    
  1.3963963E-03   8.485609    
  1.4064066E-03   8.311592    
  1.4164166E-03   8.232907    
  1.4264265E-03   8.201819    
  1.4364364E-03   8.151830    
  1.4464468E-03   8.048923    
  1.4564566E-03   7.899227    
  1.4664666E-03   7.726973    
  1.4764764E-03   7.545709    
  1.4864864E-03   7.361835    
  1.4964964E-03   7.190172    
  1.5065067E-03   7.068809    
  1.5165166E-03   7.043123    
  1.5265265E-03   7.136476    
  1.5365364E-03   7.326125    
  1.5465464E-03   7.551272    
  1.5565562E-03   7.741587    
  1.5665665E-03   7.846604    
  1.5765765E-03   7.843631    
  1.5865868E-03   7.733784    
  1.5965967E-03   7.533798    
  1.6066066E-03   7.270190    
  1.6166165E-03   6.980605    
  1.6266268E-03   6.703447    
  1.6366368E-03   6.460869    
  1.6466463E-03   6.250752    
  1.6566566E-03   6.057114    
  1.6666669E-03   5.870749    
  1.6766764E-03   5.700372    
  1.6866868E-03   5.561927    
  1.6966963E-03   5.451147    
  1.7067066E-03   5.328908    
  1.7167169E-03   5.141395    
  1.7267264E-03   4.862842    
  1.7367367E-03   4.527747    
  1.7467464E-03   4.219902    
  1.7567567E-03   4.017087    
  1.7667669E-03   3.938603    
  1.7767772E-03   3.929307    
  1.7867868E-03   3.902966    
  1.7967972E-03   3.802959    
  1.8068067E-03   3.639715    
  1.8168170E-03   3.474165    
  1.8268273E-03   3.369268    
  1.8368368E-03   3.348630    
  1.8468471E-03   3.394393    
  1.8568566E-03   3.473171    
  1.8668670E-03   3.563495    
  1.8768765E-03   3.656111    
  1.8868868E-03   3.738497    
  1.8968971E-03   3.782104    
  1.9069066E-03   3.757096    
  1.9169169E-03   3.655489    
  1.9269264E-03   3.506350    
  1.9369368E-03   3.357097    
  1.9469471E-03   3.238353    
  1.9569567E-03   3.144217    
  1.9669670E-03   3.041050    
  1.9769764E-03   2.903746    
  1.9869867E-03   2.741762    
  1.9969963E-03   2.596953    
  2.0070074E-03   2.512207    
  2.0170177E-03   2.502985    
  2.0270273E-03   2.551831    
  2.0370376E-03   2.629806    
  2.0470470E-03   2.718054    
  2.0570573E-03   2.812965    
  2.0670677E-03   2.910518    
  2.0770773E-03   2.990811    
  2.0870876E-03   3.025760    
  2.0970970E-03   2.998590    
  2.1071073E-03   2.923828    
  2.1171169E-03   2.839015    
  2.1271273E-03   2.780432    
  2.1371376E-03   2.758265    
  2.1471470E-03   2.754713    
  2.1571573E-03   2.745754    
  2.1671669E-03   2.722002    
  2.1771772E-03   2.693601    
  2.1871876E-03   2.670308    
  2.1971972E-03   2.647488    
  2.2072075E-03   2.604673    
  2.2172169E-03   2.526720    
  2.2272272E-03   2.420002    
  2.2372368E-03   2.312049    
  2.2472471E-03   2.225962    
  2.2572575E-03   2.162379    
  2.2672669E-03   2.099154    
  2.2772772E-03   2.016485    
  2.2872868E-03   1.920570    
  2.2972971E-03   1.843885    
  2.3073074E-03   1.819146    
  2.3173168E-03   1.848147    
  2.3273272E-03   1.894989    
  2.3373368E-03   1.910350    
  2.3473478E-03   1.865996    
  2.3573574E-03   1.772159    
  2.3673677E-03   1.666194    
  2.3773781E-03   1.580586    
  2.3873874E-03   1.522152    
  2.3973978E-03   1.477350    
  2.4074074E-03   1.433156    
  2.4174177E-03   1.394347    
  2.4274280E-03   1.380951    
  2.4374374E-03   1.412142    
  2.4474477E-03   1.489844    
  2.4574574E-03   1.599637    
  2.4674677E-03   1.722055    
  2.4774773E-03   1.841157    
  2.4874876E-03   1.945743    
  2.4974979E-03   2.023321    
  2.5075073E-03   2.060986    
  2.5175177E-03   2.056432    
  2.5275273E-03   2.026003    
  2.5375376E-03   2.001099    
  2.5475479E-03   2.008041    
  2.5575573E-03   2.048224    
  2.5675676E-03   2.094255    
  2.5775773E-03   2.111060    
  2.5875876E-03   2.082222    
  2.5975970E-03   2.021858    
  2.6076073E-03   1.960742    
  2.6176176E-03   1.917538    
  2.6276272E-03   1.884836    
  2.6376375E-03   1.835352    
  2.6476469E-03   1.747643    
  2.6576573E-03   1.628797    
  2.6676676E-03   1.510133    
  2.6776772E-03   1.426418    
  2.6876875E-03   1.392835    
  2.6976978E-03   1.400518    
  2.7077082E-03   1.428095    
  2.7177185E-03   1.458483    
  2.7277281E-03   1.485075    
  2.7377382E-03   1.506601    
  2.7477478E-03   1.519625    
  2.7577581E-03   1.518130    
  2.7677678E-03   1.500251    
  2.7777781E-03   1.472987    
  2.7877884E-03   1.444993    
  2.7977978E-03   1.417427    
  2.8078081E-03   1.378896    
  2.8178177E-03   1.315471    
  2.8278281E-03   1.225156    
  2.8378384E-03   1.124399    
  2.8478478E-03   1.038356    
  2.8578581E-03  0.9814222    
  2.8678677E-03  0.9472437    
  2.8778780E-03  0.9177715    
  2.8878874E-03  0.8823208    
  2.8978977E-03  0.8508580    
  2.9079081E-03  0.8452990    
  2.9179177E-03  0.8780116    
  2.9279280E-03  0.9367121    
  2.9379374E-03  0.9908258    
  2.9479477E-03   1.013867    
  2.9579580E-03   1.005702    
  2.9679677E-03  0.9894388    
  2.9779780E-03  0.9916486    
  2.9879876E-03   1.018430    
  2.9979979E-03   1.052128    
  3.0080073E-03   1.069153    
  3.0180176E-03   1.061912    
  3.0280279E-03   1.044744    
  3.0380383E-03   1.037525    
  3.0480486E-03   1.046669    
  3.0580582E-03   1.056912    
  3.0680685E-03   1.046233    
  3.0780789E-03   1.007123    
  3.0880882E-03  0.9562581    
  3.0980986E-03  0.9204350    
  3.1081082E-03  0.9152570    
  3.1181185E-03  0.9325698    
  3.1281279E-03  0.9495853    
  3.1381382E-03  0.9499633    
  3.1481485E-03  0.9358739    
  3.1581582E-03  0.9245431    
  3.1681685E-03  0.9293915    
  3.1781779E-03  0.9472976    
  3.1881882E-03  0.9624787    
  3.1981985E-03  0.9618477    
  3.2082081E-03  0.9482285    
  3.2182185E-03  0.9363792    
  3.2282281E-03  0.9399651    
  3.2382382E-03  0.9586368    
  3.2482478E-03  0.9803745    
  3.2582581E-03  0.9924533    
  3.2682684E-03  0.9926371    
  3.2782780E-03  0.9883765    
  3.2882884E-03  0.9860430    
  3.2982978E-03  0.9812104    
  3.3083081E-03  0.9612635    
  3.3183184E-03  0.9174980    
  3.3283280E-03  0.8562989    
  3.3383383E-03  0.7978512    
  3.3483477E-03  0.7642103    
  3.3583581E-03  0.7644916    
  3.3683677E-03  0.7903488    
  3.3783787E-03  0.8226076    
  3.3883890E-03  0.8431713    
  3.3983986E-03  0.8414559    
  3.4084090E-03  0.8168705    
  3.4184183E-03  0.7747956    
  3.4284287E-03  0.7238802    
  3.4384390E-03  0.6757659    
  3.4484486E-03  0.6410833    
  3.4584589E-03  0.6244652    
  3.4684683E-03  0.6205026    
  3.4784786E-03  0.6168723    
  3.4884890E-03  0.6031605    
  3.4984986E-03  0.5812181    
  3.5085089E-03  0.5638788    
  3.5185185E-03  0.5648063    
  3.5285288E-03  0.5857465    
  3.5385382E-03  0.6126320    
  3.5485486E-03  0.6278542    
  3.5585589E-03  0.6242442    
  3.5685685E-03  0.6132137    
  3.5785788E-03  0.6150849    
  3.5885882E-03  0.6417061    
  3.5985985E-03  0.6840131    
  3.6086089E-03  0.7201515    
  3.6186185E-03  0.7324409    
  3.6286288E-03  0.7222105    
  3.6386382E-03  0.7072889    
  3.6486485E-03  0.7065309    
  3.6586581E-03  0.7231215    
  3.6686684E-03  0.7425916    
  3.6786788E-03  0.7468554    
  3.6886882E-03  0.7302089    
  3.6986985E-03  0.7028862    
  3.7087081E-03  0.6807918    
  3.7187191E-03  0.6706411    
  3.7287294E-03  0.6654357    
  3.7387391E-03  0.6532627    
  3.7487494E-03  0.6316831    
  3.7587588E-03  0.6133682    
  3.7687691E-03  0.6180058    
  3.7787787E-03  0.6575316    
  3.7887890E-03  0.7267663    
  3.7987994E-03  0.8072312    
  3.8088090E-03  0.8781256    
  3.8188193E-03  0.9266043    
  3.8288287E-03  0.9489843    
  3.8388390E-03  0.9459835    
  3.8488493E-03  0.9206797    
  3.8588590E-03  0.8788480    
  3.8688693E-03  0.8326861    
  3.8788787E-03  0.7973973    
  3.8888890E-03  0.7832143    
  3.8988986E-03  0.7871076    
  3.9089089E-03  0.7936757    
  3.9189192E-03  0.7857258    
  3.9289286E-03  0.7560264    
  3.9389390E-03  0.7115450    
  3.9489483E-03  0.6660807    
  3.9589587E-03  0.6287603    
  3.9689690E-03  0.5992569    
  3.9789788E-03  0.5722868    
  3.9889892E-03  0.5475421    
  3.9989986E-03  0.5349941    
  4.0090089E-03  0.5474046    
  4.0190183E-03  0.5901301    
  4.0290286E-03  0.6540781    
  4.0390389E-03  0.7196381    
  4.0490488E-03  0.7685930    
  4.0590595E-03  0.7921410    
  4.0690694E-03  0.7920160    
  4.0790793E-03  0.7727982    
  4.0890896E-03  0.7378986    
  4.0990994E-03  0.6903222    
  4.1091098E-03  0.6374242    
  4.1191191E-03  0.5931239    
  4.1291295E-03  0.5710437    
  4.1391389E-03  0.5774304    
  4.1491492E-03  0.6043481    
  4.1591595E-03  0.6363845    
  4.1691693E-03  0.6579155    
  4.1791797E-03  0.6621145    
  4.1891891E-03  0.6497641    
  4.1991994E-03  0.6247261    
  4.2092097E-03  0.5905921    
  4.2192191E-03  0.5516658    
  4.2292294E-03  0.5170926    
  4.2392388E-03  0.5001071    
  4.2492491E-03  0.5105218    
  4.2592590E-03  0.5467277    
  4.2692693E-03  0.5948817    
  4.2792796E-03  0.6375078    
  4.2892890E-03  0.6664440    
  4.2992993E-03  0.6877104    
  4.3093087E-03  0.7139809    
  4.3193190E-03  0.7503266    
  4.3293294E-03  0.7859345    
  4.3393392E-03  0.8005928    
  4.3493495E-03  0.7791824    
  4.3593589E-03  0.7242866    
  4.3693692E-03  0.6552531    
  4.3793786E-03  0.5943286    
  4.3893890E-03  0.5547822    
  4.3994002E-03  0.5349615    
  4.4094096E-03  0.5271993    
  4.4194199E-03  0.5264469    
  4.4294293E-03  0.5341951    
  4.4394396E-03  0.5530003    
  4.4494499E-03  0.5784521    
  4.4594598E-03  0.6011641    
  4.4694701E-03  0.6126967    
  4.4794795E-03  0.6122921    
  4.4894898E-03  0.6070369    
  4.4995002E-03  0.6037925    
  4.5095095E-03  0.6019229    
  4.5195199E-03  0.5937555    
  4.5295293E-03  0.5731738    
  4.5395396E-03  0.5430877    
  4.5495494E-03  0.5152757    
  4.5595597E-03  0.4998837    
  4.5695701E-03  0.4966781    
  4.5795795E-03  0.4956666    
  4.5895898E-03  0.4865707    
  4.5995992E-03  0.4713045    
  4.6096095E-03  0.4622889    
  4.6196198E-03  0.4724569    
  4.6296297E-03  0.5009088    
  4.6396400E-03  0.5296773    
  4.6496494E-03  0.5353085    
  4.6596597E-03  0.5055482    
  4.6696691E-03  0.4489192    
  4.6796794E-03  0.3872466    
  4.6896897E-03  0.3412173    
  4.6996991E-03  0.3171305    
  4.7097094E-03  0.3080856    
  4.7197193E-03  0.3044803    
  4.7297296E-03  0.3037551    
  4.7397404E-03  0.3105461    
  4.7497503E-03  0.3289148    
  4.7597606E-03  0.3557751    
  4.7697700E-03  0.3809330    
  4.7797803E-03  0.3951225    
  4.7897897E-03  0.3977621    
  4.7998000E-03  0.3952600    
  4.8098103E-03  0.3950855    
  4.8198197E-03  0.3987828    
  4.8298300E-03  0.4027742    
  4.8398399E-03  0.4045092    
  4.8498502E-03  0.4082486    
  4.8598605E-03  0.4229030    
  4.8698699E-03  0.4534774    
  4.8798802E-03  0.4953356    
  4.8898896E-03  0.5344362    
  4.8998999E-03  0.5562988    
  4.9099098E-03  0.5556633    
  4.9199201E-03  0.5385010    
  4.9299304E-03  0.5171741    
  4.9399398E-03  0.5008022    
  4.9499501E-03  0.4916356    
  4.9599595E-03  0.4870627    
  4.9699699E-03  0.4833701    
  4.9799802E-03  0.4784310    
  4.9899896E-03  0.4710901    
  4.9999999E-03  0.4587691    
