 -9.9999998E-03  0.3014379    
 -9.9799801E-03  0.2873144    
 -9.9599604E-03  0.2730422    
 -9.9399397E-03  0.2636069    
 -9.9199200E-03  0.2614016    
 -9.8999003E-03  0.2642973    
 -9.8798806E-03  0.2674273    
 -9.8598599E-03  0.2671361    
 -9.8398402E-03  0.2641903    
 -9.8198196E-03  0.2632325    
 -9.7997999E-03  0.2691301    
 -9.7797792E-03  0.2824666    
 -9.7597595E-03  0.2986385    
 -9.7397398E-03  0.3103108    
 -9.7197201E-03  0.3122974    
 -9.6997004E-03  0.3044072    
 -9.6796798E-03  0.2907321    
 -9.6596600E-03  0.2756874    
 -9.6396394E-03  0.2606680    
 -9.6196197E-03  0.2437865    
 -9.5995991E-03  0.2227744    
 -9.5795793E-03  0.1985794    
 -9.5595596E-03  0.1763073    
 -9.5395399E-03  0.1629338    
 -9.5195202E-03  0.1630568    
 -9.4994996E-03  0.1760062    
 -9.4794799E-03  0.1963623    
 -9.4594592E-03  0.2171829    
 -9.4394395E-03  0.2332807    
 -9.4194189E-03  0.2424509    
 -9.3993992E-03  0.2448862    
 -9.3793795E-03  0.2414821    
 -9.3593597E-03  0.2334437    
 -9.3393400E-03  0.2232923    
 -9.3193194E-03  0.2152860    
 -9.2992997E-03  0.2142981    
 -9.2792800E-03  0.2232523    
 -9.2592593E-03  0.2410910    
 -9.2392387E-03  0.2628007    
 -9.2192190E-03  0.2827858    
 -9.1991993E-03  0.2984181    
 -9.1791796E-03  0.3118571    
 -9.1591589E-03  0.3277143    
 -9.1391392E-03  0.3490617    
 -9.1191195E-03  0.3744606    
 -9.0990998E-03  0.3985564    
 -9.0790791E-03  0.4157895    
 -9.0590585E-03  0.4245649    
 -9.0390388E-03  0.4283305    
 -9.0190191E-03  0.4324755    
 -8.9989994E-03  0.4406150    
 -8.9789787E-03  0.4517953    
 -8.9589590E-03  0.4620823    
 -8.9389393E-03  0.4682614    
 -8.9189196E-03  0.4709173    
 -8.8988990E-03  0.4740065    
 -8.8788783E-03  0.4815215    
 -8.8588586E-03  0.4939330    
 -8.8388389E-03  0.5075410    
 -8.8188192E-03  0.5173905    
 -8.7987985E-03  0.5206771    
 -8.7787788E-03  0.5192834    
 -8.7587591E-03  0.5175707    
 -8.7387394E-03  0.5189242    
 -8.7187197E-03  0.5229427    
 -8.6986991E-03  0.5261162    
 -8.6786784E-03  0.5247671    
 -8.6586587E-03  0.5184279    
 -8.6386381E-03  0.5101940    
 -8.6186184E-03  0.5043993    
 -8.5985987E-03  0.5034876    
 -8.5785789E-03  0.5065109    
 -8.5585592E-03  0.5104172    
 -8.5385386E-03  0.5125172    
 -8.5185189E-03  0.5120534    
 -8.4984982E-03  0.5092584    
 -8.4784785E-03  0.5037629    
 -8.4584588E-03  0.4937308    
 -8.4384382E-03  0.4774078    
 -8.4184185E-03  0.4555754    
 -8.3983988E-03  0.4324541    
 -8.3783790E-03  0.4138681    
 -8.3583584E-03  0.4034817    
 -8.3383387E-03  0.4001215    
 -8.3183181E-03  0.3987733    
 -8.2982983E-03  0.3944362    
 -8.2782777E-03  0.3864369    
 -8.2582580E-03  0.3790123    
 -8.2382383E-03  0.3779504    
 -8.2182186E-03  0.3855593    
 -8.1981989E-03  0.3980910    
 -8.1781782E-03  0.4080298    
 -8.1581585E-03  0.4094167    
 -8.1381388E-03  0.4022807    
 -8.1181182E-03  0.3927721    
 -8.0980984E-03  0.3885765    
 -8.0780778E-03  0.3934775    
 -8.0580581E-03  0.4050103    
 -8.0380384E-03  0.4168432    
 -8.0180177E-03  0.4238811    
 -7.9979990E-03  0.4254436    
 -7.9779783E-03  0.4246464    
 -7.9579586E-03  0.4246394    
 -7.9379380E-03  0.4256407    
 -7.9179173E-03  0.4252064    
 -7.8978976E-03  0.4213350    
 -7.8778779E-03  0.4157035    
 -7.8578582E-03  0.4132448    
 -7.8378385E-03  0.4185234    
 -7.8178179E-03  0.4315614    
 -7.7977977E-03  0.4469902    
 -7.7777780E-03  0.4580914    
 -7.7577573E-03  0.4621467    
 -7.7377385E-03  0.4628019    
 -7.7177179E-03  0.4672569    
 -7.6976977E-03  0.4798516    
 -7.6776780E-03  0.4970659    
 -7.6576574E-03  0.5085770    
 -7.6376377E-03  0.5038836    
 -7.6176180E-03  0.4797862    
 -7.5975978E-03  0.4433402    
 -7.5775781E-03  0.4079993    
 -7.5575574E-03  0.3855902    
 -7.5375377E-03  0.3796545    
 -7.5175175E-03  0.3853893    
 -7.4974978E-03  0.3941975    
 -7.4774772E-03  0.4002610    
 -7.4574575E-03  0.4028757    
 -7.4374378E-03  0.4045036    
 -7.4174176E-03  0.4065867    
 -7.3973970E-03  0.4072071    
 -7.3773772E-03  0.4031408    
 -7.3573575E-03  0.3933017    
 -7.3373378E-03  0.3814099    
 -7.3173176E-03  0.3739664    
 -7.2972970E-03  0.3760528    
 -7.2772773E-03  0.3873212    
 -7.2572576E-03  0.4023997    
 -7.2372374E-03  0.4144971    
 -7.2172168E-03  0.4195814    
 -7.1971971E-03  0.4181662    
 -7.1771774E-03  0.4129268    
 -7.1571576E-03  0.4056191    
 -7.1371370E-03  0.3958802    
 -7.1171168E-03  0.3830435    
 -7.0970971E-03  0.3689588    
 -7.0770774E-03  0.3588891    
 -7.0570577E-03  0.3582967    
 -7.0370371E-03  0.3686880    
 -7.0170169E-03  0.3854367    
 -6.9969972E-03  0.4005892    
 -6.9769775E-03  0.4088204    
 -6.9569568E-03  0.4121594    
 -6.9369366E-03  0.4190717    
 -6.9169169E-03  0.4387293    
 -6.8968972E-03  0.4736421    
 -6.8768766E-03  0.5170752    
 -6.8568569E-03  0.5569429    
 -6.8368367E-03  0.5837548    
 -6.8168170E-03  0.5964720    
 -6.7967973E-03  0.6027267    
 -6.7767766E-03  0.6127560    
 -6.7567569E-03  0.6325582    
 -6.7367367E-03  0.6606483    
 -6.7167170E-03  0.6905479    
 -6.6966973E-03  0.7163739    
 -6.6766767E-03  0.7363939    
 -6.6566565E-03  0.7524263    
 -6.6366368E-03  0.7663131    
 -6.6166166E-03  0.7768295    
 -6.5965969E-03  0.7801104    
 -6.5765767E-03  0.7736626    
 -6.5565566E-03  0.7594962    
 -6.5365369E-03  0.7442197    
 -6.5165167E-03  0.7353896    
 -6.4964965E-03  0.7366121    
 -6.4764763E-03  0.7456125    
 -6.4564561E-03  0.7561546    
 -6.4364364E-03  0.7625518    
 -6.4164167E-03  0.7629550    
 -6.3963966E-03  0.7596471    
 -6.3763764E-03  0.7564042    
 -6.3563567E-03  0.7560959    
 -6.3363365E-03  0.7599122    
 -6.3163163E-03  0.7681260    
 -6.2962966E-03  0.7811897    
 -6.2762760E-03  0.7990155    
 -6.2562563E-03  0.8199486    
 -6.2362365E-03  0.8399835    
 -6.2162164E-03  0.8549246    
 -6.1961962E-03  0.8631126    
 -6.1761765E-03  0.8671250    
 -6.1561563E-03  0.8715606    
 -6.1361361E-03  0.8794568    
 -6.1161164E-03  0.8888791    
 -6.0960962E-03  0.8938195    
 -6.0760761E-03  0.8895789    
 -6.0560564E-03  0.8775225    
 -6.0360362E-03  0.8664569    
 -6.0160165E-03  0.8673809    
 -5.9959963E-03  0.8859887    
 -5.9759757E-03  0.9180224    
 -5.9559559E-03  0.9519511    
 -5.9359362E-03  0.9766245    
 -5.9159161E-03  0.9888476    
 -5.8958959E-03  0.9945576    
 -5.8758762E-03   1.003241    
 -5.8558560E-03   1.019878    
 -5.8358363E-03   1.040816    
 -5.8158161E-03   1.057467    
 -5.7957955E-03   1.063961    
 -5.7757758E-03   1.062423    
 -5.7557556E-03   1.061417    
 -5.7357359E-03   1.068113    
 -5.7157157E-03   1.081487    
 -5.6956955E-03   1.091627    
 -5.6756758E-03   1.086976    
 -5.6556561E-03   1.063563    
 -5.6356355E-03   1.028884    
 -5.6156153E-03  0.9967307    
 -5.5955956E-03  0.9778617    
 -5.5755754E-03  0.9726289    
 -5.5555557E-03  0.9727028    
 -5.5355355E-03  0.9694641    
 -5.5155153E-03  0.9627060    
 -5.4954956E-03  0.9614789    
 -5.4754759E-03  0.9763842    
 -5.4554553E-03   1.009749    
 -5.4354356E-03   1.050983    
 -5.4154154E-03   1.082563    
 -5.3953952E-03   1.091717    
 -5.3753755E-03   1.079348    
 -5.3553558E-03   1.059580    
 -5.3353352E-03   1.050076    
 -5.3153154E-03   1.060280    
 -5.2952953E-03   1.087197    
 -5.2752751E-03   1.119503    
 -5.2552554E-03   1.147601    
 -5.2352352E-03   1.170021    
 -5.2152150E-03   1.192134    
 -5.1951953E-03   1.219125    
 -5.1751756E-03   1.249861    
 -5.1551554E-03   1.276378    
 -5.1351353E-03   1.290127    
 -5.1151151E-03   1.288896    
 -5.0950949E-03   1.278459    
 -5.0750752E-03   1.268130    
 -5.0550550E-03   1.264049    
 -5.0350348E-03   1.266480    
 -5.0150151E-03   1.272580    
 -4.9949954E-03   1.282403    
 -4.9749753E-03   1.301322    
 -4.9549546E-03   1.336323    
 -4.9349349E-03   1.389017    
 -4.9149147E-03   1.451151    
 -4.8948950E-03   1.507660    
 -4.8748748E-03   1.545457    
 -4.8548547E-03   1.561814    
 -4.8348350E-03   1.565528    
 -4.8148152E-03   1.569964    
 -4.7947951E-03   1.583504    
 -4.7747749E-03   1.604517    
 -4.7547547E-03   1.625141    
 -4.7347345E-03   1.638706    
 -4.7147148E-03   1.646757    
 -4.6946951E-03   1.657014    
 -4.6746745E-03   1.676109    
 -4.6546548E-03   1.702503    
 -4.6346351E-03   1.726146    
 -4.6146144E-03   1.735975    
 -4.5945947E-03   1.728787    
 -4.5745745E-03   1.713337    
 -4.5545544E-03   1.705099    
 -4.5345346E-03   1.716481    
 -4.5145149E-03   1.749468    
 -4.4944948E-03   1.796131    
 -4.4744746E-03   1.845412    
 -4.4544549E-03   1.890877    
 -4.4344342E-03   1.932770    
 -4.4144145E-03   1.973880    
 -4.3943943E-03   2.013579    
 -4.3743742E-03   2.046240    
 -4.3543545E-03   2.065641    
 -4.3343347E-03   2.071837    
 -4.3143146E-03   2.074733    
 -4.2942944E-03   2.089532    
 -4.2742742E-03   2.128258    
 -4.2542540E-03   2.192849    
 -4.2342343E-03   2.274258    
 -4.2142146E-03   2.359026    
 -4.1941940E-03   2.436577    
 -4.1741743E-03   2.503358    
 -4.1541546E-03   2.560750    
 -4.1341344E-03   2.609987    
 -4.1141142E-03   2.649979    
 -4.0940936E-03   2.678577    
 -4.0740739E-03   2.696207    
 -4.0540542E-03   2.708064    
 -4.0340340E-03   2.721274    
 -4.0140138E-03   2.740701    
 -3.9939941E-03   2.766067    
 -3.9739739E-03   2.793642    
 -3.9539542E-03   2.820828    
 -3.9339340E-03   2.848976    
 -3.9139139E-03   2.881742    
 -3.8938937E-03   2.919965    
 -3.8738740E-03   2.957690    
 -3.8538538E-03   2.984288    
 -3.8338338E-03   2.991266    
 -3.8138141E-03   2.980048    
 -3.7937937E-03   2.962641    
 -3.7737740E-03   2.954967    
 -3.7537536E-03   2.966753    
 -3.7337334E-03   2.995832    
 -3.7137137E-03   3.030851    
 -3.6936938E-03   3.061291    
 -3.6736736E-03   3.085767    
 -3.6536537E-03   3.113597    
 -3.6336340E-03   3.157204    
 -3.6136135E-03   3.222848    
 -3.5935934E-03   3.305853    
 -3.5735737E-03   3.393661    
 -3.5535533E-03   3.474389    
 -3.5335335E-03   3.543101    
 -3.5135136E-03   3.601736    
 -3.4934934E-03   3.654212    
 -3.4734735E-03   3.702697    
 -3.4534538E-03   3.747930    
 -3.4334336E-03   3.793506    
 -3.4134132E-03   3.848809    
 -3.3933935E-03   3.925460    
 -3.3733733E-03   4.028714    
 -3.3533538E-03   4.150442    
 -3.3333332E-03   4.269716    
 -3.3133132E-03   4.363199    
 -3.2932935E-03   4.417588    
 -3.2732736E-03   4.436680    
 -3.2532536E-03   4.437036    
 -3.2332330E-03   4.436458    
 -3.2132133E-03   4.444055    
 -3.1931933E-03   4.459063    
 -3.1731727E-03   4.479188    
 -3.1531530E-03   4.508848    
 -3.1331331E-03   4.560387    
 -3.1131133E-03   4.645850    
 -3.0930934E-03   4.765008    
 -3.0730737E-03   4.901210    
 -3.0530530E-03   5.028341    
 -3.0330331E-03   5.125964    
 -3.0130134E-03   5.191751    
 -2.9929928E-03   5.242195    
 -2.9729728E-03   5.301898    
 -2.9529529E-03   5.388870    
 -2.9329322E-03   5.506684    
 -2.9129125E-03   5.646750    
 -2.8928926E-03   5.798059    
 -2.8728729E-03   5.955007    
 -2.8528529E-03   6.117651    
 -2.8328332E-03   6.286472    
 -2.8128126E-03   6.456891    
 -2.7927926E-03   6.619555    
 -2.7727729E-03   6.764640    
 -2.7527530E-03   6.889065    
 -2.7327333E-03   6.995691    
 -2.7127133E-03   7.089842    
 -2.6926927E-03   7.173105    
 -2.6726727E-03   7.243689    
 -2.6526521E-03   7.300303    
 -2.6326324E-03   7.347797    
 -2.6126124E-03   7.397785    
 -2.5925927E-03   7.462571    
 -2.5725721E-03   7.548493    
 -2.5525521E-03   7.652063    
 -2.5325324E-03   7.765101    
 -2.5125125E-03   7.882634    
 -2.4924928E-03   8.006948    
 -2.4724728E-03   8.144111    
 -2.4524522E-03   8.296187    
 -2.4324325E-03   8.455343    
 -2.4124125E-03   8.609124    
 -2.3923926E-03   8.750244    
 -2.3723729E-03   8.885850    
 -2.3523530E-03   9.034594    
 -2.3323323E-03   9.213927    
 -2.3123126E-03   9.425465    
 -2.2922920E-03   9.650614    
 -2.2722720E-03   9.862226    
 -2.2522523E-03   10.04585    
 -2.2322324E-03   10.21142    
 -2.2122117E-03   10.39236    
 -2.1921920E-03   10.62526    
 -2.1721721E-03   10.92949    
 -2.1521521E-03   11.29813    
 -2.1321324E-03   11.70662    
 -2.1121125E-03   12.13077    
 -2.0920918E-03   12.55912    
 -2.0720721E-03   12.99199    
 -2.0520522E-03   13.43071    
 -2.0320325E-03   13.86698    
 -2.0120125E-03   14.28555    
 -1.9919928E-03   14.67603    
 -1.9719722E-03   15.04445    
 -1.9519514E-03   15.41318    
 -1.9319316E-03   15.80804    
 -1.9119118E-03   16.24148    
 -1.8918919E-03   16.70618    
 -1.8718721E-03   17.18533    
 -1.8518515E-03   17.66840    
 -1.8318316E-03   18.16377    
 -1.8118118E-03   18.69321    
 -1.7917920E-03   19.27642    
 -1.7717720E-03   19.91431    
 -1.7517522E-03   20.58723    
 -1.7317316E-03   21.26682    
 -1.7117118E-03   21.93276    
 -1.6916919E-03   22.58325    
 -1.6716721E-03   23.22987    
 -1.6516523E-03   23.88927    
 -1.6316324E-03   24.57468    
 -1.6116110E-03   25.29877    
 -1.5915912E-03   26.07774    
 -1.5715713E-03   26.92893    
 -1.5515515E-03   27.86055    
 -1.5315317E-03   28.85808    
 -1.5115110E-03   29.88510    
 -1.4914912E-03   30.90146    
 -1.4714713E-03   31.89064    
 -1.4514514E-03   32.87695    
 -1.4314316E-03   33.91578    
 -1.4114118E-03   35.06218    
 -1.3913912E-03   36.33813    
 -1.3713713E-03   37.72118    
 -1.3513515E-03   39.16859    
 -1.3313317E-03   40.65267    
 -1.3113118E-03   42.18734    
 -1.2912920E-03   43.81739    
 -1.2712706E-03   45.58708    
 -1.2512507E-03   47.50310    
 -1.2312309E-03   49.52932    
 -1.2112111E-03   51.61166    
 -1.1911911E-03   53.71688    
 -1.1711713E-03   55.85351    
 -1.1511507E-03   58.06429    
 -1.1311308E-03   60.39423    
 -1.1111110E-03   62.86792    
 -1.0910912E-03   65.49150    
 -1.0710714E-03   68.27522    
 -1.0510515E-03   71.25262    
 -1.0310309E-03   74.47497    
 -1.0110111E-03   77.97621    
 -9.9099125E-04   81.74424    
 -9.7097136E-04   85.71770    
 -9.5095154E-04   89.82336    
 -9.3093090E-04   94.02939    
 -9.1091025E-04   98.37486    
 -8.9089043E-04   102.9553    
 -8.7087060E-04   107.8736    
 -8.5085072E-04   113.1910    
 -8.3083089E-04   118.9185    
 -8.1081106E-04   125.0496    
 -7.9079042E-04   131.5997    
 -7.7077060E-04   138.6233    
 -7.5075077E-04   146.1886    
 -7.3073088E-04   154.3338    
 -7.1071106E-04   163.0494    
 -6.9069123E-04   172.3075    
 -6.7067059E-04   182.1243    
 -6.5065076E-04   192.6110    
 -6.3063094E-04   203.9704    
 -6.1061105E-04   216.4388    
 -5.9059041E-04   230.2160    
 -5.7057058E-04   245.4277    
 -5.5054994E-04   262.1496    
 -5.3053012E-04   280.4532    
 -5.1051029E-04   300.4433    
 -4.9049046E-04   322.2392    
 -4.7047061E-04   345.9232    
 -4.5045075E-04   371.5103    
 -4.3043014E-04   398.9783    
 -4.1041028E-04   428.3448    
 -3.9039046E-04   459.7532    
 -3.7037060E-04   493.4684    
 -3.5035078E-04   529.7879    
 -3.3033092E-04   568.8806    
 -3.1031031E-04   610.6587    
 -2.9029045E-04   654.7216    
 -2.7027063E-04   700.4030    
 -2.5024998E-04   746.8375    
 -2.3023014E-04   793.0152    
 -2.1021030E-04   837.7903    
 -1.9018968E-04   879.9091    
 -1.7016983E-04   918.1040    
 -1.5014999E-04   951.2900    
 -1.3013015E-04   978.7932    
 -1.1011031E-04   1000.483    
 -9.0090471E-05   1016.783    
 -7.0069837E-05   1028.461    
 -5.0049995E-05   1036.383    
 -3.0030156E-05   1041.270    
 -1.0010316E-05   1043.605    
  1.0009524E-05   1043.606    
  3.0029365E-05   1041.271    
  5.0049995E-05   1036.383    
  7.0069837E-05   1028.461    
  9.0090471E-05   1016.783    
  1.1011031E-04   1000.483    
  1.3013015E-04   978.7933    
  1.5015078E-04   951.2900    
  1.7017062E-04   918.1027    
  1.9019046E-04   879.9072    
  2.1021030E-04   837.7905    
  2.3023014E-04   793.0149    
  2.5024998E-04   746.8375    
  2.7027063E-04   700.4030    
  2.9029045E-04   654.7215    
  3.1031031E-04   610.6583    
  3.3033013E-04   568.8809    
  3.5034999E-04   529.7897    
  3.7036982E-04   493.4706    
  3.9039046E-04   459.7532    
  4.1041028E-04   428.3449    
  4.3043093E-04   398.9771    
  4.5045075E-04   371.5102    
  4.7047061E-04   345.9229    
  4.9049046E-04   322.2391    
  5.1051105E-04   300.4426    
  5.3053093E-04   280.4522    
  5.5055076E-04   262.1491    
  5.7057058E-04   245.4279    
  5.9059041E-04   230.2161    
  6.1061030E-04   216.4394    
  6.3063094E-04   203.9704    
  6.5065076E-04   192.6109    
  6.7067059E-04   182.1243    
  6.9069042E-04   172.3076    
  7.1071024E-04   163.0497    
  7.3073013E-04   154.3343    
  7.5075077E-04   146.1885    
  7.7077135E-04   138.6234    
  7.9079124E-04   131.5991    
  8.1081106E-04   125.0496    
  8.3083089E-04   118.9186    
  8.5085072E-04   113.1910    
  8.7087136E-04   107.8734    
  8.9089118E-04   102.9555    
  9.1091107E-04   98.37431    
  9.3093090E-04   94.02940    
  9.5095072E-04   89.82355    
  9.7097055E-04   85.71803    
  9.9099125E-04   81.74432    
  1.0110111E-03   77.97626    
  1.0310309E-03   74.47493    
  1.0510507E-03   71.25275    
  1.0710706E-03   68.27519    
  1.0910904E-03   65.49144    
  1.1111118E-03   62.86778    
  1.1311317E-03   60.39415    
  1.1511515E-03   58.06425    
  1.1711713E-03   55.85352    
  1.1911911E-03   53.71688    
  1.2112111E-03   51.61167    
  1.2312316E-03   49.52912    
  1.2512516E-03   47.50297    
  1.2712714E-03   45.58685    
  1.2912912E-03   43.81744    
  1.3113110E-03   42.18734    
  1.3313309E-03   40.65286    
  1.3513515E-03   39.16856    
  1.3713713E-03   37.72119    
  1.3913912E-03   36.33810    
  1.4114110E-03   35.06234    
  1.4314308E-03   33.91587    
  1.4514514E-03   32.87688    
  1.4714721E-03   31.89072    
  1.4914919E-03   30.90133    
  1.5115119E-03   29.88507    
  1.5315317E-03   28.85808    
  1.5515515E-03   27.86053    
  1.5715713E-03   26.92896    
  1.5915920E-03   26.07774    
  1.6116118E-03   25.29875    
  1.6316316E-03   24.57466    
  1.6516515E-03   23.88925    
  1.6716713E-03   23.22995    
  1.6916911E-03   22.58315    
  1.7117118E-03   21.93278    
  1.7317316E-03   21.26681    
  1.7517515E-03   20.58732    
  1.7717713E-03   19.91445    
  1.7917920E-03   19.27640    
  1.8118126E-03   18.69325    
  1.8318325E-03   18.16372    
  1.8518523E-03   17.66841    
  1.8718721E-03   17.18525    
  1.8918919E-03   16.70616    
  1.9119118E-03   16.24150    
  1.9319324E-03   15.80810    
  1.9519522E-03   15.41322    
  1.9719722E-03   15.04443    
  1.9919919E-03   14.67608    
  2.0120118E-03   14.28558    
  2.0320315E-03   13.86698    
  2.0520522E-03   13.43071    
  2.0720721E-03   12.99199    
  2.0920918E-03   12.55909    
  2.1121118E-03   12.13076    
  2.1321324E-03   11.70660    
  2.1521521E-03   11.29811    
  2.1721728E-03   10.92958    
  2.1921927E-03   10.62527    
  2.2122127E-03   10.39240    
  2.2322324E-03   10.21143    
  2.2522523E-03   10.04584    
  2.2722720E-03   9.862245    
  2.2922927E-03   9.650582    
  2.3123126E-03   9.425447    
  2.3323323E-03   9.213927    
  2.3523523E-03   9.034543    
  2.3723720E-03   8.885913    
  2.3923919E-03   8.750358    
  2.4124125E-03   8.609171    
  2.4324325E-03   8.455349    
  2.4524522E-03   8.296165    
  2.4724728E-03   8.144126    
  2.4924928E-03   8.006966    
  2.5125125E-03   7.882638    
  2.5325331E-03   7.765071    
  2.5525531E-03   7.652054    
  2.5725728E-03   7.548494    
  2.5925927E-03   7.462581    
  2.6126124E-03   7.397780    
  2.6326324E-03   7.347812    
  2.6526530E-03   7.300273    
  2.6726727E-03   7.243669    
  2.6926927E-03   7.173081    
  2.7127126E-03   7.089798    
  2.7327323E-03   6.995740    
  2.7527523E-03   6.889016    
  2.7727729E-03   6.764639    
  2.7927926E-03   6.619549    
  2.8128133E-03   6.456939    
  2.8328332E-03   6.286509    
  2.8528529E-03   6.117656    
  2.8728729E-03   5.955022    
  2.8928935E-03   5.798099    
  2.9129132E-03   5.646749    
  2.9329332E-03   5.506694    
  2.9529529E-03   5.388865    
  2.9729728E-03   5.301886    
  2.9929928E-03   5.242210    
  3.0130134E-03   5.191759    
  3.0330331E-03   5.125973    
  3.0530530E-03   5.028360    
  3.0730728E-03   4.901178    
  3.0930927E-03   4.765079    
  3.1131124E-03   4.645933    
  3.1331331E-03   4.560419    
  3.1531530E-03   4.508888    
  3.1731736E-03   4.479158    
  3.1931933E-03   4.459065    
  3.2132133E-03   4.444034    
  3.2332330E-03   4.436460    
  3.2532536E-03   4.437009    
  3.2732736E-03   4.436660    
  3.2932926E-03   4.417575    
  3.3133132E-03   4.363194    
  3.3333339E-03   4.269737    
  3.3533529E-03   4.150472    
  3.3733735E-03   4.028674    
  3.3933925E-03   3.925475    
  3.4134132E-03   3.848830    
  3.4334338E-03   3.793555    
  3.4534528E-03   3.747915    
  3.4734735E-03   3.702668    
  3.4934927E-03   3.654227    
  3.5135134E-03   3.601725    
  3.5335338E-03   3.543077    
  3.5535544E-03   3.474385    
  3.5735737E-03   3.393667    
  3.5935943E-03   3.305821    
  3.6136133E-03   3.222897    
  3.6336340E-03   3.157184    
  3.6536546E-03   3.113621    
  3.6736736E-03   3.085755    
  3.6936942E-03   3.061227    
  3.7137133E-03   3.030789    
  3.7337339E-03   2.995789    
  3.7537529E-03   2.966728    
  3.7737736E-03   2.954950    
  3.7937942E-03   2.962658    
  3.8138132E-03   2.980115    
  3.8338338E-03   2.991288    
  3.8538529E-03   2.984282    
  3.8738735E-03   2.957701    
  3.8938941E-03   2.919927    
  3.9139134E-03   2.881715    
  3.9339340E-03   2.848952    
  3.9539528E-03   2.820846    
  3.9739734E-03   2.793632    
  3.9939927E-03   2.766068    
  4.0140147E-03   2.740678    
  4.0340354E-03   2.721282    
  4.0540546E-03   2.708110    
  4.0740753E-03   2.696259    
  4.0940940E-03   2.678586    
  4.1141147E-03   2.649983    
  4.1341353E-03   2.609951    
  4.1541546E-03   2.560765    
  4.1741752E-03   2.503373    
  4.1941940E-03   2.436580    
  4.2142146E-03   2.359000    
  4.2342339E-03   2.274304    
  4.2542545E-03   2.192887    
  4.2742752E-03   2.128275    
  4.2942939E-03   2.089534    
  4.3143146E-03   2.074734    
  4.3343338E-03   2.071858    
  4.3543545E-03   2.065619    
  4.3743751E-03   2.046230    
  4.3943943E-03   2.013603    
  4.4144150E-03   1.973964    
  4.4344338E-03   1.932765    
  4.4544544E-03   1.890869    
  4.4744737E-03   1.845434    
  4.4944943E-03   1.796147    
  4.5145149E-03   1.749481    
  4.5345337E-03   1.716451    
  4.5545544E-03   1.705096    
  4.5745736E-03   1.713310    
  4.5945942E-03   1.728807    
  4.6146149E-03   1.735990    
  4.6346337E-03   1.726144    
  4.6546543E-03   1.702459    
  4.6746735E-03   1.676099    
  4.6946956E-03   1.657003    
  4.7147148E-03   1.646752    
  4.7347355E-03   1.638684    
  4.7547561E-03   1.625131    
  4.7747749E-03   1.604548    
  4.7947955E-03   1.583464    
  4.8148148E-03   1.569949    
  4.8348354E-03   1.565537    
  4.8548561E-03   1.561811    
  4.8748748E-03   1.545463    
  4.8948955E-03   1.507620    
  4.9149147E-03   1.451138    
  4.9349354E-03   1.388994    
  4.9549546E-03   1.336313    
  4.9749753E-03   1.301333    
  4.9949959E-03   1.282444    
  5.0150147E-03   1.272574    
  5.0350353E-03   1.266493    
  5.0550546E-03   1.264058    
  5.0750752E-03   1.268134    
  5.0950958E-03   1.278485    
  5.1151146E-03   1.288879    
  5.1351353E-03   1.290135    
  5.1551545E-03   1.276386    
  5.1751751E-03   1.249888    
  5.1951939E-03   1.219133    
  5.2152146E-03   1.192115    
  5.2352352E-03   1.170019    
  5.2552545E-03   1.147589    
  5.2752751E-03   1.119493    
  5.2952939E-03   1.087149    
  5.3153145E-03   1.060293    
  5.3353352E-03   1.050084    
  5.3553544E-03   1.059637    
  5.3753750E-03   1.079358    
  5.3953957E-03   1.091662    
  5.4154163E-03   1.082526    
  5.4354370E-03   1.050978    
  5.4554562E-03   1.009725    
  5.4754764E-03  0.9763961    
  5.4954956E-03  0.9614974    
  5.5155163E-03  0.9627541    
  5.5355355E-03  0.9694829    
  5.5555562E-03  0.9726761    
  5.5755768E-03  0.9726657    
  5.5955956E-03  0.9778540    
  5.6156162E-03  0.9967248    
  5.6356355E-03   1.028883    
  5.6556561E-03   1.063565    
  5.6756767E-03   1.086985    
  5.6956955E-03   1.091615    
  5.7157162E-03   1.081500    
  5.7357354E-03   1.068145    
  5.7557561E-03   1.061413    
  5.7757748E-03   1.062476    
  5.7957955E-03   1.063965    
  5.8158161E-03   1.057458    
  5.8358354E-03   1.040825    
  5.8558560E-03   1.019884    
  5.8758748E-03   1.003226    
  5.8958954E-03  0.9945664    
  5.9159161E-03  0.9888736    
  5.9359353E-03  0.9766337    
  5.9559559E-03  0.9519579    
  5.9759752E-03  0.9180459    
  5.9959958E-03  0.8859949    
  6.0160146E-03  0.8673838    
  6.0360353E-03  0.8664588    
  6.0560559E-03  0.8775369    
  6.0760765E-03  0.8895581    
  6.0960972E-03  0.8938553    
  6.1161164E-03  0.8888662    
  6.1361371E-03  0.8794804    
  6.1561577E-03  0.8715332    
  6.1761765E-03  0.8671200    
  6.1961971E-03  0.8631300    
  6.2162164E-03  0.8549201    
  6.2362370E-03  0.8399577    
  6.2562558E-03  0.8199365    
  6.2762764E-03  0.7990327    
  6.2962971E-03  0.7811677    
  6.3163163E-03  0.7681299    
  6.3363370E-03  0.7598668    
  6.3563557E-03  0.7560996    
  6.3763764E-03  0.7564076    
  6.3963970E-03  0.7596276    
  6.4164163E-03  0.7629841    
  6.4364369E-03  0.7625558    
  6.4564561E-03  0.7561376    
  6.4764763E-03  0.7456204    
  6.4964956E-03  0.7366062    
  6.5165162E-03  0.7353782    
  6.5365369E-03  0.7442313    
  6.5565561E-03  0.7594604    
  6.5765767E-03  0.7736524    
  6.5965955E-03  0.7801070    
  6.6166162E-03  0.7767619    
  6.6366368E-03  0.7662997    
  6.6566560E-03  0.7524239    
  6.6766767E-03  0.7363837    
  6.6966955E-03  0.7164047    
  6.7167161E-03  0.6905490    
  6.7367353E-03  0.6606433    
  6.7567574E-03  0.6325570    
  6.7767780E-03  0.6127697    
  6.7967973E-03  0.6027341    
  6.8168179E-03  0.5964811    
  6.8368367E-03  0.5837786    
  6.8568573E-03  0.5569511    
  6.8768780E-03  0.5170756    
  6.8968972E-03  0.4736578    
  6.9169179E-03  0.4387403    
  6.9369366E-03  0.4190675    
  6.9569573E-03  0.4121358    
  6.9769779E-03  0.4088380    
  6.9969972E-03  0.4005764    
  7.0170178E-03  0.3854439    
  7.0370371E-03  0.3686830    
  7.0570577E-03  0.3582954    
  7.0770765E-03  0.3588952    
  7.0970971E-03  0.3689700    
  7.1171178E-03  0.3830516    
  7.1371370E-03  0.3958828    
  7.1571576E-03  0.4056174    
  7.1771764E-03  0.4129408    
  7.1971971E-03  0.4181626    
  7.2172177E-03  0.4195976    
  7.2372369E-03  0.4144918    
  7.2572576E-03  0.4024062    
  7.2772764E-03  0.3873414    
  7.2972970E-03  0.3760475    
  7.3173163E-03  0.3739743    
  7.3373369E-03  0.3814213    
  7.3573575E-03  0.3933009    
  7.3773763E-03  0.4031345    
  7.3973970E-03  0.4072088    
  7.4174162E-03  0.4065433    
  7.4374382E-03  0.4044859    
  7.4574589E-03  0.4028521    
  7.4774781E-03  0.4002571    
  7.4974988E-03  0.3942029    
  7.5175175E-03  0.3853805    
  7.5375382E-03  0.3796448    
  7.5575574E-03  0.3855833    
  7.5775781E-03  0.4079855    
  7.5975987E-03  0.4433136    
  7.6176180E-03  0.4797725    
  7.6376386E-03  0.5038754    
  7.6576574E-03  0.5085588    
  7.6776780E-03  0.4970604    
  7.6976987E-03  0.4798427    
  7.7177179E-03  0.4672616    
  7.7377385E-03  0.4628048    
  7.7577573E-03  0.4621501    
  7.7777780E-03  0.4580906    
  7.7977972E-03  0.4469734    
  7.8178179E-03  0.4315606    
  7.8378385E-03  0.4185214    
  7.8578573E-03  0.4132631    
  7.8778779E-03  0.4157161    
  7.8978967E-03  0.4213499    
  7.9179173E-03  0.4252225    
  7.9379380E-03  0.4256516    
  7.9579577E-03  0.4246417    
  7.9779783E-03  0.4246485    
  7.9979971E-03  0.4254583    
  8.0180177E-03  0.4238889    
  8.0380365E-03  0.4168425    
  8.0580572E-03  0.4050035    
  8.0780778E-03  0.3934804    
  8.0980975E-03  0.3886069    
  8.1181191E-03  0.3927879    
  8.1381388E-03  0.4022742    
  8.1581585E-03  0.4093940    
  8.1781792E-03  0.4080352    
  8.1981989E-03  0.3980890    
  8.2182195E-03  0.3855531    
  8.2382383E-03  0.3779397    
  8.2582589E-03  0.3790107    
  8.2782777E-03  0.3864342    
  8.2982983E-03  0.3944239    
  8.3183190E-03  0.3987438    
  8.3383387E-03  0.4001105    
  8.3583593E-03  0.4034505    
  8.3783781E-03  0.4138397    
  8.3983988E-03  0.4324466    
  8.4184194E-03  0.4555675    
  8.4384382E-03  0.4774131    
  8.4584588E-03  0.4937383    
  8.4784776E-03  0.5037658    
  8.4984982E-03  0.5092502    
  8.5185179E-03  0.5120617    
  8.5385386E-03  0.5125166    
  8.5585592E-03  0.5104226    
  8.5785780E-03  0.5065255    
  8.5985987E-03  0.5034929    
  8.6186174E-03  0.5043984    
  8.6386381E-03  0.5101929    
  8.6586587E-03  0.5184260    
  8.6786784E-03  0.5247710    
  8.6986991E-03  0.5261123    
  8.7187178E-03  0.5229551    
  8.7387385E-03  0.5189168    
  8.7587573E-03  0.5175612    
  8.7787779E-03  0.5192649    
  8.7988004E-03  0.5206640    
  8.8188192E-03  0.5173758    
  8.8388398E-03  0.5075638    
  8.8588586E-03  0.4939370    
  8.8788792E-03  0.4815237    
  8.8988999E-03  0.4740169    
  8.9189196E-03  0.4709232    
  8.9389402E-03  0.4682697    
  8.9589590E-03  0.4620904    
  8.9789797E-03  0.4518301    
  8.9990003E-03  0.4406245    
  9.0190191E-03  0.4324865    
  9.0390397E-03  0.4283168    
  9.0590585E-03  0.4245693    
  9.0790791E-03  0.4157890    
  9.0990989E-03  0.3985681    
  9.1191195E-03  0.3744650    
  9.1391401E-03  0.3490548    
  9.1591589E-03  0.3277134    
  9.1791796E-03  0.3118607    
  9.1991983E-03  0.2984290    
  9.2192190E-03  0.2827879    
  9.2392396E-03  0.2627989    
  9.2592593E-03  0.2411085    
  9.2792800E-03  0.2232532    
  9.2992987E-03  0.2142915    
  9.3193194E-03  0.2152866    
  9.3393382E-03  0.2232919    
  9.3593588E-03  0.2334394    
  9.3793795E-03  0.2414808    
  9.3993982E-03  0.2448887    
  9.4194189E-03  0.2424538    
  9.4394386E-03  0.2332550    
  9.4594592E-03  0.2172128    
  9.4794808E-03  0.1963722    
  9.4995005E-03  0.1759955    
  9.5195211E-03  0.1630471    
  9.5395399E-03  0.1629253    
  9.5595606E-03  0.1762937    
  9.5795793E-03  0.1985684    
  9.5996000E-03  0.2227820    
  9.6196206E-03  0.2437838    
  9.6396394E-03  0.2606665    
  9.6596600E-03  0.2756595    
  9.6796798E-03  0.2907445    
  9.6997004E-03  0.3044198    
  9.7197210E-03  0.3123018    
  9.7397398E-03  0.3103105    
  9.7597605E-03  0.2986484    
  9.7797792E-03  0.2824557    
  9.7997999E-03  0.2691311    
  9.8198196E-03  0.2632307    
  9.8398402E-03  0.2641934    
  9.8598609E-03  0.2671477    
  9.8798797E-03  0.2674294    
  9.8999003E-03  0.2643025    
  9.9199191E-03  0.2613859    
  9.9399397E-03  0.2636074    
  9.9599604E-03  0.2730484    
  9.9799791E-03  0.2872961    
  9.9999998E-03  0.3014303    
