 -9.9999998E-03  0.6005291    
 -9.9799801E-03  0.6053265    
 -9.9599604E-03  0.6096207    
 -9.9399397E-03  0.6134737    
 -9.9199200E-03  0.6172404    
 -9.8999003E-03  0.6212932    
 -9.8798806E-03  0.6261330    
 -9.8598599E-03  0.6320938    
 -9.8398402E-03  0.6394066    
 -9.8198196E-03  0.6479378    
 -9.7997999E-03  0.6574167    
 -9.7797792E-03  0.6674001    
 -9.7597595E-03  0.6773564    
 -9.7397398E-03  0.6868896    
 -9.7197201E-03  0.6957656    
 -9.6997004E-03  0.7039328    
 -9.6796798E-03  0.7114303    
 -9.6596600E-03  0.7184664    
 -9.6396394E-03  0.7250646    
 -9.6196197E-03  0.7312627    
 -9.5995991E-03  0.7369776    
 -9.5795793E-03  0.7419569    
 -9.5595596E-03  0.7461192    
 -9.5395399E-03  0.7493428    
 -9.5195202E-03  0.7517188    
 -9.4994996E-03  0.7533764    
 -9.4794799E-03  0.7546195    
 -9.4594592E-03  0.7557305    
 -9.4394395E-03  0.7569020    
 -9.4194189E-03  0.7582120    
 -9.3993992E-03  0.7596803    
 -9.3793795E-03  0.7611494    
 -9.3593597E-03  0.7625717    
 -9.3393400E-03  0.7639088    
 -9.3193194E-03  0.7652711    
 -9.2992997E-03  0.7669005    
 -9.2792800E-03  0.7691028    
 -9.2592593E-03  0.7722595    
 -9.2392387E-03  0.7766750    
 -9.2192190E-03  0.7825963    
 -9.1991993E-03  0.7900167    
 -9.1791796E-03  0.7987684    
 -9.1591589E-03  0.8085323    
 -9.1391392E-03  0.8188723    
 -9.1191195E-03  0.8292605    
 -9.0990998E-03  0.8391367    
 -9.0790791E-03  0.8480620    
 -9.0590585E-03  0.8557190    
 -9.0390388E-03  0.8619446    
 -9.0190191E-03  0.8667352    
 -8.9989994E-03  0.8703331    
 -8.9789787E-03  0.8730860    
 -8.9589590E-03  0.8754144    
 -8.9389393E-03  0.8776395    
 -8.9189196E-03  0.8800610    
 -8.8988990E-03  0.8826751    
 -8.8788783E-03  0.8853255    
 -8.8588586E-03  0.8876339    
 -8.8388389E-03  0.8891570    
 -8.8188192E-03  0.8895215    
 -8.7987985E-03  0.8884154    
 -8.7787788E-03  0.8858615    
 -8.7587591E-03  0.8821413    
 -8.7387394E-03  0.8778322    
 -8.7187197E-03  0.8735428    
 -8.6986991E-03  0.8699641    
 -8.6786784E-03  0.8676337    
 -8.6586587E-03  0.8667917    
 -8.6386381E-03  0.8675030    
 -8.6186184E-03  0.8694758    
 -8.5985987E-03  0.8723348    
 -8.5785789E-03  0.8755178    
 -8.5585592E-03  0.8786473    
 -8.5385386E-03  0.8814571    
 -8.5185189E-03  0.8838945    
 -8.4984982E-03  0.8860553    
 -8.4784785E-03  0.8881425    
 -8.4584588E-03  0.8905250    
 -8.4384382E-03  0.8934503    
 -8.4184185E-03  0.8971765    
 -8.3983988E-03  0.9017720    
 -8.3783790E-03  0.9071909    
 -8.3583584E-03  0.9132684    
 -8.3383387E-03  0.9197509    
 -8.3183181E-03  0.9263090    
 -8.2982983E-03  0.9326431    
 -8.2782777E-03  0.9384196    
 -8.2582580E-03  0.9433925    
 -8.2382383E-03  0.9473907    
 -8.2182186E-03  0.9503329    
 -8.1981989E-03  0.9522150    
 -8.1781782E-03  0.9530690    
 -8.1581585E-03  0.9530962    
 -8.1381388E-03  0.9524276    
 -8.1181182E-03  0.9513124    
 -8.0980984E-03  0.9500684    
 -8.0780778E-03  0.9489825    
 -8.0580581E-03  0.9483693    
 -8.0380384E-03  0.9485761    
 -8.0180177E-03  0.9498377    
 -7.9979990E-03  0.9523688    
 -7.9779783E-03  0.9563043    
 -7.9579586E-03  0.9616585    
 -7.9379380E-03  0.9684785    
 -7.9179173E-03  0.9766634    
 -7.8978976E-03  0.9862403    
 -7.8778779E-03  0.9972616    
 -7.8578582E-03   1.009859    
 -7.8378385E-03   1.024113    
 -7.8178179E-03   1.040108    
 -7.7977977E-03   1.057833    
 -7.7777780E-03   1.076902    
 -7.7577573E-03   1.096931    
 -7.7377385E-03   1.117186    
 -7.7177179E-03   1.136898    
 -7.6976977E-03   1.155308    
 -7.6776780E-03   1.171730    
 -7.6576574E-03   1.185840    
 -7.6376377E-03   1.197392    
 -7.6176180E-03   1.206556    
 -7.5975978E-03   1.213581    
 -7.5775781E-03   1.218957    
 -7.5575574E-03   1.223034    
 -7.5375377E-03   1.226291    
 -7.5175175E-03   1.229158    
 -7.4974978E-03   1.231974    
 -7.4774772E-03   1.235115    
 -7.4574575E-03   1.239011    
 -7.4374378E-03   1.243971    
 -7.4174176E-03   1.250207    
 -7.3973970E-03   1.257747    
 -7.3773772E-03   1.266342    
 -7.3573575E-03   1.275584    
 -7.3373378E-03   1.284871    
 -7.3173176E-03   1.293592    
 -7.2972970E-03   1.301300    
 -7.2772773E-03   1.307760    
 -7.2572576E-03   1.313038    
 -7.2372374E-03   1.317318    
 -7.2172168E-03   1.321187    
 -7.1971971E-03   1.324898    
 -7.1771774E-03   1.328580    
 -7.1571576E-03   1.332201    
 -7.1371370E-03   1.335416    
 -7.1171168E-03   1.337843    
 -7.0970971E-03   1.339193    
 -7.0770774E-03   1.339303    
 -7.0570577E-03   1.338561    
 -7.0370371E-03   1.337485    
 -7.0170169E-03   1.336908    
 -6.9969972E-03   1.337600    
 -6.9769775E-03   1.339998    
 -6.9569568E-03   1.344311    
 -6.9369366E-03   1.350216    
 -6.9169169E-03   1.357105    
 -6.8968972E-03   1.364382    
 -6.8768766E-03   1.371396    
 -6.8568569E-03   1.377988    
 -6.8368367E-03   1.384251    
 -6.8168170E-03   1.390789    
 -6.7967973E-03   1.398281    
 -6.7767766E-03   1.407460    
 -6.7567569E-03   1.418864    
 -6.7367367E-03   1.432666    
 -6.7167170E-03   1.448598    
 -6.6966973E-03   1.466150    
 -6.6766767E-03   1.484642    
 -6.6566565E-03   1.503234    
 -6.6366368E-03   1.521296    
 -6.6166166E-03   1.538344    
 -6.5965969E-03   1.554002    
 -6.5765767E-03   1.568135    
 -6.5565566E-03   1.580558    
 -6.5365369E-03   1.591390    
 -6.5165167E-03   1.600826    
 -6.4964965E-03   1.609170    
 -6.4764763E-03   1.617096    
 -6.4564561E-03   1.625385    
 -6.4364364E-03   1.634972    
 -6.4164167E-03   1.646590    
 -6.3963966E-03   1.660948    
 -6.3763764E-03   1.678164    
 -6.3563567E-03   1.698046    
 -6.3363365E-03   1.719871    
 -6.3163163E-03   1.742620    
 -6.2962966E-03   1.765230    
 -6.2762760E-03   1.786655    
 -6.2562563E-03   1.806270    
 -6.2362365E-03   1.824055    
 -6.2162164E-03   1.840152    
 -6.1961962E-03   1.855283    
 -6.1761765E-03   1.870202    
 -6.1561563E-03   1.885664    
 -6.1361361E-03   1.902266    
 -6.1161164E-03   1.920252    
 -6.0960962E-03   1.939711    
 -6.0760761E-03   1.960521    
 -6.0560564E-03   1.982555    
 -6.0360362E-03   2.005799    
 -6.0160165E-03   2.030284    
 -5.9959963E-03   2.056202    
 -5.9759757E-03   2.083649    
 -5.9559559E-03   2.112696    
 -5.9359362E-03   2.143244    
 -5.9159161E-03   2.174709    
 -5.8958959E-03   2.206547    
 -5.8758762E-03   2.237738    
 -5.8558560E-03   2.267587    
 -5.8358363E-03   2.295550    
 -5.8158161E-03   2.321414    
 -5.7957955E-03   2.345569    
 -5.7757758E-03   2.368773    
 -5.7557556E-03   2.392119    
 -5.7357359E-03   2.416796    
 -5.7157157E-03   2.443839    
 -5.6956955E-03   2.473786    
 -5.6756758E-03   2.506654    
 -5.6556561E-03   2.541969    
 -5.6356355E-03   2.578737    
 -5.6156153E-03   2.615939    
 -5.5955956E-03   2.652380    
 -5.5755754E-03   2.687431    
 -5.5555557E-03   2.720696    
 -5.5355355E-03   2.752210    
 -5.5155153E-03   2.782289    
 -5.4954956E-03   2.811154    
 -5.4754759E-03   2.839021    
 -5.4554553E-03   2.865680    
 -5.4354356E-03   2.890837    
 -5.4154154E-03   2.913967    
 -5.3953952E-03   2.934691    
 -5.3753755E-03   2.952968    
 -5.3553558E-03   2.969166    
 -5.3353352E-03   2.984139    
 -5.3153154E-03   2.998979    
 -5.2952953E-03   3.014856    
 -5.2752751E-03   3.032595    
 -5.2552554E-03   3.052501    
 -5.2352352E-03   3.074418    
 -5.2152150E-03   3.097560    
 -5.1951953E-03   3.120732    
 -5.1751756E-03   3.142887    
 -5.1551554E-03   3.163029    
 -5.1351353E-03   3.180654    
 -5.1151151E-03   3.195752    
 -5.0950949E-03   3.208668    
 -5.0750752E-03   3.220099    
 -5.0550550E-03   3.230842    
 -5.0350348E-03   3.241842    
 -5.0150151E-03   3.253955    
 -4.9949954E-03   3.268071    
 -4.9749753E-03   3.285217    
 -4.9549546E-03   3.306274    
 -4.9349349E-03   3.331974    
 -4.9149147E-03   3.362800    
 -4.8948950E-03   3.398733    
 -4.8748748E-03   3.439187    
 -4.8548547E-03   3.483059    
 -4.8348350E-03   3.528693    
 -4.8148152E-03   3.574587    
 -4.7947951E-03   3.619288    
 -4.7747749E-03   3.662061    
 -4.7547547E-03   3.703009    
 -4.7347345E-03   3.742704    
 -4.7147148E-03   3.782465    
 -4.6946951E-03   3.823586    
 -4.6746745E-03   3.867270    
 -4.6546548E-03   3.914139    
 -4.6346351E-03   3.964116    
 -4.6146144E-03   4.016964    
 -4.5945947E-03   4.071966    
 -4.5745745E-03   4.128471    
 -4.5545544E-03   4.186137    
 -4.5345346E-03   4.244687    
 -4.5145149E-03   4.304283    
 -4.4944948E-03   4.365062    
 -4.4744746E-03   4.426742    
 -4.4544549E-03   4.489064    
 -4.4344342E-03   4.551161    
 -4.4144145E-03   4.612335    
 -4.3943943E-03   4.671876    
 -4.3743742E-03   4.729425    
 -4.3543545E-03   4.785260    
 -4.3343347E-03   4.840090    
 -4.3143146E-03   4.894965    
 -4.2942944E-03   4.950855    
 -4.2742742E-03   5.008730    
 -4.2542540E-03   5.068942    
 -4.2342343E-03   5.131620    
 -4.2142146E-03   5.196499    
 -4.1941940E-03   5.263334    
 -4.1741743E-03   5.332053    
 -4.1541546E-03   5.402616    
 -4.1341344E-03   5.475831    
 -4.1141142E-03   5.551861    
 -4.0940936E-03   5.631154    
 -4.0740739E-03   5.713636    
 -4.0540542E-03   5.798681    
 -4.0340340E-03   5.885224    
 -4.0140138E-03   5.971997    
 -3.9939941E-03   6.057539    
 -3.9739739E-03   6.140622    
 -3.9539542E-03   6.220594    
 -3.9339340E-03   6.297174    
 -3.9139139E-03   6.370308    
 -3.8938937E-03   6.440197    
 -3.8738740E-03   6.507146    
 -3.8538538E-03   6.571342    
 -3.8338338E-03   6.632918    
 -3.8138141E-03   6.691982    
 -3.7937937E-03   6.749030    
 -3.7737740E-03   6.804510    
 -3.7537536E-03   6.859312    
 -3.7337334E-03   6.914449    
 -3.7137137E-03   6.970795    
 -3.6936938E-03   7.029191    
 -3.6736736E-03   7.090113    
 -3.6536537E-03   7.153890    
 -3.6336340E-03   7.220680    
 -3.6136135E-03   7.290895    
 -3.5935934E-03   7.364751    
 -3.5735737E-03   7.442944    
 -3.5535533E-03   7.526021    
 -3.5335335E-03   7.614585    
 -3.5135136E-03   7.708807    
 -3.4934934E-03   7.808356    
 -3.4734735E-03   7.912443    
 -3.4534538E-03   8.019522    
 -3.4334336E-03   8.128276    
 -3.4134132E-03   8.237217    
 -3.3933935E-03   8.345205    
 -3.3733733E-03   8.451674    
 -3.3533538E-03   8.556447    
 -3.3333332E-03   8.659880    
 -3.3133132E-03   8.762747    
 -3.2932935E-03   8.866083    
 -3.2732736E-03   8.971397    
 -3.2532536E-03   9.080636    
 -3.2332330E-03   9.196049    
 -3.2132133E-03   9.320382    
 -3.1931933E-03   9.456588    
 -3.1731727E-03   9.606987    
 -3.1531530E-03   9.773463    
 -3.1331331E-03   9.956500    
 -3.1131133E-03   10.15517    
 -3.0930934E-03   10.36748    
 -3.0730737E-03   10.59019    
 -3.0530530E-03   10.82006    
 -3.0330331E-03   11.05412    
 -3.0130134E-03   11.29040    
 -2.9929928E-03   11.52814    
 -2.9729728E-03   11.76782    
 -2.9529529E-03   12.01067    
 -2.9329322E-03   12.25776    
 -2.9129125E-03   12.51039    
 -2.8928926E-03   12.76923    
 -2.8728729E-03   13.03373    
 -2.8528529E-03   13.30359    
 -2.8328332E-03   13.57853    
 -2.8128126E-03   13.85820    
 -2.7927926E-03   14.14282    
 -2.7727729E-03   14.43320    
 -2.7527530E-03   14.72996    
 -2.7327333E-03   15.03376    
 -2.7127133E-03   15.34452    
 -2.6926927E-03   15.66177    
 -2.6726727E-03   15.98477    
 -2.6526521E-03   16.31282    
 -2.6326324E-03   16.64595    
 -2.6126124E-03   16.98476    
 -2.5925927E-03   17.33063    
 -2.5725721E-03   17.68552    
 -2.5525521E-03   18.05084    
 -2.5325324E-03   18.42782    
 -2.5125125E-03   18.81633    
 -2.4924928E-03   19.21528    
 -2.4724728E-03   19.62327    
 -2.4524522E-03   20.03836    
 -2.4324325E-03   20.45947    
 -2.4124125E-03   20.88627    
 -2.3923926E-03   21.31946    
 -2.3723729E-03   21.76035    
 -2.3523530E-03   22.20989    
 -2.3323323E-03   22.66884    
 -2.3123126E-03   23.13705    
 -2.2922920E-03   23.61331    
 -2.2722720E-03   24.09579    
 -2.2522523E-03   24.58372    
 -2.2322324E-03   25.07682    
 -2.2122117E-03   25.57658    
 -2.1921920E-03   26.08571    
 -2.1721721E-03   26.60841    
 -2.1521521E-03   27.14803    
 -2.1321324E-03   27.70786    
 -2.1121125E-03   28.28908    
 -2.0920918E-03   28.89151    
 -2.0720721E-03   29.51344    
 -2.0520522E-03   30.15308    
 -2.0320325E-03   30.80936    
 -2.0120125E-03   31.48273    
 -1.9919928E-03   32.17552    
 -1.9719722E-03   32.89220    
 -1.9519514E-03   33.63771    
 -1.9319316E-03   34.41663    
 -1.9119118E-03   35.23258    
 -1.8918919E-03   36.08713    
 -1.8718721E-03   36.98001    
 -1.8518515E-03   37.90979    
 -1.8318316E-03   38.87410    
 -1.8118118E-03   39.87165    
 -1.7917920E-03   40.90183    
 -1.7717720E-03   41.96607    
 -1.7517522E-03   43.06647    
 -1.7317316E-03   44.20574    
 -1.7117118E-03   45.38684    
 -1.6916919E-03   46.61116    
 -1.6716721E-03   47.88033    
 -1.6516523E-03   49.19414    
 -1.6316324E-03   50.55358    
 -1.6116110E-03   51.95930    
 -1.5915912E-03   53.41376    
 -1.5715713E-03   54.92088    
 -1.5515515E-03   56.48471    
 -1.5315317E-03   58.11089    
 -1.5115110E-03   59.80387    
 -1.4914912E-03   61.56746    
 -1.4714713E-03   63.40442    
 -1.4514514E-03   65.31641    
 -1.4314316E-03   67.30518    
 -1.4114118E-03   69.37288    
 -1.3913912E-03   71.52260    
 -1.3713713E-03   73.75981    
 -1.3513515E-03   76.09029    
 -1.3313317E-03   78.52180    
 -1.3113118E-03   81.06152    
 -1.2912920E-03   83.71574    
 -1.2712706E-03   86.48914    
 -1.2512507E-03   89.38391    
 -1.2312309E-03   92.40127    
 -1.2112111E-03   95.54169    
 -1.1911911E-03   98.80629    
 -1.1711713E-03   102.1981    
 -1.1511507E-03   105.7233    
 -1.1311308E-03   109.3912    
 -1.1111110E-03   113.2133    
 -1.0910912E-03   117.2042    
 -1.0710714E-03   121.3781    
 -1.0510515E-03   125.7494    
 -1.0310309E-03   130.3300    
 -1.0110111E-03   135.1320    
 -9.9099125E-04   140.1651    
 -9.7097136E-04   145.4395    
 -9.5095154E-04   150.9666    
 -9.3093090E-04   156.7595    
 -9.1091025E-04   162.8334    
 -8.9089043E-04   169.2054    
 -8.7087060E-04   175.8913    
 -8.5085072E-04   182.9083    
 -8.3083089E-04   190.2690    
 -8.1081106E-04   197.9836    
 -7.9079042E-04   206.0595    
 -7.7077060E-04   214.5027    
 -7.5075077E-04   223.3201    
 -7.3073088E-04   232.5218    
 -7.1071106E-04   242.1226    
 -6.9069123E-04   252.1437    
 -6.7067059E-04   262.6096    
 -6.5065076E-04   273.5462    
 -6.3063094E-04   284.9784    
 -6.1061105E-04   296.9239    
 -5.9059041E-04   309.3915    
 -5.7057058E-04   322.3774    
 -5.5054994E-04   335.8653    
 -5.3053012E-04   349.8258    
 -5.1051029E-04   364.2219    
 -4.9049046E-04   379.0035    
 -4.7047061E-04   394.1181    
 -4.5045075E-04   409.5040    
 -4.3043014E-04   425.0942    
 -4.1041028E-04   440.8121    
 -3.9039046E-04   456.5699    
 -3.7037060E-04   472.2690    
 -3.5035078E-04   487.7997    
 -3.3033092E-04   503.0405    
 -3.1031031E-04   517.8646    
 -2.9029045E-04   532.1398    
 -2.7027063E-04   545.7418    
 -2.5024998E-04   558.5524    
 -2.3023014E-04   570.4700    
 -2.1021030E-04   581.4112    
 -1.9018968E-04   591.3146    
 -1.7016983E-04   600.1426    
 -1.5014999E-04   607.8783    
 -1.3013015E-04   614.5262    
 -1.1011031E-04   620.1135    
 -9.0090471E-05   624.6690    
 -7.0069837E-05   628.2410    
 -5.0049995E-05   630.8698    
 -3.0030156E-05   632.5981    
 -1.0010316E-05   633.4542    
  1.0009524E-05   633.4540    
  3.0029365E-05   632.5979    
  5.0049995E-05   630.8698    
  7.0069837E-05   628.2408    
  9.0090471E-05   624.6689    
  1.1011031E-04   620.1133    
  1.3013015E-04   614.5264    
  1.5015078E-04   607.8780    
  1.7017062E-04   600.1423    
  1.9019046E-04   591.3148    
  2.1021030E-04   581.4113    
  2.3023014E-04   570.4700    
  2.5024998E-04   558.5523    
  2.7027063E-04   545.7418    
  2.9029045E-04   532.1400    
  3.1031031E-04   517.8646    
  3.3033013E-04   503.0410    
  3.5034999E-04   487.8002    
  3.7036982E-04   472.2696    
  3.9039046E-04   456.5699    
  4.1041028E-04   440.8122    
  4.3043093E-04   425.0942    
  4.5045075E-04   409.5040    
  4.7047061E-04   394.1181    
  4.9049046E-04   379.0036    
  5.1051105E-04   364.2208    
  5.3053093E-04   349.8254    
  5.5055076E-04   335.8646    
  5.7057058E-04   322.3774    
  5.9059041E-04   309.3915    
  6.1061030E-04   296.9242    
  6.3063094E-04   284.9785    
  6.5065076E-04   273.5463    
  6.7067059E-04   262.6097    
  6.9069042E-04   252.1439    
  7.1071024E-04   242.1232    
  7.3073013E-04   232.5221    
  7.5075077E-04   223.3202    
  7.7077135E-04   214.5024    
  7.9079124E-04   206.0591    
  8.1081106E-04   197.9837    
  8.3083089E-04   190.2690    
  8.5085072E-04   182.9084    
  8.7087136E-04   175.8914    
  8.9089118E-04   169.2052    
  9.1091107E-04   162.8333    
  9.3093090E-04   156.7595    
  9.5095072E-04   150.9668    
  9.7097055E-04   145.4396    
  9.9099125E-04   140.1651    
  1.0110111E-03   135.1320    
  1.0310309E-03   130.3301    
  1.0510507E-03   125.7494    
  1.0710706E-03   121.3785    
  1.0910904E-03   117.2043    
  1.1111118E-03   113.2131    
  1.1311317E-03   109.3911    
  1.1511515E-03   105.7230    
  1.1711713E-03   102.1981    
  1.1911911E-03   98.80627    
  1.2112111E-03   95.54167    
  1.2312316E-03   92.40121    
  1.2512516E-03   89.38375    
  1.2712714E-03   86.48896    
  1.2912912E-03   83.71583    
  1.3113110E-03   81.06177    
  1.3313309E-03   78.52197    
  1.3513515E-03   76.09024    
  1.3713713E-03   73.75980    
  1.3913912E-03   71.52262    
  1.4114110E-03   69.37303    
  1.4314308E-03   67.30544    
  1.4514514E-03   65.31645    
  1.4714721E-03   63.40427    
  1.4914919E-03   61.56746    
  1.5115119E-03   59.80382    
  1.5315317E-03   58.11082    
  1.5515515E-03   56.48471    
  1.5715713E-03   54.92086    
  1.5915920E-03   53.41379    
  1.6116118E-03   51.95920    
  1.6316316E-03   50.55350    
  1.6516515E-03   49.19423    
  1.6716713E-03   47.88032    
  1.6916911E-03   46.61143    
  1.7117118E-03   45.38684    
  1.7317316E-03   44.20573    
  1.7517515E-03   43.06644    
  1.7717713E-03   41.96605    
  1.7917920E-03   40.90182    
  1.8118126E-03   39.87150    
  1.8318325E-03   38.87411    
  1.8518523E-03   37.90975    
  1.8718721E-03   36.98000    
  1.8918919E-03   36.08710    
  1.9119118E-03   35.23258    
  1.9319324E-03   34.41664    
  1.9519522E-03   33.63767    
  1.9719722E-03   32.89219    
  1.9919919E-03   32.17552    
  2.0120118E-03   31.48268    
  2.0320315E-03   30.80937    
  2.0520522E-03   30.15307    
  2.0720721E-03   29.51342    
  2.0920918E-03   28.89149    
  2.1121118E-03   28.28911    
  2.1321324E-03   27.70786    
  2.1521521E-03   27.14803    
  2.1721728E-03   26.60842    
  2.1921927E-03   26.08577    
  2.2122127E-03   25.57655    
  2.2322324E-03   25.07682    
  2.2522523E-03   24.58372    
  2.2722720E-03   24.09580    
  2.2922927E-03   23.61325    
  2.3123126E-03   23.13702    
  2.3323323E-03   22.66883    
  2.3523523E-03   22.20987    
  2.3723720E-03   21.76021    
  2.3923919E-03   21.31952    
  2.4124125E-03   20.88627    
  2.4324325E-03   20.45949    
  2.4524522E-03   20.03834    
  2.4724728E-03   19.62325    
  2.4924928E-03   19.21528    
  2.5125125E-03   18.81633    
  2.5325331E-03   18.42780    
  2.5525531E-03   18.05087    
  2.5725728E-03   17.68547    
  2.5925927E-03   17.33062    
  2.6126124E-03   16.98475    
  2.6326324E-03   16.64593    
  2.6526530E-03   16.31280    
  2.6726727E-03   15.98476    
  2.6926927E-03   15.66177    
  2.7127126E-03   15.34455    
  2.7327323E-03   15.03378    
  2.7527523E-03   14.73005    
  2.7727729E-03   14.43319    
  2.7927926E-03   14.14281    
  2.8128133E-03   13.85817    
  2.8328332E-03   13.57853    
  2.8528529E-03   13.30359    
  2.8728729E-03   13.03374    
  2.8928935E-03   12.76918    
  2.9129132E-03   12.51042    
  2.9329332E-03   12.25780    
  2.9529529E-03   12.01068    
  2.9729728E-03   11.76785    
  2.9929928E-03   11.52815    
  3.0130134E-03   11.29040    
  3.0330331E-03   11.05413    
  3.0530530E-03   10.82006    
  3.0730728E-03   10.59023    
  3.0930927E-03   10.36750    
  3.1131124E-03   10.15518    
  3.1331331E-03   9.956487    
  3.1531530E-03   9.773487    
  3.1731736E-03   9.607015    
  3.1931933E-03   9.456585    
  3.2132133E-03   9.320410    
  3.2332330E-03   9.196058    
  3.2532536E-03   9.080636    
  3.2732736E-03   8.971382    
  3.2932926E-03   8.866057    
  3.3133132E-03   8.762722    
  3.3333339E-03   8.659861    
  3.3533529E-03   8.556434    
  3.3733735E-03   8.451660    
  3.3933925E-03   8.345194    
  3.4134132E-03   8.237231    
  3.4334338E-03   8.128285    
  3.4534528E-03   8.019541    
  3.4734735E-03   7.912440    
  3.4934927E-03   7.808399    
  3.5135134E-03   7.708802    
  3.5335338E-03   7.614543    
  3.5535544E-03   7.525998    
  3.5735737E-03   7.442938    
  3.5935943E-03   7.364726    
  3.6136133E-03   7.290888    
  3.6336340E-03   7.220688    
  3.6536546E-03   7.153865    
  3.6736736E-03   7.090117    
  3.6936942E-03   7.029201    
  3.7137133E-03   6.970802    
  3.7337339E-03   6.914481    
  3.7537529E-03   6.859417    
  3.7737736E-03   6.804559    
  3.7937942E-03   6.749011    
  3.8138132E-03   6.691994    
  3.8338338E-03   6.632909    
  3.8538529E-03   6.571358    
  3.8738735E-03   6.507174    
  3.8938941E-03   6.440234    
  3.9139134E-03   6.370245    
  3.9339340E-03   6.297170    
  3.9539528E-03   6.220631    
  3.9739734E-03   6.140641    
  3.9939927E-03   6.057523    
  4.0140147E-03   5.971987    
  4.0340354E-03   5.885265    
  4.0540546E-03   5.798673    
  4.0740753E-03   5.713565    
  4.0940940E-03   5.631195    
  4.1141147E-03   5.551893    
  4.1341353E-03   5.475790    
  4.1541546E-03   5.402633    
  4.1741752E-03   5.331970    
  4.1941940E-03   5.263348    
  4.2142146E-03   5.196496    
  4.2342339E-03   5.131653    
  4.2542545E-03   5.068941    
  4.2742752E-03   5.008695    
  4.2942939E-03   4.950856    
  4.3143146E-03   4.894932    
  4.3343338E-03   4.840084    
  4.3543545E-03   4.785259    
  4.3743751E-03   4.729436    
  4.3943943E-03   4.671852    
  4.4144150E-03   4.612327    
  4.4344338E-03   4.551153    
  4.4544544E-03   4.488995    
  4.4744737E-03   4.426739    
  4.4944943E-03   4.365036    
  4.5145149E-03   4.304293    
  4.5345337E-03   4.244699    
  4.5545544E-03   4.186133    
  4.5745736E-03   4.128496    
  4.5945942E-03   4.071997    
  4.6146149E-03   4.016994    
  4.6346337E-03   3.964143    
  4.6546543E-03   3.914116    
  4.6746735E-03   3.867249    
  4.6946956E-03   3.823624    
  4.7147148E-03   3.782464    
  4.7347355E-03   3.742669    
  4.7547561E-03   3.702983    
  4.7747749E-03   3.662060    
  4.7947955E-03   3.619288    
  4.8148148E-03   3.574552    
  4.8348354E-03   3.528706    
  4.8548561E-03   3.483046    
  4.8748748E-03   3.439180    
  4.8948955E-03   3.398772    
  4.9149147E-03   3.362816    
  4.9349354E-03   3.332004    
  4.9549546E-03   3.306283    
  4.9749753E-03   3.285223    
  4.9949959E-03   3.268108    
  5.0150147E-03   3.253959    
  5.0350353E-03   3.241828    
  5.0550546E-03   3.230819    
  5.0750752E-03   3.220098    
  5.0950958E-03   3.208658    
  5.1151146E-03   3.195744    
  5.1351353E-03   3.180656    
  5.1551545E-03   3.162993    
  5.1751751E-03   3.142907    
  5.1951939E-03   3.120779    
  5.2152146E-03   3.097538    
  5.2352352E-03   3.074423    
  5.2552545E-03   3.052505    
  5.2752751E-03   3.032600    
  5.2952939E-03   3.014870    
  5.3153145E-03   2.999029    
  5.3353352E-03   2.984147    
  5.3553544E-03   2.969167    
  5.3753750E-03   2.952954    
  5.3953957E-03   2.934664    
  5.4154163E-03   2.913983    
  5.4354370E-03   2.890851    
  5.4554562E-03   2.865670    
  5.4754764E-03   2.839017    
  5.4954956E-03   2.811160    
  5.5155163E-03   2.782278    
  5.5355355E-03   2.752233    
  5.5555562E-03   2.720714    
  5.5755768E-03   2.687439    
  5.5955956E-03   2.652399    
  5.6156162E-03   2.615929    
  5.6356355E-03   2.578749    
  5.6556561E-03   2.541961    
  5.6756767E-03   2.506667    
  5.6956955E-03   2.473788    
  5.7157162E-03   2.443810    
  5.7357354E-03   2.416806    
  5.7557561E-03   2.392106    
  5.7757748E-03   2.368769    
  5.7957955E-03   2.345555    
  5.8158161E-03   2.321404    
  5.8358354E-03   2.295578    
  5.8558560E-03   2.267585    
  5.8758748E-03   2.237739    
  5.8958954E-03   2.206536    
  5.9159161E-03   2.174740    
  5.9359353E-03   2.143253    
  5.9559559E-03   2.112703    
  5.9759752E-03   2.083648    
  5.9959958E-03   2.056227    
  6.0160146E-03   2.030312    
  6.0360353E-03   2.005816    
  6.0560559E-03   1.982594    
  6.0760765E-03   1.960494    
  6.0960972E-03   1.939689    
  6.1161164E-03   1.920246    
  6.1361371E-03   1.902223    
  6.1561577E-03   1.885677    
  6.1761765E-03   1.870209    
  6.1961971E-03   1.855284    
  6.2162164E-03   1.840159    
  6.2362370E-03   1.824058    
  6.2562558E-03   1.806290    
  6.2762764E-03   1.786639    
  6.2962971E-03   1.765197    
  6.3163163E-03   1.742624    
  6.3363370E-03   1.719845    
  6.3563557E-03   1.698038    
  6.3763764E-03   1.678171    
  6.3963970E-03   1.660934    
  6.4164163E-03   1.646578    
  6.4364369E-03   1.634973    
  6.4564561E-03   1.625404    
  6.4764763E-03   1.617095    
  6.4964956E-03   1.609177    
  6.5165162E-03   1.600799    
  6.5365369E-03   1.591384    
  6.5565561E-03   1.580540    
  6.5765767E-03   1.568120    
  6.5965955E-03   1.554033    
  6.6166162E-03   1.538360    
  6.6366368E-03   1.521289    
  6.6566560E-03   1.503207    
  6.6766767E-03   1.484633    
  6.6966955E-03   1.466135    
  6.7167161E-03   1.448603    
  6.7367353E-03   1.432671    
  6.7567574E-03   1.418901    
  6.7767780E-03   1.407466    
  6.7967973E-03   1.398278    
  6.8168179E-03   1.390812    
  6.8368367E-03   1.384251    
  6.8568573E-03   1.377959    
  6.8768780E-03   1.371405    
  6.8968972E-03   1.364381    
  6.9169179E-03   1.357142    
  6.9369366E-03   1.350220    
  6.9569573E-03   1.344326    
  6.9769779E-03   1.340042    
  6.9969972E-03   1.337596    
  7.0170178E-03   1.336933    
  7.0370371E-03   1.337491    
  7.0570577E-03   1.338557    
  7.0770765E-03   1.339306    
  7.0970971E-03   1.339190    
  7.1171178E-03   1.337854    
  7.1371370E-03   1.335411    
  7.1571576E-03   1.332202    
  7.1771764E-03   1.328562    
  7.1971971E-03   1.324898    
  7.2172177E-03   1.321183    
  7.2372369E-03   1.317365    
  7.2572576E-03   1.313039    
  7.2772764E-03   1.307760    
  7.2972970E-03   1.301313    
  7.3173163E-03   1.293639    
  7.3373369E-03   1.284883    
  7.3573575E-03   1.275589    
  7.3773763E-03   1.266344    
  7.3973970E-03   1.257739    
  7.4174162E-03   1.250194    
  7.4374382E-03   1.243970    
  7.4574589E-03   1.239012    
  7.4774781E-03   1.235134    
  7.4974988E-03   1.231946    
  7.5175175E-03   1.229153    
  7.5375382E-03   1.226311    
  7.5575574E-03   1.223026    
  7.5775781E-03   1.218952    
  7.5975987E-03   1.213593    
  7.6176180E-03   1.206554    
  7.6376386E-03   1.197363    
  7.6576574E-03   1.185847    
  7.6776780E-03   1.171742    
  7.6976987E-03   1.155317    
  7.7177179E-03   1.136900    
  7.7377385E-03   1.117183    
  7.7577573E-03   1.096918    
  7.7777780E-03   1.076894    
  7.7977972E-03   1.057813    
  7.8178179E-03   1.040099    
  7.8378385E-03   1.024107    
  7.8578573E-03   1.009836    
  7.8778779E-03  0.9972553    
  7.8978967E-03  0.9862294    
  7.9179173E-03  0.9766656    
  7.9379380E-03  0.9684883    
  7.9579577E-03  0.9616771    
  7.9779783E-03  0.9563061    
  7.9979971E-03  0.9523748    
  8.0180177E-03  0.9498461    
  8.0380365E-03  0.9485813    
  8.0580572E-03  0.9483456    
  8.0780778E-03  0.9489915    
  8.0980975E-03  0.9500605    
  8.1181191E-03  0.9513243    
  8.1381388E-03  0.9524224    
  8.1581585E-03  0.9530885    
  8.1781792E-03  0.9530813    
  8.1981989E-03  0.9522135    
  8.2182195E-03  0.9503286    
  8.2382383E-03  0.9473922    
  8.2582589E-03  0.9433661    
  8.2782777E-03  0.9384120    
  8.2982983E-03  0.9326424    
  8.3183190E-03  0.9263068    
  8.3383387E-03  0.9197529    
  8.3583593E-03  0.9132630    
  8.3783781E-03  0.9071926    
  8.3983988E-03  0.9017726    
  8.4184194E-03  0.8971878    
  8.4384382E-03  0.8934537    
  8.4584588E-03  0.8905269    
  8.4784776E-03  0.8881322    
  8.4984982E-03  0.8860586    
  8.5185179E-03  0.8838896    
  8.5385386E-03  0.8814537    
  8.5585592E-03  0.8786489    
  8.5785780E-03  0.8755149    
  8.5985987E-03  0.8723415    
  8.6186174E-03  0.8694955    
  8.6386381E-03  0.8675029    
  8.6586587E-03  0.8667907    
  8.6786784E-03  0.8675978    
  8.6986991E-03  0.8699605    
  8.7187178E-03  0.8735334    
  8.7387385E-03  0.8778061    
  8.7587573E-03  0.8821393    
  8.7787779E-03  0.8858703    
  8.7988004E-03  0.8884103    
  8.8188192E-03  0.8895169    
  8.8388398E-03  0.8891519    
  8.8588586E-03  0.8876343    
  8.8788792E-03  0.8853008    
  8.8988999E-03  0.8826640    
  8.9189196E-03  0.8800561    
  8.9389402E-03  0.8776460    
  8.9589590E-03  0.8754089    
  8.9789797E-03  0.8730792    
  8.9990003E-03  0.8703449    
  9.0190191E-03  0.8667423    
  9.0390397E-03  0.8619350    
  9.0590585E-03  0.8557152    
  9.0790791E-03  0.8480615    
  9.0990989E-03  0.8391477    
  9.1191195E-03  0.8292620    
  9.1391401E-03  0.8188549    
  9.1591589E-03  0.8085395    
  9.1791796E-03  0.7987644    
  9.1991983E-03  0.7900081    
  9.2192190E-03  0.7826040    
  9.2392396E-03  0.7766871    
  9.2592593E-03  0.7722658    
  9.2792800E-03  0.7691044    
  9.2992987E-03  0.7668852    
  9.3193194E-03  0.7652712    
  9.3393382E-03  0.7639293    
  9.3593588E-03  0.7625755    
  9.3793795E-03  0.7611498    
  9.3993982E-03  0.7596761    
  9.4194189E-03  0.7582107    
  9.4394386E-03  0.7569103    
  9.4594592E-03  0.7557421    
  9.4794808E-03  0.7546247    
  9.4995005E-03  0.7533706    
  9.5195211E-03  0.7517011    
  9.5395399E-03  0.7493523    
  9.5595606E-03  0.7461190    
  9.5795793E-03  0.7419590    
  9.5996000E-03  0.7369734    
  9.6196206E-03  0.7312742    
  9.6396394E-03  0.7250670    
  9.6596600E-03  0.7184609    
  9.6796798E-03  0.7114355    
  9.6997004E-03  0.7039333    
  9.7197210E-03  0.6957706    
  9.7397398E-03  0.6868927    
  9.7597605E-03  0.6773433    
  9.7797792E-03  0.6674030    
  9.7997999E-03  0.6574205    
  9.8198196E-03  0.6479382    
  9.8398402E-03  0.6394024    
  9.8598609E-03  0.6321035    
  9.8798797E-03  0.6261325    
  9.8999003E-03  0.6212905    
  9.9199191E-03  0.6172395    
  9.9399397E-03  0.6134763    
  9.9599604E-03  0.6096162    
  9.9799791E-03  0.6053214    
  9.9999998E-03  0.6005299    
