 -9.9999998E-03  0.8155529    
 -9.9799801E-03  0.8210914    
 -9.9599604E-03  0.8266624    
 -9.9399397E-03  0.8321332    
 -9.9199200E-03  0.8374236    
 -9.8999003E-03  0.8424996    
 -9.8798806E-03  0.8473521    
 -9.8598599E-03  0.8520050    
 -9.8398402E-03  0.8564437    
 -9.8198196E-03  0.8606976    
 -9.7997999E-03  0.8647707    
 -9.7797792E-03  0.8686459    
 -9.7597595E-03  0.8721830    
 -9.7397398E-03  0.8754478    
 -9.7197201E-03  0.8783844    
 -9.6997004E-03  0.8809350    
 -9.6796798E-03  0.8832161    
 -9.6596600E-03  0.8852464    
 -9.6396394E-03  0.8870879    
 -9.6196197E-03  0.8889449    
 -9.5995991E-03  0.8909423    
 -9.5795793E-03  0.8932440    
 -9.5595596E-03  0.8960360    
 -9.5395399E-03  0.8994291    
 -9.5195202E-03  0.9035863    
 -9.4994996E-03  0.9086053    
 -9.4794799E-03  0.9144643    
 -9.4594592E-03  0.9210983    
 -9.4394395E-03  0.9283725    
 -9.4194189E-03  0.9360636    
 -9.3993992E-03  0.9439731    
 -9.3793795E-03  0.9517875    
 -9.3593597E-03  0.9593660    
 -9.3393400E-03  0.9665272    
 -9.3193194E-03  0.9731023    
 -9.2992997E-03  0.9791062    
 -9.2792800E-03  0.9844714    
 -9.2592593E-03  0.9892770    
 -9.2392387E-03  0.9935451    
 -9.2192190E-03  0.9973314    
 -9.1991993E-03   1.000664    
 -9.1791796E-03   1.003699    
 -9.1591589E-03   1.006479    
 -9.1391392E-03   1.009117    
 -9.1191195E-03   1.011749    
 -9.0990998E-03   1.014423    
 -9.0790791E-03   1.017261    
 -9.0590585E-03   1.020285    
 -9.0390388E-03   1.023524    
 -9.0190191E-03   1.027000    
 -8.9989994E-03   1.030721    
 -8.9789787E-03   1.034625    
 -8.9589590E-03   1.038764    
 -8.9389393E-03   1.043163    
 -8.9189196E-03   1.047816    
 -8.8988990E-03   1.052748    
 -8.8788783E-03   1.058038    
 -8.8588586E-03   1.063596    
 -8.8388389E-03   1.069400    
 -8.8188192E-03   1.075494    
 -8.7987985E-03   1.081756    
 -8.7787788E-03   1.088119    
 -8.7587591E-03   1.094542    
 -8.7387394E-03   1.100942    
 -8.7187197E-03   1.107308    
 -8.6986991E-03   1.113539    
 -8.6786784E-03   1.119605    
 -8.6586587E-03   1.125566    
 -8.6386381E-03   1.131368    
 -8.6186184E-03   1.137215    
 -8.5985987E-03   1.143271    
 -8.5785789E-03   1.149646    
 -8.5585592E-03   1.156647    
 -8.5385386E-03   1.164416    
 -8.5185189E-03   1.173096    
 -8.4984982E-03   1.182708    
 -8.4784785E-03   1.193187    
 -8.4584588E-03   1.204362    
 -8.4384382E-03   1.216059    
 -8.4184185E-03   1.227992    
 -8.3983988E-03   1.240050    
 -8.3783790E-03   1.251965    
 -8.3583584E-03   1.263704    
 -8.3383387E-03   1.275177    
 -8.3183181E-03   1.286311    
 -8.2982983E-03   1.296958    
 -8.2782777E-03   1.306984    
 -8.2582580E-03   1.316264    
 -8.2382383E-03   1.324610    
 -8.2182186E-03   1.331951    
 -8.1981989E-03   1.338210    
 -8.1781782E-03   1.343513    
 -8.1581585E-03   1.348041    
 -8.1381388E-03   1.352124    
 -8.1181182E-03   1.355994    
 -8.0980984E-03   1.360053    
 -8.0780778E-03   1.364527    
 -8.0580581E-03   1.369574    
 -8.0380384E-03   1.375307    
 -8.0180177E-03   1.381711    
 -7.9979990E-03   1.388700    
 -7.9779783E-03   1.396176    
 -7.9579586E-03   1.404000    
 -7.9379380E-03   1.412074    
 -7.9179173E-03   1.420291    
 -7.8978976E-03   1.428527    
 -7.8778779E-03   1.436647    
 -7.8578582E-03   1.444600    
 -7.8378385E-03   1.452272    
 -7.8178179E-03   1.459580    
 -7.7977977E-03   1.466513    
 -7.7777780E-03   1.473034    
 -7.7577573E-03   1.479104    
 -7.7377385E-03   1.484839    
 -7.7177179E-03   1.490220    
 -7.6976977E-03   1.495331    
 -7.6776780E-03   1.500164    
 -7.6576574E-03   1.504784    
 -7.6376377E-03   1.509169    
 -7.6176180E-03   1.513435    
 -7.5975978E-03   1.517653    
 -7.5775781E-03   1.521915    
 -7.5575574E-03   1.526323    
 -7.5375377E-03   1.531007    
 -7.5175175E-03   1.536031    
 -7.4974978E-03   1.541477    
 -7.4774772E-03   1.547391    
 -7.4574575E-03   1.553805    
 -7.4374378E-03   1.560699    
 -7.4174176E-03   1.568204    
 -7.3973970E-03   1.576309    
 -7.3773772E-03   1.585060    
 -7.3573575E-03   1.594497    
 -7.3373378E-03   1.604592    
 -7.3173176E-03   1.615299    
 -7.2972970E-03   1.626486    
 -7.2772773E-03   1.637913    
 -7.2572576E-03   1.649480    
 -7.2372374E-03   1.660904    
 -7.2172168E-03   1.672120    
 -7.1971971E-03   1.683091    
 -7.1771774E-03   1.693864    
 -7.1571576E-03   1.704552    
 -7.1371370E-03   1.715365    
 -7.1171168E-03   1.726396    
 -7.0970971E-03   1.737718    
 -7.0770774E-03   1.749323    
 -7.0570577E-03   1.761114    
 -7.0370371E-03   1.772935    
 -7.0170169E-03   1.784564    
 -6.9969972E-03   1.795920    
 -6.9769775E-03   1.806854    
 -6.9569568E-03   1.817449    
 -6.9369366E-03   1.827839    
 -6.9169169E-03   1.838257    
 -6.8968972E-03   1.849004    
 -6.8768766E-03   1.860250    
 -6.8568569E-03   1.872234    
 -6.8368367E-03   1.885065    
 -6.8168170E-03   1.898741    
 -6.7967973E-03   1.913203    
 -6.7767766E-03   1.928295    
 -6.7567569E-03   1.943980    
 -6.7367367E-03   1.960126    
 -6.7167170E-03   1.976651    
 -6.6966973E-03   1.993543    
 -6.6766767E-03   2.010748    
 -6.6566565E-03   2.028269    
 -6.6366368E-03   2.045997    
 -6.6166166E-03   2.063828    
 -6.5965969E-03   2.081610    
 -6.5765767E-03   2.099322    
 -6.5565566E-03   2.116869    
 -6.5365369E-03   2.134224    
 -6.5165167E-03   2.151585    
 -6.4964965E-03   2.169167    
 -6.4764763E-03   2.187266    
 -6.4564561E-03   2.206198    
 -6.4364364E-03   2.226254    
 -6.4164167E-03   2.247620    
 -6.3963966E-03   2.270497    
 -6.3763764E-03   2.294823    
 -6.3563567E-03   2.320473    
 -6.3363365E-03   2.347247    
 -6.3163163E-03   2.374939    
 -6.2962966E-03   2.403158    
 -6.2762760E-03   2.431637    
 -6.2562563E-03   2.459900    
 -6.2362365E-03   2.487600    
 -6.2162164E-03   2.514340    
 -6.1961962E-03   2.539796    
 -6.1761765E-03   2.563597    
 -6.1561563E-03   2.585552    
 -6.1361361E-03   2.605486    
 -6.1161164E-03   2.623542    
 -6.0960962E-03   2.639776    
 -6.0760761E-03   2.654513    
 -6.0560564E-03   2.667957    
 -6.0360362E-03   2.680477    
 -6.0160165E-03   2.692266    
 -5.9959963E-03   2.703518    
 -5.9759757E-03   2.714280    
 -5.9559559E-03   2.724539    
 -5.9359362E-03   2.734204    
 -5.9159161E-03   2.743117    
 -5.8958959E-03   2.751095    
 -5.8758762E-03   2.758022    
 -5.8558560E-03   2.763837    
 -5.8358363E-03   2.768625    
 -5.8158161E-03   2.772585    
 -5.7957955E-03   2.775938    
 -5.7757758E-03   2.779338    
 -5.7557556E-03   2.783146    
 -5.7357359E-03   2.788143    
 -5.7157157E-03   2.794849    
 -5.6956955E-03   2.803667    
 -5.6756758E-03   2.814938    
 -5.6556561E-03   2.828625    
 -5.6356355E-03   2.844499    
 -5.6156153E-03   2.862183    
 -5.5955956E-03   2.881084    
 -5.5755754E-03   2.900740    
 -5.5555557E-03   2.920645    
 -5.5355355E-03   2.940597    
 -5.5155153E-03   2.960534    
 -5.4954956E-03   2.980527    
 -5.4754759E-03   3.000768    
 -5.4554553E-03   3.021377    
 -5.4354356E-03   3.042567    
 -5.4154154E-03   3.064351    
 -5.3953952E-03   3.086610    
 -5.3753755E-03   3.109291    
 -5.3553558E-03   3.132326    
 -5.3353352E-03   3.155680    
 -5.3153154E-03   3.179398    
 -5.2952953E-03   3.203686    
 -5.2752751E-03   3.228789    
 -5.2552554E-03   3.254934    
 -5.2352352E-03   3.282256    
 -5.2152150E-03   3.310842    
 -5.1951953E-03   3.340650    
 -5.1751756E-03   3.371638    
 -5.1551554E-03   3.403696    
 -5.1351353E-03   3.436712    
 -5.1151151E-03   3.470615    
 -5.0950949E-03   3.505324    
 -5.0750752E-03   3.540756    
 -5.0550550E-03   3.576792    
 -5.0350348E-03   3.613187    
 -5.0150151E-03   3.649881    
 -4.9949954E-03   3.686625    
 -4.9749753E-03   3.723222    
 -4.9549546E-03   3.759829    
 -4.9349349E-03   3.796542    
 -4.9149147E-03   3.833714    
 -4.8948950E-03   3.871738    
 -4.8748748E-03   3.910961    
 -4.8548547E-03   3.951702    
 -4.8348350E-03   3.994234    
 -4.8148152E-03   4.038451    
 -4.7947951E-03   4.084290    
 -4.7747749E-03   4.131358    
 -4.7547547E-03   4.179498    
 -4.7347345E-03   4.228259    
 -4.7147148E-03   4.277524    
 -4.6946951E-03   4.327092    
 -4.6746745E-03   4.376846    
 -4.6546548E-03   4.426751    
 -4.6346351E-03   4.476888    
 -4.6146144E-03   4.527175    
 -4.5945947E-03   4.577492    
 -4.5745745E-03   4.627915    
 -4.5545544E-03   4.678486    
 -4.5345346E-03   4.729183    
 -4.5145149E-03   4.780007    
 -4.4944948E-03   4.830919    
 -4.4744746E-03   4.881927    
 -4.4544549E-03   4.932954    
 -4.4344342E-03   4.983902    
 -4.4144145E-03   5.034706    
 -4.3943943E-03   5.085225    
 -4.3743742E-03   5.135483    
 -4.3543545E-03   5.185663    
 -4.3343347E-03   5.236012    
 -4.3143146E-03   5.286878    
 -4.2942944E-03   5.338604    
 -4.2742742E-03   5.391554    
 -4.2542540E-03   5.446101    
 -4.2342343E-03   5.502417    
 -4.2142146E-03   5.560602    
 -4.1941940E-03   5.620643    
 -4.1741743E-03   5.682429    
 -4.1541546E-03   5.746032    
 -4.1341344E-03   5.811337    
 -4.1141142E-03   5.878452    
 -4.0940936E-03   5.947283    
 -4.0740739E-03   6.017979    
 -4.0540542E-03   6.090611    
 -4.0340340E-03   6.165333    
 -4.0140138E-03   6.242231    
 -3.9939941E-03   6.321516    
 -3.9739739E-03   6.403272    
 -3.9539542E-03   6.487460    
 -3.9339340E-03   6.574166    
 -3.9139139E-03   6.663134    
 -3.8938937E-03   6.754117    
 -3.8738740E-03   6.846648    
 -3.8538538E-03   6.940437    
 -3.8338338E-03   7.035076    
 -3.8138141E-03   7.130527    
 -3.7937937E-03   7.226669    
 -3.7737740E-03   7.323772    
 -3.7537536E-03   7.422281    
 -3.7337334E-03   7.522563    
 -3.7137137E-03   7.624957    
 -3.6936938E-03   7.729841    
 -3.6736736E-03   7.837364    
 -3.6536537E-03   7.947636    
 -3.6336340E-03   8.060676    
 -3.6136135E-03   8.176537    
 -3.5935934E-03   8.295416    
 -3.5735737E-03   8.417476    
 -3.5535533E-03   8.542877    
 -3.5335335E-03   8.671841    
 -3.5135136E-03   8.804113    
 -3.4934934E-03   8.939310    
 -3.4734735E-03   9.076552    
 -3.4534538E-03   9.214715    
 -3.4334336E-03   9.352569    
 -3.4134132E-03   9.488935    
 -3.3933935E-03   9.623001    
 -3.3733733E-03   9.754246    
 -3.3533538E-03   9.882660    
 -3.3333332E-03   10.00868    
 -3.3133132E-03   10.13330    
 -3.2932935E-03   10.25729    
 -3.2732736E-03   10.38189    
 -3.2532536E-03   10.50820    
 -3.2332330E-03   10.63707    
 -3.2132133E-03   10.76940    
 -3.1931933E-03   10.90602    
 -3.1731727E-03   11.04746    
 -3.1531530E-03   11.19445    
 -3.1331331E-03   11.34720    
 -3.1131133E-03   11.50612    
 -3.0930934E-03   11.67117    
 -3.0730737E-03   11.84235    
 -3.0530530E-03   12.01965    
 -3.0330331E-03   12.20302    
 -3.0130134E-03   12.39273    
 -2.9929928E-03   12.58921    
 -2.9729728E-03   12.79321    
 -2.9529529E-03   13.00555    
 -2.9329322E-03   13.22730    
 -2.9129125E-03   13.45884    
 -2.8928926E-03   13.70066    
 -2.8728729E-03   13.95251    
 -2.8528529E-03   14.21371    
 -2.8328332E-03   14.48317    
 -2.8128126E-03   14.75958    
 -2.7927926E-03   15.04182    
 -2.7727729E-03   15.32858    
 -2.7527530E-03   15.61894    
 -2.7327333E-03   15.91237    
 -2.7127133E-03   16.20850    
 -2.6926927E-03   16.50735    
 -2.6726727E-03   16.80896    
 -2.6526521E-03   17.11384    
 -2.6326324E-03   17.42240    
 -2.6126124E-03   17.73528    
 -2.5925927E-03   18.05326    
 -2.5725721E-03   18.37747    
 -2.5525521E-03   18.70886    
 -2.5325324E-03   19.04864    
 -2.5125125E-03   19.39782    
 -2.4924928E-03   19.75761    
 -2.4724728E-03   20.12849    
 -2.4524522E-03   20.51167    
 -2.4324325E-03   20.90726    
 -2.4124125E-03   21.31578    
 -2.3923926E-03   21.73776    
 -2.3723729E-03   22.17341    
 -2.3523530E-03   22.62296    
 -2.3323323E-03   23.08660    
 -2.3123126E-03   23.56438    
 -2.2922920E-03   24.05649    
 -2.2722720E-03   24.56252    
 -2.2522523E-03   25.08263    
 -2.2322324E-03   25.61658    
 -2.2122117E-03   26.16467    
 -2.1921920E-03   26.72685    
 -2.1721721E-03   27.30384    
 -2.1521521E-03   27.89617    
 -2.1321324E-03   28.50451    
 -2.1121125E-03   29.13024    
 -2.0920918E-03   29.77434    
 -2.0720721E-03   30.43789    
 -2.0520522E-03   31.12217    
 -2.0320325E-03   31.82823    
 -2.0120125E-03   32.55670    
 -1.9919928E-03   33.30844    
 -1.9719722E-03   34.08335    
 -1.9519514E-03   34.88185    
 -1.9319316E-03   35.70298    
 -1.9119118E-03   36.54646    
 -1.8918919E-03   37.41169    
 -1.8718721E-03   38.29802    
 -1.8518515E-03   39.20585    
 -1.8318316E-03   40.13511    
 -1.8118118E-03   41.08745    
 -1.7917920E-03   42.06403    
 -1.7717720E-03   43.06729    
 -1.7517522E-03   44.09956    
 -1.7317316E-03   45.16319    
 -1.7117118E-03   46.26086    
 -1.6916919E-03   47.39442    
 -1.6716721E-03   48.56599    
 -1.6516523E-03   49.77716    
 -1.6316324E-03   51.02947    
 -1.6116110E-03   52.32515    
 -1.5915912E-03   53.66641    
 -1.5715713E-03   55.05605    
 -1.5515515E-03   56.49834    
 -1.5315317E-03   57.99786    
 -1.5115110E-03   59.55939    
 -1.4914912E-03   61.18888    
 -1.4714713E-03   62.89161    
 -1.4514514E-03   64.67285    
 -1.4314316E-03   66.53722    
 -1.4114118E-03   68.48820    
 -1.3913912E-03   70.52902    
 -1.3713713E-03   72.66145    
 -1.3513515E-03   74.88800    
 -1.3313317E-03   77.21099    
 -1.3113118E-03   79.63303    
 -1.2912920E-03   82.15798    
 -1.2712706E-03   84.79040    
 -1.2512507E-03   87.53473    
 -1.2312309E-03   90.39742    
 -1.2112111E-03   93.38367    
 -1.1911911E-03   96.49876    
 -1.1711713E-03   99.74806    
 -1.1511507E-03   103.1367    
 -1.1311308E-03   106.6704    
 -1.1111110E-03   110.3554    
 -1.0910912E-03   114.1995    
 -1.0710714E-03   118.2114    
 -1.0510515E-03   122.4014    
 -1.0310309E-03   126.7819    
 -1.0110111E-03   131.3634    
 -9.9099125E-04   136.1578    
 -9.7097136E-04   141.1773    
 -9.5095154E-04   146.4324    
 -9.3093090E-04   151.9343    
 -9.1091025E-04   157.6952    
 -8.9089043E-04   163.7284    
 -8.7087060E-04   170.0500    
 -8.5085072E-04   176.6801    
 -8.3083089E-04   183.6395    
 -8.1081106E-04   190.9526    
 -7.9079042E-04   198.6437    
 -7.7077060E-04   206.7365    
 -7.5075077E-04   215.2527    
 -7.3073088E-04   224.2113    
 -7.1071106E-04   233.6284    
 -6.9069123E-04   243.5190    
 -6.7067059E-04   253.8943    
 -6.5065076E-04   264.7647    
 -6.3063094E-04   276.1414    
 -6.1061105E-04   288.0333    
 -5.9059041E-04   300.4507    
 -5.7057058E-04   313.3969    
 -5.5054994E-04   326.8737    
 -5.3053012E-04   340.8704    
 -5.1051029E-04   355.3695    
 -4.9049046E-04   370.3401    
 -4.7047061E-04   385.7361    
 -4.5045075E-04   401.4980    
 -4.3043014E-04   417.5498    
 -4.1041028E-04   433.8031    
 -3.9039046E-04   450.1549    
 -3.7037060E-04   466.4943    
 -3.5035078E-04   482.6975    
 -3.3033092E-04   498.6350    
 -3.1031031E-04   514.1740    
 -2.9029045E-04   529.1799    
 -2.7027063E-04   543.5205    
 -2.5024998E-04   557.0725    
 -2.3023014E-04   569.7236    
 -2.1021030E-04   581.3796    
 -1.9018968E-04   591.9653    
 -1.7016983E-04   601.4286    
 -1.5014999E-04   609.7444    
 -1.3013015E-04   616.9060    
 -1.1011031E-04   622.9315    
 -9.0090471E-05   627.8544    
 -7.0069837E-05   631.7145    
 -5.0049995E-05   634.5590    
 -3.0030156E-05   636.4305    
 -1.0010316E-05   637.3561    
  1.0009524E-05   637.3555    
  3.0029365E-05   636.4313    
  5.0049995E-05   634.5590    
  7.0069837E-05   631.7145    
  9.0090471E-05   627.8541    
  1.1011031E-04   622.9316    
  1.3013015E-04   616.9058    
  1.5015078E-04   609.7438    
  1.7017062E-04   601.4278    
  1.9019046E-04   591.9659    
  2.1021030E-04   581.3796    
  2.3023014E-04   569.7236    
  2.5024998E-04   557.0724    
  2.7027063E-04   543.5205    
  2.9029045E-04   529.1800    
  3.1031031E-04   514.1740    
  3.3033013E-04   498.6360    
  3.5034999E-04   482.6985    
  3.7036982E-04   466.4950    
  3.9039046E-04   450.1549    
  4.1041028E-04   433.8032    
  4.3043093E-04   417.5494    
  4.5045075E-04   401.4979    
  4.7047061E-04   385.7361    
  4.9049046E-04   370.3403    
  5.1051105E-04   355.3696    
  5.3053093E-04   340.8701    
  5.5055076E-04   326.8731    
  5.7057058E-04   313.3968    
  5.9059041E-04   300.4508    
  6.1061030E-04   288.0340    
  6.3063094E-04   276.1414    
  6.5065076E-04   264.7646    
  6.7067059E-04   253.8942    
  6.9069042E-04   243.5195    
  7.1071024E-04   233.6289    
  7.3073013E-04   224.2117    
  7.5075077E-04   215.2527    
  7.7077135E-04   206.7361    
  7.9079124E-04   198.6434    
  8.1081106E-04   190.9527    
  8.3083089E-04   183.6397    
  8.5085072E-04   176.6800    
  8.7087136E-04   170.0499    
  8.9089118E-04   163.7284    
  9.1091107E-04   157.6952    
  9.3093090E-04   151.9344    
  9.5095072E-04   146.4325    
  9.7097055E-04   141.1777    
  9.9099125E-04   136.1578    
  1.0110111E-03   131.3634    
  1.0310309E-03   126.7818    
  1.0510507E-03   122.4018    
  1.0710706E-03   118.2114    
  1.0910904E-03   114.1995    
  1.1111118E-03   110.3554    
  1.1311317E-03   106.6703    
  1.1511515E-03   103.1365    
  1.1711713E-03   99.74806    
  1.1911911E-03   96.49874    
  1.2112111E-03   93.38367    
  1.2312316E-03   90.39719    
  1.2512516E-03   87.53473    
  1.2712714E-03   84.79022    
  1.2912912E-03   82.15797    
  1.3113110E-03   79.63311    
  1.3313309E-03   77.21108    
  1.3513515E-03   74.88802    
  1.3713713E-03   72.66145    
  1.3913912E-03   70.52904    
  1.4114110E-03   68.48833    
  1.4314308E-03   66.53730    
  1.4514514E-03   64.67286    
  1.4714721E-03   62.89167    
  1.4914919E-03   61.18884    
  1.5115119E-03   59.55933    
  1.5315317E-03   57.99786    
  1.5515515E-03   56.49833    
  1.5715713E-03   55.05607    
  1.5915920E-03   53.66616    
  1.6116118E-03   52.32519    
  1.6316316E-03   51.02958    
  1.6516515E-03   49.77709    
  1.6716713E-03   48.56604    
  1.6916911E-03   47.39462    
  1.7117118E-03   46.26089    
  1.7317316E-03   45.16318    
  1.7517515E-03   44.09957    
  1.7717713E-03   43.06734    
  1.7917920E-03   42.06402    
  1.8118126E-03   41.08734    
  1.8318325E-03   40.13519    
  1.8518523E-03   39.20580    
  1.8718721E-03   38.29802    
  1.8918919E-03   37.41169    
  1.9119118E-03   36.54648    
  1.9319324E-03   35.70289    
  1.9519522E-03   34.88171    
  1.9719722E-03   34.08336    
  1.9919919E-03   33.30850    
  2.0120118E-03   32.55679    
  2.0320315E-03   31.82833    
  2.0520522E-03   31.12216    
  2.0720721E-03   30.43789    
  2.0920918E-03   29.77435    
  2.1121118E-03   29.13027    
  2.1321324E-03   28.50452    
  2.1521521E-03   27.89615    
  2.1721728E-03   27.30383    
  2.1921927E-03   26.72695    
  2.2122127E-03   26.16468    
  2.2322324E-03   25.61657    
  2.2522523E-03   25.08264    
  2.2722720E-03   24.56251    
  2.2922927E-03   24.05641    
  2.3123126E-03   23.56438    
  2.3323323E-03   23.08658    
  2.3523523E-03   22.62293    
  2.3723720E-03   22.17345    
  2.3923919E-03   21.73782    
  2.4124125E-03   21.31578    
  2.4324325E-03   20.90727    
  2.4524522E-03   20.51166    
  2.4724728E-03   20.12849    
  2.4924928E-03   19.75761    
  2.5125125E-03   19.39782    
  2.5325331E-03   19.04863    
  2.5525531E-03   18.70889    
  2.5725728E-03   18.37746    
  2.5925927E-03   18.05327    
  2.6126124E-03   17.73527    
  2.6326324E-03   17.42239    
  2.6526530E-03   17.11375    
  2.6726727E-03   16.80898    
  2.6926927E-03   16.50734    
  2.7127126E-03   16.20852    
  2.7327323E-03   15.91240    
  2.7527523E-03   15.61901    
  2.7727729E-03   15.32857    
  2.7927926E-03   15.04182    
  2.8128133E-03   14.75960    
  2.8328332E-03   14.48316    
  2.8528529E-03   14.21370    
  2.8728729E-03   13.95250    
  2.8928935E-03   13.70066    
  2.9129132E-03   13.45882    
  2.9329332E-03   13.22726    
  2.9529529E-03   13.00555    
  2.9729728E-03   12.79321    
  2.9929928E-03   12.58922    
  3.0130134E-03   12.39275    
  3.0330331E-03   12.20304    
  3.0530530E-03   12.01966    
  3.0730728E-03   11.84239    
  3.0930927E-03   11.67119    
  3.1131124E-03   11.50612    
  3.1331331E-03   11.34721    
  3.1531530E-03   11.19447    
  3.1731736E-03   11.04748    
  3.1931933E-03   10.90602    
  3.2132133E-03   10.76940    
  3.2332330E-03   10.63706    
  3.2532536E-03   10.50819    
  3.2732736E-03   10.38190    
  3.2932926E-03   10.25729    
  3.3133132E-03   10.13329    
  3.3333339E-03   10.00866    
  3.3533529E-03   9.882676    
  3.3733735E-03   9.754179    
  3.3933925E-03   9.622994    
  3.4134132E-03   9.488940    
  3.4334338E-03   9.352583    
  3.4534528E-03   9.214729    
  3.4734735E-03   9.076561    
  3.4934927E-03   8.939341    
  3.5135134E-03   8.804101    
  3.5335338E-03   8.671857    
  3.5535544E-03   8.542858    
  3.5735737E-03   8.417467    
  3.5935943E-03   8.295414    
  3.6136133E-03   8.176571    
  3.6336340E-03   8.060662    
  3.6536546E-03   7.947655    
  3.6736736E-03   7.837373    
  3.6936942E-03   7.729832    
  3.7137133E-03   7.624928    
  3.7337339E-03   7.522523    
  3.7537529E-03   7.422300    
  3.7737736E-03   7.323824    
  3.7937942E-03   7.226711    
  3.8138132E-03   7.130558    
  3.8338338E-03   7.035082    
  3.8538529E-03   6.940458    
  3.8738735E-03   6.846622    
  3.8938941E-03   6.754143    
  3.9139134E-03   6.663142    
  3.9339340E-03   6.574169    
  3.9539528E-03   6.487485    
  3.9739734E-03   6.403298    
  3.9939927E-03   6.321514    
  4.0140147E-03   6.242261    
  4.0340354E-03   6.165278    
  4.0540546E-03   6.090634    
  4.0740753E-03   6.017942    
  4.0940940E-03   5.947293    
  4.1141147E-03   5.878439    
  4.1341353E-03   5.811364    
  4.1541546E-03   5.746027    
  4.1741752E-03   5.682425    
  4.1941940E-03   5.620625    
  4.2142146E-03   5.560576    
  4.2342339E-03   5.502427    
  4.2542545E-03   5.446128    
  4.2742752E-03   5.391619    
  4.2942939E-03   5.338658    
  4.3143146E-03   5.286852    
  4.3343338E-03   5.236037    
  4.3543545E-03   5.185668    
  4.3743751E-03   5.135486    
  4.3943943E-03   5.085200    
  4.4144150E-03   5.034687    
  4.4344338E-03   4.983885    
  4.4544544E-03   4.932998    
  4.4744737E-03   4.881932    
  4.4944943E-03   4.830894    
  4.5145149E-03   4.780004    
  4.5345337E-03   4.729218    
  4.5545544E-03   4.678502    
  4.5745736E-03   4.627969    
  4.5945942E-03   4.577518    
  4.6146149E-03   4.527125    
  4.6346337E-03   4.476923    
  4.6546543E-03   4.426775    
  4.6746735E-03   4.376834    
  4.6946956E-03   4.327097    
  4.7147148E-03   4.277529    
  4.7347355E-03   4.228307    
  4.7547561E-03   4.179465    
  4.7747749E-03   4.131397    
  4.7947955E-03   4.084260    
  4.8148148E-03   4.038472    
  4.8348354E-03   3.994232    
  4.8548561E-03   3.951724    
  4.8748748E-03   3.910963    
  4.8948955E-03   3.871719    
  4.9149147E-03   3.833704    
  4.9349354E-03   3.796566    
  4.9549546E-03   3.759838    
  4.9749753E-03   3.723220    
  4.9949959E-03   3.686619    
  5.0150147E-03   3.649880    
  5.0350353E-03   3.613209    
  5.0550546E-03   3.576720    
  5.0750752E-03   3.540748    
  5.0950958E-03   3.505298    
  5.1151146E-03   3.470627    
  5.1351353E-03   3.436715    
  5.1551545E-03   3.403707    
  5.1751751E-03   3.371636    
  5.1951939E-03   3.340634    
  5.2152146E-03   3.310844    
  5.2352352E-03   3.282256    
  5.2552545E-03   3.254959    
  5.2752751E-03   3.228792    
  5.2952939E-03   3.203702    
  5.3153145E-03   3.179397    
  5.3353352E-03   3.155674    
  5.3553544E-03   3.132321    
  5.3753750E-03   3.109313    
  5.3953957E-03   3.086627    
  5.4154163E-03   3.064353    
  5.4354370E-03   3.042563    
  5.4554562E-03   3.021410    
  5.4754764E-03   3.000759    
  5.4954956E-03   2.980529    
  5.5155163E-03   2.960535    
  5.5355355E-03   2.940590    
  5.5555562E-03   2.920635    
  5.5755768E-03   2.900727    
  5.5955956E-03   2.881084    
  5.6156162E-03   2.862188    
  5.6356355E-03   2.844494    
  5.6556561E-03   2.828632    
  5.6756767E-03   2.814953    
  5.6956955E-03   2.803682    
  5.7157162E-03   2.794861    
  5.7357354E-03   2.788143    
  5.7557561E-03   2.783183    
  5.7757748E-03   2.779320    
  5.7957955E-03   2.775938    
  5.8158161E-03   2.772580    
  5.8358354E-03   2.768656    
  5.8558560E-03   2.763841    
  5.8758748E-03   2.758003    
  5.8958954E-03   2.751067    
  5.9159161E-03   2.743086    
  5.9359353E-03   2.734187    
  5.9559559E-03   2.724536    
  5.9759752E-03   2.714269    
  5.9959958E-03   2.703533    
  6.0160146E-03   2.692267    
  6.0360353E-03   2.680496    
  6.0560559E-03   2.667968    
  6.0760765E-03   2.654515    
  6.0960972E-03   2.639804    
  6.1161164E-03   2.623544    
  6.1361371E-03   2.605496    
  6.1561577E-03   2.585544    
  6.1761765E-03   2.563601    
  6.1961971E-03   2.539786    
  6.2162164E-03   2.514342    
  6.2362370E-03   2.487603    
  6.2562558E-03   2.459892    
  6.2762764E-03   2.431603    
  6.2962971E-03   2.403177    
  6.3163163E-03   2.374939    
  6.3363370E-03   2.347256    
  6.3563557E-03   2.320461    
  6.3763764E-03   2.294819    
  6.3963970E-03   2.270473    
  6.4164163E-03   2.247626    
  6.4364369E-03   2.226252    
  6.4564561E-03   2.206200    
  6.4764763E-03   2.187268    
  6.4964956E-03   2.169162    
  6.5165162E-03   2.151596    
  6.5365369E-03   2.134227    
  6.5565561E-03   2.116852    
  6.5765767E-03   2.099315    
  6.5965955E-03   2.081635    
  6.6166162E-03   2.063805    
  6.6366368E-03   2.045996    
  6.6566560E-03   2.028255    
  6.6766767E-03   2.010756    
  6.6966955E-03   1.993554    
  6.7167161E-03   1.976626    
  6.7367353E-03   1.960126    
  6.7567574E-03   1.943991    
  6.7767780E-03   1.928307    
  6.7967973E-03   1.913206    
  6.8168179E-03   1.898745    
  6.8368367E-03   1.885064    
  6.8568573E-03   1.872239    
  6.8768780E-03   1.860252    
  6.8968972E-03   1.848991    
  6.9169179E-03   1.838251    
  6.9369366E-03   1.827829    
  6.9569573E-03   1.817450    
  6.9769779E-03   1.806813    
  6.9969972E-03   1.795914    
  7.0170178E-03   1.784583    
  7.0370371E-03   1.772943    
  7.0570577E-03   1.761123    
  7.0770765E-03   1.749348    
  7.0970971E-03   1.737717    
  7.1171178E-03   1.726402    
  7.1371370E-03   1.715361    
  7.1571576E-03   1.704554    
  7.1771764E-03   1.693863    
  7.1971971E-03   1.683088    
  7.2172177E-03   1.672119    
  7.2372369E-03   1.660900    
  7.2572576E-03   1.649473    
  7.2772764E-03   1.637925    
  7.2972970E-03   1.626493    
  7.3173163E-03   1.615275    
  7.3373369E-03   1.604599    
  7.3573575E-03   1.594502    
  7.3773763E-03   1.585032    
  7.3973970E-03   1.576308    
  7.4174162E-03   1.568199    
  7.4374382E-03   1.560718    
  7.4574589E-03   1.553802    
  7.4774781E-03   1.547407    
  7.4974988E-03   1.541500    
  7.5175175E-03   1.536041    
  7.5375382E-03   1.531011    
  7.5575574E-03   1.526334    
  7.5775781E-03   1.521925    
  7.5975987E-03   1.517666    
  7.6176180E-03   1.513434    
  7.6376386E-03   1.509168    
  7.6576574E-03   1.504780    
  7.6776780E-03   1.500156    
  7.6976987E-03   1.495346    
  7.7177179E-03   1.490226    
  7.7377385E-03   1.484847    
  7.7577573E-03   1.479112    
  7.7777780E-03   1.473039    
  7.7977972E-03   1.466518    
  7.8178179E-03   1.459575    
  7.8378385E-03   1.452276    
  7.8578573E-03   1.444615    
  7.8778779E-03   1.436643    
  7.8978967E-03   1.428516    
  7.9179173E-03   1.420292    
  7.9379380E-03   1.412075    
  7.9579577E-03   1.404023    
  7.9779783E-03   1.396168    
  7.9979971E-03   1.388674    
  8.0180177E-03   1.381712    
  8.0380365E-03   1.375317    
  8.0580572E-03   1.369581    
  8.0780778E-03   1.364526    
  8.0980975E-03   1.360060    
  8.1181191E-03   1.356000    
  8.1381388E-03   1.352127    
  8.1581585E-03   1.348059    
  8.1781792E-03   1.343525    
  8.1981989E-03   1.338221    
  8.2182195E-03   1.331943    
  8.2382383E-03   1.324608    
  8.2582589E-03   1.316288    
  8.2782777E-03   1.306976    
  8.2982983E-03   1.296948    
  8.3183190E-03   1.286276    
  8.3383387E-03   1.275180    
  8.3583593E-03   1.263692    
  8.3783781E-03   1.251978    
  8.3983988E-03   1.240046    
  8.4184194E-03   1.227985    
  8.4384382E-03   1.216060    
  8.4584588E-03   1.204365    
  8.4784776E-03   1.193181    
  8.4984982E-03   1.182716    
  8.5185179E-03   1.173072    
  8.5385386E-03   1.164408    
  8.5585592E-03   1.156648    
  8.5785780E-03   1.149681    
  8.5985987E-03   1.143271    
  8.6186174E-03   1.137221    
  8.6386381E-03   1.131370    
  8.6586587E-03   1.125565    
  8.6786784E-03   1.119596    
  8.6986991E-03   1.113535    
  8.7187178E-03   1.107299    
  8.7387385E-03   1.100978    
  8.7587573E-03   1.094529    
  8.7787779E-03   1.088120    
  8.7988004E-03   1.081737    
  8.8188192E-03   1.075496    
  8.8388398E-03   1.069439    
  8.8588586E-03   1.063597    
  8.8788792E-03   1.058042    
  8.8988999E-03   1.052763    
  8.9189196E-03   1.047826    
  8.9389402E-03   1.043163    
  8.9589590E-03   1.038766    
  8.9789797E-03   1.034628    
  8.9990003E-03   1.030690    
  9.0190191E-03   1.026992    
  9.0390397E-03   1.023529    
  9.0590585E-03   1.020277    
  9.0790791E-03   1.017257    
  9.0990989E-03   1.014415    
  9.1191195E-03   1.011746    
  9.1391401E-03   1.009124    
  9.1591589E-03   1.006486    
  9.1791796E-03   1.003700    
  9.1991983E-03   1.000693    
  9.2192190E-03  0.9973312    
  9.2392396E-03  0.9935453    
  9.2592593E-03  0.9893036    
  9.2792800E-03  0.9844693    
  9.2992987E-03  0.9790955    
  9.3193194E-03  0.9731014    
  9.3393382E-03  0.9665227    
  9.3593588E-03  0.9593541    
  9.3793795E-03  0.9517903    
  9.3993982E-03  0.9439680    
  9.4194189E-03  0.9360687    
  9.4394386E-03  0.9283625    
  9.4594592E-03  0.9210805    
  9.4794808E-03  0.9144765    
  9.4995005E-03  0.9086152    
  9.5195211E-03  0.9035929    
  9.5395399E-03  0.8994353    
  9.5595606E-03  0.8960432    
  9.5795793E-03  0.8932461    
  9.5996000E-03  0.8909533    
  9.6196206E-03  0.8889612    
  9.6396394E-03  0.8870910    
  9.6596600E-03  0.8852209    
  9.6796798E-03  0.8832185    
  9.6997004E-03  0.8809412    
  9.7197210E-03  0.8783609    
  9.7397398E-03  0.8754516    
  9.7597605E-03  0.8722134    
  9.7797792E-03  0.8686443    
  9.7997999E-03  0.8647719    
  9.8198196E-03  0.8607176    
  9.8398402E-03  0.8564516    
  9.8598609E-03  0.8519881    
  9.8798797E-03  0.8473545    
  9.8999003E-03  0.8425031    
  9.9199191E-03  0.8374420    
  9.9399397E-03  0.8321357    
  9.9599604E-03  0.8266576    
  9.9799791E-03  0.8211194    
  9.9999998E-03  0.8155568    
