           N LOWER =  3  N UPPER=  9  WAVELENGTH (angstroms)=  9231.60
                electronic density(1/cm**3)       1.000E+12
                conversion factor for wlengths=f0 1.251E-01
                wings factor                  =   8.885E-01

T(K)                2.500E+03                5.000E+03                1.000E+04
RO/Debye            1.796E-01                1.270E-01                8.982E-02
width Stark         1.997E+00                1.966E+00                1.917E+00
width incl.Dop.     2.513E+00                2.956E+00                3.542E+00

  0.000E+00  1.632E-01 ( 1.986E-01 )  1.457E-01 ( 2.029E-01 )  1.238E-01 ( 2.090E-01 )
  2.512E-02  1.632E-01 ( 1.985E-01 )  1.456E-01 ( 2.028E-01 )  1.238E-01 ( 2.089E-01 )
  3.981E-02  1.632E-01 ( 1.985E-01 )  1.456E-01 ( 2.027E-01 )  1.238E-01 ( 2.088E-01 )
  6.310E-02  1.631E-01 ( 1.984E-01 )  1.456E-01 ( 2.026E-01 )  1.237E-01 ( 2.087E-01 )
  1.000E-01  1.630E-01 ( 1.983E-01 )  1.455E-01 ( 2.025E-01 )  1.237E-01 ( 2.085E-01 )
  1.585E-01  1.627E-01 ( 1.977E-01 )  1.453E-01 ( 2.019E-01 )  1.236E-01 ( 2.078E-01 )
  2.512E-01  1.620E-01 ( 1.961E-01 )  1.448E-01 ( 2.003E-01 )  1.233E-01 ( 2.061E-01 )
  3.981E-01  1.601E-01 ( 1.921E-01 )  1.436E-01 ( 1.960E-01 )  1.226E-01 ( 2.014E-01 )
  6.310E-01  1.556E-01 ( 1.827E-01 )  1.407E-01 ( 1.861E-01 )  1.209E-01 ( 1.908E-01 )
  1.000E+00  1.449E-01 ( 1.618E-01 )  1.335E-01 ( 1.643E-01 )  1.168E-01 ( 1.677E-01 )
  1.585E+00  1.219E-01 ( 1.226E-01 )  1.173E-01 ( 1.237E-01 )  1.070E-01 ( 1.247E-01 )
  2.512E+00  8.163E-02 ( 7.011E-02 )  8.585E-02 ( 6.950E-02 )  8.624E-02 ( 6.822E-02 )
  3.981E+00  3.627E-02 ( 2.844E-02 )  4.277E-02 ( 2.743E-02 )  5.152E-02 ( 2.619E-02 )
  6.310E+00  1.085E-02 ( 9.321E-03 )  1.241E-02 ( 8.831E-03 )  1.713E-02 ( 8.314E-03 )
  1.000E+01  3.085E-03 ( 2.908E-03 )  3.106E-03 ( 2.733E-03 )  3.475E-03 ( 2.561E-03 )
  1.585E+01  9.339E-04 ( 9.134E-04 )  9.015E-04 ( 8.617E-04 )  8.863E-04 ( 8.050E-04 )
  2.512E+01  2.922E-04 ( 2.898E-04 )  2.800E-04 ( 2.752E-04 )  2.675E-04 ( 2.584E-04 )
  3.981E+01  9.062E-05 ( 9.030E-05 )  8.760E-05 ( 8.699E-05 )  8.357E-05 ( 8.242E-05 )
  6.310E+01  2.889E-05 ( 2.885E-05 )  2.822E-05 ( 2.815E-05 )  2.710E-05 ( 2.696E-05 )
  1.000E+02  8.959E-06 ( 8.954E-06 )  9.056E-06 ( 9.046E-06 )  8.796E-06 ( 8.777E-06 )
  1.585E+02  2.831E-06 ( 2.830E-06 )  2.832E-06 ( 2.830E-06 )  2.840E-06 ( 2.838E-06 )
  2.512E+02  8.965E-07 ( 8.964E-07 )  8.968E-07 ( 8.966E-07 )  8.970E-07 ( 8.967E-07 )
  3.981E+02  2.846E-07 ( 2.846E-07 )  2.846E-07 ( 2.846E-07 )  2.847E-07 ( 2.846E-07 )
  6.310E+02  9.066E-08 ( 9.066E-08 )  9.066E-08 ( 9.066E-08 )  9.066E-08 ( 9.066E-08 )
  1.000E+03  2.829E-08 ( 2.829E-08 )  2.899E-08 ( 2.899E-08 )  2.899E-08 ( 2.899E-08 )
  1.585E+03  8.980E-09 ( 8.980E-09 )  8.980E-09 ( 8.980E-09 )  9.334E-09 ( 9.334E-09 )
  2.512E+03                           2.857E-09 ( 2.857E-09 )  2.857E-09 ( 2.857E-09 )
  3.981E+03                                                    9.122E-10 ( 9.122E-10 )

T(K)                1.995E+04                3.981E+04                7.943E+04
RO/Debye            6.358E-02                4.501E-02                3.187E-02
width Stark         1.851E+00                1.758E+00                1.621E+00
width incl.Dop.     4.534E+00                5.894E+00                8.043E+00

  0.000E+00  9.999E-02 ( 2.168E-01 )  7.739E-02 ( 2.272E-01 )  5.796E-02 ( 2.416E-01 )
  3.981E-02  9.999E-02 ( 2.165E-01 )  7.739E-02 ( 2.268E-01 )  5.796E-02 ( 2.411E-01 )
  6.310E-02  9.998E-02 ( 2.163E-01 )  7.739E-02 ( 2.266E-01 )  5.796E-02 ( 2.409E-01 )
  1.000E-01  9.996E-02 ( 2.160E-01 )  7.738E-02 ( 2.263E-01 )  5.796E-02 ( 2.405E-01 )
  1.585E-01  9.990E-02 ( 2.155E-01 )  7.735E-02 ( 2.258E-01 )  5.795E-02 ( 2.398E-01 )
  2.512E-01  9.977E-02 ( 2.135E-01 )  7.729E-02 ( 2.235E-01 )  5.792E-02 ( 2.370E-01 )
  3.981E-01  9.943E-02 ( 2.085E-01 )  7.714E-02 ( 2.178E-01 )  5.786E-02 ( 2.304E-01 )
  6.310E-01  9.858E-02 ( 1.970E-01 )  7.677E-02 ( 2.048E-01 )  5.771E-02 ( 2.151E-01 )
  1.000E+00  9.649E-02 ( 1.718E-01 )  7.583E-02 ( 1.767E-01 )  5.733E-02 ( 1.820E-01 )
  1.585E+00  9.143E-02 ( 1.254E-01 )  7.353E-02 ( 1.252E-01 )  5.637E-02 ( 1.233E-01 )
  2.512E+00  7.995E-02 ( 6.614E-02 )  6.807E-02 ( 6.308E-02 )  5.405E-02 ( 5.881E-02 )
  3.981E+00  5.742E-02 ( 2.475E-02 )  5.615E-02 ( 2.314E-02 )  4.865E-02 ( 2.132E-02 )
  6.310E+00  2.617E-02 ( 7.814E-03 )  3.491E-02 ( 7.316E-03 )  3.738E-02 ( 6.815E-03 )
  1.000E+01  5.374E-03 ( 2.397E-03 )  1.134E-02 ( 2.250E-03 )  1.949E-02 ( 2.114E-03 )
  1.585E+01  9.171E-04 ( 7.229E-04 )  1.401E-03 ( 6.762E-04 )  4.193E-03 ( 6.358E-04 )
  2.512E+01  2.516E-04 ( 2.350E-04 )  2.559E-04 ( 2.191E-04 )  3.396E-04 ( 2.048E-04 )
  3.981E+01  7.932E-05 ( 7.719E-05 )  7.604E-05 ( 7.192E-05 )  7.546E-05 ( 6.701E-05 )
  6.310E+01  2.570E-05 ( 2.544E-05 )  2.425E-05 ( 2.376E-05 )  2.308E-05 ( 2.213E-05 )
  1.000E+02  8.398E-06 ( 8.363E-06 )  7.924E-06 ( 7.860E-06 )  7.454E-06 ( 7.332E-06 )
  1.585E+02  2.742E-06 ( 2.738E-06 )  2.605E-06 ( 2.597E-06 )  2.448E-06 ( 2.432E-06 )
  2.512E+02  8.915E-07 ( 8.909E-07 )  8.552E-07 ( 8.541E-07 )  8.081E-07 ( 8.061E-07 )
  3.981E+02  2.879E-07 ( 2.879E-07 )  2.796E-07 ( 2.794E-07 )  2.666E-07 ( 2.663E-07 )
  6.310E+02  9.067E-08 ( 9.066E-08 )  9.096E-08 ( 9.094E-08 )  8.777E-08 ( 8.774E-08 )
  1.000E+03  2.898E-08 ( 2.898E-08 )  2.899E-08 ( 2.899E-08 )  2.879E-08 ( 2.879E-08 )
  1.585E+03  9.333E-09 ( 9.333E-09 )  9.333E-09 ( 9.333E-09 )  9.434E-09 ( 9.434E-09 )
  2.512E+03  2.857E-09 ( 2.857E-09 )  3.036E-09 ( 3.036E-09 )  3.038E-09 ( 3.038E-09 )
  3.981E+03  9.120E-10 ( 9.120E-10 )  9.120E-10 ( 9.120E-10 )  1.004E-09 ( 1.004E-09 )

T(K)                1.585E+05                3.162E+05                6.310E+05
RO/Debye            2.256E-02                1.597E-02                1.131E-02
width Stark         1.480E+00                1.327E+00                1.141E+00
width incl.Dop.     1.108E+01                1.522E+01                2.143E+01

  0.000E+00  4.249E-02 ( 2.622E-01 )  3.071E-02 ( 2.921E-01 )  2.202E-02 ( 3.352E-01 )
  2.512E-02  4.249E-02 ( 2.620E-01 )  3.071E-02 ( 2.918E-01 )  2.202E-02 ( 3.348E-01 )
  3.981E-02  4.249E-02 ( 2.618E-01 )  3.071E-02 ( 2.916E-01 )  2.202E-02 ( 3.346E-01 )
  6.310E-02  4.249E-02 ( 2.616E-01 )  3.071E-02 ( 2.913E-01 )  2.202E-02 ( 3.342E-01 )
  1.000E-01  4.249E-02 ( 2.613E-01 )  3.071E-02 ( 2.908E-01 )  2.202E-02 ( 3.336E-01 )
  1.585E-01  4.248E-02 ( 2.600E-01 )  3.071E-02 ( 2.889E-01 )  2.201E-02 ( 3.299E-01 )
  2.512E-01  4.248E-02 ( 2.563E-01 )  3.071E-02 ( 2.837E-01 )  2.201E-02 ( 3.218E-01 )
  3.981E-01  4.245E-02 ( 2.479E-01 )  3.070E-02 ( 2.717E-01 )  2.201E-02 ( 3.029E-01 )
  6.310E-01  4.239E-02 ( 2.283E-01 )  3.068E-02 ( 2.446E-01 )  2.200E-02 ( 2.622E-01 )
  1.000E+00  4.224E-02 ( 1.871E-01 )  3.062E-02 ( 1.902E-01 )  2.198E-02 ( 1.890E-01 )
  1.585E+00  4.187E-02 ( 1.189E-01 )  3.048E-02 ( 1.112E-01 )  2.193E-02 ( 1.004E-01 )
  2.512E+00  4.096E-02 ( 5.357E-02 )  3.013E-02 ( 4.748E-02 )  2.180E-02 ( 4.089E-02 )
  3.981E+00  3.874E-02 ( 1.929E-02 )  2.928E-02 ( 1.707E-02 )  2.149E-02 ( 1.474E-02 )
  6.310E+00  3.370E-02 ( 6.281E-03 )  2.725E-02 ( 5.694E-03 )  2.071E-02 ( 5.044E-03 )
  1.000E+01  2.378E-02 ( 1.985E-03 )  2.274E-02 ( 1.844E-03 )  1.889E-02 ( 1.680E-03 )
  1.585E+01  1.002E-02 ( 6.266E-04 )  1.446E-02 ( 5.913E-04 )  1.498E-02 ( 5.516E-04 )
  2.512E+01  1.322E-03 ( 1.926E-04 )  4.701E-03 ( 1.824E-04 )  8.386E-03 ( 1.795E-04 )
  3.981E+01  8.666E-05 ( 6.269E-05 )  3.475E-04 ( 5.903E-05 )  1.984E-03 ( 5.601E-05 )
  6.310E+01  2.259E-05 ( 2.063E-05 )  2.393E-05 ( 1.932E-05 )  7.643E-05 ( 1.822E-05 )
  1.000E+02  7.053E-06 ( 6.825E-06 )  6.823E-06 ( 6.369E-06 )  6.983E-06 ( 5.978E-06 )
  1.585E+02  2.295E-06 ( 2.266E-06 )  2.165E-06 ( 2.109E-06 )  2.080E-06 ( 1.971E-06 )
  2.512E+02  7.568E-07 ( 7.530E-07 )  7.079E-07 ( 7.008E-07 )  6.669E-07 ( 6.532E-07 )
  3.981E+02  2.509E-07 ( 2.504E-07 )  2.344E-07 ( 2.335E-07 )  2.189E-07 ( 2.172E-07 )
  6.310E+02  8.327E-08 ( 8.321E-08 )  7.805E-08 ( 7.792E-08 )  7.280E-08 ( 7.257E-08 )
  1.000E+03  2.761E-08 ( 2.760E-08 )  2.606E-08 ( 2.604E-08 )  2.436E-08 ( 2.433E-08 )
  1.585E+03  9.157E-09 ( 9.156E-09 )  8.726E-09 ( 8.723E-09 )  8.201E-09 ( 8.197E-09 )
  2.512E+03  3.044E-09 ( 3.044E-09 )  2.934E-09 ( 2.934E-09 )  2.781E-09 ( 2.780E-09 )

T(K)                1.259E+06
RO/Debye            8.005E-03
width Stark         9.331E-03
width incl.Dop.     3.009E+00

  0.000E+00  1.570E-02 ( 3.964E-01 )
  2.512E-02  1.570E-02 ( 3.955E-01 )
  3.981E-02  1.570E-02 ( 3.950E-01 )
  6.310E-02  1.570E-02 ( 3.942E-01 )
  1.000E-01  1.570E-02 ( 3.929E-01 )
  1.585E-01  1.570E-02 ( 3.868E-01 )
  2.512E-01  1.570E-02 ( 3.725E-01 )
  3.981E-01  1.570E-02 ( 3.405E-01 )
  6.310E-01  1.569E-02 ( 2.772E-01 )
  1.000E+00  1.569E-02 ( 1.807E-01 )
  1.585E+00  1.567E-02 ( 8.724E-02 )
  2.512E+00  1.562E-02 ( 3.430E-02 )
  3.981E+00  1.551E-02 ( 1.243E-02 )
  6.310E+00  1.522E-02 ( 4.353E-03 )
  1.000E+01  1.453E-02 ( 1.491E-03 )
  1.585E+01  1.292E-02 ( 5.029E-04 )
  2.512E+01  9.621E-03 ( 1.672E-04 )
  3.981E+01  4.598E-03 ( 5.407E-05 )
  6.310E+01  7.328E-04 ( 1.733E-05 )
  1.000E+02  1.472E-05 ( 5.652E-06 )
  1.585E+02  2.085E-06 ( 1.855E-06 )
  2.512E+02  6.382E-07 ( 6.117E-07 )
  3.981E+02  2.061E-07 ( 2.028E-07 )
  6.310E+02  6.800E-08 ( 6.757E-08 )
  1.000E+03  2.270E-08 ( 2.264E-08 )
  1.585E+03  7.650E-09 ( 7.643E-09 )
  2.512E+03  2.604E-09 ( 2.603E-09 )
  3.981E+03  8.985E-10 ( 8.984E-10 )
  6.310E+03  3.165E-10 ( 3.164E-10 )
  1.000E+04  1.150E-10 ( 1.150E-10 )
  1.585E+04  4.389E-11 ( 4.389E-11 )
  2.512E+04  1.794E-11 ( 1.794E-11 )
  3.981E+04  7.916E-12 ( 7.916E-12 )
