 -2.0000001E-03   2.537111    
 -1.9959963E-03   2.509234    
 -1.9919921E-03   2.525338    
 -1.9879881E-03   2.605936    
 -1.9839841E-03   2.707045    
 -1.9799802E-03   2.758847    
 -1.9759762E-03   2.732523    
 -1.9719722E-03   2.669236    
 -1.9679682E-03   2.642987    
 -1.9639642E-03   2.690786    
 -1.9599602E-03   2.776874    
 -1.9559562E-03   2.826922    
 -1.9519520E-03   2.800078    
 -1.9479481E-03   2.728262    
 -1.9439441E-03   2.687182    
 -1.9399400E-03   2.723167    
 -1.9359362E-03   2.810321    
 -1.9319321E-03   2.874273    
 -1.9279281E-03   2.863745    
 -1.9239242E-03   2.798762    
 -1.9199200E-03   2.750502    
 -1.9159161E-03   2.770804    
 -1.9119122E-03   2.843310    
 -1.9079080E-03   2.899902    
 -1.9039041E-03   2.888235    
 -1.8999000E-03   2.823398    
 -1.8958960E-03   2.772774    
 -1.8918922E-03   2.789792    
 -1.8878881E-03   2.860550    
 -1.8838841E-03   2.916986    
 -1.8798800E-03   2.903370    
 -1.8758760E-03   2.831066    
 -1.8718721E-03   2.769634    
 -1.8678680E-03   2.778700    
 -1.8638640E-03   2.849699    
 -1.8598601E-03   2.913685    
 -1.8558560E-03   2.906711    
 -1.8518521E-03   2.832752    
 -1.8478479E-03   2.760294    
 -1.8438440E-03   2.758016    
 -1.8398401E-03   2.829118    
 -1.8358360E-03   2.910437    
 -1.8318320E-03   2.935777    
 -1.8278279E-03   2.900218    
 -1.8238240E-03   2.864141    
 -1.8198200E-03   2.891968    
 -1.8158159E-03   2.984387    
 -1.8118119E-03   3.072385    
 -1.8078081E-03   3.081351    
 -1.8038040E-03   3.002817    
 -1.7998000E-03   2.907066    
 -1.7957959E-03   2.881121    
 -1.7917920E-03   2.950638    
 -1.7877880E-03   3.059047    
 -1.7837839E-03   3.121124    
 -1.7797799E-03   3.101531    
 -1.7757760E-03   3.043677    
 -1.7717719E-03   3.022938    
 -1.7677679E-03   3.074343    
 -1.7637638E-03   3.160669    
 -1.7597600E-03   3.213743    
 -1.7557560E-03   3.201181    
 -1.7517519E-03   3.156965    
 -1.7477479E-03   3.143325    
 -1.7437440E-03   3.186854    
 -1.7397399E-03   3.251703    
 -1.7357359E-03   3.278784    
 -1.7317318E-03   3.247797    
 -1.7277279E-03   3.201894    
 -1.7237237E-03   3.206143    
 -1.7197198E-03   3.282034    
 -1.7157159E-03   3.381925    
 -1.7117118E-03   3.433215    
 -1.7077079E-03   3.408596    
 -1.7037039E-03   3.354050    
 -1.6996998E-03   3.347705    
 -1.6956959E-03   3.422931    
 -1.6916919E-03   3.536689    
 -1.6876878E-03   3.609400    
 -1.6836839E-03   3.600508    
 -1.6796797E-03   3.546930    
 -1.6756759E-03   3.524875    
 -1.6716719E-03   3.573562    
 -1.6676678E-03   3.654385    
 -1.6636639E-03   3.686298    
 -1.6596598E-03   3.626894    
 -1.6556558E-03   3.515638    
 -1.6516518E-03   3.443066    
 -1.6476478E-03   3.468108    
 -1.6436438E-03   3.567419    
 -1.6396398E-03   3.661131    
 -1.6356357E-03   3.691460    
 -1.6316319E-03   3.677587    
 -1.6276278E-03   3.692160    
 -1.6236238E-03   3.785152    
 -1.6196198E-03   3.927662    
 -1.6156157E-03   4.034356    
 -1.6116118E-03   4.040946    
 -1.6076078E-03   3.967717    
 -1.6036037E-03   3.900990    
 -1.5995997E-03   3.914175    
 -1.5955957E-03   4.003203    
 -1.5915917E-03   4.093546    
 -1.5875878E-03   4.115875    
 -1.5835837E-03   4.072987    
 -1.5795798E-03   4.036846    
 -1.5755757E-03   4.078011    
 -1.5715717E-03   4.196568    
 -1.5675678E-03   4.323831    
 -1.5635637E-03   4.385912    
 -1.5595597E-03   4.374151    
 -1.5555557E-03   4.348684    
 -1.5515516E-03   4.376150    
 -1.5475478E-03   4.464736    
 -1.5435437E-03   4.558305    
 -1.5395397E-03   4.593549    
 -1.5355357E-03   4.563293    
 -1.5315317E-03   4.521847    
 -1.5275277E-03   4.526342    
 -1.5235236E-03   4.579053    
 -1.5195196E-03   4.624230    
 -1.5155156E-03   4.608009    
 -1.5115116E-03   4.538038    
 -1.5075076E-03   4.482942    
 -1.5035035E-03   4.508230    
 -1.4994997E-03   4.611342    
 -1.4954957E-03   4.718944    
 -1.4914917E-03   4.753897    
 -1.4874877E-03   4.705679    
 -1.4834836E-03   4.639756    
 -1.4794796E-03   4.632576    
 -1.4754756E-03   4.701701    
 -1.4714716E-03   4.792023    
 -1.4674676E-03   4.836015    
 -1.4634635E-03   4.822543    
 -1.4594595E-03   4.808196    
 -1.4554557E-03   4.855878    
 -1.4514516E-03   4.965988    
 -1.4474476E-03   5.068582    
 -1.4434436E-03   5.088314    
 -1.4394395E-03   5.021826    
 -1.4354356E-03   4.945949    
 -1.4314316E-03   4.948486    
 -1.4274275E-03   5.044959    
 -1.4234236E-03   5.162101    
 -1.4194195E-03   5.207240    
 -1.4154156E-03   5.157355    
 -1.4114116E-03   5.083201    
 -1.4074075E-03   5.081911    
 -1.4034036E-03   5.185833    
 -1.3993995E-03   5.330797    
 -1.3953955E-03   5.420248    
 -1.3913916E-03   5.417457    
 -1.3873874E-03   5.379549    
 -1.3833835E-03   5.397453    
 -1.3793795E-03   5.503570    
 -1.3753754E-03   5.635411    
 -1.3713716E-03   5.695326    
 -1.3673675E-03   5.648505    
 -1.3633635E-03   5.560727    
 -1.3593596E-03   5.536856    
 -1.3553554E-03   5.619611    
 -1.3513515E-03   5.745127    
 -1.3473475E-03   5.802159    
 -1.3433434E-03   5.740961    
 -1.3393395E-03   5.625501    
 -1.3353354E-03   5.577124    
 -1.3313314E-03   5.660648    
 -1.3273275E-03   5.821799    
 -1.3233233E-03   5.938023    
 -1.3193195E-03   5.935327    
 -1.3153154E-03   5.858182    
 -1.3113114E-03   5.827691    
 -1.3073074E-03   5.924525    
 -1.3033034E-03   6.110414    
 -1.2992994E-03   6.263222    
 -1.2952955E-03   6.292684    
 -1.2912914E-03   6.224822    
 -1.2872875E-03   6.177034    
 -1.2832835E-03   6.244357    
 -1.2792794E-03   6.410544    
 -1.2752755E-03   6.566188    
 -1.2712714E-03   6.616858    
 -1.2672674E-03   6.574281    
 -1.2632634E-03   6.542204    
 -1.2592594E-03   6.610414    
 -1.2552554E-03   6.763662    
 -1.2512513E-03   6.893552    
 -1.2472473E-03   6.902632    
 -1.2432433E-03   6.802839    
 -1.2392394E-03   6.706178    
 -1.2352354E-03   6.719262    
 -1.2312314E-03   6.842847    
 -1.2272274E-03   6.971710    
 -1.2232234E-03   7.001085    
 -1.2192193E-03   6.928769    
 -1.2152153E-03   6.859410    
 -1.2112113E-03   6.901808    
 -1.2072073E-03   7.058998    
 -1.2032033E-03   7.222187    
 -1.1991992E-03   7.272873    
 -1.1951954E-03   7.198534    
 -1.1911913E-03   7.108130    
 -1.1871873E-03   7.130525    
 -1.1831833E-03   7.293865    
 -1.1791792E-03   7.500052    
 -1.1751753E-03   7.621437    
 -1.1711712E-03   7.624240    
 -1.1671672E-03   7.598624    
 -1.1631633E-03   7.671478    
 -1.1591592E-03   7.878528    
 -1.1551552E-03   8.126548    
 -1.1511513E-03   8.279250    
 -1.1471473E-03   8.285166    
 -1.1431432E-03   8.224160    
 -1.1391392E-03   8.227633    
 -1.1351353E-03   8.353077    
 -1.1311313E-03   8.533782    
 -1.1271272E-03   8.650202    
 -1.1231232E-03   8.656655    
 -1.1191192E-03   8.630816    
 -1.1151151E-03   8.698427    
 -1.1111113E-03   8.906699    
 -1.1071071E-03   9.166526    
 -1.1031033E-03   9.328774    
 -1.0990992E-03   9.320539    
 -1.0950952E-03   9.214606    
 -1.0910912E-03   9.160642    
 -1.0870872E-03   9.246911    
 -1.0830831E-03   9.420872    
 -1.0790792E-03   9.544509    
 -1.0750751E-03   9.531800    
 -1.0710711E-03   9.436749    
 -1.0670673E-03   9.405604    
 -1.0630632E-03   9.544003    
 -1.0590592E-03   9.820332    
 -1.0550552E-03   10.09928    
 -1.0510512E-03   10.26704    
 -1.0470471E-03   10.32700    
 -1.0430432E-03   10.37972    
 -1.0390391E-03   10.50846    
 -1.0350351E-03   10.69567    
 -1.0310311E-03   10.84398    
 -1.0270271E-03   10.88438    
 -1.0230232E-03   10.85620    
 -1.0190191E-03   10.87604    
 -1.0150151E-03   11.02248    
 -1.0110112E-03   11.25536    
 -1.0070070E-03   11.44736    
 -1.0030031E-03   11.50640    
 -9.9899911E-04   11.46691    
 -9.9499500E-04   11.46002    
 -9.9099113E-04   11.58962    
 -9.8698703E-04   11.83604    
 -9.8298315E-04   12.07425    
 -9.7897905E-04   12.19911    
 -9.7497512E-04   12.22818    
 -9.7097107E-04   12.28199    
 -9.6696703E-04   12.46390    
 -9.6296304E-04   12.75250    
 -9.5895911E-04   13.01537    
 -9.5495506E-04   13.13756    
 -9.5095101E-04   13.13625    
 -9.4694702E-04   13.15398    
 -9.4294309E-04   13.33044    
 -9.3893893E-04   13.67392    
 -9.3493500E-04   14.05012    
 -9.3093107E-04   14.30004    
 -9.2692696E-04   14.37661    
 -9.2292303E-04   14.37377    
 -9.1891899E-04   14.42935    
 -9.1491506E-04   14.60105    
 -9.1091095E-04   14.82995    
 -9.0690702E-04   15.01994    
 -9.0290298E-04   15.14396    
 -8.9889899E-04   15.26835    
 -8.9489494E-04   15.47509    
 -8.9089101E-04   15.76835    
 -8.8688690E-04   16.06364    
 -8.8288297E-04   16.27268    
 -8.7887893E-04   16.39711    
 -8.7487500E-04   16.53263    
 -8.7087089E-04   16.77498    
 -8.6686696E-04   17.12115    
 -8.6286303E-04   17.46886    
 -8.5885887E-04   17.71661    
 -8.5485494E-04   17.86499    
 -8.5085095E-04   18.01625    
 -8.4684690E-04   18.26777    
 -8.4284286E-04   18.61167    
 -8.3883893E-04   18.93926    
 -8.3483494E-04   19.15667    
 -8.3083089E-04   19.29364    
 -8.2682684E-04   19.48650    
 -8.2282291E-04   19.84721    
 -8.1881881E-04   20.33778    
 -8.1481488E-04   20.78221    
 -8.1081083E-04   21.02030    
 -8.0680696E-04   21.06112    
 -8.0280280E-04   21.08639    
 -7.9879886E-04   21.29610    
 -7.9479493E-04   21.72955    
 -7.9079083E-04   22.23511    
 -7.8678690E-04   22.61439    
 -7.8278285E-04   22.81399    
 -7.7877886E-04   22.97210    
 -7.7477482E-04   23.28434    
 -7.7077089E-04   23.81236    
 -7.6676684E-04   24.41524    
 -7.6276285E-04   24.87552    
 -7.5875880E-04   25.10049    
 -7.5475487E-04   25.20174    
 -7.5075077E-04   25.39219    
 -7.4674684E-04   25.78976    
 -7.4274279E-04   26.32351    
 -7.3873874E-04   26.82092    
 -7.3473481E-04   27.18390    
 -7.3073083E-04   27.47447    
 -7.2672690E-04   27.83401    
 -7.2272273E-04   28.32506    
 -7.1871880E-04   28.86399    
 -7.1471481E-04   29.31638    
 -7.1071077E-04   29.65832    
 -7.0670672E-04   30.02503    
 -7.0270279E-04   30.58647    
 -6.9869880E-04   31.35930    
 -6.9469475E-04   32.15288    
 -6.9069071E-04   32.71867    
 -6.8668678E-04   32.97979    
 -6.8268267E-04   33.11604    
 -6.7867874E-04   33.42185    
 -6.7467469E-04   34.05220    
 -6.7067071E-04   34.89830    
 -6.6666678E-04   35.70922    
 -6.6266273E-04   36.33906    
 -6.5865880E-04   36.89201    
 -6.5465469E-04   37.61063    
 -6.5065076E-04   38.62767    
 -6.4664672E-04   39.81828    
 -6.4264267E-04   40.90516    
 -6.3863868E-04   41.71758    
 -6.3463475E-04   42.34851    
 -6.3063059E-04   43.06158    
 -6.2662666E-04   44.02003    
 -6.2262267E-04   45.11852    
 -6.1861874E-04   46.07457    
 -6.1461458E-04   46.71050    
 -6.1061064E-04   47.14484    
 -6.0660666E-04   47.70309    
 -6.0260261E-04   48.62962    
 -5.9859868E-04   49.86181    
 -5.9459469E-04   51.10162    
 -5.9059076E-04   52.10649    
 -5.8658660E-04   52.93219    
 -5.8258267E-04   53.88422    
 -5.7857868E-04   55.23290    
 -5.7457463E-04   56.95645    
 -5.7057058E-04   58.77041    
 -5.6656665E-04   60.40347    
 -5.6256255E-04   61.85975    
 -5.5855862E-04   63.39421    
 -5.5455457E-04   65.23910    
 -5.5055064E-04   67.34108    
 -5.4654654E-04   69.38640    
 -5.4254261E-04   71.08424    
 -5.3853856E-04   72.44903    
 -5.3453457E-04   73.78667    
 -5.3053064E-04   75.40543    
 -5.2652659E-04   77.32489    
 -5.2252255E-04   79.28622    
 -5.1851856E-04   81.03981    
 -5.1451463E-04   82.63981    
 -5.1051058E-04   84.42828    
 -5.0650653E-04   86.71641    
 -5.0250255E-04   89.46902    
 -4.9849862E-04   92.31610    
 -4.9449445E-04   94.90359    
 -4.9049052E-04   97.25635    
 -4.8648650E-04   99.78985    
 -4.8248249E-04   102.9463    
 -4.7847847E-04   106.7942    
 -4.7447454E-04   110.9804    
 -4.7047061E-04   115.0891    
 -4.6646647E-04   119.0645    
 -4.6246254E-04   123.2749    
 -4.5845853E-04   128.1388    
 -4.5445448E-04   133.6705    
 -4.5045046E-04   139.3998    
 -4.4644653E-04   144.7751    
 -4.4244251E-04   149.6930    
 -4.3843850E-04   154.6431    
 -4.3443445E-04   160.3259    
 -4.3043052E-04   167.0754    
 -4.2642641E-04   174.6275    
 -4.2242248E-04   182.4446    
 -4.1841844E-04   190.2667    
 -4.1441442E-04   198.3742    
 -4.1041040E-04   207.3086    
 -4.0640647E-04   217.3455    
 -4.0240254E-04   228.2579    
 -3.9839841E-04   239.5992    
 -3.9439448E-04   251.2144    
 -3.9039046E-04   263.4431    
 -3.8638641E-04   276.7685    
 -3.8238239E-04   291.2345    
 -3.7837846E-04   306.2301    
 -3.7437433E-04   320.8730    
 -3.7037040E-04   334.6610    
 -3.6636638E-04   347.7519    
 -3.6236245E-04   360.5728    
 -3.5835832E-04   373.1325    
 -3.5435439E-04   384.7321    
 -3.5035037E-04   394.4333    
 -3.4634635E-04   401.8687    
 -3.4234230E-04   407.6472    
 -3.3833840E-04   412.9059    
 -3.3433427E-04   418.4243    
 -3.3033034E-04   424.1131    
 -3.2632641E-04   429.4254    
 -3.2232248E-04   434.2586    
 -3.1831834E-04   439.4780    
 -3.1431441E-04   446.4485    
 -3.1031031E-04   455.9754    
 -3.0630638E-04   467.6462    
 -3.0230224E-04   480.2857    
 -2.9829831E-04   493.1563    
 -2.9429438E-04   506.8434    
 -2.9029025E-04   522.9405    
 -2.8628614E-04   542.8144    
 -2.8228239E-04   566.5949    
 -2.7827828E-04   593.3566    
 -2.7427435E-04   622.2768    
 -2.7027042E-04   653.6778    
 -2.6626629E-04   688.8835    
 -2.6226236E-04   729.0848    
 -2.5825822E-04   774.4327    
 -2.5425432E-04   824.3779    
 -2.5025039E-04   879.0441    
 -2.4624626E-04   940.1685    
 -2.4224212E-04   1010.443    
 -2.3823840E-04   1091.629    
 -2.3423426E-04   1183.275    
 -2.3023014E-04   1283.440    
 -2.2622621E-04   1391.221    
 -2.2222228E-04   1508.718    
 -2.1821816E-04   1640.282    
 -2.1421423E-04   1789.305    
 -2.1021010E-04   1955.307    
 -2.0620637E-04   2134.142    
 -2.0220225E-04   2321.788    
 -1.9819812E-04   2517.885    
 -1.9419439E-04   2725.107    
 -1.9019026E-04   2942.906    
 -1.8618614E-04   3159.399    
 -1.8218221E-04   3348.536    
 -1.7817828E-04   3476.676    
 -1.7417416E-04   3516.400    
 -1.7017023E-04   3459.657    
 -1.6616609E-04   3321.795    
 -1.6216218E-04   3133.761    
 -1.5815825E-04   2927.551    
 -1.5415411E-04   2724.069    
 -1.5014999E-04   2530.094    
 -1.4614625E-04   2343.956    
 -1.4214213E-04   2163.884    
 -1.3813801E-04   1992.575    
 -1.3413427E-04   1835.434    
 -1.3013015E-04   1695.812    
 -1.2612622E-04   1572.336    
 -1.2212209E-04   1460.422    
 -1.1811817E-04   1356.488    
 -1.1411423E-04   1260.598    
 -1.1011012E-04   1175.549    
 -1.0610599E-04   1103.470    
 -1.0210225E-04   1043.280    
 -9.8098128E-05   991.1953    
 -9.4094001E-05   943.5933    
 -9.0090070E-05   899.3820    
 -8.6086147E-05   859.8751    
 -8.2082021E-05   826.6155    
 -7.8078090E-05   799.3728    
 -7.4073963E-05   776.2356    
 -7.0070033E-05   755.4070    
 -6.6066110E-05   736.8741    
 -6.2061983E-05   722.1714    
 -5.8058249E-05   712.5731    
 -5.4054122E-05   707.5524    
 -5.0049995E-05   705.0085    
 -4.6046069E-05   703.0471    
 -4.2042138E-05   701.5441    
 -3.8038012E-05   702.0215    
 -3.4034085E-05   705.9050    
 -3.0029958E-05   712.9945    
 -2.6026029E-05   721.4356    
 -2.2022101E-05   729.2648    
 -1.8017976E-05   735.9253    
 -1.4013849E-05   742.1902    
 -1.0010118E-05   748.8494    
 -6.0059915E-06   755.2040    
 -2.0018651E-06   759.1681    
  2.0018651E-06   759.1664    
  6.0059915E-06   755.2082    
  1.0010118E-05   748.8530    
  1.4014046E-05   742.1901    
  1.8017976E-05   735.9219    
  2.2021904E-05   729.2709    
  2.6026029E-05   721.4389    
  3.0030156E-05   712.9994    
  3.4033888E-05   705.9081    
  3.8038012E-05   702.0201    
  4.2042138E-05   701.5480    
  4.6046069E-05   703.0420    
  5.0049995E-05   705.0080    
  5.4054122E-05   707.5525    
  5.8058053E-05   712.5759    
  6.2061983E-05   722.1727    
  6.6066110E-05   736.8760    
  7.0070033E-05   755.4077    
  7.4074160E-05   776.2358    
  7.8078090E-05   799.3744    
  8.2082021E-05   826.6136    
  8.6086147E-05   859.8761    
  9.0090070E-05   899.3801    
  9.4094001E-05   943.5928    
  9.8098128E-05   991.1951    
  1.0210206E-04   1043.277    
  1.0610618E-04   1103.473    
  1.1011012E-04   1175.550    
  1.1411404E-04   1260.594    
  1.1811817E-04   1356.487    
  1.2212229E-04   1460.429    
  1.2612602E-04   1572.327    
  1.3013015E-04   1695.813    
  1.3413427E-04   1835.435    
  1.3813801E-04   1992.575    
  1.4214213E-04   2163.885    
  1.4614625E-04   2343.958    
  1.5015018E-04   2530.105    
  1.5415411E-04   2724.069    
  1.5815825E-04   2927.552    
  1.6216218E-04   3133.762    
  1.6616630E-04   3321.807    
  1.7017002E-04   3459.653    
  1.7417416E-04   3516.399    
  1.7817828E-04   3476.677    
  1.8218221E-04   3348.537    
  1.8618614E-04   3159.400    
  1.9019026E-04   2942.906    
  1.9419419E-04   2725.119    
  1.9819812E-04   2517.885    
  2.0220225E-04   2321.788    
  2.0620618E-04   2134.150    
  2.1021030E-04   1955.297    
  2.1421423E-04   1789.305    
  2.1821816E-04   1640.282    
  2.2222228E-04   1508.716    
  2.2622642E-04   1391.218    
  2.3023014E-04   1283.440    
  2.3423426E-04   1183.274    
  2.3823819E-04   1091.634    
  2.4224233E-04   1010.439    
  2.4624626E-04   940.1690    
  2.5025019E-04   879.0478    
  2.5425432E-04   824.3779    
  2.5825843E-04   774.4305    
  2.6226215E-04   729.0867    
  2.6626629E-04   688.8835    
  2.7027042E-04   653.6782    
  2.7427415E-04   622.2781    
  2.7827828E-04   593.3563    
  2.8228239E-04   566.5948    
  2.8628632E-04   542.8125    
  2.9029025E-04   522.9410    
  2.9429438E-04   506.8427    
  2.9829831E-04   493.1560    
  3.0230245E-04   480.2856    
  3.0630638E-04   467.6472    
  3.1031031E-04   455.9751    
  3.1431441E-04   446.4487    
  3.1831834E-04   439.4786    
  3.2232227E-04   434.2592    
  3.2632641E-04   429.4258    
  3.3033034E-04   424.1133    
  3.3433427E-04   418.4245    
  3.3833840E-04   412.9067    
  3.4234230E-04   407.6465    
  3.4634644E-04   401.8686    
  3.5035037E-04   394.4330    
  3.5435430E-04   384.7329    
  3.5835843E-04   373.1331    
  3.6236257E-04   360.5730    
  3.6636629E-04   347.7524    
  3.7037040E-04   334.6608    
  3.7437453E-04   320.8722    
  3.7837846E-04   306.2298    
  3.8238239E-04   291.2344    
  3.8638632E-04   276.7682    
  3.9039046E-04   263.4431    
  3.9439456E-04   251.2145    
  3.9839832E-04   239.5992    
  4.0240242E-04   228.2585    
  4.0640656E-04   217.3450    
  4.1041028E-04   207.3084    
  4.1441442E-04   198.3737    
  4.1841855E-04   190.2663    
  4.2242248E-04   182.4446    
  4.2642641E-04   174.6276    
  4.3043052E-04   167.0754    
  4.3443445E-04   160.3259    
  4.3843858E-04   154.6433    
  4.4244251E-04   149.6927    
  4.4644644E-04   144.7751    
  4.5045058E-04   139.3992    
  4.5445448E-04   133.6703    
  4.5845841E-04   128.1391    
  4.6246254E-04   123.2750    
  4.6646647E-04   119.0648    
  4.7047040E-04   115.0892    
  4.7447454E-04   110.9804    
  4.7847847E-04   106.7942    
  4.8248257E-04   102.9464    
  4.8648650E-04   99.78994    
  4.9049046E-04   97.25671    
  4.9449457E-04   94.90360    
  4.9849867E-04   92.31593    
  5.0250243E-04   89.46947    
  5.0650653E-04   86.71640    
  5.1051070E-04   84.42873    
  5.1451463E-04   82.64003    
  5.1851856E-04   81.03955    
  5.2252266E-04   79.28632    
  5.2652659E-04   77.32503    
  5.3053052E-04   75.40487    
  5.3453445E-04   73.78658    
  5.3853856E-04   72.44926    
  5.4254272E-04   71.08429    
  5.4654642E-04   69.38625    
  5.5055058E-04   67.34167    
  5.5455469E-04   65.23909    
  5.5855862E-04   63.39450    
  5.6256255E-04   61.85999    
  5.6656665E-04   60.40370    
  5.7057058E-04   58.77028    
  5.7457475E-04   56.95661    
  5.7857868E-04   55.23302    
  5.8258261E-04   53.88439    
  5.8658671E-04   52.93195    
  5.9059082E-04   52.10669    
  5.9459457E-04   51.10182    
  5.9859868E-04   49.86168    
  6.0260261E-04   48.62959    
  6.0660654E-04   47.70323    
  6.1061064E-04   47.14481    
  6.1461458E-04   46.71034    
  6.1861874E-04   46.07443    
  6.2262267E-04   45.11862    
  6.2662660E-04   44.02021    
  6.3063070E-04   43.06144    
  6.3463481E-04   42.34882    
  6.3863856E-04   41.71730    
  6.4264267E-04   40.90506    
  6.4664683E-04   39.81787    
  6.5065076E-04   38.62779    
  6.5465469E-04   37.61071    
  6.5865880E-04   36.89198    
  6.6266273E-04   36.33901    
  6.6666666E-04   35.70897    
  6.7067076E-04   34.89846    
  6.7467469E-04   34.05214    
  6.7867886E-04   33.42196    
  6.8268256E-04   33.11571    
  6.8668672E-04   32.97914    
  6.9069082E-04   32.71812    
  6.9469475E-04   32.15277    
  6.9869868E-04   31.35914    
  7.0270279E-04   30.58642    
  7.0670672E-04   30.02495    
  7.1071088E-04   29.65831    
  7.1471481E-04   29.31653    
  7.1871874E-04   28.86419    
  7.2272285E-04   28.32529    
  7.2672695E-04   27.83367    
  7.3073071E-04   27.47459    
  7.3473481E-04   27.18406    
  7.3873898E-04   26.82083    
  7.4274268E-04   26.32287    
  7.4674684E-04   25.78973    
  7.5075077E-04   25.39204    
  7.5475487E-04   25.20193    
  7.5875880E-04   25.10061    
  7.6276273E-04   24.87581    
  7.6676684E-04   24.41494    
  7.7077100E-04   23.81234    
  7.7477470E-04   23.28449    
  7.7877886E-04   22.97192    
  7.8278297E-04   22.81428    
  7.8678690E-04   22.61434    
  7.9079083E-04   22.23499    
  7.9479493E-04   21.72959    
  7.9879886E-04   21.29589    
  8.0280280E-04   21.08648    
  8.0680696E-04   21.06122    
  8.1081083E-04   21.02036    
  8.1481499E-04   20.78214    
  8.1881869E-04   20.33779    
  8.2282285E-04   19.84721    
  8.2682696E-04   19.48634    
  8.3083089E-04   19.29354    
  8.3483482E-04   19.15685    
  8.3883893E-04   18.93928    
  8.4284286E-04   18.61149    
  8.4684702E-04   18.26785    
  8.5085095E-04   18.01609    
  8.5485488E-04   17.86505    
  8.5885898E-04   17.71662    
  8.6286291E-04   17.46882    
  8.6686685E-04   17.12115    
  8.7087095E-04   16.77497    
  8.7487511E-04   16.53264    
  8.7887881E-04   16.39704    
  8.8288297E-04   16.27258    
  8.8688708E-04   16.06370    
  8.9089101E-04   15.76854    
  8.9489494E-04   15.47499    
  8.9889887E-04   15.26814    
  9.0290298E-04   15.14398    
  9.0690714E-04   15.01999    
  9.1091084E-04   14.82997    
  9.1491500E-04   14.60118    
  9.1891910E-04   14.42964    
  9.2292303E-04   14.37373    
  9.2692696E-04   14.37664    
  9.3093107E-04   14.30005    
  9.3493500E-04   14.05017    
  9.3893893E-04   13.67386    
  9.4294309E-04   13.33041    
  9.4694702E-04   13.15401    
  9.5095113E-04   13.13639    
  9.5495506E-04   13.13747    
  9.5895899E-04   13.01548    
  9.6296309E-04   12.75215    
  9.6696703E-04   12.46403    
  9.7097096E-04   12.28211    
  9.7497512E-04   12.22805    
  9.7897905E-04   12.19904    
  9.8298315E-04   12.07421    
  9.8698703E-04   11.83597    
  9.9099101E-04   11.58993    
  9.9499512E-04   11.45964    
  9.9899911E-04   11.46699    
  1.0030030E-03   11.50634    
  1.0070071E-03   11.44745    
  1.0110112E-03   11.25535    
  1.0150149E-03   11.02258    
  1.0190191E-03   10.87595    
  1.0230233E-03   10.85614    
  1.0270271E-03   10.88428    
  1.0310311E-03   10.84392    
  1.0350352E-03   10.69587    
  1.0390391E-03   10.50855    
  1.0430432E-03   10.37961    
  1.0470470E-03   10.32717    
  1.0510511E-03   10.26682    
  1.0550553E-03   10.09906    
  1.0590589E-03   9.820462    
  1.0630632E-03   9.543932    
  1.0670673E-03   9.405599    
  1.0710711E-03   9.436752    
  1.0750751E-03   9.531919    
  1.0790792E-03   9.544492    
  1.0830831E-03   9.420891    
  1.0870873E-03   9.247056    
  1.0910912E-03   9.160623    
  1.0950951E-03   9.214641    
  1.0990993E-03   9.320720    
  1.1031034E-03   9.328626    
  1.1071071E-03   9.166229    
  1.1111113E-03   8.906683    
  1.1151151E-03   8.698480    
  1.1191192E-03   8.630820    
  1.1231232E-03   8.656780    
  1.1271271E-03   8.650319    
  1.1311313E-03   8.533763    
  1.1351352E-03   8.353133    
  1.1391392E-03   8.227755    
  1.1431433E-03   8.224028    
  1.1471474E-03   8.285447    
  1.1511511E-03   8.279362    
  1.1551552E-03   8.126579    
  1.1591594E-03   7.878548    
  1.1631633E-03   7.671543    
  1.1671672E-03   7.598610    
  1.1711713E-03   7.623952    
  1.1751753E-03   7.621717    
  1.1791794E-03   7.500020    
  1.1831833E-03   7.293889    
  1.1871873E-03   7.130476    
  1.1911914E-03   7.108331    
  1.1951951E-03   7.198604    
  1.1991992E-03   7.272882    
  1.2032033E-03   7.222177    
  1.2072073E-03   7.059011    
  1.2112112E-03   6.901670    
  1.2152153E-03   6.859245    
  1.2192193E-03   6.928796    
  1.2232234E-03   7.001211    
  1.2272274E-03   6.971607    
  1.2312313E-03   6.842903    
  1.2352354E-03   6.719356    
  1.2392395E-03   6.706216    
  1.2432432E-03   6.802971    
  1.2472473E-03   6.902656    
  1.2512516E-03   6.893285    
  1.2552554E-03   6.763791    
  1.2592594E-03   6.610428    
  1.2632633E-03   6.542325    
  1.2672674E-03   6.574405    
  1.2712714E-03   6.616821    
  1.2752753E-03   6.566009    
  1.2792794E-03   6.410603    
  1.2832836E-03   6.244630    
  1.2872872E-03   6.177028    
  1.2912914E-03   6.224779    
  1.2952955E-03   6.292598    
  1.2992994E-03   6.263384    
  1.3033034E-03   6.110522    
  1.3073075E-03   5.924675    
  1.3113114E-03   5.827613    
  1.3153156E-03   5.858091    
  1.3193195E-03   5.935251    
  1.3233233E-03   5.938066    
  1.3273276E-03   5.822004    
  1.3313317E-03   5.660800    
  1.3353354E-03   5.577275    
  1.3393395E-03   5.625463    
  1.3433433E-03   5.740943    
  1.3473474E-03   5.802157    
  1.3513515E-03   5.745309    
  1.3553553E-03   5.619576    
  1.3593594E-03   5.536767    
  1.3633635E-03   5.560671    
  1.3673676E-03   5.648646    
  1.3713713E-03   5.695370    
  1.3753754E-03   5.635304    
  1.3793795E-03   5.503624    
  1.3833838E-03   5.397471    
  1.3873874E-03   5.379548    
  1.3913916E-03   5.417612    
  1.3953957E-03   5.420328    
  1.3993995E-03   5.330647    
  1.4034036E-03   5.185794    
  1.4074073E-03   5.081874    
  1.4114114E-03   5.083298    
  1.4154156E-03   5.157376    
  1.4194197E-03   5.207275    
  1.4234238E-03   5.162097    
  1.4274279E-03   5.044935    
  1.4314313E-03   4.948610    
  1.4354354E-03   4.945942    
  1.4394395E-03   5.021830    
  1.4434436E-03   5.088386    
  1.4474478E-03   5.068500    
  1.4514514E-03   4.966024    
  1.4554557E-03   4.855786    
  1.4594593E-03   4.808000    
  1.4634635E-03   4.822667    
  1.4674676E-03   4.836013    
  1.4714717E-03   4.792153    
  1.4754755E-03   4.701795    
  1.4794796E-03   4.632673    
  1.4834837E-03   4.639679    
  1.4874878E-03   4.705685    
  1.4914916E-03   4.753695    
  1.4954957E-03   4.718899    
  1.4994994E-03   4.611318    
  1.5035035E-03   4.508121    
  1.5075076E-03   4.482939    
  1.5115119E-03   4.538077    
  1.5155160E-03   4.607989    
  1.5195193E-03   4.624184    
  1.5235234E-03   4.579077    
  1.5275275E-03   4.526318    
  1.5315317E-03   4.521799    
  1.5355358E-03   4.563373    
  1.5395399E-03   4.593448    
  1.5435437E-03   4.558228    
  1.5475478E-03   4.464730    
  1.5515515E-03   4.376030    
  1.5555556E-03   4.348592    
  1.5595597E-03   4.374096    
  1.5635638E-03   4.385861    
  1.5675676E-03   4.323780    
  1.5715717E-03   4.196517    
  1.5755758E-03   4.077790    
  1.5795800E-03   4.036801    
  1.5835837E-03   4.072919    
  1.5875874E-03   4.115793    
  1.5915915E-03   4.093643    
  1.5955957E-03   4.003189    
  1.5995998E-03   3.914183    
  1.6036039E-03   3.900797    
  1.6076081E-03   3.967955    
  1.6116115E-03   4.041046    
  1.6156156E-03   4.034288    
  1.6196197E-03   3.927688    
  1.6236238E-03   3.785162    
  1.6276279E-03   3.692157    
  1.6316320E-03   3.677413    
  1.6356357E-03   3.691482    
  1.6396398E-03   3.661170    
  1.6436436E-03   3.567563    
  1.6476477E-03   3.468081    
  1.6516519E-03   3.442988    
  1.6556560E-03   3.515735    
  1.6596598E-03   3.626847    
  1.6636639E-03   3.686305    
  1.6676680E-03   3.654236    
  1.6716718E-03   3.573588    
  1.6756759E-03   3.524849    
  1.6796796E-03   3.546903    
  1.6836837E-03   3.600442    
  1.6876878E-03   3.609438    
  1.6916919E-03   3.536803    
  1.6956960E-03   3.422955    
  1.6997003E-03   3.347653    
  1.7037035E-03   3.354267    
  1.7077076E-03   3.408547    
  1.7117118E-03   3.433258    
  1.7157159E-03   3.381964    
  1.7197201E-03   3.282089    
  1.7237242E-03   3.206257    
  1.7277279E-03   3.201879    
  1.7317316E-03   3.247667    
  1.7357358E-03   3.278830    
  1.7397399E-03   3.251710    
  1.7437440E-03   3.186813    
  1.7477478E-03   3.143486    
  1.7517519E-03   3.156998    
  1.7557560E-03   3.201123    
  1.7597601E-03   3.213683    
  1.7637638E-03   3.160608    
  1.7677679E-03   3.074220    
  1.7717717E-03   3.022948    
  1.7757758E-03   3.043616    
  1.7797799E-03   3.101502    
  1.7837841E-03   3.121176    
  1.7877882E-03   3.059125    
  1.7917923E-03   2.950651    
  1.7957956E-03   2.881027    
  1.7997999E-03   2.907159    
  1.8038040E-03   3.002851    
  1.8078081E-03   3.081276    
  1.8118122E-03   3.072360    
  1.8158159E-03   2.984414    
  1.8198200E-03   2.891918    
  1.8238238E-03   2.864285    
  1.8278279E-03   2.900228    
  1.8318320E-03   2.935767    
  1.8358361E-03   2.910537    
  1.8398399E-03   2.829040    
  1.8438440E-03   2.758037    
  1.8478482E-03   2.760321    
  1.8518523E-03   2.832676    
  1.8558560E-03   2.906616    
  1.8598601E-03   2.913731    
  1.8638638E-03   2.849766    
  1.8678680E-03   2.778675    
  1.8718721E-03   2.769579    
  1.8758762E-03   2.831056    
  1.8798803E-03   2.903300    
  1.8838837E-03   2.916962    
  1.8878878E-03   2.860578    
  1.8918919E-03   2.789824    
  1.8958960E-03   2.772765    
  1.8999001E-03   2.823448    
  1.9039044E-03   2.888320    
  1.9079080E-03   2.899967    
  1.9119122E-03   2.843260    
  1.9159159E-03   2.770939    
  1.9199200E-03   2.750533    
  1.9239242E-03   2.798815    
  1.9279283E-03   2.863784    
  1.9319321E-03   2.874273    
  1.9359362E-03   2.810336    
  1.9399403E-03   2.723235    
  1.9439440E-03   2.687012    
  1.9479481E-03   2.728231    
  1.9519522E-03   2.799997    
  1.9559560E-03   2.826952    
  1.9599602E-03   2.776878    
  1.9639642E-03   2.690790    
  1.9679684E-03   2.643088    
  1.9719724E-03   2.669285    
  1.9759759E-03   2.732470    
  1.9799799E-03   2.758944    
  1.9839841E-03   2.707164    
  1.9879881E-03   2.605940    
  1.9919924E-03   2.525301    
  1.9959963E-03   2.509238    
  2.0000001E-03   2.537108    
