 -2.0000001E-03   2.412896    
 -1.9959963E-03   2.392512    
 -1.9919921E-03   2.376372    
 -1.9879881E-03   2.387567    
 -1.9839841E-03   2.425184    
 -1.9799802E-03   2.464706    
 -1.9759762E-03   2.480941    
 -1.9719722E-03   2.471645    
 -1.9679682E-03   2.457982    
 -1.9639642E-03   2.463154    
 -1.9599602E-03   2.489594    
 -1.9559562E-03   2.518292    
 -1.9519520E-03   2.528168    
 -1.9479481E-03   2.518090    
 -1.9439441E-03   2.507976    
 -1.9399400E-03   2.519244    
 -1.9359362E-03   2.553018    
 -1.9319321E-03   2.589257    
 -1.9279281E-03   2.605735    
 -1.9239242E-03   2.599080    
 -1.9199200E-03   2.587951    
 -1.9159161E-03   2.593888    
 -1.9119122E-03   2.620422    
 -1.9079080E-03   2.650570    
 -1.9039041E-03   2.665351    
 -1.8999000E-03   2.664847    
 -1.8958960E-03   2.669600    
 -1.8918922E-03   2.701769    
 -1.8878881E-03   2.762624    
 -1.8838841E-03   2.829484    
 -1.8798800E-03   2.874957    
 -1.8758760E-03   2.890745    
 -1.8718721E-03   2.893350    
 -1.8678680E-03   2.907205    
 -1.8638640E-03   2.941849    
 -1.8598601E-03   2.984732    
 -1.8558560E-03   3.015351    
 -1.8518521E-03   3.025967    
 -1.8478479E-03   3.027582    
 -1.8438440E-03   3.035873    
 -1.8398401E-03   3.053244    
 -1.8358360E-03   3.066017    
 -1.8318320E-03   3.059398    
 -1.8278279E-03   3.035277    
 -1.8238240E-03   3.013694    
 -1.8198200E-03   3.014148    
 -1.8158159E-03   3.035769    
 -1.8118119E-03   3.056616    
 -1.8078081E-03   3.054582    
 -1.8038040E-03   3.029626    
 -1.7998000E-03   3.006460    
 -1.7957959E-03   3.011113    
 -1.7917920E-03   3.046482    
 -1.7877880E-03   3.087885    
 -1.7837839E-03   3.106466    
 -1.7797799E-03   3.096653    
 -1.7757760E-03   3.082800    
 -1.7717719E-03   3.095914    
 -1.7677679E-03   3.143901    
 -1.7637638E-03   3.202190    
 -1.7597600E-03   3.236137    
 -1.7557560E-03   3.233581    
 -1.7517519E-03   3.215917    
 -1.7477479E-03   3.217860    
 -1.7437440E-03   3.254465    
 -1.7397399E-03   3.306704    
 -1.7357359E-03   3.340372    
 -1.7317318E-03   3.339383    
 -1.7277279E-03   3.321167    
 -1.7237237E-03   3.319543    
 -1.7197198E-03   3.350306    
 -1.7157159E-03   3.394310    
 -1.7117118E-03   3.415431    
 -1.7077079E-03   3.395484    
 -1.7037039E-03   3.354371    
 -1.6996998E-03   3.333384    
 -1.6956959E-03   3.356590    
 -1.6916919E-03   3.408049    
 -1.6876878E-03   3.444680    
 -1.6836839E-03   3.436028    
 -1.6796797E-03   3.391934    
 -1.6756759E-03   3.353983    
 -1.6716719E-03   3.358484    
 -1.6676678E-03   3.405408    
 -1.6636639E-03   3.462483    
 -1.6596598E-03   3.497872    
 -1.6556558E-03   3.509984    
 -1.6516518E-03   3.525686    
 -1.6476478E-03   3.569468    
 -1.6436438E-03   3.636290    
 -1.6396398E-03   3.693029    
 -1.6356357E-03   3.710526    
 -1.6316319E-03   3.691325    
 -1.6276278E-03   3.668913    
 -1.6236238E-03   3.675946    
 -1.6196198E-03   3.714020    
 -1.6156157E-03   3.752573    
 -1.6116118E-03   3.759802    
 -1.6076078E-03   3.733599    
 -1.6036037E-03   3.704534    
 -1.5995997E-03   3.706512    
 -1.5955957E-03   3.744809    
 -1.5915917E-03   3.791794    
 -1.5875878E-03   3.814338    
 -1.5835837E-03   3.806037    
 -1.5795798E-03   3.792078    
 -1.5755757E-03   3.803981    
 -1.5715717E-03   3.848019    
 -1.5675678E-03   3.900341    
 -1.5635637E-03   3.931931    
 -1.5595597E-03   3.939414    
 -1.5555557E-03   3.948689    
 -1.5515516E-03   3.988138    
 -1.5475478E-03   4.057070    
 -1.5435437E-03   4.122179    
 -1.5395397E-03   4.147401    
 -1.5355357E-03   4.130079    
 -1.5315317E-03   4.106910    
 -1.5275277E-03   4.123187    
 -1.5235236E-03   4.192002    
 -1.5195196E-03   4.281667    
 -1.5155156E-03   4.344484    
 -1.5115116E-03   4.358761    
 -1.5075076E-03   4.345744    
 -1.5035035E-03   4.347087    
 -1.4994997E-03   4.383215    
 -1.4954957E-03   4.436109    
 -1.4914917E-03   4.469211    
 -1.4874877E-03   4.466343    
 -1.4834836E-03   4.448463    
 -1.4794796E-03   4.452360    
 -1.4754756E-03   4.491600    
 -1.4714716E-03   4.539411    
 -1.4674676E-03   4.551842    
 -1.4634635E-03   4.511604    
 -1.4594595E-03   4.449497    
 -1.4554557E-03   4.421639    
 -1.4514516E-03   4.461230    
 -1.4474476E-03   4.549727    
 -1.4434436E-03   4.632816    
 -1.4394395E-03   4.667811    
 -1.4354356E-03   4.660023    
 -1.4314316E-03   4.653760    
 -1.4274275E-03   4.690539    
 -1.4234236E-03   4.773045    
 -1.4194195E-03   4.866181    
 -1.4154156E-03   4.932787    
 -1.4114116E-03   4.966712    
 -1.4074075E-03   4.992935    
 -1.4034036E-03   5.038127    
 -1.3993995E-03   5.102289    
 -1.3953955E-03   5.161200    
 -1.3913916E-03   5.194694    
 -1.3873874E-03   5.210167    
 -1.3833835E-03   5.236701    
 -1.3793795E-03   5.293486    
 -1.3753754E-03   5.367087    
 -1.3713716E-03   5.422183    
 -1.3673675E-03   5.435879    
 -1.3633635E-03   5.424131    
 -1.3593596E-03   5.430180    
 -1.3553554E-03   5.484516    
 -1.3513515E-03   5.574202    
 -1.3473475E-03   5.650822    
 -1.3433434E-03   5.673725    
 -1.3393395E-03   5.647238    
 -1.3353354E-03   5.616403    
 -1.3313314E-03   5.625981    
 -1.3273275E-03   5.680119    
 -1.3233233E-03   5.740168    
 -1.3193195E-03   5.763349    
 -1.3153154E-03   5.742636    
 -1.3113114E-03   5.712402    
 -1.3073074E-03   5.712239    
 -1.3033034E-03   5.748750    
 -1.2992994E-03   5.790870    
 -1.2952955E-03   5.805424    
 -1.2912914E-03   5.795470    
 -1.2872875E-03   5.804097    
 -1.2832835E-03   5.873681    
 -1.2792794E-03   6.003456    
 -1.2752755E-03   6.143198    
 -1.2712714E-03   6.233625    
 -1.2672674E-03   6.258996    
 -1.2632634E-03   6.260207    
 -1.2592594E-03   6.297945    
 -1.2552554E-03   6.398013    
 -1.2512513E-03   6.528319    
 -1.2472473E-03   6.629668    
 -1.2432433E-03   6.668036    
 -1.2392394E-03   6.661656    
 -1.2352354E-03   6.659045    
 -1.2312314E-03   6.689981    
 -1.2272274E-03   6.739719    
 -1.2232234E-03   6.768911    
 -1.2192193E-03   6.757489    
 -1.2152153E-03   6.732175    
 -1.2112113E-03   6.745340    
 -1.2072073E-03   6.830943    
 -1.2032033E-03   6.973030    
 -1.1991992E-03   7.121523    
 -1.1951954E-03   7.232415    
 -1.1911913E-03   7.299252    
 -1.1871873E-03   7.343756    
 -1.1831833E-03   7.383492    
 -1.1791792E-03   7.410125    
 -1.1751753E-03   7.402106    
 -1.1711712E-03   7.358114    
 -1.1671672E-03   7.312572    
 -1.1631633E-03   7.314890    
 -1.1591592E-03   7.387625    
 -1.1551552E-03   7.506512    
 -1.1511513E-03   7.622301    
 -1.1471473E-03   7.704245    
 -1.1431432E-03   7.767475    
 -1.1391392E-03   7.853122    
 -1.1351353E-03   7.983491    
 -1.1311313E-03   8.135903    
 -1.1271272E-03   8.258789    
 -1.1231232E-03   8.319229    
 -1.1191192E-03   8.334171    
 -1.1151151E-03   8.353889    
 -1.1111113E-03   8.414619    
 -1.1071071E-03   8.506370    
 -1.1031033E-03   8.584794    
 -1.0990992E-03   8.617775    
 -1.0950952E-03   8.619595    
 -1.0910912E-03   8.638252    
 -1.0870872E-03   8.708418    
 -1.0830831E-03   8.817059    
 -1.0790792E-03   8.913652    
 -1.0750751E-03   8.960649    
 -1.0710711E-03   8.969967    
 -1.0670673E-03   8.993958    
 -1.0630632E-03   9.075457    
 -1.0590592E-03   9.207249    
 -1.0550552E-03   9.339164    
 -1.0510512E-03   9.427958    
 -1.0470471E-03   9.479953    
 -1.0430432E-03   9.545699    
 -1.0390391E-03   9.668415    
 -1.0350351E-03   9.840048    
 -1.0310311E-03   10.00404    
 -1.0270271E-03   10.10797    
 -1.0230232E-03   10.15335    
 -1.0190191E-03   10.19419    
 -1.0150151E-03   10.28580    
 -1.0110112E-03   10.43102    
 -1.0070070E-03   10.57734    
 -1.0030031E-03   10.66903    
 -9.9899911E-04   10.70421    
 -9.9499500E-04   10.74168    
 -9.9099113E-04   10.85073    
 -9.8698703E-04   11.04702    
 -9.8298315E-04   11.27713    
 -9.7897905E-04   11.46510    
 -9.7497512E-04   11.57680    
 -9.7097107E-04   11.64411    
 -9.6696703E-04   11.73010    
 -9.6296304E-04   11.86947    
 -9.5895911E-04   12.04402    
 -9.5495506E-04   12.21221    
 -9.5095101E-04   12.35783    
 -9.4694702E-04   12.50665    
 -9.4294309E-04   12.69264    
 -9.3893893E-04   12.90889    
 -9.3493500E-04   13.09901    
 -9.3093107E-04   13.20128    
 -9.2692696E-04   13.20929    
 -9.2292303E-04   13.18581    
 -9.1891899E-04   13.21493    
 -9.1491506E-04   13.33273    
 -9.1091095E-04   13.50159    
 -9.0690702E-04   13.65293    
 -9.0290298E-04   13.75732    
 -8.9889899E-04   13.85406    
 -8.9489494E-04   14.01045    
 -8.9089101E-04   14.24924    
 -8.8688690E-04   14.51493    
 -8.8288297E-04   14.71578    
 -8.7887893E-04   14.80264    
 -8.7487500E-04   14.81464    
 -8.7087089E-04   14.84445    
 -8.6686696E-04   14.95725    
 -8.6286303E-04   15.13608    
 -8.5885887E-04   15.30402    
 -8.5485494E-04   15.39958    
 -8.5085095E-04   15.43460    
 -8.4684690E-04   15.47894    
 -8.4284286E-04   15.59215    
 -8.3883893E-04   15.77007    
 -8.3483494E-04   15.95803    
 -8.3083089E-04   16.11564    
 -8.2682684E-04   16.26713    
 -8.2282291E-04   16.48189    
 -8.1881881E-04   16.80393    
 -8.1481488E-04   17.19734    
 -8.1081083E-04   17.56558    
 -8.0680696E-04   17.83226    
 -8.0280280E-04   18.00808    
 -7.9879886E-04   18.18285    
 -7.9479493E-04   18.44625    
 -7.9079083E-04   18.81140    
 -7.8678690E-04   19.20912    
 -7.8278285E-04   19.55550    
 -7.7877886E-04   19.82799    
 -7.7477482E-04   20.07863    
 -7.7077089E-04   20.37517    
 -7.6676684E-04   20.73117    
 -7.6276285E-04   21.09299    
 -7.5875880E-04   21.39324    
 -7.5475487E-04   21.61702    
 -7.5075077E-04   21.81614    
 -7.4674684E-04   22.05860    
 -7.4274279E-04   22.36778    
 -7.3873874E-04   22.71041    
 -7.3473481E-04   23.04466    
 -7.3073083E-04   23.37347    
 -7.2672690E-04   23.74577    
 -7.2272273E-04   24.20061    
 -7.1871880E-04   24.71191    
 -7.1471481E-04   25.19787    
 -7.1071077E-04   25.58768    
 -7.0670672E-04   25.89092    
 -7.0270279E-04   26.18693    
 -6.9869880E-04   26.54758    
 -6.9469475E-04   26.95851    
 -6.9069071E-04   27.32457    
 -6.8668678E-04   27.55814    
 -6.8268267E-04   27.67628    
 -6.7867874E-04   27.80830    
 -6.7467469E-04   28.09952    
 -6.7067071E-04   28.59458    
 -6.6666678E-04   29.20529    
 -6.6266273E-04   29.79255    
 -6.5865880E-04   30.29087    
 -6.5465469E-04   30.75801    
 -6.5065076E-04   31.30600    
 -6.4664672E-04   31.97873    
 -6.4264267E-04   32.69522    
 -6.3863868E-04   33.31168    
 -6.3463475E-04   33.74664    
 -6.3063059E-04   34.05140    
 -6.2662666E-04   34.36170    
 -6.2262267E-04   34.77750    
 -6.1861874E-04   35.28491    
 -6.1461458E-04   35.79590    
 -6.1061064E-04   36.25873    
 -6.0660666E-04   36.73041    
 -6.0260261E-04   37.33241    
 -5.9859868E-04   38.12947    
 -5.9459469E-04   39.04835    
 -5.9059076E-04   39.91874    
 -5.8658660E-04   40.60735    
 -5.8258267E-04   41.12550    
 -5.7857868E-04   41.61021    
 -5.7457463E-04   42.20242    
 -5.7057058E-04   42.93019    
 -5.6656665E-04   43.70383    
 -5.6256255E-04   44.41790    
 -5.5855862E-04   45.05603    
 -5.5455457E-04   45.69993    
 -5.5055064E-04   46.44031    
 -5.4654654E-04   47.28381    
 -5.4254261E-04   48.15385    
 -5.3853856E-04   48.98175    
 -5.3453457E-04   49.79182    
 -5.3053064E-04   50.68918    
 -5.2652659E-04   51.75666    
 -5.2252255E-04   52.96297    
 -5.1851856E-04   54.18332    
 -5.1451463E-04   55.32471    
 -5.1051058E-04   56.43335    
 -5.0650653E-04   57.67891    
 -5.0250255E-04   59.20518    
 -4.9849862E-04   60.98907    
 -4.9449445E-04   62.83326    
 -4.9049052E-04   64.51659    
 -4.8648650E-04   65.97401    
 -4.8248249E-04   67.33981    
 -4.7847847E-04   68.82268    
 -4.7447454E-04   70.51723    
 -4.7047061E-04   72.32328    
 -4.6646647E-04   74.04628    
 -4.6246254E-04   75.57391    
 -4.5845853E-04   76.97788    
 -4.5445448E-04   78.44252    
 -4.5045046E-04   80.10500    
 -4.4644653E-04   81.95706    
 -4.4244251E-04   83.90161    
 -4.3843850E-04   85.89685    
 -4.3443445E-04   88.03947    
 -4.3043052E-04   90.49710    
 -4.2642641E-04   93.34740    
 -4.2242248E-04   96.48514    
 -4.1841844E-04   99.69470    
 -4.1441442E-04   102.8257    
 -4.1041040E-04   105.9206    
 -4.0640647E-04   109.1698    
 -4.0240254E-04   112.7370    
 -3.9839841E-04   116.6124    
 -3.9439448E-04   120.6262    
 -3.9039046E-04   124.6013    
 -3.8638641E-04   128.5014    
 -3.8238239E-04   132.4449    
 -3.7837846E-04   136.5827    
 -3.7437433E-04   140.9675    
 -3.7037040E-04   145.5367    
 -3.6636638E-04   150.2135    
 -3.6236245E-04   155.0119    
 -3.5835832E-04   160.0359    
 -3.5435439E-04   165.3782    
 -3.5035037E-04   171.0340    
 -3.4634635E-04   176.9289    
 -3.4234230E-04   183.0325    
 -3.3833840E-04   189.4328    
 -3.3433427E-04   196.2693    
 -3.3033034E-04   203.5681    
 -3.2632641E-04   211.1528    
 -3.2232248E-04   218.7490    
 -3.1831834E-04   226.2344    
 -3.1431441E-04   233.8333    
 -3.1031031E-04   242.0648    
 -3.0630638E-04   251.4564    
 -3.0230224E-04   262.2474    
 -2.9829831E-04   274.3017    
 -2.9429438E-04   287.3081    
 -2.9029025E-04   301.0611    
 -2.8628614E-04   315.5933    
 -2.8228239E-04   331.0548    
 -2.7827828E-04   347.4915    
 -2.7427435E-04   364.7354    
 -2.7027042E-04   382.5453    
 -2.6626629E-04   400.8350    
 -2.6226236E-04   419.7699    
 -2.5825822E-04   439.6064    
 -2.5425432E-04   460.3899    
 -2.5025039E-04   481.7900    
 -2.4624626E-04   503.2212    
 -2.4224212E-04   524.1636    
 -2.3823840E-04   544.4389    
 -2.3423426E-04   564.2413    
 -2.3023014E-04   583.9211    
 -2.2622621E-04   603.7881    
 -2.2222228E-04   624.0646    
 -2.1821816E-04   645.0140    
 -2.1421423E-04   667.0309    
 -2.1021010E-04   690.5880    
 -2.0620637E-04   716.0479    
 -2.0220225E-04   743.5876    
 -1.9819812E-04   773.3093    
 -1.9419439E-04   805.5370    
 -1.9019026E-04   840.9717    
 -1.8618614E-04   880.5358    
 -1.8218221E-04   925.0060    
 -1.7817828E-04   974.7398    
 -1.7417416E-04   1029.726    
 -1.7017023E-04   1089.925    
 -1.6616609E-04   1155.606    
 -1.6216218E-04   1227.269    
 -1.5815825E-04   1305.262    
 -1.5415411E-04   1389.380    
 -1.5014999E-04   1478.864    
 -1.4614625E-04   1572.824    
 -1.4214213E-04   1670.676    
 -1.3813801E-04   1771.885    
 -1.3413427E-04   1875.025    
 -1.3013015E-04   1976.673    
 -1.2612622E-04   2070.922    
 -1.2212209E-04   2150.474    
 -1.1811817E-04   2208.855    
 -1.1411423E-04   2242.850    
 -1.1011012E-04   2253.722    
 -1.0610599E-04   2246.629    
 -1.0210225E-04   2228.543    
 -9.8098128E-05   2205.876    
 -9.4094001E-05   2183.037    
 -9.0090070E-05   2162.390    
 -8.6086147E-05   2145.246    
 -8.2082021E-05   2132.959    
 -7.8078090E-05   2127.362    
 -7.4073963E-05   2130.389    
 -7.0070033E-05   2143.356    
 -6.6066110E-05   2166.528    
 -6.2061983E-05   2199.264    
 -5.8058249E-05   2240.594    
 -5.4054122E-05   2289.800    
 -5.0049995E-05   2346.470    
 -4.6046069E-05   2410.160    
 -4.2042138E-05   2479.864    
 -3.8038012E-05   2553.846    
 -3.4034085E-05   2629.944    
 -3.0029958E-05   2706.256    
 -2.6026029E-05   2781.550    
 -2.2022101E-05   2855.169    
 -1.8017976E-05   2926.160    
 -1.4013849E-05   2992.253    
 -1.0010118E-05   3049.344    
 -6.0059915E-06   3091.997    
 -2.0018651E-06   3114.901    
  2.0018651E-06   3114.901    
  6.0059915E-06   3091.999    
  1.0010118E-05   3049.343    
  1.4014046E-05   2992.253    
  1.8017976E-05   2926.160    
  2.2021904E-05   2855.174    
  2.6026029E-05   2781.551    
  3.0030156E-05   2706.249    
  3.4033888E-05   2629.950    
  3.8038012E-05   2553.846    
  4.2042138E-05   2479.864    
  4.6046069E-05   2410.159    
  5.0049995E-05   2346.471    
  5.4054122E-05   2289.800    
  5.8058053E-05   2240.596    
  6.2061983E-05   2199.265    
  6.6066110E-05   2166.529    
  7.0070033E-05   2143.356    
  7.4074160E-05   2130.388    
  7.8078090E-05   2127.362    
  8.2082021E-05   2132.959    
  8.6086147E-05   2145.246    
  9.0090070E-05   2162.390    
  9.4094001E-05   2183.037    
  9.8098128E-05   2205.877    
  1.0210206E-04   2228.542    
  1.0610618E-04   2246.629    
  1.1011012E-04   2253.722    
  1.1411404E-04   2242.851    
  1.1811817E-04   2208.856    
  1.2212229E-04   2150.470    
  1.2612602E-04   2070.927    
  1.3013015E-04   1976.674    
  1.3413427E-04   1875.026    
  1.3813801E-04   1771.884    
  1.4214213E-04   1670.677    
  1.4614625E-04   1572.826    
  1.5015018E-04   1478.860    
  1.5415411E-04   1389.380    
  1.5815825E-04   1305.262    
  1.6216218E-04   1227.269    
  1.6616630E-04   1155.603    
  1.7017002E-04   1089.930    
  1.7417416E-04   1029.727    
  1.7817828E-04   974.7398    
  1.8218221E-04   925.0057    
  1.8618614E-04   880.5359    
  1.9019026E-04   840.9720    
  1.9419419E-04   805.5392    
  1.9819812E-04   773.3093    
  2.0220225E-04   743.5874    
  2.0620618E-04   716.0501    
  2.1021030E-04   690.5880    
  2.1421423E-04   667.0314    
  2.1821816E-04   645.0144    
  2.2222228E-04   624.0645    
  2.2622642E-04   603.7870    
  2.3023014E-04   583.9216    
  2.3423426E-04   564.2415    
  2.3823819E-04   544.4398    
  2.4224233E-04   524.1629    
  2.4624626E-04   503.2213    
  2.5025019E-04   481.7915    
  2.5425432E-04   460.3900    
  2.5825843E-04   439.6057    
  2.6226215E-04   419.7708    
  2.6626629E-04   400.8349    
  2.7027042E-04   382.5453    
  2.7427415E-04   364.7368    
  2.7827828E-04   347.4917    
  2.8228239E-04   331.0543    
  2.8628632E-04   315.5928    
  2.9029025E-04   301.0611    
  2.9429438E-04   287.3083    
  2.9829831E-04   274.3018    
  3.0230245E-04   262.2469    
  3.0630638E-04   251.4563    
  3.1031031E-04   242.0648    
  3.1431441E-04   233.8333    
  3.1831834E-04   226.2345    
  3.2232227E-04   218.7493    
  3.2632641E-04   211.1530    
  3.3033034E-04   203.5680    
  3.3433427E-04   196.2694    
  3.3833840E-04   189.4326    
  3.4234230E-04   183.0327    
  3.4634644E-04   176.9288    
  3.5035037E-04   171.0338    
  3.5435430E-04   165.3781    
  3.5835843E-04   160.0358    
  3.6236257E-04   155.0117    
  3.6636629E-04   150.2131    
  3.7037040E-04   145.5366    
  3.7437453E-04   140.9673    
  3.7837846E-04   136.5824    
  3.8238239E-04   132.4449    
  3.8638632E-04   128.5013    
  3.9039046E-04   124.6013    
  3.9439456E-04   120.6259    
  3.9839832E-04   116.6124    
  4.0240242E-04   112.7368    
  4.0640656E-04   109.1698    
  4.1041028E-04   105.9208    
  4.1441442E-04   102.8257    
  4.1841855E-04   99.69448    
  4.2242248E-04   96.48504    
  4.2642641E-04   93.34743    
  4.3043052E-04   90.49708    
  4.3443445E-04   88.03954    
  4.3843858E-04   85.89708    
  4.4244251E-04   83.90145    
  4.4644644E-04   81.95705    
  4.5045058E-04   80.10501    
  4.5445448E-04   78.44249    
  4.5845841E-04   76.97778    
  4.6246254E-04   75.57391    
  4.6646647E-04   74.04630    
  4.7047040E-04   72.32323    
  4.7447454E-04   70.51724    
  4.7847847E-04   68.82253    
  4.8248257E-04   67.33955    
  4.8648650E-04   65.97399    
  4.9049046E-04   64.51693    
  4.9449457E-04   62.83298    
  4.9849867E-04   60.98897    
  5.0250243E-04   59.20520    
  5.0650653E-04   57.67889    
  5.1051070E-04   56.43320    
  5.1451463E-04   55.32458    
  5.1851856E-04   54.18325    
  5.2252266E-04   52.96287    
  5.2652659E-04   51.75677    
  5.3053052E-04   50.68914    
  5.3453445E-04   49.79203    
  5.3853856E-04   48.98179    
  5.4254272E-04   48.15405    
  5.4654642E-04   47.28390    
  5.5055058E-04   46.44043    
  5.5455469E-04   45.69992    
  5.5855862E-04   45.05594    
  5.6256255E-04   44.41792    
  5.6656665E-04   43.70393    
  5.7057058E-04   42.93025    
  5.7457475E-04   42.20284    
  5.7857868E-04   41.61024    
  5.8258261E-04   41.12533    
  5.8658671E-04   40.60745    
  5.9059082E-04   39.91860    
  5.9459457E-04   39.04842    
  5.9859868E-04   38.12959    
  6.0260261E-04   37.33241    
  6.0660654E-04   36.73053    
  6.1061064E-04   36.25875    
  6.1461458E-04   35.79589    
  6.1861874E-04   35.28492    
  6.2262267E-04   34.77752    
  6.2662660E-04   34.36174    
  6.3063070E-04   34.05143    
  6.3463481E-04   33.74662    
  6.3863856E-04   33.31178    
  6.4264267E-04   32.69528    
  6.4664683E-04   31.97871    
  6.5065076E-04   31.30605    
  6.5465469E-04   30.75803    
  6.5865880E-04   30.29086    
  6.6266273E-04   29.79259    
  6.6666666E-04   29.20533    
  6.7067076E-04   28.59474    
  6.7467469E-04   28.09942    
  6.7867886E-04   27.80810    
  6.8268256E-04   27.67628    
  6.8668672E-04   27.55819    
  6.9069082E-04   27.32457    
  6.9469475E-04   26.95865    
  6.9869868E-04   26.54762    
  7.0270279E-04   26.18693    
  7.0670672E-04   25.89090    
  7.1071088E-04   25.58782    
  7.1471481E-04   25.19777    
  7.1871874E-04   24.71200    
  7.2272285E-04   24.20047    
  7.2672695E-04   23.74578    
  7.3073071E-04   23.37341    
  7.3473481E-04   23.04467    
  7.3873898E-04   22.71049    
  7.4274268E-04   22.36788    
  7.4674684E-04   22.05864    
  7.5075077E-04   21.81606    
  7.5475487E-04   21.61693    
  7.5875880E-04   21.39317    
  7.6276273E-04   21.09307    
  7.6676684E-04   20.73119    
  7.7077100E-04   20.37510    
  7.7477470E-04   20.07864    
  7.7877886E-04   19.82801    
  7.8278297E-04   19.55540    
  7.8678690E-04   19.20915    
  7.9079083E-04   18.81145    
  7.9479493E-04   18.44624    
  7.9879886E-04   18.18277    
  8.0280280E-04   18.00804    
  8.0680696E-04   17.83218    
  8.1081083E-04   17.56560    
  8.1481499E-04   17.19740    
  8.1881869E-04   16.80399    
  8.2282285E-04   16.48181    
  8.2682696E-04   16.26697    
  8.3083089E-04   16.11566    
  8.3483482E-04   15.95804    
  8.3883893E-04   15.77007    
  8.4284286E-04   15.59217    
  8.4684702E-04   15.47894    
  8.5085095E-04   15.43458    
  8.5485488E-04   15.39950    
  8.5885898E-04   15.30382    
  8.6286291E-04   15.13618    
  8.6686685E-04   14.95729    
  8.7087095E-04   14.84445    
  8.7487511E-04   14.81451    
  8.7887881E-04   14.80263    
  8.8288297E-04   14.71580    
  8.8688708E-04   14.51502    
  8.9089101E-04   14.24923    
  8.9489494E-04   14.01049    
  8.9889887E-04   13.85406    
  9.0290298E-04   13.75732    
  9.0690714E-04   13.65295    
  9.1091084E-04   13.50146    
  9.1491500E-04   13.33269    
  9.1891910E-04   13.21495    
  9.2292303E-04   13.18579    
  9.2692696E-04   13.20931    
  9.3093107E-04   13.20127    
  9.3493500E-04   13.09899    
  9.3893893E-04   12.90891    
  9.4294309E-04   12.69264    
  9.4694702E-04   12.50672    
  9.5095113E-04   12.35782    
  9.5495506E-04   12.21232    
  9.5895899E-04   12.04406    
  9.6296309E-04   11.86954    
  9.6696703E-04   11.73016    
  9.7097096E-04   11.64415    
  9.7497512E-04   11.57676    
  9.7897905E-04   11.46517    
  9.8298315E-04   11.27711    
  9.8698703E-04   11.04700    
  9.9099101E-04   10.85080    
  9.9499512E-04   10.74171    
  9.9899911E-04   10.70421    
  1.0030030E-03   10.66911    
  1.0070071E-03   10.57734    
  1.0110112E-03   10.43098    
  1.0150149E-03   10.28575    
  1.0190191E-03   10.19416    
  1.0230233E-03   10.15326    
  1.0270271E-03   10.10800    
  1.0310311E-03   10.00403    
  1.0350352E-03   9.839993    
  1.0390391E-03   9.668427    
  1.0430432E-03   9.545641    
  1.0470470E-03   9.480008    
  1.0510511E-03   9.427990    
  1.0550553E-03   9.339163    
  1.0590589E-03   9.207225    
  1.0630632E-03   9.075454    
  1.0670673E-03   8.993976    
  1.0710711E-03   8.969967    
  1.0750751E-03   8.960564    
  1.0790792E-03   8.913644    
  1.0830831E-03   8.817040    
  1.0870873E-03   8.708488    
  1.0910912E-03   8.638237    
  1.0950951E-03   8.619584    
  1.0990993E-03   8.617752    
  1.1031034E-03   8.584686    
  1.1071071E-03   8.506378    
  1.1111113E-03   8.414712    
  1.1151151E-03   8.353932    
  1.1191192E-03   8.334202    
  1.1231232E-03   8.319231    
  1.1271271E-03   8.258691    
  1.1311313E-03   8.135903    
  1.1351352E-03   7.983541    
  1.1391392E-03   7.853010    
  1.1431433E-03   7.767444    
  1.1471474E-03   7.704316    
  1.1511511E-03   7.622225    
  1.1551552E-03   7.506566    
  1.1591594E-03   7.387589    
  1.1631633E-03   7.314863    
  1.1671672E-03   7.312610    
  1.1711713E-03   7.358061    
  1.1751753E-03   7.402056    
  1.1791794E-03   7.410081    
  1.1831833E-03   7.383476    
  1.1871873E-03   7.343759    
  1.1911914E-03   7.299172    
  1.1951951E-03   7.232398    
  1.1991992E-03   7.121538    
  1.2032033E-03   6.973075    
  1.2072073E-03   6.830946    
  1.2112112E-03   6.745356    
  1.2152153E-03   6.732162    
  1.2192193E-03   6.757501    
  1.2232234E-03   6.768936    
  1.2272274E-03   6.739731    
  1.2312313E-03   6.689922    
  1.2352354E-03   6.659073    
  1.2392395E-03   6.661611    
  1.2432432E-03   6.667866    
  1.2472473E-03   6.629690    
  1.2512516E-03   6.528236    
  1.2552554E-03   6.397967    
  1.2592594E-03   6.297946    
  1.2632633E-03   6.260128    
  1.2672674E-03   6.258935    
  1.2712714E-03   6.233566    
  1.2752753E-03   6.143166    
  1.2792794E-03   6.003438    
  1.2832836E-03   5.873692    
  1.2872872E-03   5.804086    
  1.2912914E-03   5.795472    
  1.2952955E-03   5.805440    
  1.2992994E-03   5.790855    
  1.3033034E-03   5.748753    
  1.3073075E-03   5.712238    
  1.3113114E-03   5.712389    
  1.3153156E-03   5.742766    
  1.3193195E-03   5.763353    
  1.3233233E-03   5.740180    
  1.3273276E-03   5.680027    
  1.3313317E-03   5.626030    
  1.3353354E-03   5.616404    
  1.3393395E-03   5.647154    
  1.3433433E-03   5.673650    
  1.3473474E-03   5.650778    
  1.3513515E-03   5.574177    
  1.3553553E-03   5.484528    
  1.3593594E-03   5.430110    
  1.3633635E-03   5.424107    
  1.3673676E-03   5.435908    
  1.3713713E-03   5.422171    
  1.3753754E-03   5.367098    
  1.3793795E-03   5.293290    
  1.3833838E-03   5.236711    
  1.3873874E-03   5.210170    
  1.3913916E-03   5.194676    
  1.3953957E-03   5.161292    
  1.3993995E-03   5.102165    
  1.4034036E-03   5.038129    
  1.4074073E-03   4.992932    
  1.4114114E-03   4.966621    
  1.4154156E-03   4.932778    
  1.4194197E-03   4.866139    
  1.4234238E-03   4.773051    
  1.4274279E-03   4.690539    
  1.4314313E-03   4.653616    
  1.4354354E-03   4.659931    
  1.4394395E-03   4.667820    
  1.4434436E-03   4.632749    
  1.4474478E-03   4.549799    
  1.4514514E-03   4.461221    
  1.4554557E-03   4.421612    
  1.4594593E-03   4.449545    
  1.4634635E-03   4.511600    
  1.4674676E-03   4.551868    
  1.4714717E-03   4.539423    
  1.4754755E-03   4.491642    
  1.4794796E-03   4.452355    
  1.4834837E-03   4.448353    
  1.4874878E-03   4.466338    
  1.4914916E-03   4.469166    
  1.4954957E-03   4.436085    
  1.4994994E-03   4.383233    
  1.5035035E-03   4.347036    
  1.5075076E-03   4.345748    
  1.5115119E-03   4.358785    
  1.5155160E-03   4.344519    
  1.5195193E-03   4.281719    
  1.5235234E-03   4.192024    
  1.5275275E-03   4.123180    
  1.5315317E-03   4.106924    
  1.5355358E-03   4.130014    
  1.5395399E-03   4.147444    
  1.5435437E-03   4.122190    
  1.5475478E-03   4.057067    
  1.5515515E-03   3.988117    
  1.5555556E-03   3.948693    
  1.5595597E-03   3.939421    
  1.5635638E-03   3.932013    
  1.5675676E-03   3.900330    
  1.5715717E-03   3.848038    
  1.5755758E-03   3.803990    
  1.5795800E-03   3.792118    
  1.5835837E-03   3.806032    
  1.5875874E-03   3.814443    
  1.5915915E-03   3.791785    
  1.5955957E-03   3.744804    
  1.5995998E-03   3.706561    
  1.6036039E-03   3.704570    
  1.6076081E-03   3.733647    
  1.6116115E-03   3.759758    
  1.6156156E-03   3.752556    
  1.6196197E-03   3.713997    
  1.6236238E-03   3.675951    
  1.6276279E-03   3.668920    
  1.6316320E-03   3.691402    
  1.6356357E-03   3.710546    
  1.6396398E-03   3.693055    
  1.6436436E-03   3.636205    
  1.6476477E-03   3.569486    
  1.6516519E-03   3.525629    
  1.6556560E-03   3.509974    
  1.6596598E-03   3.497897    
  1.6636639E-03   3.462435    
  1.6676680E-03   3.405401    
  1.6716718E-03   3.358398    
  1.6756759E-03   3.353980    
  1.6796796E-03   3.391958    
  1.6836837E-03   3.436049    
  1.6876878E-03   3.444677    
  1.6916919E-03   3.408002    
  1.6956960E-03   3.356571    
  1.6997003E-03   3.333333    
  1.7037035E-03   3.354407    
  1.7077076E-03   3.395461    
  1.7117118E-03   3.415455    
  1.7157159E-03   3.394297    
  1.7197201E-03   3.350296    
  1.7237242E-03   3.319568    
  1.7277279E-03   3.321149    
  1.7317316E-03   3.339311    
  1.7357358E-03   3.340349    
  1.7397399E-03   3.306682    
  1.7437440E-03   3.254464    
  1.7477478E-03   3.217883    
  1.7517519E-03   3.215942    
  1.7557560E-03   3.233576    
  1.7597601E-03   3.236144    
  1.7637638E-03   3.202154    
  1.7677679E-03   3.143909    
  1.7717717E-03   3.095973    
  1.7757758E-03   3.082783    
  1.7797799E-03   3.096674    
  1.7837841E-03   3.106476    
  1.7877882E-03   3.087901    
  1.7917923E-03   3.046463    
  1.7957956E-03   3.011139    
  1.7997999E-03   3.006487    
  1.8038040E-03   3.029660    
  1.8078081E-03   3.054589    
  1.8118122E-03   3.056648    
  1.8158159E-03   3.035769    
  1.8198200E-03   3.014137    
  1.8238238E-03   3.013682    
  1.8278279E-03   3.035289    
  1.8318320E-03   3.059406    
  1.8358361E-03   3.066011    
  1.8398399E-03   3.053239    
  1.8438440E-03   3.035872    
  1.8478482E-03   3.027619    
  1.8518523E-03   3.026004    
  1.8558560E-03   3.015352    
  1.8598601E-03   2.984756    
  1.8638638E-03   2.941900    
  1.8678680E-03   2.907208    
  1.8718721E-03   2.893353    
  1.8758762E-03   2.890757    
  1.8798803E-03   2.875019    
  1.8838837E-03   2.829545    
  1.8878878E-03   2.762609    
  1.8918919E-03   2.701838    
  1.8958960E-03   2.669612    
  1.8999001E-03   2.664852    
  1.9039044E-03   2.665386    
  1.9079080E-03   2.650561    
  1.9119122E-03   2.620439    
  1.9159159E-03   2.593957    
  1.9199200E-03   2.587989    
  1.9239242E-03   2.599067    
  1.9279283E-03   2.605716    
  1.9319321E-03   2.589268    
  1.9359362E-03   2.553038    
  1.9399403E-03   2.519230    
  1.9439440E-03   2.507984    
  1.9479481E-03   2.518085    
  1.9519522E-03   2.528137    
  1.9559560E-03   2.518282    
  1.9599602E-03   2.489601    
  1.9639642E-03   2.463164    
  1.9679684E-03   2.457997    
  1.9719724E-03   2.471669    
  1.9759759E-03   2.480915    
  1.9799799E-03   2.464691    
  1.9839841E-03   2.425161    
  1.9879881E-03   2.387514    
  1.9919924E-03   2.376284    
  1.9959963E-03   2.392558    
  2.0000001E-03   2.412883    
