 -2.0000001E-03   2.021885    
 -1.9959963E-03   1.795510    
 -1.9919921E-03   1.721108    
 -1.9879881E-03   2.062134    
 -1.9839841E-03   2.409945    
 -1.9799802E-03   2.845279    
 -1.9759762E-03   3.380873    
 -1.9719722E-03   3.490014    
 -1.9679682E-03   3.162198    
 -1.9639642E-03   2.921373    
 -1.9599602E-03   2.900343    
 -1.9559562E-03   2.911988    
 -1.9519520E-03   3.024450    
 -1.9479481E-03   3.398892    
 -1.9439441E-03   3.629851    
 -1.9399400E-03   3.199260    
 -1.9359362E-03   2.658619    
 -1.9319321E-03   2.704023    
 -1.9279281E-03   2.766858    
 -1.9239242E-03   2.485920    
 -1.9199200E-03   2.516817    
 -1.9159161E-03   2.725506    
 -1.9119122E-03   2.476144    
 -1.9079080E-03   2.150945    
 -1.9039041E-03   2.076432    
 -1.8999000E-03   2.011878    
 -1.8958960E-03   2.112583    
 -1.8918922E-03   2.285562    
 -1.8878881E-03   2.120643    
 -1.8838841E-03   1.959580    
 -1.8798800E-03   1.978580    
 -1.8758760E-03   1.879102    
 -1.8718721E-03   2.082915    
 -1.8678680E-03   2.480349    
 -1.8638640E-03   1.910077    
 -1.8598601E-03  0.7469250    
 -1.8558560E-03  0.3118178    
 -1.8518521E-03  0.2709289    
 -1.8478479E-03  0.1007045    
 -1.8438440E-03  0.1917771    
 -1.8398401E-03  5.8382619E-02
 -1.8358360E-03 -0.7710220    
 -1.8318320E-03  -1.244722    
 -1.8278279E-03 -0.9016565    
 -1.8238240E-03 -0.6731730    
 -1.8198200E-03 -0.8311911    
 -1.8158159E-03 -0.9974935    
 -1.8118119E-03  -1.291226    
 -1.8078081E-03  -1.665820    
 -1.8038040E-03  -1.562842    
 -1.7998000E-03 -0.8805574    
 -1.7957959E-03 -0.1250729    
 -1.7917920E-03  0.4302596    
 -1.7877880E-03  0.9151956    
 -1.7837839E-03   1.224708    
 -1.7797799E-03   1.032014    
 -1.7757760E-03  0.4862059    
 -1.7717719E-03 -2.1619840E-02
 -1.7677679E-03 -0.5558226    
 -1.7637638E-03  -1.144303    
 -1.7597600E-03  -1.251782    
 -1.7557560E-03 -0.6591787    
 -1.7517519E-03 -0.1074516    
 -1.7477479E-03 -0.2123765    
 -1.7437440E-03 -0.4627820    
 -1.7397399E-03 -0.3865433    
 -1.7357359E-03 -0.6427858    
 -1.7317318E-03  -1.348365    
 -1.7277279E-03  -1.291462    
 -1.7237237E-03 -0.4390090    
 -1.7197198E-03 -6.1391510E-02
 -1.7157159E-03  0.1581699    
 -1.7117118E-03   1.165667    
 -1.7077079E-03   2.053843    
 -1.7037039E-03   2.019980    
 -1.6996998E-03   1.937480    
 -1.6956959E-03   2.360888    
 -1.6916919E-03   2.982947    
 -1.6876878E-03   3.532158    
 -1.6836839E-03   3.600683    
 -1.6796797E-03   3.145795    
 -1.6756759E-03   2.699156    
 -1.6716719E-03   2.301110    
 -1.6676678E-03   1.988282    
 -1.6636639E-03   2.317417    
 -1.6596598E-03   2.971083    
 -1.6556558E-03   3.125394    
 -1.6516518E-03   2.956757    
 -1.6476478E-03   2.772659    
 -1.6436438E-03   2.485019    
 -1.6396398E-03   2.416218    
 -1.6356357E-03   2.558996    
 -1.6316319E-03   2.253923    
 -1.6276278E-03   1.546309    
 -1.6236238E-03   1.010089    
 -1.6196198E-03  0.7051874    
 -1.6156157E-03  0.5072306    
 -1.6116118E-03  0.4078140    
 -1.6076078E-03  0.3411735    
 -1.6036037E-03  0.2764530    
 -1.5995997E-03  0.2030745    
 -1.5955957E-03  0.2238707    
 -1.5915917E-03  0.4808651    
 -1.5875878E-03  0.7697482    
 -1.5835837E-03  0.9742072    
 -1.5795798E-03   1.284434    
 -1.5755757E-03   1.537708    
 -1.5715717E-03   1.675619    
 -1.5675678E-03   2.027684    
 -1.5635637E-03   2.317750    
 -1.5595597E-03   2.425978    
 -1.5555557E-03   3.092474    
 -1.5515516E-03   3.933044    
 -1.5475478E-03   3.826958    
 -1.5435437E-03   3.264899    
 -1.5395397E-03   2.756204    
 -1.5355357E-03   1.638311    
 -1.5315317E-03  0.5101233    
 -1.5275277E-03  0.6420734    
 -1.5235236E-03   1.512367    
 -1.5195196E-03   2.144524    
 -1.5155156E-03   2.387168    
 -1.5115116E-03   2.226780    
 -1.5075076E-03   2.085037    
 -1.5035035E-03   2.215657    
 -1.4994997E-03   1.894000    
 -1.4954957E-03   1.262767    
 -1.4914917E-03   1.373603    
 -1.4874877E-03   1.791920    
 -1.4834836E-03   1.624494    
 -1.4794796E-03   1.432924    
 -1.4754756E-03   1.719693    
 -1.4714716E-03   1.998160    
 -1.4674676E-03   2.016873    
 -1.4634635E-03   2.106574    
 -1.4594595E-03   2.546725    
 -1.4554557E-03   3.119368    
 -1.4514516E-03   3.561485    
 -1.4474476E-03   4.199299    
 -1.4434436E-03   4.892724    
 -1.4394395E-03   4.780095    
 -1.4354356E-03   4.237418    
 -1.4314316E-03   4.170529    
 -1.4274275E-03   4.014689    
 -1.4234236E-03   3.517112    
 -1.4194195E-03   3.459113    
 -1.4154156E-03   3.496756    
 -1.4114116E-03   3.295038    
 -1.4074075E-03   3.772797    
 -1.4034036E-03   4.679806    
 -1.3993995E-03   5.049321    
 -1.3953955E-03   5.352363    
 -1.3913916E-03   5.722969    
 -1.3873874E-03   5.567954    
 -1.3833835E-03   5.500225    
 -1.3793795E-03   5.785969    
 -1.3753754E-03   5.566974    
 -1.3713716E-03   5.222141    
 -1.3673675E-03   5.545070    
 -1.3633635E-03   6.050859    
 -1.3593596E-03   6.509961    
 -1.3553554E-03   6.961234    
 -1.3513515E-03   6.842672    
 -1.3473475E-03   6.578442    
 -1.3433434E-03   7.060361    
 -1.3393395E-03   7.630239    
 -1.3353354E-03   7.703353    
 -1.3313314E-03   7.935462    
 -1.3273275E-03   8.352638    
 -1.3233233E-03   8.430656    
 -1.3193195E-03   8.296398    
 -1.3153154E-03   7.973806    
 -1.3113114E-03   7.390672    
 -1.3073074E-03   7.125894    
 -1.3033034E-03   7.436724    
 -1.2992994E-03   7.791971    
 -1.2952955E-03   7.898179    
 -1.2912914E-03   7.829990    
 -1.2872875E-03   7.724478    
 -1.2832835E-03   8.016092    
 -1.2792794E-03   8.920100    
 -1.2752755E-03   9.877892    
 -1.2712714E-03   10.41286    
 -1.2672674E-03   10.71339    
 -1.2632634E-03   10.92231    
 -1.2592594E-03   10.89202    
 -1.2552554E-03   10.56512    
 -1.2512513E-03   9.892897    
 -1.2472473E-03   9.065425    
 -1.2432433E-03   8.615455    
 -1.2392394E-03   8.275446    
 -1.2352354E-03   7.219136    
 -1.2312314E-03   5.948648    
 -1.2272274E-03   5.396476    
 -1.2232234E-03   5.152702    
 -1.2192193E-03   5.090474    
 -1.2152153E-03   5.946184    
 -1.2112113E-03   7.260013    
 -1.2072073E-03   8.175462    
 -1.2032033E-03   8.894377    
 -1.1991992E-03   9.284527    
 -1.1951954E-03   9.138148    
 -1.1911913E-03   9.100973    
 -1.1871873E-03   8.934049    
 -1.1831833E-03   8.093396    
 -1.1791792E-03   7.599146    
 -1.1751753E-03   7.840238    
 -1.1711712E-03   7.985335    
 -1.1671672E-03   8.430324    
 -1.1631633E-03   9.309910    
 -1.1591592E-03   9.313884    
 -1.1551552E-03   8.494991    
 -1.1511513E-03   7.791053    
 -1.1471473E-03   7.093015    
 -1.1431432E-03   6.873091    
 -1.1391392E-03   7.757953    
 -1.1351353E-03   8.796469    
 -1.1311313E-03   9.396099    
 -1.1271272E-03   9.934019    
 -1.1231232E-03   10.37142    
 -1.1191192E-03   10.83359    
 -1.1151151E-03   11.03187    
 -1.1111113E-03   10.17970    
 -1.1071071E-03   9.564205    
 -1.1031033E-03   10.45922    
 -1.0990992E-03   11.06114    
 -1.0950952E-03   10.46731    
 -1.0910912E-03   9.988674    
 -1.0870872E-03   9.420765    
 -1.0830831E-03   8.665670    
 -1.0790792E-03   8.940488    
 -1.0750751E-03   9.517191    
 -1.0710711E-03   9.750357    
 -1.0670673E-03   10.90389    
 -1.0630632E-03   12.00947    
 -1.0590592E-03   11.51018    
 -1.0550552E-03   11.06971    
 -1.0510512E-03   11.38302    
 -1.0470471E-03   11.24372    
 -1.0430432E-03   11.51800    
 -1.0390391E-03   12.69721    
 -1.0350351E-03   13.53449    
 -1.0310311E-03   14.58081    
 -1.0270271E-03   16.07195    
 -1.0230232E-03   16.12456    
 -1.0190191E-03   15.08062    
 -1.0150151E-03   14.80510    
 -1.0110112E-03   14.98125    
 -1.0070070E-03   14.97918    
 -1.0030031E-03   14.69506    
 -9.9899911E-04   13.46522    
 -9.9499500E-04   11.93576    
 -9.9099113E-04   11.50783    
 -9.8698703E-04   12.04321    
 -9.8298315E-04   13.17440    
 -9.7897905E-04   14.51398    
 -9.7497512E-04   15.03309    
 -9.7097107E-04   15.22351    
 -9.6696703E-04   16.05413    
 -9.6296304E-04   16.53439    
 -9.5895911E-04   16.48871    
 -9.5495506E-04   17.10870    
 -9.5095101E-04   17.58582    
 -9.4694702E-04   16.90576    
 -9.4294309E-04   16.17174    
 -9.3893893E-04   15.70166    
 -9.3493500E-04   14.62279    
 -9.3093107E-04   13.40216    
 -9.2692696E-04   12.92852    
 -9.2292303E-04   12.94274    
 -9.1891899E-04   12.94995    
 -9.1491506E-04   13.15022    
 -9.1091095E-04   13.97368    
 -9.0690702E-04   14.76585    
 -9.0290298E-04   14.31620    
 -8.9889899E-04   13.21111    
 -8.9489494E-04   12.93797    
 -8.9089101E-04   13.29841    
 -8.8688690E-04   13.48045    
 -8.8288297E-04   13.50852    
 -8.7887893E-04   13.49346    
 -8.7487500E-04   13.55244    
 -8.7087089E-04   13.66184    
 -8.6686696E-04   13.50148    
 -8.6286303E-04   13.40781    
 -8.5885887E-04   13.37328    
 -8.5485494E-04   12.39310    
 -8.5085095E-04   11.13472    
 -8.4684690E-04   11.18796    
 -8.4284286E-04   11.76873    
 -8.3883893E-04   11.85820    
 -8.3483494E-04   12.15543    
 -8.3083089E-04   12.64498    
 -8.2682684E-04   12.88437    
 -8.2282291E-04   13.14134    
 -8.1881881E-04   13.03169    
 -8.1481488E-04   12.87502    
 -8.1081083E-04   14.19514    
 -8.0680696E-04   16.00164    
 -8.0280280E-04   15.83975    
 -7.9879886E-04   14.23336    
 -7.9479493E-04   13.27946    
 -7.9079083E-04   13.60388    
 -7.8678690E-04   14.59060    
 -7.8278285E-04   15.54094    
 -7.7877886E-04   16.89205    
 -7.7477482E-04   18.93956    
 -7.7077089E-04   19.68098    
 -7.6676684E-04   18.06050    
 -7.6276285E-04   16.27299    
 -7.5875880E-04   15.79019    
 -7.5475487E-04   16.46174    
 -7.5075077E-04   18.30908    
 -7.4674684E-04   19.99943    
 -7.4274279E-04   20.45885    
 -7.3873874E-04   21.12389    
 -7.3473481E-04   21.89998    
 -7.3073083E-04   21.12604    
 -7.2672690E-04   19.84144    
 -7.2272273E-04   19.07747    
 -7.1871880E-04   18.52294    
 -7.1471481E-04   19.67912    
 -7.1071077E-04   21.85512    
 -7.0670672E-04   20.88248    
 -7.0270279E-04   17.59012    
 -6.9869880E-04   16.73467    
 -6.9469475E-04   18.45357    
 -6.9069071E-04   20.59801    
 -6.8668678E-04   22.78844    
 -6.8268267E-04   24.34742    
 -6.7867874E-04   25.63048    
 -6.7467469E-04   27.90131    
 -6.7067071E-04   28.79738    
 -6.6666678E-04   25.86366    
 -6.6266273E-04   22.20259    
 -6.5865880E-04   21.11365    
 -6.5465469E-04   21.09214    
 -6.5065076E-04   20.53804    
 -6.4664672E-04   20.89134    
 -6.4264267E-04   22.86635    
 -6.3863868E-04   24.51814    
 -6.3463475E-04   24.76609    
 -6.3063059E-04   25.04077    
 -6.2662666E-04   25.97559    
 -6.2262267E-04   26.59028    
 -6.1861874E-04   26.78708    
 -6.1461458E-04   26.32788    
 -6.1061064E-04   24.35109    
 -6.0660666E-04   22.62362    
 -6.0260261E-04   23.38094    
 -5.9859868E-04   24.82119    
 -5.9459469E-04   25.22907    
 -5.9059076E-04   26.65365    
 -5.8658660E-04   29.57380    
 -5.8258267E-04   30.88552    
 -5.7857868E-04   30.05276    
 -5.7457463E-04   30.49770    
 -5.7057058E-04   33.03910    
 -5.6656665E-04   34.52983    
 -5.6256255E-04   35.09146    
 -5.5855862E-04   38.38892    
 -5.5455457E-04   42.96107    
 -5.5055064E-04   44.14787    
 -5.4654654E-04   43.57220    
 -5.4254261E-04   45.32002    
 -5.3853856E-04   48.44876    
 -5.3453457E-04   50.72379    
 -5.3053064E-04   51.47190    
 -5.2652659E-04   50.72084    
 -5.2252255E-04   50.98420    
 -5.1851856E-04   53.71600    
 -5.1451463E-04   56.25190    
 -5.1051058E-04   58.04248    
 -5.0650653E-04   59.87712    
 -5.0250255E-04   58.81461    
 -4.9849862E-04   55.46488    
 -4.9449445E-04   54.73703    
 -4.9049052E-04   55.16803    
 -4.8648650E-04   53.43235    
 -4.8248249E-04   52.19656    
 -4.7847847E-04   52.42100    
 -4.7447454E-04   52.09439    
 -4.7047061E-04   52.05174    
 -4.6646647E-04   52.08768    
 -4.6246254E-04   51.87385    
 -4.5845853E-04   54.83371    
 -4.5445448E-04   59.46538    
 -4.5045046E-04   60.31189    
 -4.4644653E-04   60.69514    
 -4.4244251E-04   65.72779    
 -4.3843850E-04   71.11879    
 -4.3443445E-04   73.16295    
 -4.3043052E-04   75.04536    
 -4.2642641E-04   78.24100    
 -4.2242248E-04   80.72978    
 -4.1841844E-04   82.53094    
 -4.1441442E-04   86.26042    
 -4.1041040E-04   92.76894    
 -4.0640647E-04   98.75223    
 -4.0240254E-04   101.7814    
 -3.9839841E-04   103.4812    
 -3.9439448E-04   104.4860    
 -3.9039046E-04   105.3756    
 -3.8638641E-04   109.6009    
 -3.8238239E-04   115.1974    
 -3.7837846E-04   116.0915    
 -3.7437433E-04   115.1750    
 -3.7037040E-04   117.7836    
 -3.6636638E-04   119.7697    
 -3.6236245E-04   117.8088    
 -3.5835832E-04   116.3488    
 -3.5435439E-04   117.6765    
 -3.5035037E-04   119.9635    
 -3.4634635E-04   124.2303    
 -3.4234230E-04   133.9608    
 -3.3833840E-04   147.7144    
 -3.3433427E-04   157.0927    
 -3.3033034E-04   159.3229    
 -3.2632641E-04   163.5430    
 -3.2232248E-04   173.1289    
 -3.1831834E-04   181.4765    
 -3.1431441E-04   191.3639    
 -3.1031031E-04   208.1314    
 -3.0630638E-04   221.4717    
 -3.0230224E-04   224.4675    
 -2.9829831E-04   228.8101    
 -2.9429438E-04   242.8445    
 -2.9029025E-04   261.6791    
 -2.8628614E-04   281.4869    
 -2.8228239E-04   302.6261    
 -2.7827828E-04   324.6187    
 -2.7427435E-04   346.6140    
 -2.7027042E-04   367.9363    
 -2.6626629E-04   388.3654    
 -2.6226236E-04   409.0114    
 -2.5825822E-04   432.3717    
 -2.5425432E-04   458.9547    
 -2.5025039E-04   483.8178    
 -2.4624626E-04   507.9660    
 -2.4224212E-04   543.6086    
 -2.3823840E-04   587.3370    
 -2.3423426E-04   619.5629    
 -2.3023014E-04   647.0999    
 -2.2622621E-04   691.2490    
 -2.2222228E-04   739.9463    
 -2.1821816E-04   775.8148    
 -2.1421423E-04   814.4038    
 -2.1021010E-04   866.3187    
 -2.0620637E-04   917.4932    
 -2.0220225E-04   963.3546    
 -1.9819812E-04   1014.789    
 -1.9419439E-04   1081.557    
 -1.9019026E-04   1166.122    
 -1.8618614E-04   1258.892    
 -1.8218221E-04   1354.081    
 -1.7817828E-04   1463.037    
 -1.7417416E-04   1586.065    
 -1.7017023E-04   1704.356    
 -1.6616609E-04   1813.349    
 -1.6216218E-04   1928.565    
 -1.5815825E-04   2067.437    
 -1.5415411E-04   2232.113    
 -1.5014999E-04   2394.943    
 -1.4614625E-04   2533.965    
 -1.4214213E-04   2673.781    
 -1.3813801E-04   2834.377    
 -1.3413427E-04   2985.658    
 -1.3013015E-04   3099.381    
 -1.2612622E-04   3182.230    
 -1.2212209E-04   3246.884    
 -1.1811817E-04   3293.749    
 -1.1411423E-04   3305.857    
 -1.1011012E-04   3270.174    
 -1.0610599E-04   3207.563    
 -1.0210225E-04   3128.367    
 -9.8098128E-05   3006.394    
 -9.4094001E-05   2854.345    
 -9.0090070E-05   2721.271    
 -8.6086147E-05   2602.157    
 -8.2082021E-05   2466.514    
 -7.8078090E-05   2322.542    
 -7.4073963E-05   2179.515    
 -7.0070033E-05   2039.509    
 -6.6066110E-05   1923.672    
 -6.2061983E-05   1833.139    
 -5.8058249E-05   1744.581    
 -5.4054122E-05   1653.773    
 -5.0049995E-05   1562.034    
 -4.6046069E-05   1472.326    
 -4.2042138E-05   1405.553    
 -3.8038012E-05   1357.265    
 -3.4034085E-05   1302.760    
 -3.0029958E-05   1261.123    
 -2.6026029E-05   1252.683    
 -2.2022101E-05   1245.632    
 -1.8017976E-05   1222.164    
 -1.4013849E-05   1203.562    
 -1.0010118E-05   1195.471    
 -6.0059915E-06   1190.338    
 -2.0018651E-06   1188.749    
  2.0018651E-06   1188.751    
  6.0059915E-06   1190.340    
  1.0010118E-05   1195.473    
  1.4014046E-05   1203.566    
  1.8017976E-05   1222.170    
  2.2021904E-05   1245.626    
  2.6026029E-05   1252.682    
  3.0030156E-05   1261.125    
  3.4033888E-05   1302.758    
  3.8038012E-05   1357.262    
  4.2042138E-05   1405.549    
  4.6046069E-05   1472.324    
  5.0049995E-05   1562.034    
  5.4054122E-05   1653.771    
  5.8058053E-05   1744.578    
  6.2061983E-05   1833.138    
  6.6066110E-05   1923.672    
  7.0070033E-05   2039.510    
  7.4074160E-05   2179.521    
  7.8078090E-05   2322.543    
  8.2082021E-05   2466.513    
  8.6086147E-05   2602.157    
  9.0090070E-05   2721.273    
  9.4094001E-05   2854.344    
  9.8098128E-05   3006.392    
  1.0210206E-04   3128.365    
  1.0610618E-04   3207.567    
  1.1011012E-04   3270.176    
  1.1411404E-04   3305.858    
  1.1811817E-04   3293.749    
  1.2212229E-04   3246.880    
  1.2612602E-04   3182.233    
  1.3013015E-04   3099.385    
  1.3413427E-04   2985.659    
  1.3813801E-04   2834.379    
  1.4214213E-04   2673.780    
  1.4614625E-04   2533.964    
  1.5015018E-04   2394.936    
  1.5415411E-04   2232.115    
  1.5815825E-04   2067.437    
  1.6216218E-04   1928.566    
  1.6616630E-04   1813.341    
  1.7017002E-04   1704.359    
  1.7417416E-04   1586.065    
  1.7817828E-04   1463.037    
  1.8218221E-04   1354.080    
  1.8618614E-04   1258.893    
  1.9019026E-04   1166.121    
  1.9419419E-04   1081.560    
  1.9819812E-04   1014.789    
  2.0220225E-04   963.3525    
  2.0620618E-04   917.4972    
  2.1021030E-04   866.3159    
  2.1421423E-04   814.4063    
  2.1821816E-04   775.8145    
  2.2222228E-04   739.9463    
  2.2622642E-04   691.2470    
  2.3023014E-04   647.0997    
  2.3423426E-04   619.5638    
  2.3823819E-04   587.3397    
  2.4224233E-04   543.6058    
  2.4624626E-04   507.9666    
  2.5025019E-04   483.8180    
  2.5425432E-04   458.9543    
  2.5825843E-04   432.3703    
  2.6226215E-04   409.0123    
  2.6626629E-04   388.3653    
  2.7027042E-04   367.9363    
  2.7427415E-04   346.6141    
  2.7827828E-04   324.6188    
  2.8228239E-04   302.6267    
  2.8628632E-04   281.4857    
  2.9029025E-04   261.6798    
  2.9429438E-04   242.8450    
  2.9829831E-04   228.8101    
  3.0230245E-04   224.4673    
  3.0630638E-04   221.4713    
  3.1031031E-04   208.1315    
  3.1431441E-04   191.3638    
  3.1831834E-04   181.4762    
  3.2232227E-04   173.1279    
  3.2632641E-04   163.5429    
  3.3033034E-04   159.3227    
  3.3433427E-04   157.0928    
  3.3833840E-04   147.7139    
  3.4234230E-04   133.9607    
  3.4634644E-04   124.2305    
  3.5035037E-04   119.9635    
  3.5435430E-04   117.6763    
  3.5835843E-04   116.3488    
  3.6236257E-04   117.8089    
  3.6636629E-04   119.7693    
  3.7037040E-04   117.7835    
  3.7437453E-04   115.1751    
  3.7837846E-04   116.0919    
  3.8238239E-04   115.1975    
  3.8638632E-04   109.6018    
  3.9039046E-04   105.3756    
  3.9439456E-04   104.4857    
  3.9839832E-04   103.4817    
  4.0240242E-04   101.7817    
  4.0640656E-04   98.75238    
  4.1041028E-04   92.76964    
  4.1441442E-04   86.26051    
  4.1841855E-04   82.53087    
  4.2242248E-04   80.73003    
  4.2642641E-04   78.24133    
  4.3043052E-04   75.04525    
  4.3443445E-04   73.16268    
  4.3843858E-04   71.11835    
  4.4244251E-04   65.72766    
  4.4644644E-04   60.69451    
  4.5045058E-04   60.31116    
  4.5445448E-04   59.46519    
  4.5845841E-04   54.83411    
  4.6246254E-04   51.87405    
  4.6646647E-04   52.08784    
  4.7047040E-04   52.05181    
  4.7447454E-04   52.09447    
  4.7847847E-04   52.42118    
  4.8248257E-04   52.19665    
  4.8648650E-04   53.43210    
  4.9049046E-04   55.16721    
  4.9449457E-04   54.73674    
  4.9849867E-04   55.46505    
  5.0250243E-04   58.81574    
  5.0650653E-04   59.87711    
  5.1051070E-04   58.04316    
  5.1451463E-04   56.25208    
  5.1851856E-04   53.71588    
  5.2252266E-04   50.98429    
  5.2652659E-04   50.72076    
  5.3053052E-04   51.47200    
  5.3453445E-04   50.72392    
  5.3853856E-04   48.44857    
  5.4254272E-04   45.32003    
  5.4654642E-04   43.57167    
  5.5055058E-04   44.14807    
  5.5455469E-04   42.96133    
  5.5855862E-04   38.38885    
  5.6256255E-04   35.09146    
  5.6656665E-04   34.52965    
  5.7057058E-04   33.03906    
  5.7457475E-04   30.49768    
  5.7857868E-04   30.05296    
  5.8258261E-04   30.88588    
  5.8658671E-04   29.57394    
  5.9059082E-04   26.65342    
  5.9459457E-04   25.22947    
  5.9859868E-04   24.82126    
  6.0260261E-04   23.38070    
  6.0660654E-04   22.62386    
  6.1061064E-04   24.35124    
  6.1461458E-04   26.32793    
  6.1861874E-04   26.78719    
  6.2262267E-04   26.59014    
  6.2662660E-04   25.97582    
  6.3063070E-04   25.04089    
  6.3463481E-04   24.76614    
  6.3863856E-04   24.51817    
  6.4264267E-04   22.86649    
  6.4664683E-04   20.89170    
  6.5065076E-04   20.53801    
  6.5465469E-04   21.09220    
  6.5865880E-04   21.11374    
  6.6266273E-04   22.20249    
  6.6666666E-04   25.86335    
  6.7067076E-04   28.79728    
  6.7467469E-04   27.90114    
  6.7867886E-04   25.63009    
  6.8268256E-04   24.34728    
  6.8668672E-04   22.78826    
  6.9069082E-04   20.59768    
  6.9469475E-04   18.45374    
  6.9869868E-04   16.73472    
  7.0270279E-04   17.59009    
  7.0670672E-04   20.88245    
  7.1071088E-04   21.85522    
  7.1471481E-04   19.67918    
  7.1871874E-04   18.52327    
  7.2272285E-04   19.07718    
  7.2672695E-04   19.84069    
  7.3073071E-04   21.12604    
  7.3473481E-04   21.90006    
  7.3873898E-04   21.12400    
  7.4274268E-04   20.45863    
  7.4674684E-04   19.99932    
  7.5075077E-04   18.30926    
  7.5475487E-04   16.46188    
  7.5875880E-04   15.79001    
  7.6276273E-04   16.27252    
  7.6676684E-04   18.06051    
  7.7077100E-04   19.68089    
  7.7477470E-04   18.93962    
  7.7877886E-04   16.89191    
  7.8278297E-04   15.54087    
  7.8678690E-04   14.59047    
  7.9079083E-04   13.60369    
  7.9479493E-04   13.27935    
  7.9879886E-04   14.23337    
  8.0280280E-04   15.83980    
  8.0680696E-04   16.00159    
  8.1081083E-04   14.19526    
  8.1481499E-04   12.87484    
  8.1881869E-04   13.03144    
  8.2282285E-04   13.14125    
  8.2682696E-04   12.88436    
  8.3083089E-04   12.64493    
  8.3483482E-04   12.15529    
  8.3883893E-04   11.85816    
  8.4284286E-04   11.76874    
  8.4684702E-04   11.18814    
  8.5085095E-04   11.13470    
  8.5485488E-04   12.39262    
  8.5885898E-04   13.37328    
  8.6286291E-04   13.40752    
  8.6686685E-04   13.50116    
  8.7087095E-04   13.66179    
  8.7487511E-04   13.55240    
  8.7887881E-04   13.49368    
  8.8288297E-04   13.50843    
  8.8688708E-04   13.48041    
  8.9089101E-04   13.29846    
  8.9489494E-04   12.93795    
  8.9889887E-04   13.21077    
  9.0290298E-04   14.31620    
  9.0690714E-04   14.76594    
  9.1091084E-04   13.97391    
  9.1491500E-04   13.15019    
  9.1891910E-04   12.94968    
  9.2292303E-04   12.94261    
  9.2692696E-04   12.92849    
  9.3093107E-04   13.40213    
  9.3493500E-04   14.62292    
  9.3893893E-04   15.70166    
  9.4294309E-04   16.17167    
  9.4694702E-04   16.90571    
  9.5095113E-04   17.58591    
  9.5495506E-04   17.10882    
  9.5895899E-04   16.48856    
  9.6296309E-04   16.53414    
  9.6696703E-04   16.05416    
  9.7097096E-04   15.22370    
  9.7497512E-04   15.03308    
  9.7897905E-04   14.51385    
  9.8298315E-04   13.17438    
  9.8698703E-04   12.04324    
  9.9099101E-04   11.50797    
  9.9499512E-04   11.93576    
  9.9899911E-04   13.46550    
  1.0030030E-03   14.69509    
  1.0070071E-03   14.97918    
  1.0110112E-03   14.98133    
  1.0150149E-03   14.80509    
  1.0190191E-03   15.08069    
  1.0230233E-03   16.12475    
  1.0270271E-03   16.07190    
  1.0310311E-03   14.58083    
  1.0350352E-03   13.53455    
  1.0390391E-03   12.69727    
  1.0430432E-03   11.51779    
  1.0470470E-03   11.24381    
  1.0510511E-03   11.38288    
  1.0550553E-03   11.06957    
  1.0590589E-03   11.51033    
  1.0630632E-03   12.00967    
  1.0670673E-03   10.90393    
  1.0710711E-03   9.750277    
  1.0750751E-03   9.517244    
  1.0790792E-03   8.940406    
  1.0830831E-03   8.665709    
  1.0870873E-03   9.420728    
  1.0910912E-03   9.988788    
  1.0950951E-03   10.46730    
  1.0990993E-03   11.06137    
  1.1031034E-03   10.45952    
  1.1071071E-03   9.564210    
  1.1111113E-03   10.17960    
  1.1151151E-03   11.03191    
  1.1191192E-03   10.83362    
  1.1231232E-03   10.37140    
  1.1271271E-03   9.934140    
  1.1311313E-03   9.396058    
  1.1351352E-03   8.796322    
  1.1391392E-03   7.757882    
  1.1431433E-03   6.873071    
  1.1471474E-03   7.093073    
  1.1511511E-03   7.790859    
  1.1551552E-03   8.494905    
  1.1591594E-03   9.314188    
  1.1631633E-03   9.309852    
  1.1671672E-03   8.430256    
  1.1711713E-03   7.985497    
  1.1751753E-03   7.840174    
  1.1791794E-03   7.599153    
  1.1831833E-03   8.093305    
  1.1871873E-03   8.933959    
  1.1911914E-03   9.101082    
  1.1951951E-03   9.138081    
  1.1991992E-03   9.284534    
  1.2032033E-03   8.894443    
  1.2072073E-03   8.175488    
  1.2112112E-03   7.259948    
  1.2152153E-03   5.946207    
  1.2192193E-03   5.090447    
  1.2232234E-03   5.152702    
  1.2272274E-03   5.396558    
  1.2312313E-03   5.948568    
  1.2352354E-03   7.219163    
  1.2392395E-03   8.275456    
  1.2432432E-03   8.615517    
  1.2472473E-03   9.065443    
  1.2512516E-03   9.893023    
  1.2552554E-03   10.56522    
  1.2592594E-03   10.89205    
  1.2632633E-03   10.92208    
  1.2672674E-03   10.71351    
  1.2712714E-03   10.41285    
  1.2752753E-03   9.877934    
  1.2792794E-03   8.920091    
  1.2832836E-03   8.016078    
  1.2872872E-03   7.724391    
  1.2912914E-03   7.830025    
  1.2952955E-03   7.898225    
  1.2992994E-03   7.792026    
  1.3033034E-03   7.436835    
  1.3073075E-03   7.126058    
  1.3113114E-03   7.390745    
  1.3153156E-03   7.974093    
  1.3193195E-03   8.296407    
  1.3233233E-03   8.430676    
  1.3273276E-03   8.352569    
  1.3313317E-03   7.935577    
  1.3353354E-03   7.703391    
  1.3393395E-03   7.630292    
  1.3433433E-03   7.060404    
  1.3473474E-03   6.578452    
  1.3513515E-03   6.842613    
  1.3553553E-03   6.961140    
  1.3593594E-03   6.510064    
  1.3633635E-03   6.050786    
  1.3673676E-03   5.545224    
  1.3713713E-03   5.222154    
  1.3753754E-03   5.566962    
  1.3793795E-03   5.786032    
  1.3833838E-03   5.500270    
  1.3873874E-03   5.567975    
  1.3913916E-03   5.722982    
  1.3953957E-03   5.352509    
  1.3993995E-03   5.049317    
  1.4034036E-03   4.679871    
  1.4074073E-03   3.772957    
  1.4114114E-03   3.294962    
  1.4154156E-03   3.496731    
  1.4194197E-03   3.459157    
  1.4234238E-03   3.516819    
  1.4274279E-03   4.014809    
  1.4314313E-03   4.170503    
  1.4354354E-03   4.237301    
  1.4394395E-03   4.780068    
  1.4434436E-03   4.892681    
  1.4474478E-03   4.199356    
  1.4514514E-03   3.561324    
  1.4554557E-03   3.119333    
  1.4594593E-03   2.546717    
  1.4634635E-03   2.106441    
  1.4674676E-03   2.016722    
  1.4714717E-03   1.998246    
  1.4754755E-03   1.719866    
  1.4794796E-03   1.432940    
  1.4834837E-03   1.624391    
  1.4874878E-03   1.791864    
  1.4914916E-03   1.373770    
  1.4954957E-03   1.262819    
  1.4994994E-03   1.893935    
  1.5035035E-03   2.215654    
  1.5075076E-03   2.085044    
  1.5115119E-03   2.226645    
  1.5155160E-03   2.387175    
  1.5195193E-03   2.144497    
  1.5235234E-03   1.512397    
  1.5275275E-03  0.6422470    
  1.5315317E-03  0.5101169    
  1.5355358E-03   1.638335    
  1.5395399E-03   2.756259    
  1.5435437E-03   3.264893    
  1.5475478E-03   3.826988    
  1.5515515E-03   3.932961    
  1.5555556E-03   3.092446    
  1.5595597E-03   2.425985    
  1.5635638E-03   2.317433    
  1.5675676E-03   2.027927    
  1.5715717E-03   1.675735    
  1.5755758E-03   1.537777    
  1.5795800E-03   1.284402    
  1.5835837E-03  0.9742242    
  1.5875874E-03  0.7697166    
  1.5915915E-03  0.4808590    
  1.5955957E-03  0.2239426    
  1.5995998E-03  0.2029858    
  1.6036039E-03  0.2764066    
  1.6076081E-03  0.3412735    
  1.6116115E-03  0.4078327    
  1.6156156E-03  0.5070982    
  1.6196197E-03  0.7052315    
  1.6236238E-03   1.010191    
  1.6276279E-03   1.546521    
  1.6316320E-03   2.253822    
  1.6356357E-03   2.559067    
  1.6396398E-03   2.416348    
  1.6436436E-03   2.485041    
  1.6476477E-03   2.772656    
  1.6516519E-03   2.956582    
  1.6556560E-03   3.125546    
  1.6596598E-03   2.971240    
  1.6636639E-03   2.317404    
  1.6676680E-03   1.988243    
  1.6716718E-03   2.301035    
  1.6756759E-03   2.699210    
  1.6796796E-03   3.145797    
  1.6836837E-03   3.600500    
  1.6876878E-03   3.532099    
  1.6916919E-03   2.982969    
  1.6956960E-03   2.360678    
  1.6997003E-03   1.937553    
  1.7037035E-03   2.019981    
  1.7077076E-03   2.053751    
  1.7117118E-03   1.165640    
  1.7157159E-03  0.1582382    
  1.7197201E-03 -6.1126366E-02
  1.7237242E-03 -0.4391048    
  1.7277279E-03  -1.291376    
  1.7317316E-03  -1.348455    
  1.7357358E-03 -0.6428968    
  1.7397399E-03 -0.3865345    
  1.7437440E-03 -0.4627458    
  1.7477478E-03 -0.2123586    
  1.7517519E-03 -0.1074109    
  1.7557560E-03 -0.6591581    
  1.7597601E-03  -1.251671    
  1.7637638E-03  -1.144331    
  1.7677679E-03 -0.5558509    
  1.7717717E-03 -2.1562191E-02
  1.7757758E-03  0.4861805    
  1.7797799E-03   1.032058    
  1.7837841E-03   1.224693    
  1.7877882E-03  0.9153392    
  1.7917923E-03  0.4302864    
  1.7957956E-03 -0.1251022    
  1.7997999E-03 -0.8804400    
  1.8038040E-03  -1.562793    
  1.8078081E-03  -1.665813    
  1.8118122E-03  -1.291124    
  1.8158159E-03 -0.9975718    
  1.8198200E-03 -0.8312981    
  1.8238238E-03 -0.6732354    
  1.8278279E-03 -0.9017317    
  1.8318320E-03  -1.244784    
  1.8358361E-03 -0.7710522    
  1.8398399E-03  5.8173999E-02
  1.8438440E-03  0.1917466    
  1.8478482E-03  0.1005591    
  1.8518523E-03  0.2708314    
  1.8558560E-03  0.3117359    
  1.8598601E-03  0.7468740    
  1.8638638E-03   1.910050    
  1.8678680E-03   2.480435    
  1.8718721E-03   2.082929    
  1.8758762E-03   1.879027    
  1.8798803E-03   1.978745    
  1.8838837E-03   1.959767    
  1.8878878E-03   2.120580    
  1.8918919E-03   2.285489    
  1.8958960E-03   2.112514    
  1.8999001E-03   2.011781    
  1.9039044E-03   2.076496    
  1.9079080E-03   2.150955    
  1.9119122E-03   2.476114    
  1.9159159E-03   2.725293    
  1.9199200E-03   2.516799    
  1.9239242E-03   2.485861    
  1.9279283E-03   2.766886    
  1.9319321E-03   2.703972    
  1.9359362E-03   2.658599    
  1.9399403E-03   3.199183    
  1.9439440E-03   3.629876    
  1.9479481E-03   3.398944    
  1.9519522E-03   3.024432    
  1.9559560E-03   2.912117    
  1.9599602E-03   2.900383    
  1.9639642E-03   2.921426    
  1.9679684E-03   3.162119    
  1.9719724E-03   3.490158    
  1.9759759E-03   3.380823    
  1.9799799E-03   2.845274    
  1.9839841E-03   2.410034    
  1.9879881E-03   2.062130    
  1.9919924E-03   1.721154    
  1.9959963E-03   1.795546    
  2.0000001E-03   2.021847    
