 -2.0000001E-03   5.888301    
 -1.9959963E-03   5.913045    
 -1.9919921E-03   5.936264    
 -1.9879881E-03   5.958247    
 -1.9839841E-03   5.979856    
 -1.9799802E-03   6.002240    
 -1.9759762E-03   6.026543    
 -1.9719722E-03   6.053393    
 -1.9679682E-03   6.082897    
 -1.9639642E-03   6.114328    
 -1.9599602E-03   6.146608    
 -1.9559562E-03   6.178646    
 -1.9519520E-03   6.209495    
 -1.9479481E-03   6.239117    
 -1.9439441E-03   6.268081    
 -1.9399400E-03   6.296999    
 -1.9359362E-03   6.326827    
 -1.9319321E-03   6.357979    
 -1.9279281E-03   6.390249    
 -1.9239242E-03   6.423300    
 -1.9199200E-03   6.456284    
 -1.9159161E-03   6.488764    
 -1.9119122E-03   6.520157    
 -1.9079080E-03   6.550573    
 -1.9039041E-03   6.580223    
 -1.8999000E-03   6.609179    
 -1.8958960E-03   6.637606    
 -1.8918922E-03   6.665488    
 -1.8878881E-03   6.692896    
 -1.8838841E-03   6.720069    
 -1.8798800E-03   6.747698    
 -1.8758760E-03   6.776561    
 -1.8718721E-03   6.807725    
 -1.8678680E-03   6.841786    
 -1.8638640E-03   6.878727    
 -1.8598601E-03   6.917984    
 -1.8558560E-03   6.958274    
 -1.8518521E-03   6.998374    
 -1.8478479E-03   7.037282    
 -1.8438440E-03   7.074870    
 -1.8398401E-03   7.111623    
 -1.8358360E-03   7.148744    
 -1.8318320E-03   7.187088    
 -1.8278279E-03   7.227469    
 -1.8238240E-03   7.269491    
 -1.8198200E-03   7.312087    
 -1.8158159E-03   7.353632    
 -1.8118119E-03   7.392807    
 -1.8078081E-03   7.428497    
 -1.8038040E-03   7.460857    
 -1.7998000E-03   7.490359    
 -1.7957959E-03   7.518280    
 -1.7917920E-03   7.545705    
 -1.7877880E-03   7.573331    
 -1.7837839E-03   7.601196    
 -1.7797799E-03   7.629401    
 -1.7757760E-03   7.657449    
 -1.7717719E-03   7.685353    
 -1.7677679E-03   7.713757    
 -1.7637638E-03   7.743330    
 -1.7597600E-03   7.775023    
 -1.7557560E-03   7.809367    
 -1.7517519E-03   7.846333    
 -1.7477479E-03   7.885213    
 -1.7437440E-03   7.924955    
 -1.7397399E-03   7.964500    
 -1.7357359E-03   8.003233    
 -1.7317318E-03   8.041346    
 -1.7277279E-03   8.079551    
 -1.7237237E-03   8.118814    
 -1.7197198E-03   8.160134    
 -1.7157159E-03   8.203760    
 -1.7117118E-03   8.249428    
 -1.7077079E-03   8.296429    
 -1.7037039E-03   8.343411    
 -1.6996998E-03   8.389597    
 -1.6956959E-03   8.434246    
 -1.6916919E-03   8.477038    
 -1.6876878E-03   8.518143    
 -1.6836839E-03   8.558066    
 -1.6796797E-03   8.596980    
 -1.6756759E-03   8.635386    
 -1.6716719E-03   8.673939    
 -1.6676678E-03   8.713286    
 -1.6636639E-03   8.754639    
 -1.6596598E-03   8.799137    
 -1.6556558E-03   8.847925    
 -1.6516518E-03   8.901497    
 -1.6476478E-03   8.959763    
 -1.6436438E-03   9.021954    
 -1.6396398E-03   9.086763    
 -1.6356357E-03   9.152523    
 -1.6316319E-03   9.218067    
 -1.6276278E-03   9.282727    
 -1.6236238E-03   9.346666    
 -1.6196198E-03   9.410026    
 -1.6156157E-03   9.473256    
 -1.6116118E-03   9.536018    
 -1.6076078E-03   9.597811    
 -1.6036037E-03   9.657475    
 -1.5995997E-03   9.713921    
 -1.5955957E-03   9.766299    
 -1.5915917E-03   9.814681    
 -1.5875878E-03   9.860049    
 -1.5835837E-03   9.903514    
 -1.5795798E-03   9.946611    
 -1.5755757E-03   9.990320    
 -1.5715717E-03   10.03488    
 -1.5675678E-03   10.08032    
 -1.5635637E-03   10.12594    
 -1.5595597E-03   10.17150    
 -1.5555557E-03   10.21683    
 -1.5515516E-03   10.26257    
 -1.5475478E-03   10.30930    
 -1.5435437E-03   10.35812    
 -1.5395397E-03   10.40928    
 -1.5355357E-03   10.46263    
 -1.5315317E-03   10.51767    
 -1.5275277E-03   10.57371    
 -1.5235236E-03   10.63021    
 -1.5195196E-03   10.68731    
 -1.5155156E-03   10.74556    
 -1.5115116E-03   10.80603    
 -1.5075076E-03   10.86956    
 -1.5035035E-03   10.93676    
 -1.4994997E-03   11.00772    
 -1.4954957E-03   11.08172    
 -1.4914917E-03   11.15821    
 -1.4874877E-03   11.23640    
 -1.4834836E-03   11.31612    
 -1.4794796E-03   11.39750    
 -1.4754756E-03   11.48085    
 -1.4714716E-03   11.56674    
 -1.4674676E-03   11.65535    
 -1.4634635E-03   11.74633    
 -1.4594595E-03   11.83907    
 -1.4554557E-03   11.93297    
 -1.4514516E-03   12.02742    
 -1.4474476E-03   12.12211    
 -1.4434436E-03   12.21687    
 -1.4394395E-03   12.31180    
 -1.4354356E-03   12.40635    
 -1.4314316E-03   12.49993    
 -1.4274275E-03   12.59195    
 -1.4234236E-03   12.68201    
 -1.4194195E-03   12.77006    
 -1.4154156E-03   12.85713    
 -1.4114116E-03   12.94480    
 -1.4074075E-03   13.03526    
 -1.4034036E-03   13.13028    
 -1.3993995E-03   13.23077    
 -1.3953955E-03   13.33676    
 -1.3913916E-03   13.44714    
 -1.3873874E-03   13.56024    
 -1.3833835E-03   13.67426    
 -1.3793795E-03   13.78782    
 -1.3753754E-03   13.90057    
 -1.3713716E-03   14.01263    
 -1.3673675E-03   14.12422    
 -1.3633635E-03   14.23543    
 -1.3593596E-03   14.34559    
 -1.3553554E-03   14.45324    
 -1.3513515E-03   14.55713    
 -1.3473475E-03   14.65603    
 -1.3433434E-03   14.74986    
 -1.3393395E-03   14.83955    
 -1.3353354E-03   14.92720    
 -1.3313314E-03   15.01485    
 -1.3273275E-03   15.10407    
 -1.3233233E-03   15.19533    
 -1.3193195E-03   15.28794    
 -1.3153154E-03   15.38011    
 -1.3113114E-03   15.46998    
 -1.3073074E-03   15.55601    
 -1.3033034E-03   15.63806    
 -1.2992994E-03   15.71750    
 -1.2952955E-03   15.79605    
 -1.2912914E-03   15.87645    
 -1.2872875E-03   15.96087    
 -1.2832835E-03   16.05090    
 -1.2792794E-03   16.14698    
 -1.2752755E-03   16.24937    
 -1.2712714E-03   16.35786    
 -1.2672674E-03   16.47168    
 -1.2632634E-03   16.59042    
 -1.2592594E-03   16.71311    
 -1.2552554E-03   16.83857    
 -1.2512513E-03   16.96506    
 -1.2472473E-03   17.09030    
 -1.2432433E-03   17.21215    
 -1.2392394E-03   17.32912    
 -1.2352354E-03   17.44035    
 -1.2312314E-03   17.54649    
 -1.2272274E-03   17.64854    
 -1.2232234E-03   17.74827    
 -1.2192193E-03   17.84718    
 -1.2152153E-03   17.94609    
 -1.2112113E-03   18.04538    
 -1.2072073E-03   18.14504    
 -1.2032033E-03   18.24513    
 -1.1991992E-03   18.34651    
 -1.1951954E-03   18.45046    
 -1.1911913E-03   18.55836    
 -1.1871873E-03   18.67218    
 -1.1831833E-03   18.79247    
 -1.1791792E-03   18.91912    
 -1.1751753E-03   19.05052    
 -1.1711712E-03   19.18460    
 -1.1671672E-03   19.31920    
 -1.1631633E-03   19.45270    
 -1.1591592E-03   19.58510    
 -1.1551552E-03   19.71683    
 -1.1511513E-03   19.84946    
 -1.1471473E-03   19.98474    
 -1.1431432E-03   20.12382    
 -1.1391392E-03   20.26756    
 -1.1351353E-03   20.41559    
 -1.1311313E-03   20.56790    
 -1.1271272E-03   20.72420    
 -1.1231232E-03   20.88469    
 -1.1191192E-03   21.04982    
 -1.1151151E-03   21.22011    
 -1.1111113E-03   21.39549    
 -1.1071071E-03   21.57566    
 -1.1031033E-03   21.75937    
 -1.0990992E-03   21.94520    
 -1.0950952E-03   22.13214    
 -1.0910912E-03   22.31918    
 -1.0870872E-03   22.50662    
 -1.0830831E-03   22.69475    
 -1.0790792E-03   22.88423    
 -1.0750751E-03   23.07564    
 -1.0710711E-03   23.26880    
 -1.0670673E-03   23.46311    
 -1.0630632E-03   23.65799    
 -1.0590592E-03   23.85336    
 -1.0550552E-03   24.04922    
 -1.0510512E-03   24.24691    
 -1.0470471E-03   24.44762    
 -1.0430432E-03   24.65297    
 -1.0390391E-03   24.86296    
 -1.0350351E-03   25.07728    
 -1.0310311E-03   25.29444    
 -1.0270271E-03   25.51236    
 -1.0230232E-03   25.72971    
 -1.0190191E-03   25.94613    
 -1.0150151E-03   26.16263    
 -1.0110112E-03   26.38224    
 -1.0070070E-03   26.60811    
 -1.0030031E-03   26.84414    
 -9.9899911E-04   27.09296    
 -9.9499500E-04   27.35571    
 -9.9099113E-04   27.63197    
 -9.8698703E-04   27.92026    
 -9.8298315E-04   28.21761    
 -9.7897905E-04   28.52117    
 -9.7497512E-04   28.82852    
 -9.7097107E-04   29.13757    
 -9.6696703E-04   29.44719    
 -9.6296304E-04   29.75694    
 -9.5895911E-04   30.06758    
 -9.5495506E-04   30.37968    
 -9.5095101E-04   30.69489    
 -9.4694702E-04   31.01463    
 -9.4294309E-04   31.34006    
 -9.3893893E-04   31.67208    
 -9.3493500E-04   32.01086    
 -9.3093107E-04   32.35604    
 -9.2692696E-04   32.70671    
 -9.2292303E-04   33.06220    
 -9.1891899E-04   33.42249    
 -9.1491506E-04   33.78754    
 -9.1091095E-04   34.15805    
 -9.0690702E-04   34.53451    
 -9.0290298E-04   34.91700    
 -8.9889899E-04   35.30452    
 -8.9489494E-04   35.69574    
 -8.9089101E-04   36.08835    
 -8.8688690E-04   36.48027    
 -8.8288297E-04   36.86995    
 -8.7887893E-04   37.25743    
 -8.7487500E-04   37.64372    
 -8.7087089E-04   38.03007    
 -8.6686696E-04   38.41805    
 -8.6286303E-04   38.80835    
 -8.5885887E-04   39.20111    
 -8.5485494E-04   39.59539    
 -8.5085095E-04   39.99083    
 -8.4684690E-04   40.38787    
 -8.4284286E-04   40.78838    
 -8.3883893E-04   41.19558    
 -8.3483494E-04   41.61398    
 -8.3083089E-04   42.04694    
 -8.2682684E-04   42.49707    
 -8.2282291E-04   42.96434    
 -8.1881881E-04   43.44666    
 -8.1481488E-04   43.94008    
 -8.1081083E-04   44.44067    
 -8.0680696E-04   44.94545    
 -8.0280280E-04   45.45353    
 -7.9879886E-04   45.96545    
 -7.9479493E-04   46.48391    
 -7.9079083E-04   47.01239    
 -7.8678690E-04   47.55354    
 -7.8278285E-04   48.10996    
 -7.7877886E-04   48.68285    
 -7.7477482E-04   49.27306    
 -7.7077089E-04   49.88141    
 -7.6676684E-04   50.50914    
 -7.6276285E-04   51.15720    
 -7.5875880E-04   51.82694    
 -7.5475487E-04   52.51898    
 -7.5075077E-04   53.23256    
 -7.4674684E-04   53.96597    
 -7.4274279E-04   54.71675    
 -7.3873874E-04   55.48279    
 -7.3473481E-04   56.26192    
 -7.3073083E-04   57.05312    
 -7.2672690E-04   57.85649    
 -7.2272273E-04   58.67205    
 -7.1871880E-04   59.49917    
 -7.1471481E-04   60.33604    
 -7.1071077E-04   61.18074    
 -7.0670672E-04   62.02944    
 -7.0270279E-04   62.87962    
 -6.9869880E-04   63.72969    
 -6.9469475E-04   64.58073    
 -6.9069071E-04   65.43420    
 -6.8668678E-04   66.29353    
 -6.8268267E-04   67.16238    
 -6.7867874E-04   68.04280    
 -6.7467469E-04   68.93693    
 -6.7067071E-04   69.84425    
 -6.6666678E-04   70.76512    
 -6.6266273E-04   71.69987    
 -6.5865880E-04   72.65007    
 -6.5465469E-04   73.61945    
 -6.5065076E-04   74.61325    
 -6.4664672E-04   75.63654    
 -6.4264267E-04   76.69469    
 -6.3863868E-04   77.79199    
 -6.3463475E-04   78.92995    
 -6.3063059E-04   80.10880    
 -6.2662666E-04   81.32758    
 -6.2262267E-04   82.58321    
 -6.1861874E-04   83.87288    
 -6.1461458E-04   85.19362    
 -6.1061064E-04   86.54237    
 -6.0660666E-04   87.91708    
 -6.0260261E-04   89.31590    
 -5.9859868E-04   90.73840    
 -5.9459469E-04   92.18586    
 -5.9059076E-04   93.65990    
 -5.8658660E-04   95.16357    
 -5.8258267E-04   96.70010    
 -5.7857868E-04   98.27177    
 -5.7457463E-04   99.87962    
 -5.7057058E-04   101.5235    
 -5.6656665E-04   103.2009    
 -5.6256255E-04   104.9090    
 -5.5855862E-04   106.6454    
 -5.5455457E-04   108.4085    
 -5.5055064E-04   110.1982    
 -5.4654654E-04   112.0180    
 -5.4254261E-04   113.8716    
 -5.3853856E-04   115.7646    
 -5.3453457E-04   117.7030    
 -5.3053064E-04   119.6919    
 -5.2652659E-04   121.7357    
 -5.2252255E-04   123.8376    
 -5.1851856E-04   125.9998    
 -5.1451463E-04   128.2250    
 -5.1051058E-04   130.5157    
 -5.0650653E-04   132.8753    
 -5.0250255E-04   135.3071    
 -4.9849862E-04   137.8165    
 -4.9449445E-04   140.4083    
 -4.9049052E-04   143.0870    
 -4.8648650E-04   145.8570    
 -4.8248249E-04   148.7218    
 -4.7847847E-04   151.6822    
 -4.7447454E-04   154.7378    
 -4.7047061E-04   157.8864    
 -4.6646647E-04   161.1236    
 -4.6246254E-04   164.4453    
 -4.5845853E-04   167.8447    
 -4.5445448E-04   171.3177    
 -4.5045046E-04   174.8586    
 -4.4644653E-04   178.4635    
 -4.4244251E-04   182.1311    
 -4.3843850E-04   185.8609    
 -4.3443445E-04   189.6556    
 -4.3043052E-04   193.5210    
 -4.2642641E-04   197.4677    
 -4.2242248E-04   201.5079    
 -4.1841844E-04   205.6585    
 -4.1441442E-04   209.9358    
 -4.1041040E-04   214.3545    
 -4.0640647E-04   218.9272    
 -4.0240254E-04   223.6594    
 -3.9839841E-04   228.5536    
 -3.9439448E-04   233.6063    
 -3.9039046E-04   238.8141    
 -3.8638641E-04   244.1733    
 -3.8238239E-04   249.6850    
 -3.7837846E-04   255.3539    
 -3.7437433E-04   261.1921    
 -3.7037040E-04   267.2144    
 -3.6636638E-04   273.4367    
 -3.6236245E-04   279.8766    
 -3.5835832E-04   286.5480    
 -3.5435439E-04   293.4638    
 -3.5035037E-04   300.6358    
 -3.4634635E-04   308.0732    
 -3.4234230E-04   315.7888    
 -3.3833840E-04   323.7938    
 -3.3433427E-04   332.1020    
 -3.3033034E-04   340.7251    
 -3.2632641E-04   349.6765    
 -3.2232248E-04   358.9634    
 -3.1831834E-04   368.5932    
 -3.1431441E-04   378.5685    
 -3.1031031E-04   388.8907    
 -3.0630638E-04   399.5616    
 -3.0230224E-04   410.5811    
 -2.9829831E-04   421.9529    
 -2.9429438E-04   433.6849    
 -2.9029025E-04   445.7913    
 -2.8628614E-04   458.2897    
 -2.8228239E-04   471.2048    
 -2.7827828E-04   484.5676    
 -2.7427435E-04   498.4086    
 -2.7027042E-04   512.7561    
 -2.6626629E-04   527.6338    
 -2.6226236E-04   543.0544    
 -2.5825822E-04   559.0261    
 -2.5425432E-04   575.5465    
 -2.5025039E-04   592.6134    
 -2.4624626E-04   610.2314    
 -2.4224212E-04   628.4103    
 -2.3823840E-04   647.1722    
 -2.3423426E-04   666.5529    
 -2.3023014E-04   686.5892    
 -2.2622621E-04   707.3170    
 -2.2222228E-04   728.7668    
 -2.1821816E-04   750.9533    
 -2.1421423E-04   773.8767    
 -2.1021010E-04   797.5314    
 -2.0620637E-04   821.8992    
 -2.0220225E-04   846.9734    
 -1.9819812E-04   872.7433    
 -1.9419439E-04   899.2108    
 -1.9019026E-04   926.3874    
 -1.8618614E-04   954.2819    
 -1.8218221E-04   982.9005    
 -1.7817828E-04   1012.253    
 -1.7417416E-04   1042.340    
 -1.7017023E-04   1073.155    
 -1.6616609E-04   1104.692    
 -1.6216218E-04   1136.950    
 -1.5815825E-04   1169.924    
 -1.5415411E-04   1203.613    
 -1.5014999E-04   1238.008    
 -1.4614625E-04   1273.094    
 -1.4214213E-04   1308.852    
 -1.3813801E-04   1345.247    
 -1.3413427E-04   1382.228    
 -1.3013015E-04   1419.751    
 -1.2612622E-04   1457.737    
 -1.2212209E-04   1496.112    
 -1.1811817E-04   1534.783    
 -1.1411423E-04   1573.652    
 -1.1011012E-04   1612.606    
 -1.0610599E-04   1651.534    
 -1.0210225E-04   1690.327    
 -9.8098128E-05   1728.876    
 -9.4094001E-05   1767.082    
 -9.0090070E-05   1804.847    
 -8.6086147E-05   1842.076    
 -8.2082021E-05   1878.663    
 -7.8078090E-05   1914.485    
 -7.4073963E-05   1949.412    
 -7.0070033E-05   1983.298    
 -6.6066110E-05   2016.016    
 -6.2061983E-05   2047.449    
 -5.8058249E-05   2077.509    
 -5.4054122E-05   2106.154    
 -5.0049995E-05   2133.351    
 -4.6046069E-05   2159.074    
 -4.2042138E-05   2183.288    
 -3.8038012E-05   2205.920    
 -3.4034085E-05   2226.852    
 -3.0029958E-05   2245.927    
 -2.6026029E-05   2262.968    
 -2.2022101E-05   2277.803    
 -1.8017976E-05   2290.284    
 -1.4013849E-05   2300.312    
 -1.0010118E-05   2307.842    
 -6.0059915E-06   2312.840    
 -2.0018651E-06   2315.370    
  2.0018651E-06   2315.371    
  6.0059915E-06   2312.840    
  1.0010118E-05   2307.842    
  1.4014046E-05   2300.314    
  1.8017976E-05   2290.284    
  2.2021904E-05   2277.803    
  2.6026029E-05   2262.968    
  3.0030156E-05   2245.926    
  3.4033888E-05   2226.852    
  3.8038012E-05   2205.920    
  4.2042138E-05   2183.288    
  4.6046069E-05   2159.074    
  5.0049995E-05   2133.352    
  5.4054122E-05   2106.154    
  5.8058053E-05   2077.511    
  6.2061983E-05   2047.449    
  6.6066110E-05   2016.016    
  7.0070033E-05   1983.299    
  7.4074160E-05   1949.409    
  7.8078090E-05   1914.485    
  8.2082021E-05   1878.664    
  8.6086147E-05   1842.076    
  9.0090070E-05   1804.847    
  9.4094001E-05   1767.082    
  9.8098128E-05   1728.876    
  1.0210206E-04   1690.327    
  1.0610618E-04   1651.535    
  1.1011012E-04   1612.606    
  1.1411404E-04   1573.653    
  1.1811817E-04   1534.783    
  1.2212229E-04   1496.110    
  1.2612602E-04   1457.738    
  1.3013015E-04   1419.751    
  1.3413427E-04   1382.228    
  1.3813801E-04   1345.247    
  1.4214213E-04   1308.852    
  1.4614625E-04   1273.094    
  1.5015018E-04   1238.007    
  1.5415411E-04   1203.613    
  1.5815825E-04   1169.924    
  1.6216218E-04   1136.950    
  1.6616630E-04   1104.691    
  1.7017002E-04   1073.155    
  1.7417416E-04   1042.340    
  1.7817828E-04   1012.253    
  1.8218221E-04   982.9005    
  1.8618614E-04   954.2819    
  1.9019026E-04   926.3874    
  1.9419419E-04   899.2112    
  1.9819812E-04   872.7433    
  2.0220225E-04   846.9734    
  2.0620618E-04   821.9006    
  2.1021030E-04   797.5305    
  2.1421423E-04   773.8766    
  2.1821816E-04   750.9533    
  2.2222228E-04   728.7668    
  2.2622642E-04   707.3166    
  2.3023014E-04   686.5893    
  2.3423426E-04   666.5529    
  2.3823819E-04   647.1729    
  2.4224233E-04   628.4095    
  2.4624626E-04   610.2314    
  2.5025019E-04   592.6146    
  2.5425432E-04   575.5465    
  2.5825843E-04   559.0251    
  2.6226215E-04   543.0552    
  2.6626629E-04   527.6337    
  2.7027042E-04   512.7561    
  2.7427415E-04   498.4093    
  2.7827828E-04   484.5675    
  2.8228239E-04   471.2048    
  2.8628632E-04   458.2895    
  2.9029025E-04   445.7913    
  2.9429438E-04   433.6849    
  2.9829831E-04   421.9529    
  3.0230245E-04   410.5808    
  3.0630638E-04   399.5616    
  3.1031031E-04   388.8907    
  3.1431441E-04   378.5685    
  3.1831834E-04   368.5932    
  3.2232227E-04   358.9640    
  3.2632641E-04   349.6765    
  3.3033034E-04   340.7251    
  3.3433427E-04   332.1020    
  3.3833840E-04   323.7938    
  3.4234230E-04   315.7888    
  3.4634644E-04   308.0733    
  3.5035037E-04   300.6358    
  3.5435430E-04   293.4642    
  3.5835843E-04   286.5478    
  3.6236257E-04   279.8764    
  3.6636629E-04   273.4371    
  3.7037040E-04   267.2144    
  3.7437453E-04   261.1922    
  3.7837846E-04   255.3539    
  3.8238239E-04   249.6850    
  3.8638632E-04   244.1735    
  3.9039046E-04   238.8140    
  3.9439456E-04   233.6065    
  3.9839832E-04   228.5538    
  4.0240242E-04   223.6593    
  4.0640656E-04   218.9267    
  4.1041028E-04   214.3545    
  4.1441442E-04   209.9358    
  4.1841855E-04   205.6587    
  4.2242248E-04   201.5079    
  4.2642641E-04   197.4677    
  4.3043052E-04   193.5210    
  4.3443445E-04   189.6556    
  4.3843858E-04   185.8605    
  4.4244251E-04   182.1311    
  4.4644644E-04   178.4638    
  4.5045058E-04   174.8584    
  4.5445448E-04   171.3177    
  4.5845841E-04   167.8448    
  4.6246254E-04   164.4453    
  4.6646647E-04   161.1236    
  4.7047040E-04   157.8866    
  4.7447454E-04   154.7378    
  4.7847847E-04   151.6821    
  4.8248257E-04   148.7216    
  4.8648650E-04   145.8570    
  4.9049046E-04   143.0869    
  4.9449457E-04   140.4079    
  4.9849867E-04   137.8165    
  5.0250243E-04   135.3071    
  5.0650653E-04   132.8753    
  5.1051070E-04   130.5155    
  5.1451463E-04   128.2250    
  5.1851856E-04   125.9998    
  5.2252266E-04   123.8375    
  5.2652659E-04   121.7357    
  5.3053052E-04   119.6922    
  5.3453445E-04   117.7030    
  5.3853856E-04   115.7646    
  5.4254272E-04   113.8714    
  5.4654642E-04   112.0178    
  5.5055058E-04   110.1983    
  5.5455469E-04   108.4085    
  5.5855862E-04   106.6455    
  5.6256255E-04   104.9090    
  5.6656665E-04   103.2009    
  5.7057058E-04   101.5235    
  5.7457475E-04   99.87955    
  5.7857868E-04   98.27176    
  5.8258261E-04   96.70015    
  5.8658671E-04   95.16338    
  5.9059082E-04   93.65960    
  5.9459457E-04   92.18578    
  5.9859868E-04   90.73840    
  6.0260261E-04   89.31588    
  6.0660654E-04   87.91698    
  6.1061064E-04   86.54240    
  6.1461458E-04   85.19363    
  6.1861874E-04   83.87291    
  6.2262267E-04   82.58322    
  6.2662660E-04   81.32771    
  6.3063070E-04   80.10899    
  6.3463481E-04   78.92997    
  6.3863856E-04   77.79195    
  6.4264267E-04   76.69469    
  6.4664683E-04   75.63641    
  6.5065076E-04   74.61324    
  6.5465469E-04   73.61947    
  6.5865880E-04   72.65008    
  6.6266273E-04   71.69987    
  6.6666666E-04   70.76524    
  6.7067076E-04   69.84423    
  6.7467469E-04   68.93692    
  6.7867886E-04   68.04295    
  6.8268256E-04   67.16217    
  6.8668672E-04   66.29358    
  6.9069082E-04   65.43421    
  6.9469475E-04   64.58074    
  6.9869868E-04   63.72993    
  7.0270279E-04   62.87961    
  7.0670672E-04   62.02945    
  7.1071088E-04   61.18079    
  7.1471481E-04   60.33603    
  7.1871874E-04   59.49927    
  7.2272285E-04   58.67198    
  7.2672695E-04   57.85656    
  7.3073071E-04   57.05323    
  7.3473481E-04   56.26192    
  7.3873898E-04   55.48272    
  7.4274268E-04   54.71679    
  7.4674684E-04   53.96598    
  7.5075077E-04   53.23257    
  7.5475487E-04   52.51900    
  7.5875880E-04   51.82693    
  7.6276273E-04   51.15718    
  7.6676684E-04   50.50914    
  7.7077100E-04   49.88132    
  7.7477470E-04   49.27308    
  7.7877886E-04   48.68285    
  7.8278297E-04   48.10980    
  7.8678690E-04   47.55354    
  7.9079083E-04   47.01239    
  7.9479493E-04   46.48390    
  7.9879886E-04   45.96545    
  8.0280280E-04   45.45353    
  8.0680696E-04   44.94545    
  8.1081083E-04   44.44065    
  8.1481499E-04   43.93999    
  8.1881869E-04   43.44661    
  8.2282285E-04   42.96439    
  8.2682696E-04   42.49702    
  8.3083089E-04   42.04694    
  8.3483482E-04   41.61408    
  8.3883893E-04   41.19559    
  8.4284286E-04   40.78839    
  8.4684702E-04   40.38784    
  8.5085095E-04   39.99084    
  8.5485488E-04   39.59554    
  8.5885898E-04   39.20116    
  8.6286291E-04   38.80848    
  8.6686685E-04   38.41808    
  8.7087095E-04   38.03007    
  8.7487511E-04   37.64360    
  8.7887881E-04   37.25751    
  8.8288297E-04   36.86995    
  8.8688708E-04   36.48020    
  8.9089101E-04   36.08834    
  8.9489494E-04   35.69573    
  8.9889887E-04   35.30460    
  9.0290298E-04   34.91700    
  9.0690714E-04   34.53443    
  9.1091084E-04   34.15808    
  9.1491500E-04   33.78755    
  9.1891910E-04   33.42251    
  9.2292303E-04   33.06222    
  9.2692696E-04   32.70673    
  9.3093107E-04   32.35604    
  9.3493500E-04   32.01086    
  9.3893893E-04   31.67208    
  9.4294309E-04   31.34007    
  9.4694702E-04   31.01463    
  9.5095113E-04   30.69484    
  9.5495506E-04   30.37967    
  9.5895899E-04   30.06762    
  9.6296309E-04   29.75701    
  9.6696703E-04   29.44717    
  9.7097096E-04   29.13756    
  9.7497512E-04   28.82851    
  9.7897905E-04   28.52116    
  9.8298315E-04   28.21760    
  9.8698703E-04   27.92025    
  9.9099101E-04   27.63205    
  9.9499512E-04   27.35565    
  9.9899911E-04   27.09283    
  1.0030030E-03   26.84414    
  1.0070071E-03   26.60809    
  1.0110112E-03   26.38223    
  1.0150149E-03   26.16260    
  1.0190191E-03   25.94613    
  1.0230233E-03   25.72975    
  1.0270271E-03   25.51236    
  1.0310311E-03   25.29444    
  1.0350352E-03   25.07730    
  1.0390391E-03   24.86296    
  1.0430432E-03   24.65285    
  1.0470470E-03   24.44769    
  1.0510511E-03   24.24678    
  1.0550553E-03   24.04921    
  1.0590589E-03   23.85332    
  1.0630632E-03   23.65803    
  1.0670673E-03   23.46311    
  1.0710711E-03   23.26879    
  1.0750751E-03   23.07563    
  1.0790792E-03   22.88424    
  1.0830831E-03   22.69476    
  1.0870873E-03   22.50655    
  1.0910912E-03   22.31918    
  1.0950951E-03   22.13212    
  1.0990993E-03   21.94520    
  1.1031034E-03   21.75928    
  1.1071071E-03   21.57563    
  1.1111113E-03   21.39548    
  1.1151151E-03   21.22012    
  1.1191192E-03   21.04982    
  1.1231232E-03   20.88470    
  1.1271271E-03   20.72422    
  1.1311313E-03   20.56789    
  1.1351352E-03   20.41563    
  1.1391392E-03   20.26755    
  1.1431433E-03   20.12391    
  1.1471474E-03   19.98472    
  1.1511511E-03   19.84941    
  1.1551552E-03   19.71683    
  1.1591594E-03   19.58506    
  1.1631633E-03   19.45269    
  1.1671672E-03   19.31919    
  1.1711713E-03   19.18465    
  1.1751753E-03   19.05052    
  1.1791794E-03   18.91910    
  1.1831833E-03   18.79247    
  1.1871873E-03   18.67218    
  1.1911914E-03   18.55833    
  1.1951951E-03   18.45037    
  1.1991992E-03   18.34651    
  1.2032033E-03   18.24513    
  1.2072073E-03   18.14503    
  1.2112112E-03   18.04539    
  1.2152153E-03   17.94608    
  1.2192193E-03   17.84717    
  1.2232234E-03   17.74826    
  1.2272274E-03   17.64853    
  1.2312313E-03   17.54645    
  1.2352354E-03   17.44035    
  1.2392395E-03   17.32911    
  1.2432432E-03   17.21214    
  1.2472473E-03   17.09029    
  1.2512516E-03   16.96498    
  1.2552554E-03   16.83858    
  1.2592594E-03   16.71312    
  1.2632633E-03   16.59039    
  1.2672674E-03   16.47168    
  1.2712714E-03   16.35787    
  1.2752753E-03   16.24944    
  1.2792794E-03   16.14698    
  1.2832836E-03   16.05076    
  1.2872872E-03   15.96088    
  1.2912914E-03   15.87645    
  1.2952955E-03   15.79606    
  1.2992994E-03   15.71750    
  1.3033034E-03   15.63806    
  1.3073075E-03   15.55589    
  1.3113114E-03   15.46998    
  1.3153156E-03   15.38010    
  1.3193195E-03   15.28793    
  1.3233233E-03   15.19533    
  1.3273276E-03   15.10400    
  1.3313317E-03   15.01480    
  1.3353354E-03   14.92720    
  1.3393395E-03   14.83955    
  1.3433433E-03   14.74984    
  1.3473474E-03   14.65603    
  1.3513515E-03   14.55713    
  1.3553553E-03   14.45327    
  1.3593594E-03   14.34554    
  1.3633635E-03   14.23543    
  1.3673676E-03   14.12423    
  1.3713713E-03   14.01267    
  1.3753754E-03   13.90057    
  1.3793795E-03   13.78784    
  1.3833838E-03   13.67430    
  1.3873874E-03   13.56025    
  1.3913916E-03   13.44714    
  1.3953957E-03   13.33671    
  1.3993995E-03   13.23077    
  1.4034036E-03   13.13027    
  1.4074073E-03   13.03531    
  1.4114114E-03   12.94487    
  1.4154156E-03   12.85713    
  1.4194197E-03   12.77006    
  1.4234238E-03   12.68202    
  1.4274279E-03   12.59191    
  1.4314313E-03   12.49996    
  1.4354354E-03   12.40631    
  1.4394395E-03   12.31180    
  1.4434436E-03   12.21697    
  1.4474478E-03   12.12210    
  1.4514514E-03   12.02744    
  1.4554557E-03   11.93297    
  1.4594593E-03   11.83907    
  1.4634635E-03   11.74630    
  1.4674676E-03   11.65536    
  1.4714717E-03   11.56680    
  1.4754755E-03   11.48085    
  1.4794796E-03   11.39751    
  1.4834837E-03   11.31611    
  1.4874878E-03   11.23642    
  1.4914916E-03   11.15818    
  1.4954957E-03   11.08171    
  1.4994994E-03   11.00765    
  1.5035035E-03   10.93676    
  1.5075076E-03   10.86956    
  1.5115119E-03   10.80601    
  1.5155160E-03   10.74559    
  1.5195193E-03   10.68725    
  1.5235234E-03   10.63022    
  1.5275275E-03   10.57372    
  1.5315317E-03   10.51767    
  1.5355358E-03   10.46265    
  1.5395399E-03   10.40928    
  1.5435437E-03   10.35812    
  1.5475478E-03   10.30930    
  1.5515515E-03   10.26251    
  1.5555556E-03   10.21684    
  1.5595597E-03   10.17151    
  1.5635638E-03   10.12599    
  1.5675676E-03   10.08026    
  1.5715717E-03   10.03488    
  1.5755758E-03   9.990258    
  1.5795800E-03   9.946621    
  1.5835837E-03   9.903512    
  1.5875874E-03   9.860050    
  1.5915915E-03   9.814754    
  1.5955957E-03   9.766300    
  1.5995998E-03   9.713881    
  1.6036039E-03   9.657481    
  1.6076081E-03   9.597747    
  1.6116115E-03   9.536007    
  1.6156156E-03   9.473196    
  1.6196197E-03   9.409985    
  1.6236238E-03   9.346663    
  1.6276279E-03   9.282717    
  1.6316320E-03   9.218000    
  1.6356357E-03   9.152522    
  1.6396398E-03   9.086745    
  1.6436436E-03   9.021985    
  1.6476477E-03   8.959800    
  1.6516519E-03   8.901416    
  1.6556560E-03   8.847881    
  1.6596598E-03   8.799179    
  1.6636639E-03   8.754642    
  1.6676680E-03   8.713390    
  1.6716718E-03   8.673906    
  1.6756759E-03   8.635385    
  1.6796796E-03   8.596919    
  1.6836837E-03   8.558052    
  1.6876878E-03   8.518144    
  1.6916919E-03   8.477038    
  1.6956960E-03   8.434129    
  1.6997003E-03   8.389568    
  1.7037035E-03   8.343450    
  1.7077076E-03   8.296355    
  1.7117118E-03   8.249423    
  1.7157159E-03   8.203759    
  1.7197201E-03   8.160157    
  1.7237242E-03   8.118862    
  1.7277279E-03   8.079552    
  1.7317316E-03   8.041400    
  1.7357358E-03   8.003219    
  1.7397399E-03   7.964501    
  1.7437440E-03   7.924960    
  1.7477478E-03   7.885204    
  1.7517519E-03   7.846333    
  1.7557560E-03   7.809366    
  1.7597601E-03   7.775064    
  1.7637638E-03   7.743330    
  1.7677679E-03   7.713754    
  1.7717717E-03   7.685390    
  1.7757758E-03   7.657445    
  1.7797799E-03   7.629401    
  1.7837841E-03   7.601240    
  1.7877882E-03   7.573320    
  1.7917923E-03   7.545708    
  1.7957956E-03   7.518281    
  1.7997999E-03   7.490368    
  1.8038040E-03   7.460859    
  1.8078081E-03   7.428508    
  1.8118122E-03   7.392823    
  1.8158159E-03   7.353647    
  1.8198200E-03   7.312095    
  1.8238238E-03   7.269512    
  1.8278279E-03   7.227469    
  1.8318320E-03   7.187086    
  1.8358361E-03   7.148701    
  1.8398399E-03   7.111672    
  1.8438440E-03   7.074870    
  1.8478482E-03   7.037319    
  1.8518523E-03   6.998335    
  1.8558560E-03   6.958277    
  1.8598601E-03   6.917986    
  1.8638638E-03   6.878748    
  1.8678680E-03   6.841788    
  1.8718721E-03   6.807723    
  1.8758762E-03   6.776553    
  1.8798803E-03   6.747680    
  1.8838837E-03   6.720117    
  1.8878878E-03   6.692889    
  1.8918919E-03   6.665454    
  1.8958960E-03   6.637604    
  1.8999001E-03   6.609168    
  1.9039044E-03   6.580197    
  1.9079080E-03   6.550573    
  1.9119122E-03   6.520159    
  1.9159159E-03   6.488745    
  1.9199200E-03   6.456286    
  1.9239242E-03   6.423300    
  1.9279283E-03   6.390260    
  1.9319321E-03   6.357981    
  1.9359362E-03   6.326829    
  1.9399403E-03   6.297043    
  1.9439440E-03   6.268075    
  1.9479481E-03   6.239118    
  1.9519522E-03   6.209509    
  1.9559560E-03   6.178592    
  1.9599602E-03   6.146607    
  1.9639642E-03   6.114330    
  1.9679684E-03   6.082883    
  1.9719724E-03   6.053424    
  1.9759759E-03   6.026511    
  1.9799799E-03   6.002264    
  1.9839841E-03   5.979856    
  1.9879881E-03   5.958245    
  1.9919924E-03   5.936243    
  1.9959963E-03   5.913039    
  2.0000001E-03   5.888297    
