 -2.0000001E-03   4.737264    
 -1.9959963E-03   4.740439    
 -1.9919921E-03   4.763655    
 -1.9879881E-03   4.809895    
 -1.9839841E-03   4.870248    
 -1.9799802E-03   4.928476    
 -1.9759762E-03   4.967893    
 -1.9719722E-03   4.980285    
 -1.9679682E-03   4.969510    
 -1.9639642E-03   4.950542    
 -1.9599602E-03   4.942273    
 -1.9559562E-03   4.959047    
 -1.9519520E-03   5.003921    
 -1.9479481E-03   5.067271    
 -1.9439441E-03   5.130998    
 -1.9399400E-03   5.177070    
 -1.9359362E-03   5.196365    
 -1.9319321E-03   5.192543    
 -1.9279281E-03   5.180941    
 -1.9239242E-03   5.181176    
 -1.9199200E-03   5.207770    
 -1.9159161E-03   5.264059    
 -1.9119122E-03   5.339589    
 -1.9079080E-03   5.416159    
 -1.9039041E-03   5.475355    
 -1.8999000E-03   5.507812    
 -1.8958960E-03   5.517561    
 -1.8918922E-03   5.518893    
 -1.8878881E-03   5.530989    
 -1.8838841E-03   5.567299    
 -1.8798800E-03   5.629599    
 -1.8758760E-03   5.706278    
 -1.8718721E-03   5.778580    
 -1.8678680E-03   5.828753    
 -1.8638640E-03   5.848501    
 -1.8598601E-03   5.843077    
 -1.8558560E-03   5.829246    
 -1.8518521E-03   5.827260    
 -1.8478479E-03   5.851537    
 -1.8438440E-03   5.903855    
 -1.8398401E-03   5.972835    
 -1.8358360E-03   6.039387    
 -1.8318320E-03   6.085621    
 -1.8278279E-03   6.103480    
 -1.8238240E-03   6.098740    
 -1.8198200E-03   6.087809    
 -1.8158159E-03   6.090394    
 -1.8118119E-03   6.120320    
 -1.8078081E-03   6.179118    
 -1.8038040E-03   6.255353    
 -1.7998000E-03   6.330531    
 -1.7957959E-03   6.387662    
 -1.7917920E-03   6.419859    
 -1.7877880E-03   6.433153    
 -1.7837839E-03   6.443217    
 -1.7797799E-03   6.467550    
 -1.7757760E-03   6.516613    
 -1.7717719E-03   6.588175    
 -1.7677679E-03   6.667645    
 -1.7637638E-03   6.735188    
 -1.7597600E-03   6.774014    
 -1.7557560E-03   6.779365    
 -1.7517519E-03   6.760634    
 -1.7477479E-03   6.737545    
 -1.7437440E-03   6.731248    
 -1.7397399E-03   6.755140    
 -1.7357359E-03   6.809270    
 -1.7317318E-03   6.879888    
 -1.7277279E-03   6.947831    
 -1.7237237E-03   6.995985    
 -1.7197198E-03   7.018022    
 -1.7157159E-03   7.020946    
 -1.7117118E-03   7.021108    
 -1.7077079E-03   7.036377    
 -1.7037039E-03   7.077009    
 -1.6996998E-03   7.140848    
 -1.6956959E-03   7.214848    
 -1.6916919E-03   7.281646    
 -1.6876878E-03   7.327503    
 -1.6836839E-03   7.350338    
 -1.6796797E-03   7.359325    
 -1.6756759E-03   7.371561    
 -1.6716719E-03   7.403138    
 -1.6676678E-03   7.460768    
 -1.6636639E-03   7.538795    
 -1.6596598E-03   7.621553    
 -1.6556558E-03   7.691385    
 -1.6516518E-03   7.736620    
 -1.6476478E-03   7.758195    
 -1.6436438E-03   7.769866    
 -1.6396398E-03   7.791337    
 -1.6356357E-03   7.838289    
 -1.6316319E-03   7.915733    
 -1.6276278E-03   8.014281    
 -1.6236238E-03   8.114240    
 -1.6196198E-03   8.195653    
 -1.6156157E-03   8.246046    
 -1.6116118E-03   8.268085    
 -1.6076078E-03   8.278371    
 -1.6036037E-03   8.299161    
 -1.5995997E-03   8.348932    
 -1.5955957E-03   8.432342    
 -1.5915917E-03   8.539101    
 -1.5875878E-03   8.647299    
 -1.5835837E-03   8.734448    
 -1.5795798E-03   8.786999    
 -1.5755757E-03   8.807367    
 -1.5715717E-03   8.812794    
 -1.5675678E-03   8.826863    
 -1.5635637E-03   8.869658    
 -1.5595597E-03   8.947284    
 -1.5555557E-03   9.050242    
 -1.5515516E-03   9.157488    
 -1.5475478E-03   9.246689    
 -1.5435437E-03   9.304831    
 -1.5395397E-03   9.334554    
 -1.5355357E-03   9.352283    
 -1.5315317E-03   9.381010    
 -1.5275277E-03   9.439198    
 -1.5235236E-03   9.531826    
 -1.5195196E-03   9.648894    
 -1.5155156E-03   9.769111    
 -1.5115116E-03   9.871948    
 -1.5075076E-03   9.945722    
 -1.5035035E-03   9.994128    
 -1.4994997E-03   10.03419    
 -1.4954957E-03   10.08722    
 -1.4914917E-03   10.16930    
 -1.4874877E-03   10.28207    
 -1.4834836E-03   10.41240    
 -1.4794796E-03   10.53788    
 -1.4754756E-03   10.63787    
 -1.4714716E-03   10.70282    
 -1.4674676E-03   10.73964    
 -1.4634635E-03   10.76762    
 -1.4594595E-03   10.81026    
 -1.4554557E-03   10.88344    
 -1.4514516E-03   10.98843    
 -1.4474476E-03   11.11091    
 -1.4434436E-03   11.22843    
 -1.4394395E-03   11.32069    
 -1.4354356E-03   11.37961    
 -1.4314316E-03   11.41380    
 -1.4274275E-03   11.44365    
 -1.4234236E-03   11.49218    
 -1.4194195E-03   11.57389    
 -1.4154156E-03   11.68763    
 -1.4114116E-03   11.81750    
 -1.4074075E-03   11.94036    
 -1.4034036E-03   12.03765    
 -1.3993995E-03   12.10370    
 -1.3953955E-03   12.15037    
 -1.3913916E-03   12.19963    
 -1.3873874E-03   12.27444    
 -1.3833835E-03   12.38622    
 -1.3793795E-03   12.52975    
 -1.3753754E-03   12.68346    
 -1.3713716E-03   12.82079    
 -1.3673675E-03   12.92083    
 -1.3633635E-03   12.97865    
 -1.3593596E-03   13.00785    
 -1.3553554E-03   13.03435    
 -1.3513515E-03   13.08425    
 -1.3473475E-03   13.17205    
 -1.3433434E-03   13.29445    
 -1.3393395E-03   13.43278    
 -1.3353354E-03   13.56239    
 -1.3313314E-03   13.66535    
 -1.3273275E-03   13.73909    
 -1.3233233E-03   13.79799    
 -1.3193195E-03   13.86658    
 -1.3153154E-03   13.96706    
 -1.3113114E-03   14.10755    
 -1.3073074E-03   14.27734    
 -1.3033034E-03   14.45153    
 -1.2992994E-03   14.60175    
 -1.2952955E-03   14.70942    
 -1.2912914E-03   14.77494    
 -1.2872875E-03   14.81703    
 -1.2832835E-03   14.86452    
 -1.2792794E-03   14.94237    
 -1.2752755E-03   15.06045    
 -1.2712714E-03   15.20885    
 -1.2672674E-03   15.36324    
 -1.2632634E-03   15.49777    
 -1.2592594E-03   15.59838    
 -1.2552554E-03   15.67141    
 -1.2512513E-03   15.74124    
 -1.2472473E-03   15.84012    
 -1.2432433E-03   15.99199    
 -1.2392394E-03   16.19974    
 -1.2352354E-03   16.44341    
 -1.2312314E-03   16.68560    
 -1.2272274E-03   16.88897    
 -1.2232234E-03   17.03289    
 -1.2192193E-03   17.12222    
 -1.2152153E-03   17.18675    
 -1.2112113E-03   17.26818    
 -1.2072073E-03   17.40128    
 -1.2032033E-03   17.59974    
 -1.1991992E-03   17.84967    
 -1.1951954E-03   18.11621    
 -1.1911913E-03   18.35953    
 -1.1871873E-03   18.55250    
 -1.1831833E-03   18.69328    
 -1.1791792E-03   18.80401    
 -1.1751753E-03   18.92128    
 -1.1711712E-03   19.07842    
 -1.1671672E-03   19.29043    
 -1.1631633E-03   19.54884    
 -1.1591592E-03   19.82483    
 -1.1551552E-03   20.08630    
 -1.1511513E-03   20.31130    
 -1.1471473E-03   20.49911    
 -1.1431432E-03   20.66969    
 -1.1391392E-03   20.85366    
 -1.1351353E-03   21.07531    
 -1.1311313E-03   21.34177    
 -1.1271272E-03   21.63838    
 -1.1231232E-03   21.93621    
 -1.1191192E-03   22.20627    
 -1.1151151E-03   22.43405    
 -1.1111113E-03   22.62845    
 -1.1071071E-03   22.81694    
 -1.1031033E-03   23.03324    
 -1.0990992E-03   23.30066    
 -1.0950952E-03   23.62106    
 -1.0910912E-03   23.97212    
 -1.0870872E-03   24.31874    
 -1.0830831E-03   24.62852    
 -1.0790792E-03   24.88861    
 -1.0750751E-03   25.11178    
 -1.0710711E-03   25.33240    
 -1.0670673E-03   25.58927    
 -1.0630632E-03   25.90939    
 -1.0590592E-03   26.29411    
 -1.0550552E-03   26.71846    
 -1.0510512E-03   27.14227    
 -1.0470471E-03   27.52925    
 -1.0430432E-03   27.86312    
 -1.0390391E-03   28.15623    
 -1.0350351E-03   28.44358    
 -1.0310311E-03   28.76683    
 -1.0270271E-03   29.15423    
 -1.0230232E-03   29.60988    
 -1.0190191E-03   30.10937    
 -1.0150151E-03   30.61331    
 -1.0110112E-03   31.08539    
 -1.0070070E-03   31.50907    
 -1.0030031E-03   31.89541    
 -9.9899911E-04   32.27745    
 -9.9499500E-04   32.69449    
 -9.9099113E-04   33.17299    
 -9.8698703E-04   33.71374    
 -9.8298315E-04   34.29352    
 -9.7897905E-04   34.87512    
 -9.7497512E-04   35.42479    
 -9.7097107E-04   35.93024    
 -9.6696703E-04   36.40350    
 -9.6296304E-04   36.87585    
 -9.5895911E-04   37.38242    
 -9.5495506E-04   37.94251    
 -9.5095101E-04   38.55263    
 -9.4694702E-04   39.18614    
 -9.4294309E-04   39.80829    
 -9.3893893E-04   40.39178    
 -9.3493500E-04   40.93275    
 -9.3093107E-04   41.45053    
 -9.2692696E-04   41.97914    
 -9.2292303E-04   42.54940    
 -9.1891899E-04   43.17197    
 -9.1491506E-04   43.83144    
 -9.1091095E-04   44.49230    
 -9.0690702E-04   45.11777    
 -9.0290298E-04   45.68780    
 -8.9889899E-04   46.21336    
 -8.9489494E-04   46.73515    
 -8.9089101E-04   47.30616    
 -8.8688690E-04   47.97096    
 -8.8288297E-04   48.74347    
 -8.7887893E-04   49.60007    
 -8.7487500E-04   50.48808    
 -8.7087089E-04   51.34730    
 -8.6686696E-04   52.13547    
 -8.6286303E-04   52.84538    
 -8.5885887E-04   53.50658    
 -8.5485494E-04   54.16933    
 -8.5085095E-04   54.88399    
 -8.4684690E-04   55.67624    
 -8.4284286E-04   56.54021    
 -8.3883893E-04   57.44312    
 -8.3483494E-04   58.34550    
 -8.3083089E-04   59.22249    
 -8.2682684E-04   60.07830    
 -8.2282291E-04   60.94477    
 -8.1881881E-04   61.86696    
 -8.1481488E-04   62.88016    
 -8.1081083E-04   63.99160    
 -8.0680696E-04   65.17912    
 -8.0280280E-04   66.39870    
 -7.9879886E-04   67.61060    
 -7.9479493E-04   68.79932    
 -7.9079083E-04   69.98466    
 -7.8678690E-04   71.21638    
 -7.8278285E-04   72.54929    
 -7.7877886E-04   74.02079    
 -7.7477482E-04   75.62853    
 -7.7077089E-04   77.33203    
 -7.6676684E-04   79.06859    
 -7.6276285E-04   80.78157    
 -7.5875880E-04   82.44873    
 -7.5475487E-04   84.09235    
 -7.5075077E-04   85.77091    
 -7.4674684E-04   87.55319    
 -7.4274279E-04   89.48743    
 -7.3873874E-04   91.57729    
 -7.3473481E-04   93.78326    
 -7.3073083E-04   96.03936    
 -7.2672690E-04   98.28733    
 -7.2272273E-04   100.5061    
 -7.1871880E-04   102.7252    
 -7.1471481E-04   105.0154    
 -7.1071077E-04   107.4595    
 -7.0670672E-04   110.1162    
 -7.0270279E-04   112.9978    
 -6.9869880E-04   116.0657    
 -6.9469475E-04   119.2518    
 -6.9069071E-04   122.4917    
 -6.8668678E-04   125.7596    
 -6.8268267E-04   129.0822    
 -6.7867874E-04   132.5279    
 -6.7467469E-04   136.1831    
 -6.7067071E-04   140.1101    
 -6.6666678E-04   144.3248    
 -6.6266273E-04   148.7920    
 -6.5865880E-04   153.4422    
 -6.5465469E-04   158.2058    
 -6.5065076E-04   163.0417    
 -6.4664672E-04   167.9516    
 -6.4264267E-04   172.9711    
 -6.3863868E-04   178.1412    
 -6.3463475E-04   183.4804    
 -6.3063059E-04   188.9633    
 -6.2662666E-04   194.5229    
 -6.2262267E-04   200.0738    
 -6.1861874E-04   205.5394    
 -6.1461458E-04   210.8780    
 -6.1061064E-04   216.0836    
 -6.0660666E-04   221.1683    
 -6.0260261E-04   226.1321    
 -5.9859868E-04   230.9333    
 -5.9459469E-04   235.4828    
 -5.9059076E-04   239.6665    
 -5.8658660E-04   243.3802    
 -5.8258267E-04   246.5764    
 -5.7857868E-04   249.2865    
 -5.7457463E-04   251.6186    
 -5.7057058E-04   253.7200    
 -5.6656665E-04   255.7245    
 -5.6256255E-04   257.7097    
 -5.5855862E-04   259.6787    
 -5.5455457E-04   261.5773    
 -5.5055064E-04   263.3415    
 -5.4654654E-04   264.9478    
 -5.4254261E-04   266.4480    
 -5.3853856E-04   267.9662    
 -5.3453457E-04   269.6627    
 -5.3053064E-04   271.6792    
 -5.2652659E-04   274.0919    
 -5.2252255E-04   276.8946    
 -5.1851856E-04   280.0177    
 -5.1451463E-04   283.3843    
 -5.1051058E-04   286.9571    
 -5.0650653E-04   290.7770    
 -5.0250255E-04   294.9503    
 -4.9849862E-04   299.6088    
 -4.9449445E-04   304.8493    
 -4.9049052E-04   310.6871    
 -4.8648650E-04   317.0576    
 -4.8248249E-04   323.8468    
 -4.7847847E-04   330.9617    
 -4.7447454E-04   338.3934    
 -4.7047061E-04   346.2440    
 -4.6646647E-04   354.7056    
 -4.6246254E-04   363.9874    
 -4.5845853E-04   374.2401    
 -4.5445448E-04   385.5012    
 -4.5045046E-04   397.6851    
 -4.4644653E-04   410.6475    
 -4.4244251E-04   424.2727    
 -4.3843850E-04   438.5598    
 -4.3443445E-04   453.6556    
 -4.3043052E-04   469.8258    
 -4.2642641E-04   487.3637    
 -4.2242248E-04   506.4838    
 -4.1841844E-04   527.2535    
 -4.1441442E-04   549.5859    
 -4.1041040E-04   573.3171    
 -4.0640647E-04   598.3189    
 -4.0240254E-04   624.6116    
 -3.9839841E-04   652.3950    
 -3.9439448E-04   682.0105    
 -3.9039046E-04   713.8171    
 -3.8638641E-04   748.0507    
 -3.8238239E-04   784.7419    
 -3.7837846E-04   823.7224    
 -3.7437433E-04   864.7378    
 -3.7037040E-04   907.6001    
 -3.6636638E-04   952.3464    
 -3.6236245E-04   999.2650    
 -3.5835832E-04   1048.815    
 -3.5435439E-04   1101.417    
 -3.5035037E-04   1157.255    
 -3.4634635E-04   1216.124    
 -3.4234230E-04   1277.463    
 -3.3833840E-04   1340.534    
 -3.3433427E-04   1404.709    
 -3.3033034E-04   1469.707    
 -3.2632641E-04   1535.644    
 -3.2232248E-04   1602.845    
 -3.1831834E-04   1671.401    
 -3.1431441E-04   1740.630    
 -3.1031031E-04   1808.668    
 -3.0630638E-04   1872.337    
 -3.0230224E-04   1927.461    
 -2.9829831E-04   1969.568    
 -2.9429438E-04   1994.807    
 -2.9029025E-04   2000.837    
 -2.8628614E-04   1987.377    
 -2.8228239E-04   1956.277    
 -2.7827828E-04   1911.044    
 -2.7427435E-04   1856.024    
 -2.7027042E-04   1795.443    
 -2.6626629E-04   1732.619    
 -2.6226236E-04   1669.585    
 -2.5825822E-04   1607.095    
 -2.5425432E-04   1545.077    
 -2.5025039E-04   1483.153    
 -2.4624626E-04   1421.159    
 -2.4224212E-04   1359.415    
 -2.3823840E-04   1298.688    
 -2.3423426E-04   1239.923    
 -2.3023014E-04   1183.938    
 -2.2622621E-04   1131.142    
 -2.2222228E-04   1081.470    
 -2.1821816E-04   1034.505    
 -2.1421423E-04   989.7388    
 -2.1021010E-04   946.8090    
 -2.0620637E-04   905.6600    
 -2.0220225E-04   866.5107    
 -1.9819812E-04   829.7244    
 -1.9419439E-04   795.5963    
 -1.9019026E-04   764.1754    
 -1.8618614E-04   735.2448    
 -1.8218221E-04   708.3984    
 -1.7817828E-04   683.2020    
 -1.7417416E-04   659.3589    
 -1.7017023E-04   636.8064    
 -1.6616609E-04   615.6844    
 -1.6216218E-04   596.2142    
 -1.5815825E-04   578.5486    
 -1.5415411E-04   562.6541    
 -1.5014999E-04   548.2910    
 -1.4614625E-04   535.1115    
 -1.4214213E-04   522.7705    
 -1.3813801E-04   511.0719    
 -1.3413427E-04   500.0305    
 -1.3013015E-04   489.8183    
 -1.2612622E-04   480.6694    
 -1.2212209E-04   472.7328    
 -1.1811817E-04   465.9901    
 -1.1411423E-04   460.2408    
 -1.1011012E-04   455.1866    
 -1.0610599E-04   450.5346    
 -1.0210225E-04   446.1379    
 -9.8098128E-05   442.0256    
 -9.4094001E-05   438.3761    
 -9.0090070E-05   435.4215    
 -8.6086147E-05   433.3278    
 -8.2082021E-05   432.1184    
 -7.8078090E-05   431.6775    
 -7.4073963E-05   431.7938    
 -7.0070033E-05   432.2715    
 -6.6066110E-05   433.0216    
 -6.2061983E-05   434.0758    
 -5.8058249E-05   435.5666    
 -5.4054122E-05   437.6245    
 -5.0049995E-05   440.3032    
 -4.6046069E-05   443.5157    
 -4.2042138E-05   447.0532    
 -3.8038012E-05   450.6505    
 -3.4034085E-05   454.0897    
 -3.0029958E-05   457.2539    
 -2.6026029E-05   460.1509    
 -2.2022101E-05   462.8592    
 -1.8017976E-05   465.4411    
 -1.4013849E-05   467.8866    
 -1.0010118E-05   470.0527    
 -6.0059915E-06   471.6788    
 -2.0018651E-06   472.6736    
  2.0018651E-06   472.6727    
  6.0059915E-06   471.6779    
  1.0010118E-05   470.0524    
  1.4014046E-05   467.8917    
  1.8017976E-05   465.4432    
  2.2021904E-05   462.8524    
  2.6026029E-05   460.1481    
  3.0030156E-05   457.2553    
  3.4033888E-05   454.0939    
  3.8038012E-05   450.6529    
  4.2042138E-05   447.0525    
  4.6046069E-05   443.5167    
  5.0049995E-05   440.3052    
  5.4054122E-05   437.6273    
  5.8058053E-05   435.5668    
  6.2061983E-05   434.0740    
  6.6066110E-05   433.0218    
  7.0070033E-05   432.2715    
  7.4074160E-05   431.7929    
  7.8078090E-05   431.6783    
  8.2082021E-05   432.1191    
  8.6086147E-05   433.3292    
  9.0090070E-05   435.4214    
  9.4094001E-05   438.3776    
  9.8098128E-05   442.0271    
  1.0210206E-04   446.1355    
  1.0610618E-04   450.5335    
  1.1011012E-04   455.1852    
  1.1411404E-04   460.2430    
  1.1811817E-04   465.9892    
  1.2212229E-04   472.7323    
  1.2612602E-04   480.6686    
  1.3013015E-04   489.8182    
  1.3413427E-04   500.0294    
  1.3813801E-04   511.0721    
  1.4214213E-04   522.7696    
  1.4614625E-04   535.1122    
  1.5015018E-04   548.2938    
  1.5415411E-04   562.6528    
  1.5815825E-04   578.5481    
  1.6216218E-04   596.2140    
  1.6616630E-04   615.6841    
  1.7017002E-04   636.8040    
  1.7417416E-04   659.3590    
  1.7817828E-04   683.2018    
  1.8218221E-04   708.3988    
  1.8618614E-04   735.2449    
  1.9019026E-04   764.1753    
  1.9419419E-04   795.5945    
  1.9819812E-04   829.7253    
  2.0220225E-04   866.5111    
  2.0620618E-04   905.6588    
  2.1021030E-04   946.8112    
  2.1421423E-04   989.7393    
  2.1821816E-04   1034.506    
  2.2222228E-04   1081.470    
  2.2622642E-04   1131.146    
  2.3023014E-04   1183.939    
  2.3423426E-04   1239.924    
  2.3823819E-04   1298.685    
  2.4224233E-04   1359.419    
  2.4624626E-04   1421.159    
  2.5025019E-04   1483.151    
  2.5425432E-04   1545.078    
  2.5825843E-04   1607.099    
  2.6226215E-04   1669.582    
  2.6626629E-04   1732.619    
  2.7027042E-04   1795.443    
  2.7427415E-04   1856.020    
  2.7827828E-04   1911.044    
  2.8228239E-04   1956.278    
  2.8628632E-04   1987.380    
  2.9029025E-04   2000.839    
  2.9429438E-04   1994.807    
  2.9829831E-04   1969.569    
  3.0230245E-04   1927.461    
  3.0630638E-04   1872.338    
  3.1031031E-04   1808.668    
  3.1431441E-04   1740.631    
  3.1831834E-04   1671.401    
  3.2232227E-04   1602.849    
  3.2632641E-04   1535.643    
  3.3033034E-04   1469.706    
  3.3433427E-04   1404.709    
  3.3833840E-04   1340.534    
  3.4234230E-04   1277.462    
  3.4634644E-04   1216.123    
  3.5035037E-04   1157.254    
  3.5435430E-04   1101.418    
  3.5835843E-04   1048.814    
  3.6236257E-04   999.2643    
  3.6636629E-04   952.3481    
  3.7037040E-04   907.5999    
  3.7437453E-04   864.7360    
  3.7837846E-04   823.7230    
  3.8238239E-04   784.7414    
  3.8638632E-04   748.0511    
  3.9039046E-04   713.8170    
  3.9439456E-04   682.0096    
  3.9839832E-04   652.3965    
  4.0240242E-04   624.6111    
  4.0640656E-04   598.3190    
  4.1041028E-04   573.3179    
  4.1441442E-04   549.5859    
  4.1841855E-04   527.2528    
  4.2242248E-04   506.4838    
  4.2642641E-04   487.3635    
  4.3043052E-04   469.8256    
  4.3443445E-04   453.6557    
  4.3843858E-04   438.5595    
  4.4244251E-04   424.2727    
  4.4644644E-04   410.6472    
  4.5045058E-04   397.6846    
  4.5445448E-04   385.5009    
  4.5845841E-04   374.2404    
  4.6246254E-04   363.9869    
  4.6646647E-04   354.7056    
  4.7047040E-04   346.2448    
  4.7447454E-04   338.3936    
  4.7847847E-04   330.9613    
  4.8248257E-04   323.8464    
  4.8648650E-04   317.0576    
  4.9049046E-04   310.6876    
  4.9449457E-04   304.8481    
  4.9849867E-04   299.6088    
  5.0250243E-04   294.9504    
  5.0650653E-04   290.7770    
  5.1051070E-04   286.9573    
  5.1451463E-04   283.3843    
  5.1851856E-04   280.0180    
  5.2252266E-04   276.8944    
  5.2652659E-04   274.0920    
  5.3053052E-04   271.6793    
  5.3453445E-04   269.6631    
  5.3853856E-04   267.9658    
  5.4254272E-04   266.4479    
  5.4654642E-04   264.9482    
  5.5055058E-04   263.3419    
  5.5455469E-04   261.5769    
  5.5855862E-04   259.6787    
  5.6256255E-04   257.7101    
  5.6656665E-04   255.7239    
  5.7057058E-04   253.7198    
  5.7457475E-04   251.6188    
  5.7857868E-04   249.2864    
  5.8258261E-04   246.5761    
  5.8658671E-04   243.3806    
  5.9059082E-04   239.6664    
  5.9459457E-04   235.4833    
  5.9859868E-04   230.9330    
  6.0260261E-04   226.1322    
  6.0660654E-04   221.1688    
  6.1061064E-04   216.0836    
  6.1461458E-04   210.8780    
  6.1861874E-04   205.5394    
  6.2262267E-04   200.0737    
  6.2662660E-04   194.5231    
  6.3063070E-04   188.9629    
  6.3463481E-04   183.4802    
  6.3863856E-04   178.1417    
  6.4264267E-04   172.9711    
  6.4664683E-04   167.9515    
  6.5065076E-04   163.0417    
  6.5465469E-04   158.2059    
  6.5865880E-04   153.4422    
  6.6266273E-04   148.7920    
  6.6666666E-04   144.3251    
  6.7067076E-04   140.1099    
  6.7467469E-04   136.1830    
  6.7867886E-04   132.5282    
  6.8268256E-04   129.0818    
  6.8668672E-04   125.7596    
  6.9069082E-04   122.4915    
  6.9469475E-04   119.2518    
  6.9869868E-04   116.0656    
  7.0270279E-04   112.9978    
  7.0670672E-04   110.1161    
  7.1071088E-04   107.4592    
  7.1471481E-04   105.0155    
  7.1871874E-04   102.7254    
  7.2272285E-04   100.5059    
  7.2672695E-04   98.28687    
  7.3073071E-04   96.03889    
  7.3473481E-04   93.78304    
  7.3873898E-04   91.57718    
  7.4274268E-04   89.48730    
  7.4674684E-04   87.55318    
  7.5075077E-04   85.77091    
  7.5475487E-04   84.09238    
  7.5875880E-04   82.44875    
  7.6276273E-04   80.78165    
  7.6676684E-04   79.06836    
  7.7077100E-04   77.33197    
  7.7477470E-04   75.62836    
  7.7877886E-04   74.02066    
  7.8278297E-04   72.54941    
  7.8678690E-04   71.21627    
  7.9079083E-04   69.98451    
  7.9479493E-04   68.79926    
  7.9879886E-04   67.61058    
  8.0280280E-04   66.39866    
  8.0680696E-04   65.17901    
  8.1081083E-04   63.99150    
  8.1481499E-04   62.87992    
  8.1881869E-04   61.86678    
  8.2282285E-04   60.94476    
  8.2682696E-04   60.07817    
  8.3083089E-04   59.22249    
  8.3483482E-04   58.34555    
  8.3883893E-04   57.44317    
  8.4284286E-04   56.54024    
  8.4684702E-04   55.67643    
  8.5085095E-04   54.88400    
  8.5485488E-04   54.16941    
  8.5885898E-04   53.50641    
  8.6286291E-04   52.84542    
  8.6686685E-04   52.13540    
  8.7087095E-04   51.34726    
  8.7487511E-04   50.48792    
  8.7887881E-04   49.60022    
  8.8288297E-04   48.74342    
  8.8688708E-04   47.97111    
  8.9089101E-04   47.30620    
  8.9489494E-04   46.73507    
  8.9889887E-04   46.21332    
  9.0290298E-04   45.68783    
  9.0690714E-04   45.11789    
  9.1091084E-04   44.49253    
  9.1491500E-04   43.83146    
  9.1891910E-04   43.17189    
  9.2292303E-04   42.54938    
  9.2692696E-04   41.97913    
  9.3093107E-04   41.45056    
  9.3493500E-04   40.93267    
  9.3893893E-04   40.39175    
  9.4294309E-04   39.80812    
  9.4694702E-04   39.18610    
  9.5095113E-04   38.55231    
  9.5495506E-04   37.94254    
  9.5895899E-04   37.38214    
  9.6296309E-04   36.87579    
  9.6696703E-04   36.40354    
  9.7097096E-04   35.93020    
  9.7497512E-04   35.42482    
  9.7897905E-04   34.87506    
  9.8298315E-04   34.29354    
  9.8698703E-04   33.71368    
  9.9099101E-04   33.17274    
  9.9499512E-04   32.69453    
  9.9899911E-04   32.27752    
  1.0030030E-03   31.89532    
  1.0070071E-03   31.50895    
  1.0110112E-03   31.08523    
  1.0150149E-03   30.61333    
  1.0190191E-03   30.10931    
  1.0230233E-03   29.60990    
  1.0270271E-03   29.15431    
  1.0310311E-03   28.76673    
  1.0350352E-03   28.44342    
  1.0390391E-03   28.15616    
  1.0430432E-03   27.86325    
  1.0470470E-03   27.52948    
  1.0510511E-03   27.14249    
  1.0550553E-03   26.71857    
  1.0590589E-03   26.29445    
  1.0630632E-03   25.90943    
  1.0670673E-03   25.58934    
  1.0710711E-03   25.33239    
  1.0750751E-03   25.11192    
  1.0790792E-03   24.88854    
  1.0830831E-03   24.62846    
  1.0870873E-03   24.31868    
  1.0910912E-03   23.97215    
  1.0950951E-03   23.62102    
  1.0990993E-03   23.30058    
  1.1031034E-03   23.03323    
  1.1071071E-03   22.81688    
  1.1111113E-03   22.62840    
  1.1151151E-03   22.43405    
  1.1191192E-03   22.20611    
  1.1231232E-03   21.93618    
  1.1271271E-03   21.63863    
  1.1311313E-03   21.34168    
  1.1351352E-03   21.07516    
  1.1391392E-03   20.85356    
  1.1431433E-03   20.66971    
  1.1471474E-03   20.49903    
  1.1511511E-03   20.31126    
  1.1551552E-03   20.08629    
  1.1591594E-03   19.82489    
  1.1631633E-03   19.54884    
  1.1671672E-03   19.29048    
  1.1711713E-03   19.07842    
  1.1751753E-03   18.92129    
  1.1791794E-03   18.80415    
  1.1831833E-03   18.69333    
  1.1871873E-03   18.55266    
  1.1911914E-03   18.35967    
  1.1951951E-03   18.11619    
  1.1991992E-03   17.84976    
  1.2032033E-03   17.59981    
  1.2072073E-03   17.40123    
  1.2112112E-03   17.26823    
  1.2152153E-03   17.18679    
  1.2192193E-03   17.12230    
  1.2232234E-03   17.03292    
  1.2272274E-03   16.88898    
  1.2312313E-03   16.68554    
  1.2352354E-03   16.44346    
  1.2392395E-03   16.19994    
  1.2432432E-03   15.99193    
  1.2472473E-03   15.83998    
  1.2512516E-03   15.74099    
  1.2552554E-03   15.67130    
  1.2592594E-03   15.59835    
  1.2632633E-03   15.49786    
  1.2672674E-03   15.36328    
  1.2712714E-03   15.20883    
  1.2752753E-03   15.06053    
  1.2792794E-03   14.94225    
  1.2832836E-03   14.86432    
  1.2872872E-03   14.81697    
  1.2912914E-03   14.77491    
  1.2952955E-03   14.70943    
  1.2992994E-03   14.60169    
  1.3033034E-03   14.45145    
  1.3073075E-03   14.27729    
  1.3113114E-03   14.10745    
  1.3153156E-03   13.96706    
  1.3193195E-03   13.86662    
  1.3233233E-03   13.79798    
  1.3273276E-03   13.73893    
  1.3313317E-03   13.66520    
  1.3353354E-03   13.56237    
  1.3393395E-03   13.43274    
  1.3433433E-03   13.29437    
  1.3473474E-03   13.17198    
  1.3513515E-03   13.08423    
  1.3553553E-03   13.03415    
  1.3593594E-03   13.00784    
  1.3633635E-03   12.97860    
  1.3673676E-03   12.92072    
  1.3713713E-03   12.82073    
  1.3753754E-03   12.68346    
  1.3793795E-03   12.52954    
  1.3833838E-03   12.38622    
  1.3873874E-03   12.27435    
  1.3913916E-03   12.19959    
  1.3953957E-03   12.15032    
  1.3993995E-03   12.10380    
  1.4034036E-03   12.03771    
  1.4074073E-03   11.94038    
  1.4114114E-03   11.81756    
  1.4154156E-03   11.68762    
  1.4194197E-03   11.57392    
  1.4234238E-03   11.49209    
  1.4274279E-03   11.44351    
  1.4314313E-03   11.41375    
  1.4354354E-03   11.37974    
  1.4394395E-03   11.32069    
  1.4434436E-03   11.22857    
  1.4474478E-03   11.11097    
  1.4514514E-03   10.98838    
  1.4554557E-03   10.88340    
  1.4594593E-03   10.81008    
  1.4634635E-03   10.76752    
  1.4674676E-03   10.73967    
  1.4714717E-03   10.70295    
  1.4754755E-03   10.63791    
  1.4794796E-03   10.53793    
  1.4834837E-03   10.41247    
  1.4874878E-03   10.28211    
  1.4914916E-03   10.16929    
  1.4954957E-03   10.08716    
  1.4994994E-03   10.03397    
  1.5035035E-03   9.994157    
  1.5075076E-03   9.945720    
  1.5115119E-03   9.872142    
  1.5155160E-03   9.769348    
  1.5195193E-03   9.649003    
  1.5235234E-03   9.531734    
  1.5275275E-03   9.439104    
  1.5315317E-03   9.380996    
  1.5355358E-03   9.352233    
  1.5395399E-03   9.334595    
  1.5435437E-03   9.304882    
  1.5475478E-03   9.246637    
  1.5515515E-03   9.157512    
  1.5555556E-03   9.050134    
  1.5595597E-03   8.947323    
  1.5635638E-03   8.869721    
  1.5675676E-03   8.826910    
  1.5715717E-03   8.812778    
  1.5755758E-03   8.807297    
  1.5795800E-03   8.787024    
  1.5835837E-03   8.734393    
  1.5875874E-03   8.647219    
  1.5915915E-03   8.539013    
  1.5955957E-03   8.432255    
  1.5995998E-03   8.348846    
  1.6036039E-03   8.299249    
  1.6076081E-03   8.278470    
  1.6116115E-03   8.268128    
  1.6156156E-03   8.245886    
  1.6196197E-03   8.195508    
  1.6236238E-03   8.114229    
  1.6276279E-03   8.014222    
  1.6316320E-03   7.915608    
  1.6356357E-03   7.838296    
  1.6396398E-03   7.791273    
  1.6436436E-03   7.770031    
  1.6476477E-03   7.758224    
  1.6516519E-03   7.736480    
  1.6556560E-03   7.691377    
  1.6596598E-03   7.621631    
  1.6636639E-03   7.538805    
  1.6676680E-03   7.460651    
  1.6716718E-03   7.403225    
  1.6756759E-03   7.371507    
  1.6796796E-03   7.359202    
  1.6836837E-03   7.350228    
  1.6876878E-03   7.327556    
  1.6916919E-03   7.281611    
  1.6956960E-03   7.214849    
  1.6997003E-03   7.140843    
  1.7037035E-03   7.077007    
  1.7077076E-03   7.036500    
  1.7117118E-03   7.021115    
  1.7157159E-03   7.020927    
  1.7197201E-03   7.017947    
  1.7237242E-03   6.995856    
  1.7277279E-03   6.947777    
  1.7317316E-03   6.880054    
  1.7357358E-03   6.809016    
  1.7397399E-03   6.755091    
  1.7437440E-03   6.731209    
  1.7477478E-03   6.737639    
  1.7517519E-03   6.760623    
  1.7557560E-03   6.779409    
  1.7597601E-03   6.773970    
  1.7637638E-03   6.735260    
  1.7677679E-03   6.667681    
  1.7717717E-03   6.588107    
  1.7757758E-03   6.516565    
  1.7797799E-03   6.467531    
  1.7837841E-03   6.443158    
  1.7877882E-03   6.433189    
  1.7917923E-03   6.419811    
  1.7957956E-03   6.387481    
  1.7997999E-03   6.330434    
  1.8038040E-03   6.255378    
  1.8078081E-03   6.179159    
  1.8118122E-03   6.120371    
  1.8158159E-03   6.090269    
  1.8198200E-03   6.087769    
  1.8238238E-03   6.098796    
  1.8278279E-03   6.103509    
  1.8318320E-03   6.085572    
  1.8358361E-03   6.039293    
  1.8398399E-03   5.972819    
  1.8438440E-03   5.903864    
  1.8478482E-03   5.851495    
  1.8518523E-03   5.827225    
  1.8558560E-03   5.829161    
  1.8598601E-03   5.843079    
  1.8638638E-03   5.848360    
  1.8678680E-03   5.828769    
  1.8718721E-03   5.778565    
  1.8758762E-03   5.706309    
  1.8798803E-03   5.629496    
  1.8838837E-03   5.567393    
  1.8878878E-03   5.531073    
  1.8918919E-03   5.519020    
  1.8958960E-03   5.517515    
  1.8999001E-03   5.507954    
  1.9039044E-03   5.475286    
  1.9079080E-03   5.416142    
  1.9119122E-03   5.339570    
  1.9159159E-03   5.264002    
  1.9199200E-03   5.207767    
  1.9239242E-03   5.181200    
  1.9279283E-03   5.181042    
  1.9319321E-03   5.192552    
  1.9359362E-03   5.196311    
  1.9399403E-03   5.177019    
  1.9439440E-03   5.130920    
  1.9479481E-03   5.067389    
  1.9519522E-03   5.004072    
  1.9559560E-03   4.959041    
  1.9599602E-03   4.942176    
  1.9639642E-03   4.950526    
  1.9679684E-03   4.969541    
  1.9719724E-03   4.980232    
  1.9759759E-03   4.967959    
  1.9799799E-03   4.928549    
  1.9839841E-03   4.870267    
  1.9879881E-03   4.809885    
  1.9919924E-03   4.763710    
  1.9959963E-03   4.740456    
  2.0000001E-03   4.737279    
