 -2.0000001E-03   3.755947    
 -1.9959963E-03   3.751291    
 -1.9919921E-03   3.742920    
 -1.9879881E-03   3.730233    
 -1.9839841E-03   3.713505    
 -1.9799802E-03   3.693745    
 -1.9759762E-03   3.673782    
 -1.9719722E-03   3.657815    
 -1.9679682E-03   3.651068    
 -1.9639642E-03   3.658305    
 -1.9599602E-03   3.682218    
 -1.9559562E-03   3.722787    
 -1.9519520E-03   3.776708    
 -1.9479481E-03   3.837910    
 -1.9439441E-03   3.899384    
 -1.9399400E-03   3.954985    
 -1.9359362E-03   4.000742    
 -1.9319321E-03   4.035463    
 -1.9279281E-03   4.060221    
 -1.9239242E-03   4.076884    
 -1.9199200E-03   4.087128    
 -1.9159161E-03   4.090971    
 -1.9119122E-03   4.087747    
 -1.9079080E-03   4.077032    
 -1.9039041E-03   4.060268    
 -1.8999000E-03   4.041391    
 -1.8958960E-03   4.027218    
 -1.8918922E-03   4.025089    
 -1.8878881E-03   4.040848    
 -1.8838841E-03   4.075624    
 -1.8798800E-03   4.125551    
 -1.8758760E-03   4.181293    
 -1.8718721E-03   4.231273    
 -1.8678680E-03   4.265285    
 -1.8638640E-03   4.277687    
 -1.8598601E-03   4.269680    
 -1.8558560E-03   4.248773    
 -1.8518521E-03   4.226399    
 -1.8478479E-03   4.214302    
 -1.8438440E-03   4.220508    
 -1.8398401E-03   4.247360    
 -1.8358360E-03   4.291585    
 -1.8318320E-03   4.346169    
 -1.8278279E-03   4.403171    
 -1.8238240E-03   4.456957    
 -1.8198200E-03   4.505777    
 -1.8158159E-03   4.551362    
 -1.8118119E-03   4.598059    
 -1.8078081E-03   4.649958    
 -1.8038040E-03   4.709674    
 -1.7998000E-03   4.777470    
 -1.7957959E-03   4.851701    
 -1.7917920E-03   4.929989    
 -1.7877880E-03   5.010432    
 -1.7837839E-03   5.091845    
 -1.7797799E-03   5.173389    
 -1.7757760E-03   5.253549    
 -1.7717719E-03   5.328832    
 -1.7677679E-03   5.394038    
 -1.7637638E-03   5.442877    
 -1.7597600E-03   5.470141    
 -1.7557560E-03   5.473822    
 -1.7517519E-03   5.456366    
 -1.7477479E-03   5.424461    
 -1.7437440E-03   5.387557    
 -1.7397399E-03   5.354794    
 -1.7357359E-03   5.332536    
 -1.7317318E-03   5.322115    
 -1.7277279E-03   5.320357    
 -1.7237237E-03   5.320938    
 -1.7197198E-03   5.317330    
 -1.7157159E-03   5.305487    
 -1.7117118E-03   5.285970    
 -1.7077079E-03   5.263491    
 -1.7037039E-03   5.245632    
 -1.6996998E-03   5.239970    
 -1.6956959E-03   5.251599    
 -1.6916919E-03   5.281143    
 -1.6876878E-03   5.324679    
 -1.6836839E-03   5.374887    
 -1.6796797E-03   5.423401    
 -1.6756759E-03   5.463410    
 -1.6716719E-03   5.491402    
 -1.6676678E-03   5.508152    
 -1.6636639E-03   5.518356    
 -1.6596598E-03   5.529935    
 -1.6556558E-03   5.551774    
 -1.6516518E-03   5.591999    
 -1.6476478E-03   5.656849    
 -1.6436438E-03   5.748692    
 -1.6396398E-03   5.866454    
 -1.6356357E-03   6.004882    
 -1.6316319E-03   6.155687    
 -1.6276278E-03   6.309391    
 -1.6236238E-03   6.456320    
 -1.6196198E-03   6.589278    
 -1.6156157E-03   6.703950    
 -1.6116118E-03   6.800268    
 -1.6076078E-03   6.881282    
 -1.6036037E-03   6.951687    
 -1.5995997E-03   7.016569    
 -1.5955957E-03   7.079152    
 -1.5915917E-03   7.140438    
 -1.5875878E-03   7.198634    
 -1.5835837E-03   7.250774    
 -1.5795798E-03   7.293594    
 -1.5755757E-03   7.325533    
 -1.5715717E-03   7.347099    
 -1.5675678E-03   7.361128    
 -1.5635637E-03   7.371905    
 -1.5595597E-03   7.384143    
 -1.5555557E-03   7.401978    
 -1.5515516E-03   7.428044    
 -1.5475478E-03   7.462499    
 -1.5435437E-03   7.504382    
 -1.5395397E-03   7.550658    
 -1.5355357E-03   7.597752    
 -1.5315317E-03   7.641105    
 -1.5275277E-03   7.677259    
 -1.5235236E-03   7.702787    
 -1.5195196E-03   7.716735    
 -1.5155156E-03   7.719731    
 -1.5115116E-03   7.715726    
 -1.5075076E-03   7.710404    
 -1.5035035E-03   7.710474    
 -1.4994997E-03   7.722676    
 -1.4954957E-03   7.751506    
 -1.4914917E-03   7.798688    
 -1.4874877E-03   7.862831    
 -1.4834836E-03   7.940024    
 -1.4794796E-03   8.025424    
 -1.4754756E-03   8.114501    
 -1.4714716E-03   8.203892    
 -1.4674676E-03   8.291582    
 -1.4634635E-03   8.375992    
 -1.4594595E-03   8.455327    
 -1.4554557E-03   8.526722    
 -1.4514516E-03   8.586379    
 -1.4474476E-03   8.630507    
 -1.4434436E-03   8.657063    
 -1.4394395E-03   8.666846    
 -1.4354356E-03   8.664228    
 -1.4314316E-03   8.655923    
 -1.4274275E-03   8.649782    
 -1.4234236E-03   8.651986    
 -1.4194195E-03   8.665616    
 -1.4154156E-03   8.690184    
 -1.4114116E-03   8.722305    
 -1.4074075E-03   8.757760    
 -1.4034036E-03   8.794051    
 -1.3993995E-03   8.831156    
 -1.3953955E-03   8.872651    
 -1.3913916E-03   8.923672    
 -1.3873874E-03   8.988675    
 -1.3833835E-03   9.070230    
 -1.3793795E-03   9.166401    
 -1.3753754E-03   9.272823    
 -1.3713716E-03   9.382793    
 -1.3673675E-03   9.490667    
 -1.3633635E-03   9.593141    
 -1.3593596E-03   9.690279    
 -1.3553554E-03   9.784505    
 -1.3513515E-03   9.879709    
 -1.3473475E-03   9.979379    
 -1.3433434E-03   10.08500    
 -1.3393395E-03   10.19598    
 -1.3353354E-03   10.31043    
 -1.3313314E-03   10.42611    
 -1.3273275E-03   10.54155    
 -1.3233233E-03   10.65633    
 -1.3193195E-03   10.77029    
 -1.3153154E-03   10.88363    
 -1.3113114E-03   10.99507    
 -1.3073074E-03   11.10400    
 -1.3033034E-03   11.20904    
 -1.2992994E-03   11.31058    
 -1.2952955E-03   11.41063    
 -1.2912914E-03   11.51289    
 -1.2872875E-03   11.62144    
 -1.2832835E-03   11.73899    
 -1.2792794E-03   11.86519    
 -1.2752755E-03   11.99586    
 -1.2712714E-03   12.12466    
 -1.2672674E-03   12.24406    
 -1.2632634E-03   12.34911    
 -1.2592594E-03   12.43796    
 -1.2552554E-03   12.51283    
 -1.2512513E-03   12.57848    
 -1.2472473E-03   12.63977    
 -1.2432433E-03   12.69966    
 -1.2392394E-03   12.75757    
 -1.2352354E-03   12.81096    
 -1.2312314E-03   12.85635    
 -1.2272274E-03   12.89323    
 -1.2232234E-03   12.92518    
 -1.2192193E-03   12.96028    
 -1.2152153E-03   13.00799    
 -1.2112113E-03   13.07667    
 -1.2072073E-03   13.17027    
 -1.2032033E-03   13.28586    
 -1.1991992E-03   13.41568    
 -1.1951954E-03   13.54977    
 -1.1911913E-03   13.68000    
 -1.1871873E-03   13.80358    
 -1.1831833E-03   13.92413    
 -1.1791792E-03   14.04930    
 -1.1751753E-03   14.18719    
 -1.1711712E-03   14.34227    
 -1.1671672E-03   14.51214    
 -1.1631633E-03   14.68794    
 -1.1591592E-03   14.85724    
 -1.1551552E-03   15.00908    
 -1.1511513E-03   15.13788    
 -1.1471473E-03   15.24618    
 -1.1431432E-03   15.34370    
 -1.1391392E-03   15.44431    
 -1.1351353E-03   15.56063    
 -1.1311313E-03   15.70055    
 -1.1271272E-03   15.86512    
 -1.1231232E-03   16.04940    
 -1.1191192E-03   16.24523    
 -1.1151151E-03   16.44480    
 -1.1111113E-03   16.64300    
 -1.1071071E-03   16.83757    
 -1.1031033E-03   17.02771    
 -1.0990992E-03   17.21220    
 -1.0950952E-03   17.38772    
 -1.0910912E-03   17.54932    
 -1.0870872E-03   17.69190    
 -1.0830831E-03   17.81413    
 -1.0790792E-03   17.91872    
 -1.0750751E-03   18.01366    
 -1.0710711E-03   18.10991    
 -1.0670673E-03   18.21726    
 -1.0630632E-03   18.34155    
 -1.0590592E-03   18.48230    
 -1.0550552E-03   18.63458    
 -1.0510512E-03   18.79177    
 -1.0470471E-03   18.95014    
 -1.0430432E-03   19.11119    
 -1.0390391E-03   19.28236    
 -1.0350351E-03   19.47340    
 -1.0310311E-03   19.69224    
 -1.0270271E-03   19.93912    
 -1.0230232E-03   20.20592    
 -1.0190191E-03   20.47622    
 -1.0150151E-03   20.73159    
 -1.0110112E-03   20.95783    
 -1.0070070E-03   21.15016    
 -1.0030031E-03   21.31456    
 -9.9899911E-04   21.46693    
 -9.9499500E-04   21.62489    
 -9.9099113E-04   21.80271    
 -9.8698703E-04   22.00536    
 -9.8298315E-04   22.22757    
 -9.7897905E-04   22.45645    
 -9.7497512E-04   22.67743    
 -9.7097107E-04   22.88101    
 -9.6696703E-04   23.06582    
 -9.6296304E-04   23.23908    
 -9.5895911E-04   23.41363    
 -9.5495506E-04   23.60232    
 -9.5095101E-04   23.81423    
 -9.4694702E-04   24.05195    
 -9.4294309E-04   24.31379    
 -9.3893893E-04   24.59605    
 -9.3493500E-04   24.89598    
 -9.3093107E-04   25.21413    
 -9.2692696E-04   25.55230    
 -9.2292303E-04   25.91178    
 -9.1891899E-04   26.28870    
 -9.1491506E-04   26.67370    
 -9.1091095E-04   27.05328    
 -9.0690702E-04   27.41373    
 -9.0290298E-04   27.74605    
 -8.9889899E-04   28.04990    
 -8.9489494E-04   28.33361    
 -8.9089101E-04   28.61109    
 -8.8688690E-04   28.89491    
 -8.8288297E-04   29.19155    
 -8.7887893E-04   29.49853    
 -8.7487500E-04   29.80605    
 -8.7087089E-04   30.10275    
 -8.6686696E-04   30.38243    
 -8.6286303E-04   30.65089    
 -8.5885887E-04   30.92462    
 -8.5485494E-04   31.22804    
 -8.5085095E-04   31.58433    
 -8.4684690E-04   32.00609    
 -8.4284286E-04   32.48972    
 -8.3883893E-04   33.01482    
 -8.3483494E-04   33.55051    
 -8.3083089E-04   34.06588    
 -8.2682684E-04   34.53997    
 -8.2282291E-04   34.96825    
 -8.1881881E-04   35.36369    
 -8.1481488E-04   35.75143    
 -8.1081083E-04   36.15918    
 -8.0680696E-04   36.60818    
 -8.0280280E-04   37.10819    
 -7.9879886E-04   37.65620    
 -7.9479493E-04   38.24034    
 -7.9079083E-04   38.84695    
 -7.8678690E-04   39.46567    
 -7.8278285E-04   40.09221    
 -7.7877886E-04   40.72746    
 -7.7477482E-04   41.37472    
 -7.7077089E-04   42.03442    
 -7.6676684E-04   42.70414    
 -7.6276285E-04   43.37849    
 -7.5875880E-04   44.05268    
 -7.5475487E-04   44.72548    
 -7.5075077E-04   45.40318    
 -7.4674684E-04   46.09721    
 -7.4274279E-04   46.82113    
 -7.3873874E-04   47.58444    
 -7.3473481E-04   48.38941    
 -7.3073083E-04   49.22794    
 -7.2672690E-04   50.08390    
 -7.2272273E-04   50.93750    
 -7.1871880E-04   51.77179    
 -7.1471481E-04   52.57585    
 -7.1071077E-04   53.34922    
 -7.0670672E-04   54.10031    
 -7.0270279E-04   54.84307    
 -6.9869880E-04   55.59523    
 -6.9469475E-04   56.37299    
 -6.9069071E-04   57.19087    
 -6.8668678E-04   58.05689    
 -6.8268267E-04   58.97316    
 -6.7867874E-04   59.93534    
 -6.7467469E-04   60.92962    
 -6.7067071E-04   61.93523    
 -6.6666678E-04   62.92693    
 -6.6266273E-04   63.88071    
 -6.5865880E-04   64.78078    
 -6.5465469E-04   65.62659    
 -6.5065076E-04   66.43645    
 -6.4664672E-04   67.24612    
 -6.4264267E-04   68.10178    
 -6.3863868E-04   69.04974    
 -6.3463475E-04   70.12492    
 -6.3063059E-04   71.34294    
 -6.2662666E-04   72.69627    
 -6.2262267E-04   74.15942    
 -6.1861874E-04   75.69779    
 -6.1461458E-04   77.27753    
 -6.1061064E-04   78.87558    
 -6.0660666E-04   80.48438    
 -6.0260261E-04   82.11214    
 -5.9859868E-04   83.77660    
 -5.9459469E-04   85.50195    
 -5.9059076E-04   87.31118    
 -5.8658660E-04   89.22225    
 -5.8258267E-04   91.24453    
 -5.7857868E-04   93.37860    
 -5.7457463E-04   95.61192    
 -5.7057058E-04   97.92030    
 -5.6656665E-04   100.2683    
 -5.6256255E-04   102.6147    
 -5.5855862E-04   104.9219    
 -5.5455457E-04   107.1679    
 -5.5055064E-04   109.3588    
 -5.4654654E-04   111.5314    
 -5.4254261E-04   113.7520    
 -5.3853856E-04   116.0996    
 -5.3453457E-04   118.6455    
 -5.3053064E-04   121.4300    
 -5.2652659E-04   124.4488    
 -5.2252255E-04   127.6511    
 -5.1851856E-04   130.9568    
 -5.1451463E-04   134.2796    
 -5.1051058E-04   137.5585    
 -5.0650653E-04   140.7764    
 -5.0250255E-04   143.9656    
 -4.9849862E-04   147.1949    
 -4.9449445E-04   150.5426    
 -4.9049052E-04   154.0699    
 -4.8648650E-04   157.8008    
 -4.8248249E-04   161.7190    
 -4.7847847E-04   165.7845    
 -4.7447454E-04   169.9596    
 -4.7047061E-04   174.2349    
 -4.6646647E-04   178.6461    
 -4.6246254E-04   183.2669    
 -4.5845853E-04   188.1909    
 -4.5445448E-04   193.4975    
 -4.5045046E-04   199.2218    
 -4.4644653E-04   205.3423    
 -4.4244251E-04   211.7846    
 -4.3843850E-04   218.4479    
 -4.3443445E-04   225.2352    
 -4.3043052E-04   232.0865    
 -4.2642641E-04   238.9915    
 -4.2242248E-04   245.9854    
 -4.1841844E-04   253.1283    
 -4.1441442E-04   260.4741    
 -4.1041040E-04   268.0494    
 -4.0640647E-04   275.8413    
 -4.0240254E-04   283.8051    
 -3.9839841E-04   291.8841    
 -3.9439448E-04   300.0312    
 -3.9039046E-04   308.2308    
 -3.8638641E-04   316.5004    
 -3.8238239E-04   324.8841    
 -3.7837846E-04   333.4358    
 -3.7437433E-04   342.2039    
 -3.7037040E-04   351.2140    
 -3.6636638E-04   360.4744    
 -3.6236245E-04   369.9762    
 -3.5835832E-04   379.7062    
 -3.5435439E-04   389.6498    
 -3.5035037E-04   399.7977    
 -3.4634635E-04   410.1417    
 -3.4234230E-04   420.6710    
 -3.3833840E-04   431.3724    
 -3.3433427E-04   442.2386    
 -3.3033034E-04   453.2799    
 -3.2632641E-04   464.5363    
 -3.2232248E-04   476.0783    
 -3.1831834E-04   488.0089    
 -3.1431441E-04   500.4413    
 -3.1031031E-04   513.4782    
 -3.0630638E-04   527.1935    
 -3.0230224E-04   541.6243    
 -2.9829831E-04   556.7723    
 -2.9429438E-04   572.6279    
 -2.9029025E-04   589.1901    
 -2.8628614E-04   606.4846    
 -2.8228239E-04   624.5633    
 -2.7827828E-04   643.5086    
 -2.7427435E-04   663.3961    
 -2.7027042E-04   684.2855    
 -2.6626629E-04   706.2079    
 -2.6226236E-04   729.1691    
 -2.5825822E-04   753.1741    
 -2.5425432E-04   778.2429    
 -2.5025039E-04   804.4304    
 -2.4624626E-04   831.8186    
 -2.4224212E-04   860.4852    
 -2.3823840E-04   890.4651    
 -2.3423426E-04   921.7192    
 -2.3023014E-04   954.0905    
 -2.2622621E-04   987.3265    
 -2.2222228E-04   1021.111    
 -2.1821816E-04   1055.120    
 -2.1421423E-04   1089.058    
 -2.1021010E-04   1122.712    
 -2.0620637E-04   1155.919    
 -2.0220225E-04   1188.550    
 -1.9819812E-04   1220.423    
 -1.9419439E-04   1251.258    
 -1.9019026E-04   1280.657    
 -1.8618614E-04   1308.108    
 -1.8218221E-04   1333.052    
 -1.7817828E-04   1354.988    
 -1.7417416E-04   1373.552    
 -1.7017023E-04   1388.619    
 -1.6616609E-04   1400.300    
 -1.6216218E-04   1408.945    
 -1.5815825E-04   1415.064    
 -1.5415411E-04   1419.245    
 -1.5014999E-04   1422.079    
 -1.4614625E-04   1424.090    
 -1.4214213E-04   1425.725    
 -1.3813801E-04   1427.343    
 -1.3413427E-04   1429.251    
 -1.3013015E-04   1431.714    
 -1.2612622E-04   1434.978    
 -1.2212209E-04   1439.252    
 -1.1811817E-04   1444.709    
 -1.1411423E-04   1451.455    
 -1.1011012E-04   1459.528    
 -1.0610599E-04   1468.906    
 -1.0210225E-04   1479.517    
 -9.8098128E-05   1491.290    
 -9.4094001E-05   1504.154    
 -9.0090070E-05   1518.078    
 -8.6086147E-05   1533.068    
 -8.2082021E-05   1549.146    
 -7.8078090E-05   1566.326    
 -7.4073963E-05   1584.598    
 -7.0070033E-05   1603.900    
 -6.6066110E-05   1624.118    
 -6.2061983E-05   1645.078    
 -5.8058249E-05   1666.580    
 -5.4054122E-05   1688.403    
 -5.0049995E-05   1710.321    
 -4.6046069E-05   1732.118    
 -4.2042138E-05   1753.587    
 -3.8038012E-05   1774.530    
 -3.4034085E-05   1794.716    
 -3.0029958E-05   1813.910    
 -2.6026029E-05   1831.830    
 -2.2022101E-05   1848.155    
 -1.8017976E-05   1862.537    
 -1.4013849E-05   1874.610    
 -1.0010118E-05   1884.036    
 -6.0059915E-06   1890.494    
 -2.0018651E-06   1893.854    
  2.0018651E-06   1893.854    
  6.0059915E-06   1890.494    
  1.0010118E-05   1884.036    
  1.4014046E-05   1874.612    
  1.8017976E-05   1862.537    
  2.2021904E-05   1848.153    
  2.6026029E-05   1831.829    
  3.0030156E-05   1813.909    
  3.4033888E-05   1794.719    
  3.8038012E-05   1774.530    
  4.2042138E-05   1753.587    
  4.6046069E-05   1732.117    
  5.0049995E-05   1710.322    
  5.4054122E-05   1688.402    
  5.8058053E-05   1666.581    
  6.2061983E-05   1645.078    
  6.6066110E-05   1624.118    
  7.0070033E-05   1603.900    
  7.4074160E-05   1584.598    
  7.8078090E-05   1566.326    
  8.2082021E-05   1549.145    
  8.6086147E-05   1533.068    
  9.0090070E-05   1518.079    
  9.4094001E-05   1504.155    
  9.8098128E-05   1491.289    
  1.0210206E-04   1479.518    
  1.0610618E-04   1468.905    
  1.1011012E-04   1459.529    
  1.1411404E-04   1451.456    
  1.1811817E-04   1444.709    
  1.2212229E-04   1439.252    
  1.2612602E-04   1434.978    
  1.3013015E-04   1431.713    
  1.3413427E-04   1429.251    
  1.3813801E-04   1427.343    
  1.4214213E-04   1425.725    
  1.4614625E-04   1424.090    
  1.5015018E-04   1422.080    
  1.5415411E-04   1419.246    
  1.5815825E-04   1415.064    
  1.6216218E-04   1408.945    
  1.6616630E-04   1400.300    
  1.7017002E-04   1388.619    
  1.7417416E-04   1373.552    
  1.7817828E-04   1354.988    
  1.8218221E-04   1333.052    
  1.8618614E-04   1308.108    
  1.9019026E-04   1280.658    
  1.9419419E-04   1251.259    
  1.9819812E-04   1220.423    
  2.0220225E-04   1188.550    
  2.0620618E-04   1155.921    
  2.1021030E-04   1122.710    
  2.1421423E-04   1089.058    
  2.1821816E-04   1055.120    
  2.2222228E-04   1021.111    
  2.2622642E-04   987.3245    
  2.3023014E-04   954.0909    
  2.3423426E-04   921.7193    
  2.3823819E-04   890.4670    
  2.4224233E-04   860.4841    
  2.4624626E-04   831.8187    
  2.5025019E-04   804.4317    
  2.5425432E-04   778.2429    
  2.5825843E-04   753.1732    
  2.6226215E-04   729.1705    
  2.6626629E-04   706.2075    
  2.7027042E-04   684.2856    
  2.7427415E-04   663.3977    
  2.7827828E-04   643.5090    
  2.8228239E-04   624.5632    
  2.8628632E-04   606.4832    
  2.9029025E-04   589.1903    
  2.9429438E-04   572.6276    
  2.9829831E-04   556.7725    
  3.0230245E-04   541.6234    
  3.0630638E-04   527.1938    
  3.1031031E-04   513.4784    
  3.1431441E-04   500.4413    
  3.1831834E-04   488.0094    
  3.2232227E-04   476.0789    
  3.2632641E-04   464.5363    
  3.3033034E-04   453.2801    
  3.3433427E-04   442.2390    
  3.3833840E-04   431.3725    
  3.4234230E-04   420.6712    
  3.4634644E-04   410.1419    
  3.5035037E-04   399.7979    
  3.5435430E-04   389.6502    
  3.5835843E-04   379.7061    
  3.6236257E-04   369.9761    
  3.6636629E-04   360.4746    
  3.7037040E-04   351.2141    
  3.7437453E-04   342.2035    
  3.7837846E-04   333.4357    
  3.8238239E-04   324.8840    
  3.8638632E-04   316.5002    
  3.9039046E-04   308.2307    
  3.9439456E-04   300.0309    
  3.9839832E-04   291.8841    
  4.0240242E-04   283.8055    
  4.0640656E-04   275.8414    
  4.1041028E-04   268.0502    
  4.1441442E-04   260.4742    
  4.1841855E-04   253.1280    
  4.2242248E-04   245.9853    
  4.2642641E-04   238.9916    
  4.3043052E-04   232.0867    
  4.3443445E-04   225.2354    
  4.3843858E-04   218.4479    
  4.4244251E-04   211.7850    
  4.4644644E-04   205.3424    
  4.5045058E-04   199.2217    
  4.5445448E-04   193.4976    
  4.5845841E-04   188.1910    
  4.6246254E-04   183.2670    
  4.6646647E-04   178.6461    
  4.7047040E-04   174.2352    
  4.7447454E-04   169.9595    
  4.7847847E-04   165.7845    
  4.8248257E-04   161.7190    
  4.8648650E-04   157.8008    
  4.9049046E-04   154.0700    
  4.9449457E-04   150.5425    
  4.9849867E-04   147.1944    
  5.0250243E-04   143.9658    
  5.0650653E-04   140.7764    
  5.1051070E-04   137.5583    
  5.1451463E-04   134.2795    
  5.1851856E-04   130.9568    
  5.2252266E-04   127.6512    
  5.2652659E-04   124.4489    
  5.3053052E-04   121.4303    
  5.3453445E-04   118.6458    
  5.3853856E-04   116.0998    
  5.4254272E-04   113.7519    
  5.4654642E-04   111.5316    
  5.5055058E-04   109.3588    
  5.5455469E-04   107.1681    
  5.5855862E-04   104.9218    
  5.6256255E-04   102.6147    
  5.6656665E-04   100.2683    
  5.7057058E-04   97.92026    
  5.7457475E-04   95.61160    
  5.7857868E-04   93.37853    
  5.8258261E-04   91.24466    
  5.8658671E-04   89.22203    
  5.9059082E-04   87.31113    
  5.9459457E-04   85.50217    
  5.9859868E-04   83.77661    
  6.0260261E-04   82.11203    
  6.0660654E-04   80.48470    
  6.1061064E-04   78.87568    
  6.1461458E-04   77.27750    
  6.1861874E-04   75.69785    
  6.2262267E-04   74.15936    
  6.2662660E-04   72.69614    
  6.3063070E-04   71.34282    
  6.3463481E-04   70.12509    
  6.3863856E-04   69.04983    
  6.4264267E-04   68.10174    
  6.4664683E-04   67.24606    
  6.5065076E-04   66.43654    
  6.5465469E-04   65.62655    
  6.5865880E-04   64.78072    
  6.6266273E-04   63.88066    
  6.6666666E-04   62.92710    
  6.7067076E-04   61.93531    
  6.7467469E-04   60.92952    
  6.7867886E-04   59.93519    
  6.8268256E-04   58.97336    
  6.8668672E-04   58.05664    
  6.9069082E-04   57.19079    
  6.9469475E-04   56.37289    
  6.9869868E-04   55.59496    
  7.0270279E-04   54.84298    
  7.0670672E-04   54.10019    
  7.1071088E-04   53.34927    
  7.1471481E-04   52.57575    
  7.1871874E-04   51.77159    
  7.2272285E-04   50.93748    
  7.2672695E-04   50.08382    
  7.3073071E-04   49.22798    
  7.3473481E-04   48.38935    
  7.3873898E-04   47.58443    
  7.4274268E-04   46.82115    
  7.4674684E-04   46.09711    
  7.5075077E-04   45.40316    
  7.5475487E-04   44.72550    
  7.5875880E-04   44.05264    
  7.6276273E-04   43.37855    
  7.6676684E-04   42.70415    
  7.7077100E-04   42.03435    
  7.7477470E-04   41.37461    
  7.7877886E-04   40.72747    
  7.8278297E-04   40.09206    
  7.8678690E-04   39.46569    
  7.9079083E-04   38.84690    
  7.9479493E-04   38.24033    
  7.9879886E-04   37.65617    
  8.0280280E-04   37.10820    
  8.0680696E-04   36.60819    
  8.1081083E-04   36.15915    
  8.1481499E-04   35.75152    
  8.1881869E-04   35.36376    
  8.2282285E-04   34.96824    
  8.2682696E-04   34.53996    
  8.3083089E-04   34.06586    
  8.3483482E-04   33.55048    
  8.3883893E-04   33.01479    
  8.4284286E-04   32.48965    
  8.4684702E-04   32.00617    
  8.5085095E-04   31.58434    
  8.5485488E-04   31.22804    
  8.5885898E-04   30.92458    
  8.6286291E-04   30.65096    
  8.6686685E-04   30.38252    
  8.7087095E-04   30.10274    
  8.7487511E-04   29.80604    
  8.7887881E-04   29.49851    
  8.8288297E-04   29.19157    
  8.8688708E-04   28.89495    
  8.9089101E-04   28.61105    
  8.9489494E-04   28.33361    
  8.9889887E-04   28.04980    
  9.0290298E-04   27.74599    
  9.0690714E-04   27.41362    
  9.1091084E-04   27.05326    
  9.1491500E-04   26.67367    
  9.1891910E-04   26.28861    
  9.2292303E-04   25.91174    
  9.2692696E-04   25.55228    
  9.3093107E-04   25.21411    
  9.3493500E-04   24.89600    
  9.3893893E-04   24.59604    
  9.4294309E-04   24.31379    
  9.4694702E-04   24.05198    
  9.5095113E-04   23.81410    
  9.5495506E-04   23.60229    
  9.5895899E-04   23.41365    
  9.6296309E-04   23.23904    
  9.6696703E-04   23.06576    
  9.7097096E-04   22.88107    
  9.7497512E-04   22.67747    
  9.7897905E-04   22.45644    
  9.8298315E-04   22.22759    
  9.8698703E-04   22.00542    
  9.9099101E-04   21.80275    
  9.9499512E-04   21.62482    
  9.9899911E-04   21.46686    
  1.0030030E-03   21.31467    
  1.0070071E-03   21.15005    
  1.0110112E-03   20.95791    
  1.0150149E-03   20.73165    
  1.0190191E-03   20.47618    
  1.0230233E-03   20.20582    
  1.0270271E-03   19.93916    
  1.0310311E-03   19.69222    
  1.0350352E-03   19.47336    
  1.0390391E-03   19.28232    
  1.0430432E-03   19.11115    
  1.0470470E-03   18.95011    
  1.0510511E-03   18.79181    
  1.0550553E-03   18.63454    
  1.0590589E-03   18.48230    
  1.0630632E-03   18.34140    
  1.0670673E-03   18.21716    
  1.0710711E-03   18.10990    
  1.0750751E-03   18.01370    
  1.0790792E-03   17.91874    
  1.0830831E-03   17.81413    
  1.0870873E-03   17.69197    
  1.0910912E-03   17.54932    
  1.0950951E-03   17.38770    
  1.0990993E-03   17.21223    
  1.1031034E-03   17.02769    
  1.1071071E-03   16.83749    
  1.1111113E-03   16.64298    
  1.1151151E-03   16.44477    
  1.1191192E-03   16.24514    
  1.1231232E-03   16.04937    
  1.1271271E-03   15.86508    
  1.1311313E-03   15.70052    
  1.1351352E-03   15.56059    
  1.1391392E-03   15.44428    
  1.1431433E-03   15.34372    
  1.1471474E-03   15.24615    
  1.1511511E-03   15.13785    
  1.1551552E-03   15.00905    
  1.1591594E-03   14.85730    
  1.1631633E-03   14.68793    
  1.1671672E-03   14.51211    
  1.1711713E-03   14.34225    
  1.1751753E-03   14.18718    
  1.1791794E-03   14.04920    
  1.1831833E-03   13.92413    
  1.1871873E-03   13.80357    
  1.1911914E-03   13.68000    
  1.1951951E-03   13.54965    
  1.1991992E-03   13.41564    
  1.2032033E-03   13.28582    
  1.2072073E-03   13.17022    
  1.2112112E-03   13.07670    
  1.2152153E-03   13.00793    
  1.2192193E-03   12.96024    
  1.2232234E-03   12.92512    
  1.2272274E-03   12.89319    
  1.2312313E-03   12.85633    
  1.2352354E-03   12.81096    
  1.2392395E-03   12.75761    
  1.2432432E-03   12.69962    
  1.2472473E-03   12.63981    
  1.2512516E-03   12.57848    
  1.2552554E-03   12.51285    
  1.2592594E-03   12.43795    
  1.2632633E-03   12.34909    
  1.2672674E-03   12.24408    
  1.2712714E-03   12.12465    
  1.2752753E-03   11.99589    
  1.2792794E-03   11.86514    
  1.2832836E-03   11.73902    
  1.2872872E-03   11.62144    
  1.2912914E-03   11.51290    
  1.2952955E-03   11.41060    
  1.2992994E-03   11.31054    
  1.3033034E-03   11.20903    
  1.3073075E-03   11.10400    
  1.3113114E-03   10.99508    
  1.3153156E-03   10.88351    
  1.3193195E-03   10.77029    
  1.3233233E-03   10.65630    
  1.3273276E-03   10.54155    
  1.3313317E-03   10.42612    
  1.3353354E-03   10.31043    
  1.3393395E-03   10.19596    
  1.3433433E-03   10.08505    
  1.3473474E-03   9.979364    
  1.3513515E-03   9.879694    
  1.3553553E-03   9.784398    
  1.3593594E-03   9.690182    
  1.3633635E-03   9.593141    
  1.3673676E-03   9.490654    
  1.3713713E-03   9.382856    
  1.3753754E-03   9.272838    
  1.3793795E-03   9.166539    
  1.3833838E-03   9.070237    
  1.3873874E-03   8.988716    
  1.3913916E-03   8.923696    
  1.3953957E-03   8.872708    
  1.3993995E-03   8.831147    
  1.4034036E-03   8.794004    
  1.4074073E-03   8.757814    
  1.4114114E-03   8.722315    
  1.4154156E-03   8.690216    
  1.4194197E-03   8.665573    
  1.4234238E-03   8.651985    
  1.4274279E-03   8.649754    
  1.4314313E-03   8.655862    
  1.4354354E-03   8.664240    
  1.4394395E-03   8.666853    
  1.4434436E-03   8.657106    
  1.4474478E-03   8.630488    
  1.4514514E-03   8.586331    
  1.4554557E-03   8.526711    
  1.4594593E-03   8.455457    
  1.4634635E-03   8.376039    
  1.4674676E-03   8.291550    
  1.4714717E-03   8.203941    
  1.4754755E-03   8.114565    
  1.4794796E-03   8.025457    
  1.4834837E-03   7.940045    
  1.4874878E-03   7.862820    
  1.4914916E-03   7.798715    
  1.4954957E-03   7.751525    
  1.4994994E-03   7.722747    
  1.5035035E-03   7.710471    
  1.5075076E-03   7.710384    
  1.5115119E-03   7.715763    
  1.5155160E-03   7.719827    
  1.5195193E-03   7.716712    
  1.5235234E-03   7.702728    
  1.5275275E-03   7.677144    
  1.5315317E-03   7.641108    
  1.5355358E-03   7.597652    
  1.5395399E-03   7.550575    
  1.5435437E-03   7.504388    
  1.5475478E-03   7.462484    
  1.5515515E-03   7.427961    
  1.5555556E-03   7.402072    
  1.5595597E-03   7.384157    
  1.5635638E-03   7.371900    
  1.5675676E-03   7.361088    
  1.5715717E-03   7.347151    
  1.5755758E-03   7.325618    
  1.5795800E-03   7.293633    
  1.5835837E-03   7.250771    
  1.5875874E-03   7.198651    
  1.5915915E-03   7.140370    
  1.5955957E-03   7.079161    
  1.5995998E-03   7.016572    
  1.6036039E-03   6.951674    
  1.6076081E-03   6.881258    
  1.6116115E-03   6.800278    
  1.6156156E-03   6.703986    
  1.6196197E-03   6.589233    
  1.6236238E-03   6.456322    
  1.6276279E-03   6.309369    
  1.6316320E-03   6.155732    
  1.6356357E-03   6.004882    
  1.6396398E-03   5.866394    
  1.6436436E-03   5.748735    
  1.6476477E-03   5.656757    
  1.6516519E-03   5.592012    
  1.6556560E-03   5.551750    
  1.6596598E-03   5.530015    
  1.6636639E-03   5.518377    
  1.6676680E-03   5.508190    
  1.6716718E-03   5.491471    
  1.6756759E-03   5.463409    
  1.6796796E-03   5.423444    
  1.6836837E-03   5.374832    
  1.6876878E-03   5.324700    
  1.6916919E-03   5.281146    
  1.6956960E-03   5.251606    
  1.6997003E-03   5.239996    
  1.7037035E-03   5.245553    
  1.7077076E-03   5.263450    
  1.7117118E-03   5.285959    
  1.7157159E-03   5.305493    
  1.7197201E-03   5.317322    
  1.7237242E-03   5.320938    
  1.7277279E-03   5.320332    
  1.7317316E-03   5.322073    
  1.7357358E-03   5.332457    
  1.7397399E-03   5.354774    
  1.7437440E-03   5.387518    
  1.7477478E-03   5.424450    
  1.7517519E-03   5.456354    
  1.7557560E-03   5.473822    
  1.7597601E-03   5.470150    
  1.7637638E-03   5.442912    
  1.7677679E-03   5.394034    
  1.7717717E-03   5.328876    
  1.7757758E-03   5.253543    
  1.7797799E-03   5.173401    
  1.7837841E-03   5.091819    
  1.7877882E-03   5.010409    
  1.7917923E-03   4.929976    
  1.7957956E-03   4.851672    
  1.7997999E-03   4.777506    
  1.8038040E-03   4.709687    
  1.8078081E-03   4.649961    
  1.8118122E-03   4.598012    
  1.8158159E-03   4.551362    
  1.8198200E-03   4.505832    
  1.8238238E-03   4.456952    
  1.8278279E-03   4.403214    
  1.8318320E-03   4.346177    
  1.8358361E-03   4.291708    
  1.8398399E-03   4.247364    
  1.8438440E-03   4.220510    
  1.8478482E-03   4.214307    
  1.8518523E-03   4.226434    
  1.8558560E-03   4.248766    
  1.8598601E-03   4.269674    
  1.8638638E-03   4.277685    
  1.8678680E-03   4.265264    
  1.8718721E-03   4.231247    
  1.8758762E-03   4.181259    
  1.8798803E-03   4.125532    
  1.8838837E-03   4.075647    
  1.8878878E-03   4.040826    
  1.8918919E-03   4.025084    
  1.8958960E-03   4.027201    
  1.8999001E-03   4.041422    
  1.9039044E-03   4.060240    
  1.9079080E-03   4.077040    
  1.9119122E-03   4.087757    
  1.9159159E-03   4.091005    
  1.9199200E-03   4.087128    
  1.9239242E-03   4.076897    
  1.9279283E-03   4.060214    
  1.9319321E-03   4.035464    
  1.9359362E-03   4.000719    
  1.9399403E-03   3.954978    
  1.9439440E-03   3.899327    
  1.9479481E-03   3.837893    
  1.9519522E-03   3.776694    
  1.9559560E-03   3.722816    
  1.9599602E-03   3.682242    
  1.9639642E-03   3.658300    
  1.9679684E-03   3.651053    
  1.9719724E-03   3.657875    
  1.9759759E-03   3.673776    
  1.9799799E-03   3.693704    
  1.9839841E-03   3.713507    
  1.9879881E-03   3.730236    
  1.9919924E-03   3.742892    
  1.9959963E-03   3.751247    
  2.0000001E-03   3.755951    
