 -2.0000001E-03   7.656005    
 -1.9959963E-03   7.679384    
 -1.9919921E-03   7.704189    
 -1.9879881E-03   7.731451    
 -1.9839841E-03   7.762223    
 -1.9799802E-03   7.797059    
 -1.9759762E-03   7.836472    
 -1.9719722E-03   7.880580    
 -1.9679682E-03   7.929376    
 -1.9639642E-03   7.982375    
 -1.9599602E-03   8.039230    
 -1.9559562E-03   8.099120    
 -1.9519520E-03   8.161488    
 -1.9479481E-03   8.225534    
 -1.9439441E-03   8.290536    
 -1.9399400E-03   8.355842    
 -1.9359362E-03   8.420675    
 -1.9319321E-03   8.484310    
 -1.9279281E-03   8.546254    
 -1.9239242E-03   8.605769    
 -1.9199200E-03   8.662342    
 -1.9159161E-03   8.715813    
 -1.9119122E-03   8.765823    
 -1.9079080E-03   8.812496    
 -1.9039041E-03   8.856051    
 -1.8999000E-03   8.896776    
 -1.8958960E-03   8.935314    
 -1.8918922E-03   8.972207    
 -1.8878881E-03   9.008101    
 -1.8838841E-03   9.043376    
 -1.8798800E-03   9.078625    
 -1.8758760E-03   9.114080    
 -1.8718721E-03   9.150070    
 -1.8678680E-03   9.186596    
 -1.8638640E-03   9.223796    
 -1.8598601E-03   9.261859    
 -1.8558560E-03   9.300811    
 -1.8518521E-03   9.340924    
 -1.8478479E-03   9.382279    
 -1.8438440E-03   9.425246    
 -1.8398401E-03   9.470009    
 -1.8358360E-03   9.516521    
 -1.8318320E-03   9.564818    
 -1.8278279E-03   9.614705    
 -1.8238240E-03   9.665711    
 -1.8198200E-03   9.717645    
 -1.8158159E-03   9.769943    
 -1.8118119E-03   9.822298    
 -1.8078081E-03   9.874332    
 -1.8038040E-03   9.926062    
 -1.7998000E-03   9.977579    
 -1.7957959E-03   10.02913    
 -1.7917920E-03   10.08103    
 -1.7877880E-03   10.13357    
 -1.7837839E-03   10.18707    
 -1.7797799E-03   10.24143    
 -1.7757760E-03   10.29671    
 -1.7717719E-03   10.35261    
 -1.7677679E-03   10.40869    
 -1.7637638E-03   10.46463    
 -1.7597600E-03   10.52011    
 -1.7557560E-03   10.57500    
 -1.7517519E-03   10.62963    
 -1.7477479E-03   10.68443    
 -1.7437440E-03   10.74018    
 -1.7397399E-03   10.79788    
 -1.7357359E-03   10.85836    
 -1.7317318E-03   10.92233    
 -1.7277279E-03   10.99009    
 -1.7237237E-03   11.06155    
 -1.7197198E-03   11.13597    
 -1.7157159E-03   11.21219    
 -1.7117118E-03   11.28886    
 -1.7077079E-03   11.36419    
 -1.7037039E-03   11.43674    
 -1.6996998E-03   11.50552    
 -1.6956959E-03   11.56997    
 -1.6916919E-03   11.63017    
 -1.6876878E-03   11.68712    
 -1.6836839E-03   11.74218    
 -1.6796797E-03   11.79726    
 -1.6756759E-03   11.85431    
 -1.6716719E-03   11.91517    
 -1.6676678E-03   11.98095    
 -1.6636639E-03   12.05237    
 -1.6596598E-03   12.12934    
 -1.6556558E-03   12.21086    
 -1.6516518E-03   12.29543    
 -1.6476478E-03   12.38118    
 -1.6436438E-03   12.46621    
 -1.6396398E-03   12.54873    
 -1.6356357E-03   12.62752    
 -1.6316319E-03   12.70190    
 -1.6276278E-03   12.77222    
 -1.6236238E-03   12.83936    
 -1.6196198E-03   12.90472    
 -1.6156157E-03   12.97030    
 -1.6116118E-03   13.03795    
 -1.6076078E-03   13.10979    
 -1.6036037E-03   13.18706    
 -1.5995997E-03   13.27080    
 -1.5955957E-03   13.36111    
 -1.5915917E-03   13.45766    
 -1.5875878E-03   13.55949    
 -1.5835837E-03   13.66517    
 -1.5795798E-03   13.77320    
 -1.5755757E-03   13.88209    
 -1.5715717E-03   13.99030    
 -1.5675678E-03   14.09685    
 -1.5635637E-03   14.20140    
 -1.5595597E-03   14.30369    
 -1.5555557E-03   14.40415    
 -1.5515516E-03   14.50379    
 -1.5475478E-03   14.60358    
 -1.5435437E-03   14.70466    
 -1.5395397E-03   14.80831    
 -1.5355357E-03   14.91525    
 -1.5315317E-03   15.02625    
 -1.5275277E-03   15.14146    
 -1.5235236E-03   15.26095    
 -1.5195196E-03   15.38418    
 -1.5155156E-03   15.51076    
 -1.5115116E-03   15.64000    
 -1.5075076E-03   15.77128    
 -1.5035035E-03   15.90442    
 -1.4994997E-03   16.03908    
 -1.4954957E-03   16.17562    
 -1.4914917E-03   16.31420    
 -1.4874877E-03   16.45560    
 -1.4834836E-03   16.60001    
 -1.4794796E-03   16.74800    
 -1.4754756E-03   16.89961    
 -1.4714716E-03   17.05435    
 -1.4674676E-03   17.21148    
 -1.4634635E-03   17.37018    
 -1.4594595E-03   17.52889    
 -1.4554557E-03   17.68618    
 -1.4514516E-03   17.84094    
 -1.4474476E-03   17.99219    
 -1.4434436E-03   18.13962    
 -1.4394395E-03   18.28322    
 -1.4354356E-03   18.42363    
 -1.4314316E-03   18.56158    
 -1.4274275E-03   18.69841    
 -1.4234236E-03   18.83497    
 -1.4194195E-03   18.97182    
 -1.4154156E-03   19.10921    
 -1.4114116E-03   19.24657    
 -1.4074075E-03   19.38295    
 -1.4034036E-03   19.51679    
 -1.3993995E-03   19.64643    
 -1.3953955E-03   19.77031    
 -1.3913916E-03   19.88734    
 -1.3873874E-03   19.99686    
 -1.3833835E-03   20.09889    
 -1.3793795E-03   20.19443    
 -1.3753754E-03   20.28489    
 -1.3713716E-03   20.37199    
 -1.3673675E-03   20.45749    
 -1.3633635E-03   20.54320    
 -1.3593596E-03   20.63008    
 -1.3553554E-03   20.71887    
 -1.3513515E-03   20.80945    
 -1.3473475E-03   20.90137    
 -1.3433434E-03   20.99391    
 -1.3393395E-03   21.08662    
 -1.3353354E-03   21.17930    
 -1.3313314E-03   21.27216    
 -1.3273275E-03   21.36611    
 -1.3233233E-03   21.46265    
 -1.3193195E-03   21.56370    
 -1.3153154E-03   21.67086    
 -1.3113114E-03   21.78572    
 -1.3073074E-03   21.90931    
 -1.3033034E-03   22.04154    
 -1.2992994E-03   22.18179    
 -1.2952955E-03   22.32874    
 -1.2912914E-03   22.48001    
 -1.2872875E-03   22.63385    
 -1.2832835E-03   22.78827    
 -1.2792794E-03   22.94203    
 -1.2752755E-03   23.09467    
 -1.2712714E-03   23.24652    
 -1.2672674E-03   23.39885    
 -1.2632634E-03   23.55304    
 -1.2592594E-03   23.71086    
 -1.2552554E-03   23.87339    
 -1.2512513E-03   24.04142    
 -1.2472473E-03   24.21450    
 -1.2432433E-03   24.39145    
 -1.2392394E-03   24.57037    
 -1.2352354E-03   24.74899    
 -1.2312314E-03   24.92526    
 -1.2272274E-03   25.09770    
 -1.2232234E-03   25.26588    
 -1.2192193E-03   25.43036    
 -1.2152153E-03   25.59330    
 -1.2112113E-03   25.75726    
 -1.2072073E-03   25.92575    
 -1.2032033E-03   26.10190    
 -1.1991992E-03   26.28815    
 -1.1951954E-03   26.48608    
 -1.1911913E-03   26.69550    
 -1.1871873E-03   26.91484    
 -1.1831833E-03   27.14132    
 -1.1791792E-03   27.37117    
 -1.1751753E-03   27.60060    
 -1.1711712E-03   27.82592    
 -1.1671672E-03   28.04469    
 -1.1631633E-03   28.25584    
 -1.1591592E-03   28.45995    
 -1.1551552E-03   28.65889    
 -1.1511513E-03   28.85585    
 -1.1471473E-03   29.05474    
 -1.1431432E-03   29.25905    
 -1.1391392E-03   29.47213    
 -1.1351353E-03   29.69610    
 -1.1311313E-03   29.93163    
 -1.1271272E-03   30.17851    
 -1.1231232E-03   30.43502    
 -1.1191192E-03   30.69905    
 -1.1151151E-03   30.96764    
 -1.1111113E-03   31.23906    
 -1.1071071E-03   31.51141    
 -1.1031033E-03   31.78418    
 -1.0990992E-03   32.05730    
 -1.0950952E-03   32.33219    
 -1.0910912E-03   32.61046    
 -1.0870872E-03   32.89421    
 -1.0830831E-03   33.18548    
 -1.0790792E-03   33.48619    
 -1.0750751E-03   33.79730    
 -1.0710711E-03   34.11983    
 -1.0670673E-03   34.45375    
 -1.0630632E-03   34.79908    
 -1.0590592E-03   35.15530    
 -1.0550552E-03   35.52206    
 -1.0510512E-03   35.89861    
 -1.0470471E-03   36.28476    
 -1.0430432E-03   36.68002    
 -1.0390391E-03   37.08375    
 -1.0350351E-03   37.49536    
 -1.0310311E-03   37.91394    
 -1.0270271E-03   38.33839    
 -1.0230232E-03   38.76716    
 -1.0190191E-03   39.19916    
 -1.0150151E-03   39.63284    
 -1.0110112E-03   40.06737    
 -1.0070070E-03   40.50216    
 -1.0030031E-03   40.93726    
 -9.9899911E-04   41.37342    
 -9.9499500E-04   41.81184    
 -9.9099113E-04   42.25403    
 -9.8698703E-04   42.70147    
 -9.8298315E-04   43.15575    
 -9.7897905E-04   43.61776    
 -9.7497512E-04   44.08826    
 -9.7097107E-04   44.56713    
 -9.6696703E-04   45.05387    
 -9.6296304E-04   45.54741    
 -9.5895911E-04   46.04675    
 -9.5495506E-04   46.55098    
 -9.5095101E-04   47.05915    
 -9.4694702E-04   47.57121    
 -9.4294309E-04   48.08709    
 -9.3893893E-04   48.60747    
 -9.3493500E-04   49.13330    
 -9.3093107E-04   49.66595    
 -9.2692696E-04   50.20729    
 -9.2292303E-04   50.75852    
 -9.1891899E-04   51.32129    
 -9.1491506E-04   51.89692    
 -9.1091095E-04   52.48657    
 -9.0690702E-04   53.09111    
 -9.0290298E-04   53.71127    
 -8.9889899E-04   54.34739    
 -8.9489494E-04   54.99988    
 -8.9089101E-04   55.66838    
 -8.8688690E-04   56.35243    
 -8.8288297E-04   57.05175    
 -8.7887893E-04   57.76503    
 -8.7487500E-04   58.49121    
 -8.7087089E-04   59.22955    
 -8.6686696E-04   59.97935    
 -8.6286303E-04   60.73991    
 -8.5885887E-04   61.51151    
 -8.5485494E-04   62.29480    
 -8.5085095E-04   63.09048    
 -8.4684690E-04   63.90020    
 -8.4284286E-04   64.72511    
 -8.3883893E-04   65.56610    
 -8.3483494E-04   66.42395    
 -8.3083089E-04   67.29822    
 -8.2682684E-04   68.18761    
 -8.2282291E-04   69.09054    
 -8.1881881E-04   70.00465    
 -8.1481488E-04   70.92747    
 -8.1081083E-04   71.85737    
 -8.0680696E-04   72.79398    
 -8.0280280E-04   73.73786    
 -7.9879886E-04   74.69145    
 -7.9479493E-04   75.65922    
 -7.9079083E-04   76.64658    
 -7.8678690E-04   77.66023    
 -7.8278285E-04   78.70681    
 -7.7877886E-04   79.79230    
 -7.7477482E-04   80.92162    
 -7.7077089E-04   82.09747    
 -7.6676684E-04   83.32056    
 -7.6276285E-04   84.58922    
 -7.5875880E-04   85.90009    
 -7.5475487E-04   87.24809    
 -7.5075077E-04   88.62789    
 -7.4674684E-04   90.03369    
 -7.4274279E-04   91.46116    
 -7.3873874E-04   92.90662    
 -7.3473481E-04   94.36806    
 -7.3073083E-04   95.84559    
 -7.2672690E-04   97.33984    
 -7.2272273E-04   98.85290    
 -7.1871880E-04   100.3868    
 -7.1471481E-04   101.9447    
 -7.1071077E-04   103.5285    
 -7.0670672E-04   105.1402    
 -7.0270279E-04   106.7807    
 -6.9869880E-04   108.4511    
 -6.9469475E-04   110.1521    
 -6.9069071E-04   111.8842    
 -6.8668678E-04   113.6482    
 -6.8268267E-04   115.4446    
 -6.7867874E-04   117.2744    
 -6.7467469E-04   119.1386    
 -6.7067071E-04   121.0380    
 -6.6666678E-04   122.9727    
 -6.6266273E-04   124.9430    
 -6.5865880E-04   126.9476    
 -6.5465469E-04   128.9861    
 -6.5065076E-04   131.0570    
 -6.4664672E-04   133.1591    
 -6.4264267E-04   135.2915    
 -6.3863868E-04   137.4551    
 -6.3463475E-04   139.6506    
 -6.3063059E-04   141.8804    
 -6.2662666E-04   144.1477    
 -6.2262267E-04   146.4575    
 -6.1861874E-04   148.8135    
 -6.1461458E-04   151.2211    
 -6.1061064E-04   153.6850    
 -6.0660666E-04   156.2081    
 -6.0260261E-04   158.7946    
 -5.9859868E-04   161.4455    
 -5.9459469E-04   164.1621    
 -5.9059076E-04   166.9439    
 -5.8658660E-04   169.7899    
 -5.8258267E-04   172.6974    
 -5.7857868E-04   175.6641    
 -5.7457463E-04   178.6860    
 -5.7057058E-04   181.7597    
 -5.6656665E-04   184.8808    
 -5.6256255E-04   188.0460    
 -5.5855862E-04   191.2519    
 -5.5455457E-04   194.4972    
 -5.5055064E-04   197.7823    
 -5.4654654E-04   201.1093    
 -5.4254261E-04   204.4842    
 -5.3853856E-04   207.9142    
 -5.3453457E-04   211.4107    
 -5.3053064E-04   214.9858    
 -5.2652659E-04   218.6531    
 -5.2252255E-04   222.4261    
 -5.1851856E-04   226.3161    
 -5.1451463E-04   230.3324    
 -5.1051058E-04   234.4805    
 -5.0650653E-04   238.7616    
 -5.0250255E-04   243.1724    
 -4.9849862E-04   247.7064    
 -4.9449445E-04   252.3547    
 -4.9049052E-04   257.1065    
 -4.8648650E-04   261.9519    
 -4.8248249E-04   266.8825    
 -4.7847847E-04   271.8927    
 -4.7447454E-04   276.9814    
 -4.7047061E-04   282.1500    
 -4.6646647E-04   287.4041    
 -4.6246254E-04   292.7514    
 -4.5845853E-04   298.2008    
 -4.5445448E-04   303.7617    
 -4.5045046E-04   309.4408    
 -4.4644653E-04   315.2431    
 -4.4244251E-04   321.1735    
 -4.3843850E-04   327.2309    
 -4.3443445E-04   333.4142    
 -4.3043052E-04   339.7225    
 -4.2642641E-04   346.1538    
 -4.2242248E-04   352.7067    
 -4.1841844E-04   359.3835    
 -4.1441442E-04   366.1886    
 -4.1041040E-04   373.1278    
 -4.0640647E-04   380.2095    
 -4.0240254E-04   387.4434    
 -3.9839841E-04   394.8411    
 -3.9439448E-04   402.4106    
 -3.9039046E-04   410.1621    
 -3.8638641E-04   418.1013    
 -3.8238239E-04   426.2333    
 -3.7837846E-04   434.5591    
 -3.7437433E-04   443.0793    
 -3.7037040E-04   451.7915    
 -3.6636638E-04   460.6933    
 -3.6236245E-04   469.7784    
 -3.5835832E-04   479.0436    
 -3.5435439E-04   488.4819    
 -3.5035037E-04   498.0882    
 -3.4634635E-04   507.8572    
 -3.4234230E-04   517.7844    
 -3.3833840E-04   527.8642    
 -3.3433427E-04   538.0966    
 -3.3033034E-04   548.4783    
 -3.2632641E-04   559.0106    
 -3.2232248E-04   569.6968    
 -3.1831834E-04   580.5439    
 -3.1431441E-04   591.5566    
 -3.1031031E-04   602.7454    
 -3.0630638E-04   614.1186    
 -3.0230224E-04   625.6841    
 -2.9829831E-04   637.4460    
 -2.9429438E-04   649.4092    
 -2.9029025E-04   661.5721    
 -2.8628614E-04   673.9277    
 -2.8228239E-04   686.4660    
 -2.7827828E-04   699.1762    
 -2.7427435E-04   712.0383    
 -2.7027042E-04   725.0387    
 -2.6626629E-04   738.1578    
 -2.6226236E-04   751.3785    
 -2.5825822E-04   764.6882    
 -2.5425432E-04   778.0757    
 -2.5025039E-04   791.5319    
 -2.4624626E-04   805.0539    
 -2.4224212E-04   818.6383    
 -2.3823840E-04   832.2828    
 -2.3423426E-04   845.9910    
 -2.3023014E-04   859.7623    
 -2.2622621E-04   873.5967    
 -2.2222228E-04   887.4958    
 -2.1821816E-04   901.4584    
 -2.1421423E-04   915.4824    
 -2.1021010E-04   929.5658    
 -2.0620637E-04   943.7032    
 -2.0220225E-04   957.8903    
 -1.9819812E-04   972.1193    
 -1.9419439E-04   986.3793    
 -1.9019026E-04   1000.659    
 -1.8618614E-04   1014.944    
 -1.8218221E-04   1029.214    
 -1.7817828E-04   1043.453    
 -1.7417416E-04   1057.637    
 -1.7017023E-04   1071.743    
 -1.6616609E-04   1085.752    
 -1.6216218E-04   1099.642    
 -1.5815825E-04   1113.395    
 -1.5415411E-04   1126.998    
 -1.5014999E-04   1140.440    
 -1.4614625E-04   1153.714    
 -1.4214213E-04   1166.816    
 -1.3813801E-04   1179.747    
 -1.3413427E-04   1192.503    
 -1.3013015E-04   1205.084    
 -1.2612622E-04   1217.488    
 -1.2212209E-04   1229.708    
 -1.1811817E-04   1241.733    
 -1.1411423E-04   1253.550    
 -1.1011012E-04   1265.145    
 -1.0610599E-04   1276.493    
 -1.0210225E-04   1287.576    
 -9.8098128E-05   1298.372    
 -9.4094001E-05   1308.856    
 -9.0090070E-05   1319.008    
 -8.6086147E-05   1328.808    
 -8.2082021E-05   1338.245    
 -7.8078090E-05   1347.303    
 -7.4073963E-05   1355.972    
 -7.0070033E-05   1364.244    
 -6.6066110E-05   1372.117    
 -6.2061983E-05   1379.582    
 -5.8058249E-05   1386.642    
 -5.4054122E-05   1393.289    
 -5.0049995E-05   1399.524    
 -4.6046069E-05   1405.340    
 -4.2042138E-05   1410.733    
 -3.8038012E-05   1415.695    
 -3.4034085E-05   1420.216    
 -3.0029958E-05   1424.284    
 -2.6026029E-05   1427.888    
 -2.2022101E-05   1431.012    
 -1.8017976E-05   1433.645    
 -1.4013849E-05   1435.768    
 -1.0010118E-05   1437.376    
 -6.0059915E-06   1438.470    
 -2.0018651E-06   1438.999    
  2.0018651E-06   1438.999    
  6.0059915E-06   1438.470    
  1.0010118E-05   1437.376    
  1.4014046E-05   1435.769    
  1.8017976E-05   1433.645    
  2.2021904E-05   1431.013    
  2.6026029E-05   1427.888    
  3.0030156E-05   1424.284    
  3.4033888E-05   1420.215    
  3.8038012E-05   1415.695    
  4.2042138E-05   1410.733    
  4.6046069E-05   1405.340    
  5.0049995E-05   1399.524    
  5.4054122E-05   1393.290    
  5.8058053E-05   1386.642    
  6.2061983E-05   1379.582    
  6.6066110E-05   1372.117    
  7.0070033E-05   1364.245    
  7.4074160E-05   1355.972    
  7.8078090E-05   1347.303    
  8.2082021E-05   1338.245    
  8.6086147E-05   1328.808    
  9.0090070E-05   1319.008    
  9.4094001E-05   1308.856    
  9.8098128E-05   1298.372    
  1.0210206E-04   1287.577    
  1.0610618E-04   1276.492    
  1.1011012E-04   1265.145    
  1.1411404E-04   1253.550    
  1.1811817E-04   1241.733    
  1.2212229E-04   1229.708    
  1.2612602E-04   1217.489    
  1.3013015E-04   1205.084    
  1.3413427E-04   1192.503    
  1.3813801E-04   1179.747    
  1.4214213E-04   1166.816    
  1.4614625E-04   1153.714    
  1.5015018E-04   1140.439    
  1.5415411E-04   1126.998    
  1.5815825E-04   1113.395    
  1.6216218E-04   1099.642    
  1.6616630E-04   1085.751    
  1.7017002E-04   1071.745    
  1.7417416E-04   1057.637    
  1.7817828E-04   1043.453    
  1.8218221E-04   1029.214    
  1.8618614E-04   1014.944    
  1.9019026E-04   1000.659    
  1.9419419E-04   986.3798    
  1.9819812E-04   972.1192    
  2.0220225E-04   957.8906    
  2.0620618E-04   943.7040    
  2.1021030E-04   929.5654    
  2.1421423E-04   915.4824    
  2.1821816E-04   901.4584    
  2.2222228E-04   887.4958    
  2.2622642E-04   873.5965    
  2.3023014E-04   859.7624    
  2.3423426E-04   845.9910    
  2.3823819E-04   832.2833    
  2.4224233E-04   818.6374    
  2.4624626E-04   805.0539    
  2.5025019E-04   791.5330    
  2.5425432E-04   778.0756    
  2.5825843E-04   764.6880    
  2.6226215E-04   751.3789    
  2.6626629E-04   738.1578    
  2.7027042E-04   725.0386    
  2.7427415E-04   712.0396    
  2.7827828E-04   699.1763    
  2.8228239E-04   686.4661    
  2.8628632E-04   673.9274    
  2.9029025E-04   661.5723    
  2.9429438E-04   649.4091    
  2.9829831E-04   637.4460    
  3.0230245E-04   625.6840    
  3.0630638E-04   614.1184    
  3.1031031E-04   602.7454    
  3.1431441E-04   591.5566    
  3.1831834E-04   580.5439    
  3.2232227E-04   569.6973    
  3.2632641E-04   559.0107    
  3.3033034E-04   548.4783    
  3.3433427E-04   538.0965    
  3.3833840E-04   527.8642    
  3.4234230E-04   517.7844    
  3.4634644E-04   507.8571    
  3.5035037E-04   498.0882    
  3.5435430E-04   488.4821    
  3.5835843E-04   479.0435    
  3.6236257E-04   469.7783    
  3.6636629E-04   460.6933    
  3.7037040E-04   451.7915    
  3.7437453E-04   443.0789    
  3.7837846E-04   434.5591    
  3.8238239E-04   426.2333    
  3.8638632E-04   418.1016    
  3.9039046E-04   410.1621    
  3.9439456E-04   402.4105    
  3.9839832E-04   394.8413    
  4.0240242E-04   387.4436    
  4.0640656E-04   380.2094    
  4.1041028E-04   373.1279    
  4.1441442E-04   366.1886    
  4.1841855E-04   359.3835    
  4.2242248E-04   352.7067    
  4.2642641E-04   346.1538    
  4.3043052E-04   339.7225    
  4.3443445E-04   333.4142    
  4.3843858E-04   327.2308    
  4.4244251E-04   321.1735    
  4.4644644E-04   315.2434    
  4.5045058E-04   309.4406    
  4.5445448E-04   303.7617    
  4.5845841E-04   298.2012    
  4.6246254E-04   292.7514    
  4.6646647E-04   287.4041    
  4.7047040E-04   282.1502    
  4.7447454E-04   276.9814    
  4.7847847E-04   271.8928    
  4.8248257E-04   266.8824    
  4.8648650E-04   261.9519    
  4.9049046E-04   257.1067    
  4.9449457E-04   252.3545    
  4.9849867E-04   247.7065    
  5.0250243E-04   243.1725    
  5.0650653E-04   238.7616    
  5.1051070E-04   234.4803    
  5.1451463E-04   230.3324    
  5.1851856E-04   226.3162    
  5.2252266E-04   222.4259    
  5.2652659E-04   218.6531    
  5.3053052E-04   214.9861    
  5.3453445E-04   211.4108    
  5.3853856E-04   207.9142    
  5.4254272E-04   204.4842    
  5.4654642E-04   201.1094    
  5.5055058E-04   197.7823    
  5.5455469E-04   194.4973    
  5.5855862E-04   191.2519    
  5.6256255E-04   188.0460    
  5.6656665E-04   184.8808    
  5.7057058E-04   181.7597    
  5.7457475E-04   178.6859    
  5.7857868E-04   175.6641    
  5.8258261E-04   172.6976    
  5.8658671E-04   169.7899    
  5.9059082E-04   166.9437    
  5.9459457E-04   164.1622    
  5.9859868E-04   161.4455    
  6.0260261E-04   158.7946    
  6.0660654E-04   156.2082    
  6.1061064E-04   153.6850    
  6.1461458E-04   151.2212    
  6.1861874E-04   148.8135    
  6.2262267E-04   146.4575    
  6.2662660E-04   144.1478    
  6.3063070E-04   141.8803    
  6.3463481E-04   139.6505    
  6.3863856E-04   137.4551    
  6.4264267E-04   135.2915    
  6.4664683E-04   133.1589    
  6.5065076E-04   131.0569    
  6.5465469E-04   128.9861    
  6.5865880E-04   126.9476    
  6.6266273E-04   124.9430    
  6.6666666E-04   122.9728    
  6.7067076E-04   121.0381    
  6.7467469E-04   119.1386    
  6.7867886E-04   117.2744    
  6.8268256E-04   115.4445    
  6.8668672E-04   113.6483    
  6.9069082E-04   111.8842    
  6.9469475E-04   110.1521    
  6.9869868E-04   108.4511    
  7.0270279E-04   106.7807    
  7.0670672E-04   105.1402    
  7.1071088E-04   103.5283    
  7.1471481E-04   101.9447    
  7.1871874E-04   100.3868    
  7.2272285E-04   98.85284    
  7.2672695E-04   97.33964    
  7.3073071E-04   95.84566    
  7.3473481E-04   94.36807    
  7.3873898E-04   92.90648    
  7.4274268E-04   91.46108    
  7.4674684E-04   90.03368    
  7.5075077E-04   88.62788    
  7.5475487E-04   87.24809    
  7.5875880E-04   85.90009    
  7.6276273E-04   84.58935    
  7.6676684E-04   83.32057    
  7.7077100E-04   82.09730    
  7.7477470E-04   80.92168    
  7.7877886E-04   79.79230    
  7.8278297E-04   78.70689    
  7.8678690E-04   77.66022    
  7.9079083E-04   76.64661    
  7.9479493E-04   75.65923    
  7.9879886E-04   74.69146    
  8.0280280E-04   73.73785    
  8.0680696E-04   72.79398    
  8.1081083E-04   71.85738    
  8.1481499E-04   70.92747    
  8.1881869E-04   70.00467    
  8.2282285E-04   69.09052    
  8.2682696E-04   68.18771    
  8.3083089E-04   67.29822    
  8.3483482E-04   66.42400    
  8.3883893E-04   65.56612    
  8.4284286E-04   64.72511    
  8.4684702E-04   63.90016    
  8.5085095E-04   63.09048    
  8.5485488E-04   62.29470    
  8.5885898E-04   61.51155    
  8.6286291E-04   60.74000    
  8.6686685E-04   59.97938    
  8.7087095E-04   59.22969    
  8.7487511E-04   58.49111    
  8.7887881E-04   57.76495    
  8.8288297E-04   57.05175    
  8.8688708E-04   56.35254    
  8.9089101E-04   55.66839    
  8.9489494E-04   54.99989    
  8.9889887E-04   54.34750    
  9.0290298E-04   53.71127    
  9.0690714E-04   53.09114    
  9.1091084E-04   52.48654    
  9.1491500E-04   51.89702    
  9.1891910E-04   51.32126    
  9.2292303E-04   50.75853    
  9.2692696E-04   50.20730    
  9.3093107E-04   49.66597    
  9.3493500E-04   49.13330    
  9.3893893E-04   48.60746    
  9.4294309E-04   48.08708    
  9.4694702E-04   47.57122    
  9.5095113E-04   47.05917    
  9.5495506E-04   46.55097    
  9.5895899E-04   46.04684    
  9.6296309E-04   45.54736    
  9.6696703E-04   45.05387    
  9.7097096E-04   44.56710    
  9.7497512E-04   44.08826    
  9.7897905E-04   43.61777    
  9.8298315E-04   43.15574    
  9.8698703E-04   42.70147    
  9.9099101E-04   42.25411    
  9.9499512E-04   41.81184    
  9.9899911E-04   41.37347    
  1.0030030E-03   40.93723    
  1.0070071E-03   40.50220    
  1.0110112E-03   40.06722    
  1.0150149E-03   39.63290    
  1.0190191E-03   39.19916    
  1.0230233E-03   38.76720    
  1.0270271E-03   38.33839    
  1.0310311E-03   37.91394    
  1.0350352E-03   37.49533    
  1.0390391E-03   37.08375    
  1.0430432E-03   36.68000    
  1.0470470E-03   36.28471    
  1.0510511E-03   35.89865    
  1.0550553E-03   35.52201    
  1.0590589E-03   35.15529    
  1.0630632E-03   34.79916    
  1.0670673E-03   34.45374    
  1.0710711E-03   34.11983    
  1.0750751E-03   33.79729    
  1.0790792E-03   33.48619    
  1.0830831E-03   33.18547    
  1.0870873E-03   32.89413    
  1.0910912E-03   32.61047    
  1.0950951E-03   32.33216    
  1.0990993E-03   32.05730    
  1.1031034E-03   31.78412    
  1.1071071E-03   31.51141    
  1.1111113E-03   31.23907    
  1.1151151E-03   30.96765    
  1.1191192E-03   30.69904    
  1.1231232E-03   30.43502    
  1.1271271E-03   30.17855    
  1.1311313E-03   29.93163    
  1.1351352E-03   29.69610    
  1.1391392E-03   29.47211    
  1.1431433E-03   29.25907    
  1.1471474E-03   29.05467    
  1.1511511E-03   28.85587    
  1.1551552E-03   28.65889    
  1.1591594E-03   28.45988    
  1.1631633E-03   28.25583    
  1.1671672E-03   28.04469    
  1.1711713E-03   27.82590    
  1.1751753E-03   27.60060    
  1.1791794E-03   27.37120    
  1.1831833E-03   27.14132    
  1.1871873E-03   26.91484    
  1.1911914E-03   26.69544    
  1.1951951E-03   26.48603    
  1.1991992E-03   26.28816    
  1.2032033E-03   26.10189    
  1.2072073E-03   25.92575    
  1.2112112E-03   25.75735    
  1.2152153E-03   25.59330    
  1.2192193E-03   25.43037    
  1.2232234E-03   25.26589    
  1.2272274E-03   25.09771    
  1.2312313E-03   24.92536    
  1.2352354E-03   24.74899    
  1.2392395E-03   24.57036    
  1.2432432E-03   24.39144    
  1.2472473E-03   24.21450    
  1.2512516E-03   24.04144    
  1.2552554E-03   23.87339    
  1.2592594E-03   23.71085    
  1.2632633E-03   23.55301    
  1.2672674E-03   23.39884    
  1.2712714E-03   23.24652    
  1.2752753E-03   23.09472    
  1.2792794E-03   22.94203    
  1.2832836E-03   22.78833    
  1.2872872E-03   22.63386    
  1.2912914E-03   22.48000    
  1.2952955E-03   22.32874    
  1.2992994E-03   22.18178    
  1.3033034E-03   22.04152    
  1.3073075E-03   21.90924    
  1.3113114E-03   21.78572    
  1.3153156E-03   21.67082    
  1.3193195E-03   21.56369    
  1.3233233E-03   21.46265    
  1.3273276E-03   21.36613    
  1.3313317E-03   21.27218    
  1.3353354E-03   21.17929    
  1.3393395E-03   21.08662    
  1.3433433E-03   20.99395    
  1.3473474E-03   20.90131    
  1.3513515E-03   20.80945    
  1.3553553E-03   20.71884    
  1.3593594E-03   20.63017    
  1.3633635E-03   20.54320    
  1.3673676E-03   20.45752    
  1.3713713E-03   20.37196    
  1.3753754E-03   20.28489    
  1.3793795E-03   20.19444    
  1.3833838E-03   20.09885    
  1.3873874E-03   19.99686    
  1.3913916E-03   19.88733    
  1.3953957E-03   19.77024    
  1.3993995E-03   19.64643    
  1.4034036E-03   19.51679    
  1.4074073E-03   19.38295    
  1.4114114E-03   19.24654    
  1.4154156E-03   19.10921    
  1.4194197E-03   18.97180    
  1.4234238E-03   18.83491    
  1.4274279E-03   18.69843    
  1.4314313E-03   18.56162    
  1.4354354E-03   18.42356    
  1.4394395E-03   18.28321    
  1.4434436E-03   18.13963    
  1.4474478E-03   17.99231    
  1.4514514E-03   17.84100    
  1.4554557E-03   17.68617    
  1.4594593E-03   17.52884    
  1.4634635E-03   17.37019    
  1.4674676E-03   17.21148    
  1.4714717E-03   17.05428    
  1.4754755E-03   16.89954    
  1.4794796E-03   16.74800    
  1.4834837E-03   16.59998    
  1.4874878E-03   16.45560    
  1.4914916E-03   16.31430    
  1.4954957E-03   16.17562    
  1.4994994E-03   16.03911    
  1.5035035E-03   15.90441    
  1.5075076E-03   15.77128    
  1.5115119E-03   15.64000    
  1.5155160E-03   15.51080    
  1.5195193E-03   15.38432    
  1.5235234E-03   15.26092    
  1.5275275E-03   15.14146    
  1.5315317E-03   15.02625    
  1.5355358E-03   14.91520    
  1.5395399E-03   14.80827    
  1.5435437E-03   14.70466    
  1.5475478E-03   14.60358    
  1.5515515E-03   14.50380    
  1.5555556E-03   14.40411    
  1.5595597E-03   14.30369    
  1.5635638E-03   14.20129    
  1.5675676E-03   14.09689    
  1.5715717E-03   13.99030    
  1.5755758E-03   13.88210    
  1.5795800E-03   13.77321    
  1.5835837E-03   13.66517    
  1.5875874E-03   13.55950    
  1.5915915E-03   13.45765    
  1.5955957E-03   13.36111    
  1.5995998E-03   13.27072    
  1.6036039E-03   13.18708    
  1.6076081E-03   13.10978    
  1.6116115E-03   13.03802    
  1.6156156E-03   12.97028    
  1.6196197E-03   12.90474    
  1.6236238E-03   12.83936    
  1.6276279E-03   12.77228    
  1.6316320E-03   12.70193    
  1.6356357E-03   12.62752    
  1.6396398E-03   12.54874    
  1.6436436E-03   12.46626    
  1.6476477E-03   12.38122    
  1.6516519E-03   12.29545    
  1.6556560E-03   12.21082    
  1.6596598E-03   12.12934    
  1.6636639E-03   12.05237    
  1.6676680E-03   11.98094    
  1.6716718E-03   11.91518    
  1.6756759E-03   11.85431    
  1.6796796E-03   11.79727    
  1.6836837E-03   11.74222    
  1.6876878E-03   11.68712    
  1.6916919E-03   11.63017    
  1.6956960E-03   11.56993    
  1.6997003E-03   11.50550    
  1.7037035E-03   11.43680    
  1.7077076E-03   11.36419    
  1.7117118E-03   11.28885    
  1.7157159E-03   11.21219    
  1.7197201E-03   11.13601    
  1.7237242E-03   11.06154    
  1.7277279E-03   10.99009    
  1.7317316E-03   10.92235    
  1.7357358E-03   10.85833    
  1.7397399E-03   10.79788    
  1.7437440E-03   10.74018    
  1.7477478E-03   10.68447    
  1.7517519E-03   10.62962    
  1.7557560E-03   10.57499    
  1.7597601E-03   10.52010    
  1.7637638E-03   10.46463    
  1.7677679E-03   10.40869    
  1.7717717E-03   10.35260    
  1.7757758E-03   10.29672    
  1.7797799E-03   10.24143    
  1.7837841E-03   10.18705    
  1.7877882E-03   10.13356    
  1.7917923E-03   10.08103    
  1.7957956E-03   10.02917    
  1.7997999E-03   9.977610    
  1.8038040E-03   9.926068    
  1.8078081E-03   9.874344    
  1.8118122E-03   9.822254    
  1.8158159E-03   9.769947    
  1.8198200E-03   9.717643    
  1.8238238E-03   9.665747    
  1.8278279E-03   9.614707    
  1.8318320E-03   9.564823    
  1.8358361E-03   9.516539    
  1.8398399E-03   9.469983    
  1.8438440E-03   9.425249    
  1.8478482E-03   9.382326    
  1.8518523E-03   9.340917    
  1.8558560E-03   9.300815    
  1.8598601E-03   9.261857    
  1.8638638E-03   9.223825    
  1.8678680E-03   9.186595    
  1.8718721E-03   9.150071    
  1.8758762E-03   9.114119    
  1.8798803E-03   9.078623    
  1.8838837E-03   9.043364    
  1.8878878E-03   9.008063    
  1.8918919E-03   8.972189    
  1.8958960E-03   8.935311    
  1.8999001E-03   8.896783    
  1.9039044E-03   8.855999    
  1.9079080E-03   8.812493    
  1.9119122E-03   8.765818    
  1.9159159E-03   8.715823    
  1.9199200E-03   8.662341    
  1.9239242E-03   8.605767    
  1.9279283E-03   8.546199    
  1.9319321E-03   8.484308    
  1.9359362E-03   8.420671    
  1.9399403E-03   8.355886    
  1.9439440E-03   8.290579    
  1.9479481E-03   8.225528    
  1.9519522E-03   8.161465    
  1.9559560E-03   8.099123    
  1.9599602E-03   8.039232    
  1.9639642E-03   7.982375    
  1.9679684E-03   7.929333    
  1.9719724E-03   7.880599    
  1.9759759E-03   7.836480    
  1.9799799E-03   7.797071    
  1.9839841E-03   7.762220    
  1.9879881E-03   7.731453    
  1.9919924E-03   7.704160    
  1.9959963E-03   7.679315    
  2.0000001E-03   7.656008    
