 -2.0000001E-03   12.39404    
 -1.9959963E-03   12.44876    
 -1.9919921E-03   12.50369    
 -1.9879881E-03   12.55881    
 -1.9839841E-03   12.61395    
 -1.9799802E-03   12.66911    
 -1.9759762E-03   12.72405    
 -1.9719722E-03   12.77890    
 -1.9679682E-03   12.83358    
 -1.9639642E-03   12.88811    
 -1.9599602E-03   12.94239    
 -1.9559562E-03   12.99668    
 -1.9519520E-03   13.05076    
 -1.9479481E-03   13.10490    
 -1.9439441E-03   13.15900    
 -1.9399400E-03   13.21319    
 -1.9359362E-03   13.26752    
 -1.9319321E-03   13.32209    
 -1.9279281E-03   13.37700    
 -1.9239242E-03   13.43239    
 -1.9199200E-03   13.48824    
 -1.9159161E-03   13.54477    
 -1.9119122E-03   13.60200    
 -1.9079080E-03   13.66007    
 -1.9039041E-03   13.71880    
 -1.8999000E-03   13.77832    
 -1.8958960E-03   13.83850    
 -1.8918922E-03   13.89920    
 -1.8878881E-03   13.96035    
 -1.8838841E-03   14.02176    
 -1.8798800E-03   14.08346    
 -1.8758760E-03   14.14532    
 -1.8718721E-03   14.20742    
 -1.8678680E-03   14.26968    
 -1.8638640E-03   14.33216    
 -1.8598601E-03   14.39498    
 -1.8558560E-03   14.45801    
 -1.8518521E-03   14.52146    
 -1.8478479E-03   14.58528    
 -1.8438440E-03   14.64933    
 -1.8398401E-03   14.71367    
 -1.8358360E-03   14.77815    
 -1.8318320E-03   14.84272    
 -1.8278279E-03   14.90729    
 -1.8238240E-03   14.97185    
 -1.8198200E-03   15.03650    
 -1.8158159E-03   15.10125    
 -1.8118119E-03   15.16632    
 -1.8078081E-03   15.23174    
 -1.8038040E-03   15.29770    
 -1.7998000E-03   15.36438    
 -1.7957959E-03   15.43191    
 -1.7917920E-03   15.50037    
 -1.7877880E-03   15.56985    
 -1.7837839E-03   15.64034    
 -1.7797799E-03   15.71189    
 -1.7757760E-03   15.78445    
 -1.7717719E-03   15.85806    
 -1.7677679E-03   15.93283    
 -1.7637638E-03   16.00869    
 -1.7597600E-03   16.08578    
 -1.7557560E-03   16.16400    
 -1.7517519E-03   16.24357    
 -1.7477479E-03   16.32456    
 -1.7437440E-03   16.40681    
 -1.7397399E-03   16.49043    
 -1.7357359E-03   16.57521    
 -1.7317318E-03   16.66121    
 -1.7277279E-03   16.74833    
 -1.7237237E-03   16.83649    
 -1.7197198E-03   16.92559    
 -1.7157159E-03   17.01578    
 -1.7117118E-03   17.10703    
 -1.7077079E-03   17.19934    
 -1.7037039E-03   17.29286    
 -1.6996998E-03   17.38769    
 -1.6956959E-03   17.48372    
 -1.6916919E-03   17.58107    
 -1.6876878E-03   17.67962    
 -1.6836839E-03   17.77914    
 -1.6796797E-03   17.87951    
 -1.6756759E-03   17.98046    
 -1.6716719E-03   18.08176    
 -1.6676678E-03   18.18328    
 -1.6636639E-03   18.28482    
 -1.6596598E-03   18.38621    
 -1.6556558E-03   18.48764    
 -1.6516518E-03   18.58900    
 -1.6476478E-03   18.69049    
 -1.6436438E-03   18.79232    
 -1.6396398E-03   18.89455    
 -1.6356357E-03   18.99741    
 -1.6316319E-03   19.10114    
 -1.6276278E-03   19.20561    
 -1.6236238E-03   19.31101    
 -1.6196198E-03   19.41729    
 -1.6156157E-03   19.52448    
 -1.6116118E-03   19.63250    
 -1.6076078E-03   19.74133    
 -1.6036037E-03   19.85085    
 -1.5995997E-03   19.96111    
 -1.5955957E-03   20.07195    
 -1.5915917E-03   20.18360    
 -1.5875878E-03   20.29585    
 -1.5835837E-03   20.40867    
 -1.5795798E-03   20.52217    
 -1.5755757E-03   20.63636    
 -1.5715717E-03   20.75105    
 -1.5675678E-03   20.86645    
 -1.5635637E-03   20.98248    
 -1.5595597E-03   21.09915    
 -1.5555557E-03   21.21646    
 -1.5515516E-03   21.33449    
 -1.5475478E-03   21.45315    
 -1.5435437E-03   21.57266    
 -1.5395397E-03   21.69287    
 -1.5355357E-03   21.81388    
 -1.5315317E-03   21.93561    
 -1.5275277E-03   22.05819    
 -1.5235236E-03   22.18171    
 -1.5195196E-03   22.30625    
 -1.5155156E-03   22.43193    
 -1.5115116E-03   22.55916    
 -1.5075076E-03   22.68816    
 -1.5035035E-03   22.81936    
 -1.4994997E-03   22.95323    
 -1.4954957E-03   23.08990    
 -1.4914917E-03   23.22976    
 -1.4874877E-03   23.37291    
 -1.4834836E-03   23.51950    
 -1.4794796E-03   23.66922    
 -1.4754756E-03   23.82188    
 -1.4714716E-03   23.97719    
 -1.4674676E-03   24.13469    
 -1.4634635E-03   24.29402    
 -1.4594595E-03   24.45492    
 -1.4554557E-03   24.61712    
 -1.4514516E-03   24.78059    
 -1.4474476E-03   24.94530    
 -1.4434436E-03   25.11158    
 -1.4394395E-03   25.27965    
 -1.4354356E-03   25.44988    
 -1.4314316E-03   25.62254    
 -1.4274275E-03   25.79800    
 -1.4234236E-03   25.97626    
 -1.4194195E-03   26.15754    
 -1.4154156E-03   26.34183    
 -1.4114116E-03   26.52896    
 -1.4074075E-03   26.71888    
 -1.4034036E-03   26.91125    
 -1.3993995E-03   27.10601    
 -1.3953955E-03   27.30309    
 -1.3913916E-03   27.50229    
 -1.3873874E-03   27.70382    
 -1.3833835E-03   27.90743    
 -1.3793795E-03   28.11342    
 -1.3753754E-03   28.32161    
 -1.3713716E-03   28.53205    
 -1.3673675E-03   28.74469    
 -1.3633635E-03   28.95951    
 -1.3593596E-03   29.17615    
 -1.3553554E-03   29.39461    
 -1.3513515E-03   29.61447    
 -1.3473475E-03   29.83569    
 -1.3433434E-03   30.05803    
 -1.3393395E-03   30.28145    
 -1.3353354E-03   30.50588    
 -1.3313314E-03   30.73132    
 -1.3273275E-03   30.95777    
 -1.3233233E-03   31.18550    
 -1.3193195E-03   31.41458    
 -1.3153154E-03   31.64502    
 -1.3113114E-03   31.87729    
 -1.3073074E-03   32.11136    
 -1.3033034E-03   32.34756    
 -1.2992994E-03   32.58594    
 -1.2952955E-03   32.82692    
 -1.2912914E-03   33.07057    
 -1.2872875E-03   33.31710    
 -1.2832835E-03   33.56647    
 -1.2792794E-03   33.81908    
 -1.2752755E-03   34.07451    
 -1.2712714E-03   34.33295    
 -1.2672674E-03   34.59422    
 -1.2632634E-03   34.85778    
 -1.2592594E-03   35.12369    
 -1.2552554E-03   35.39156    
 -1.2512513E-03   35.66112    
 -1.2472473E-03   35.93246    
 -1.2432433E-03   36.20530    
 -1.2392394E-03   36.47987    
 -1.2352354E-03   36.75634    
 -1.2312314E-03   37.03482    
 -1.2272274E-03   37.31579    
 -1.2232234E-03   37.59936    
 -1.2192193E-03   37.88603    
 -1.2152153E-03   38.17587    
 -1.2112113E-03   38.46895    
 -1.2072073E-03   38.76540    
 -1.2032033E-03   39.06514    
 -1.1991992E-03   39.36817    
 -1.1951954E-03   39.67451    
 -1.1911913E-03   39.98401    
 -1.1871873E-03   40.29674    
 -1.1831833E-03   40.61269    
 -1.1791792E-03   40.93197    
 -1.1751753E-03   41.25486    
 -1.1711712E-03   41.58138    
 -1.1671672E-03   41.91183    
 -1.1631633E-03   42.24630    
 -1.1591592E-03   42.58480    
 -1.1551552E-03   42.92757    
 -1.1511513E-03   43.27433    
 -1.1471473E-03   43.62534    
 -1.1431432E-03   43.98057    
 -1.1391392E-03   44.34021    
 -1.1351353E-03   44.70409    
 -1.1311313E-03   45.07263    
 -1.1271272E-03   45.44582    
 -1.1231232E-03   45.82392    
 -1.1191192E-03   46.20720    
 -1.1151151E-03   46.59582    
 -1.1111113E-03   46.99005    
 -1.1071071E-03   47.38984    
 -1.1031033E-03   47.79533    
 -1.0990992E-03   48.20641    
 -1.0950952E-03   48.62309    
 -1.0910912E-03   49.04526    
 -1.0870872E-03   49.47261    
 -1.0830831E-03   49.90503    
 -1.0790792E-03   50.34238    
 -1.0750751E-03   50.78424    
 -1.0710711E-03   51.23053    
 -1.0670673E-03   51.68081    
 -1.0630632E-03   52.13487    
 -1.0590592E-03   52.59217    
 -1.0550552E-03   53.05272    
 -1.0510512E-03   53.51598    
 -1.0470471E-03   53.98191    
 -1.0430432E-03   54.45024    
 -1.0390391E-03   54.92097    
 -1.0350351E-03   55.39426    
 -1.0310311E-03   55.87050    
 -1.0270271E-03   56.34992    
 -1.0230232E-03   56.83309    
 -1.0190191E-03   57.32029    
 -1.0150151E-03   57.81218    
 -1.0110112E-03   58.30912    
 -1.0070070E-03   58.81180    
 -1.0030031E-03   59.32027    
 -9.9899911E-04   59.83516    
 -9.9499500E-04   60.35667    
 -9.9099113E-04   60.88525    
 -9.8698703E-04   61.42110    
 -9.8298315E-04   61.96490    
 -9.7897905E-04   62.51737    
 -9.7497512E-04   63.07856    
 -9.7097107E-04   63.64938    
 -9.6696703E-04   64.23032    
 -9.6296304E-04   64.82162    
 -9.5895911E-04   65.42339    
 -9.5495506E-04   66.03582    
 -9.5095101E-04   66.65856    
 -9.4694702E-04   67.29141    
 -9.4294309E-04   67.93372    
 -9.3893893E-04   68.58518    
 -9.3493500E-04   69.24529    
 -9.3093107E-04   69.91383    
 -9.2692696E-04   70.59045    
 -9.2292303E-04   71.27531    
 -9.1891899E-04   71.96872    
 -9.1491506E-04   72.67104    
 -9.1091095E-04   73.38269    
 -9.0690702E-04   74.10422    
 -9.0290298E-04   74.83616    
 -8.9889899E-04   75.57861    
 -8.9489494E-04   76.33206    
 -8.9089101E-04   77.09644    
 -8.8688690E-04   77.87180    
 -8.8288297E-04   78.65781    
 -8.7887893E-04   79.45472    
 -8.7487500E-04   80.26228    
 -8.7087089E-04   81.08091    
 -8.6686696E-04   81.91069    
 -8.6286303E-04   82.75216    
 -8.5885887E-04   83.60572    
 -8.5485494E-04   84.47218    
 -8.5085095E-04   85.35175    
 -8.4684690E-04   86.24545    
 -8.4284286E-04   87.15376    
 -8.3883893E-04   88.07681    
 -8.3483494E-04   89.01553    
 -8.3083089E-04   89.97008    
 -8.2682684E-04   90.94086    
 -8.2282291E-04   91.92807    
 -8.1881881E-04   92.93233    
 -8.1481488E-04   93.95397    
 -8.1081083E-04   94.99328    
 -8.0680696E-04   96.05103    
 -8.0280280E-04   97.12702    
 -7.9879886E-04   98.22160    
 -7.9479493E-04   99.33524    
 -7.9079083E-04   100.4676    
 -7.8678690E-04   101.6183    
 -7.8278285E-04   102.7873    
 -7.7877886E-04   103.9744    
 -7.7477482E-04   105.1792    
 -7.7077089E-04   106.4017    
 -7.6676684E-04   107.6416    
 -7.6276285E-04   108.8995    
 -7.5875880E-04   110.1755    
 -7.5475487E-04   111.4698    
 -7.5075077E-04   112.7834    
 -7.4674684E-04   114.1167    
 -7.4274279E-04   115.4705    
 -7.3873874E-04   116.8451    
 -7.3473481E-04   118.2415    
 -7.3073083E-04   119.6599    
 -7.2672690E-04   121.1010    
 -7.2272273E-04   122.5656    
 -7.1871880E-04   124.0541    
 -7.1471481E-04   125.5676    
 -7.1071077E-04   127.1072    
 -7.0670672E-04   128.6736    
 -7.0270279E-04   130.2686    
 -6.9869880E-04   131.8933    
 -6.9469475E-04   133.5494    
 -6.9069071E-04   135.2379    
 -6.8668678E-04   136.9601    
 -6.8268267E-04   138.7174    
 -6.7867874E-04   140.5106    
 -6.7467469E-04   142.3403    
 -6.7067071E-04   144.2073    
 -6.6666678E-04   146.1123    
 -6.6266273E-04   148.0548    
 -6.5865880E-04   150.0357    
 -6.5465469E-04   152.0551    
 -6.5065076E-04   154.1121    
 -6.4664672E-04   156.2075    
 -6.4264267E-04   158.3400    
 -6.3863868E-04   160.5100    
 -6.3463475E-04   162.7169    
 -6.3063059E-04   164.9605    
 -6.2662666E-04   167.2409    
 -6.2262267E-04   169.5586    
 -6.1861874E-04   171.9138    
 -6.1461458E-04   174.3081    
 -6.1061064E-04   176.7423    
 -6.0660666E-04   179.2186    
 -6.0260261E-04   181.7392    
 -5.9859868E-04   184.3060    
 -5.9459469E-04   186.9216    
 -5.9059076E-04   189.5874    
 -5.8658660E-04   192.3056    
 -5.8258267E-04   195.0777    
 -5.7857868E-04   197.9048    
 -5.7457463E-04   200.7878    
 -5.7057058E-04   203.7276    
 -5.6656665E-04   206.7244    
 -5.6256255E-04   209.7800    
 -5.5855862E-04   212.8943    
 -5.5455457E-04   216.0695    
 -5.5055064E-04   219.3072    
 -5.4654654E-04   222.6096    
 -5.4254261E-04   225.9785    
 -5.3853856E-04   229.4163    
 -5.3453457E-04   232.9249    
 -5.3053064E-04   236.5059    
 -5.2652659E-04   240.1610    
 -5.2252255E-04   243.8906    
 -5.1851856E-04   247.6959    
 -5.1451463E-04   251.5760    
 -5.1051058E-04   255.5323    
 -5.0650653E-04   259.5640    
 -5.0250255E-04   263.6716    
 -4.9849862E-04   267.8560    
 -4.9449445E-04   272.1187    
 -4.9049052E-04   276.4610    
 -4.8648650E-04   280.8852    
 -4.8248249E-04   285.3943    
 -4.7847847E-04   289.9905    
 -4.7447454E-04   294.6770    
 -4.7047061E-04   299.4562    
 -4.6646647E-04   304.3318    
 -4.6246254E-04   309.3047    
 -4.5845853E-04   314.3778    
 -4.5445448E-04   319.5529    
 -4.5045046E-04   324.8320    
 -4.4644653E-04   330.2152    
 -4.4244251E-04   335.7050    
 -4.3843850E-04   341.3019    
 -4.3443445E-04   347.0084    
 -4.3043052E-04   352.8236    
 -4.2642641E-04   358.7505    
 -4.2242248E-04   364.7893    
 -4.1841844E-04   370.9416    
 -4.1441442E-04   377.2087    
 -4.1041040E-04   383.5912    
 -4.0640647E-04   390.0911    
 -4.0240254E-04   396.7088    
 -3.9839841E-04   403.4463    
 -3.9439448E-04   410.3048    
 -3.9039046E-04   417.2860    
 -3.8638641E-04   424.3912    
 -3.8238239E-04   431.6226    
 -3.7837846E-04   438.9811    
 -3.7437433E-04   446.4681    
 -3.7037040E-04   454.0846    
 -3.6636638E-04   461.8322    
 -3.6236245E-04   469.7104    
 -3.5835832E-04   477.7209    
 -3.5435439E-04   485.8626    
 -3.5035037E-04   494.1368    
 -3.4634635E-04   502.5420    
 -3.4234230E-04   511.0809    
 -3.3833840E-04   519.7512    
 -3.3433427E-04   528.5543    
 -3.3033034E-04   537.4894    
 -3.2632641E-04   546.5575    
 -3.2232248E-04   555.7579    
 -3.1831834E-04   565.0908    
 -3.1431441E-04   574.5536    
 -3.1031031E-04   584.1486    
 -3.0630638E-04   593.8718    
 -3.0230224E-04   603.7241    
 -2.9829831E-04   613.7035    
 -2.9429438E-04   623.8099    
 -2.9029025E-04   634.0434    
 -2.8628614E-04   644.4030    
 -2.8228239E-04   654.8889    
 -2.7827828E-04   665.5027    
 -2.7427435E-04   676.2412    
 -2.7027042E-04   687.1066    
 -2.6626629E-04   698.0958    
 -2.6226236E-04   709.2076    
 -2.5825822E-04   720.4377    
 -2.5425432E-04   731.7816    
 -2.5025039E-04   743.2305    
 -2.4624626E-04   754.7811    
 -2.4224212E-04   766.4236    
 -2.3823840E-04   778.1490    
 -2.3423426E-04   789.9487    
 -2.3023014E-04   801.8130    
 -2.2622621E-04   813.7333    
 -2.2222228E-04   825.7009    
 -2.1821816E-04   837.7078    
 -2.1421423E-04   849.7458    
 -2.1021010E-04   861.8085    
 -2.0620637E-04   873.8858    
 -2.0220225E-04   885.9729    
 -1.9819812E-04   898.0609    
 -1.9419439E-04   910.1397    
 -1.9019026E-04   922.2034    
 -1.8618614E-04   934.2422    
 -1.8218221E-04   946.2463    
 -1.7817828E-04   958.2077    
 -1.7417416E-04   970.1158    
 -1.7017023E-04   981.9610    
 -1.6616609E-04   993.7355    
 -1.6216218E-04   1005.427    
 -1.5815825E-04   1017.030    
 -1.5415411E-04   1028.534    
 -1.5014999E-04   1039.929    
 -1.4614625E-04   1051.204    
 -1.4214213E-04   1062.354    
 -1.3813801E-04   1073.365    
 -1.3413427E-04   1084.229    
 -1.3013015E-04   1094.936    
 -1.2612622E-04   1105.473    
 -1.2212209E-04   1115.830    
 -1.1811817E-04   1125.996    
 -1.1411423E-04   1135.958    
 -1.1011012E-04   1145.708    
 -1.0610599E-04   1155.229    
 -1.0210225E-04   1164.513    
 -9.8098128E-05   1173.546    
 -9.4094001E-05   1182.320    
 -9.0090070E-05   1190.820    
 -8.6086147E-05   1199.036    
 -8.2082021E-05   1206.960    
 -7.8078090E-05   1214.577    
 -7.4073963E-05   1221.879    
 -7.0070033E-05   1228.857    
 -6.6066110E-05   1235.499    
 -6.2061983E-05   1241.798    
 -5.8058249E-05   1247.745    
 -5.4054122E-05   1253.333    
 -5.0049995E-05   1258.552    
 -4.6046069E-05   1263.396    
 -4.2042138E-05   1267.860    
 -3.8038012E-05   1271.937    
 -3.4034085E-05   1275.620    
 -3.0029958E-05   1278.904    
 -2.6026029E-05   1281.789    
 -2.2022101E-05   1284.265    
 -1.8017976E-05   1286.340    
 -1.4013849E-05   1287.992    
 -1.0010118E-05   1289.241    
 -6.0059915E-06   1290.081    
 -2.0018651E-06   1290.451    
  2.0018651E-06   1290.451    
  6.0059915E-06   1290.081    
  1.0010118E-05   1289.240    
  1.4014046E-05   1287.993    
  1.8017976E-05   1286.340    
  2.2021904E-05   1284.266    
  2.6026029E-05   1281.789    
  3.0030156E-05   1278.904    
  3.4033888E-05   1275.620    
  3.8038012E-05   1271.937    
  4.2042138E-05   1267.860    
  4.6046069E-05   1263.396    
  5.0049995E-05   1258.552    
  5.4054122E-05   1253.332    
  5.8058053E-05   1247.746    
  6.2061983E-05   1241.798    
  6.6066110E-05   1235.499    
  7.0070033E-05   1228.857    
  7.4074160E-05   1221.879    
  7.8078090E-05   1214.577    
  8.2082021E-05   1206.960    
  8.6086147E-05   1199.036    
  9.0090070E-05   1190.820    
  9.4094001E-05   1182.320    
  9.8098128E-05   1173.546    
  1.0210206E-04   1164.513    
  1.0610618E-04   1155.229    
  1.1011012E-04   1145.708    
  1.1411404E-04   1135.958    
  1.1811817E-04   1125.996    
  1.2212229E-04   1115.830    
  1.2612602E-04   1105.473    
  1.3013015E-04   1094.936    
  1.3413427E-04   1084.229    
  1.3813801E-04   1073.365    
  1.4214213E-04   1062.354    
  1.4614625E-04   1051.204    
  1.5015018E-04   1039.928    
  1.5415411E-04   1028.534    
  1.5815825E-04   1017.030    
  1.6216218E-04   1005.427    
  1.6616630E-04   993.7350    
  1.7017002E-04   981.9619    
  1.7417416E-04   970.1161    
  1.7817828E-04   958.2076    
  1.8218221E-04   946.2465    
  1.8618614E-04   934.2422    
  1.9019026E-04   922.2034    
  1.9419419E-04   910.1398    
  1.9819812E-04   898.0610    
  2.0220225E-04   885.9729    
  2.0620618E-04   873.8867    
  2.1021030E-04   861.8077    
  2.1421423E-04   849.7460    
  2.1821816E-04   837.7078    
  2.2222228E-04   825.7009    
  2.2622642E-04   813.7322    
  2.3023014E-04   801.8130    
  2.3423426E-04   789.9486    
  2.3823819E-04   778.1494    
  2.4224233E-04   766.4233    
  2.4624626E-04   754.7812    
  2.5025019E-04   743.2310    
  2.5425432E-04   731.7816    
  2.5825843E-04   720.4370    
  2.6226215E-04   709.2080    
  2.6626629E-04   698.0959    
  2.7027042E-04   687.1066    
  2.7427415E-04   676.2419    
  2.7827828E-04   665.5027    
  2.8228239E-04   654.8891    
  2.8628632E-04   644.4025    
  2.9029025E-04   634.0435    
  2.9429438E-04   623.8099    
  2.9829831E-04   613.7036    
  3.0230245E-04   603.7239    
  3.0630638E-04   593.8718    
  3.1031031E-04   584.1486    
  3.1431441E-04   574.5536    
  3.1831834E-04   565.0908    
  3.2232227E-04   555.7584    
  3.2632641E-04   546.5576    
  3.3033034E-04   537.4894    
  3.3433427E-04   528.5544    
  3.3833840E-04   519.7512    
  3.4234230E-04   511.0809    
  3.4634644E-04   502.5420    
  3.5035037E-04   494.1367    
  3.5435430E-04   485.8626    
  3.5835843E-04   477.7206    
  3.6236257E-04   469.7105    
  3.6636629E-04   461.8322    
  3.7037040E-04   454.0847    
  3.7437453E-04   446.4677    
  3.7837846E-04   438.9812    
  3.8238239E-04   431.6225    
  3.8638632E-04   424.3914    
  3.9039046E-04   417.2859    
  3.9439456E-04   410.3044    
  3.9839832E-04   403.4466    
  4.0240242E-04   396.7088    
  4.0640656E-04   390.0909    
  4.1041028E-04   383.5915    
  4.1441442E-04   377.2087    
  4.1841855E-04   370.9416    
  4.2242248E-04   364.7894    
  4.2642641E-04   358.7505    
  4.3043052E-04   352.8237    
  4.3443445E-04   347.0084    
  4.3843858E-04   341.3017    
  4.4244251E-04   335.7051    
  4.4644644E-04   330.2155    
  4.5045058E-04   324.8318    
  4.5445448E-04   319.5529    
  4.5845841E-04   314.3776    
  4.6246254E-04   309.3047    
  4.6646647E-04   304.3317    
  4.7047040E-04   299.4565    
  4.7447454E-04   294.6770    
  4.7847847E-04   289.9904    
  4.8248257E-04   285.3942    
  4.8648650E-04   280.8852    
  4.9049046E-04   276.4610    
  4.9449457E-04   272.1187    
  4.9849867E-04   267.8558    
  5.0250243E-04   263.6717    
  5.0650653E-04   259.5640    
  5.1051070E-04   255.5323    
  5.1451463E-04   251.5760    
  5.1851856E-04   247.6959    
  5.2252266E-04   243.8906    
  5.2652659E-04   240.1610    
  5.3053052E-04   236.5061    
  5.3453445E-04   232.9249    
  5.3853856E-04   229.4163    
  5.4254272E-04   225.9784    
  5.4654642E-04   222.6098    
  5.5055058E-04   219.3074    
  5.5455469E-04   216.0694    
  5.5855862E-04   212.8943    
  5.6256255E-04   209.7800    
  5.6656665E-04   206.7245    
  5.7057058E-04   203.7276    
  5.7457475E-04   200.7878    
  5.7857868E-04   197.9048    
  5.8258261E-04   195.0778    
  5.8658671E-04   192.3058    
  5.9059082E-04   189.5872    
  5.9459457E-04   186.9215    
  5.9859868E-04   184.3060    
  6.0260261E-04   181.7393    
  6.0660654E-04   179.2186    
  6.1061064E-04   176.7423    
  6.1461458E-04   174.3082    
  6.1861874E-04   171.9138    
  6.2262267E-04   169.5586    
  6.2662660E-04   167.2412    
  6.3063070E-04   164.9604    
  6.3463481E-04   162.7169    
  6.3863856E-04   160.5101    
  6.4264267E-04   158.3400    
  6.4664683E-04   156.2074    
  6.5065076E-04   154.1122    
  6.5465469E-04   152.0550    
  6.5865880E-04   150.0357    
  6.6266273E-04   148.0548    
  6.6666666E-04   146.1121    
  6.7067076E-04   144.2071    
  6.7467469E-04   142.3403    
  6.7867886E-04   140.5105    
  6.8268256E-04   138.7175    
  6.8668672E-04   136.9600    
  6.9069082E-04   135.2379    
  6.9469475E-04   133.5494    
  6.9869868E-04   131.8934    
  7.0270279E-04   130.2686    
  7.0670672E-04   128.6736    
  7.1071088E-04   127.1070    
  7.1471481E-04   125.5677    
  7.1871874E-04   124.0542    
  7.2272285E-04   122.5656    
  7.2672695E-04   121.1010    
  7.3073071E-04   119.6599    
  7.3473481E-04   118.2415    
  7.3873898E-04   116.8452    
  7.4274268E-04   115.4705    
  7.4674684E-04   114.1167    
  7.5075077E-04   112.7834    
  7.5475487E-04   111.4698    
  7.5875880E-04   110.1755    
  7.6276273E-04   108.8995    
  7.6676684E-04   107.6416    
  7.7077100E-04   106.4017    
  7.7477470E-04   105.1792    
  7.7877886E-04   103.9745    
  7.8278297E-04   102.7872    
  7.8678690E-04   101.6183    
  7.9079083E-04   100.4676    
  7.9479493E-04   99.33525    
  7.9879886E-04   98.22159    
  8.0280280E-04   97.12699    
  8.0680696E-04   96.05103    
  8.1081083E-04   94.99328    
  8.1481499E-04   93.95396    
  8.1881869E-04   92.93243    
  8.2282285E-04   91.92809    
  8.2682696E-04   90.94075    
  8.3083089E-04   89.97009    
  8.3483482E-04   89.01562    
  8.3883893E-04   88.07681    
  8.4284286E-04   87.15375    
  8.4684702E-04   86.24546    
  8.5085095E-04   85.35172    
  8.5485488E-04   84.47219    
  8.5885898E-04   83.60572    
  8.6286291E-04   82.75215    
  8.6686685E-04   81.91064    
  8.7087095E-04   81.08081    
  8.7487511E-04   80.26236    
  8.7887881E-04   79.45468    
  8.8288297E-04   78.65781    
  8.8688708E-04   77.87169    
  8.9089101E-04   77.09644    
  8.9489494E-04   76.33205    
  8.9889887E-04   75.57870    
  9.0290298E-04   74.83617    
  9.0690714E-04   74.10423    
  9.1091084E-04   73.38278    
  9.1491500E-04   72.67105    
  9.1891910E-04   71.96869    
  9.2292303E-04   71.27531    
  9.2692696E-04   70.59048    
  9.3093107E-04   69.91385    
  9.3493500E-04   69.24532    
  9.3893893E-04   68.58521    
  9.4294309E-04   67.93374    
  9.4694702E-04   67.29140    
  9.5095113E-04   66.65856    
  9.5495506E-04   66.03584    
  9.5895899E-04   65.42349    
  9.6296309E-04   64.82153    
  9.6696703E-04   64.23031    
  9.7097096E-04   63.64946    
  9.7497512E-04   63.07857    
  9.7897905E-04   62.51738    
  9.8298315E-04   61.96489    
  9.8698703E-04   61.42110    
  9.9099101E-04   60.88523    
  9.9499512E-04   60.35666    
  9.9899911E-04   59.83518    
  1.0030030E-03   59.32040    
  1.0070071E-03   58.81187    
  1.0110112E-03   58.30927    
  1.0150149E-03   57.81215    
  1.0190191E-03   57.32030    
  1.0230233E-03   56.83303    
  1.0270271E-03   56.34990    
  1.0310311E-03   55.87052    
  1.0350352E-03   55.39434    
  1.0390391E-03   54.92099    
  1.0430432E-03   54.45021    
  1.0470470E-03   53.98188    
  1.0510511E-03   53.51595    
  1.0550553E-03   53.05274    
  1.0590589E-03   52.59222    
  1.0630632E-03   52.13482    
  1.0670673E-03   51.68080    
  1.0710711E-03   51.23051    
  1.0750751E-03   50.78423    
  1.0790792E-03   50.34238    
  1.0830831E-03   49.90504    
  1.0870873E-03   49.47256    
  1.0910912E-03   49.04526    
  1.0950951E-03   48.62304    
  1.0990993E-03   48.20642    
  1.1031034E-03   47.79530    
  1.1071071E-03   47.38977    
  1.1111113E-03   46.99006    
  1.1151151E-03   46.59582    
  1.1191192E-03   46.20720    
  1.1231232E-03   45.82392    
  1.1271271E-03   45.44578    
  1.1311313E-03   45.07265    
  1.1351352E-03   44.70413    
  1.1391392E-03   44.34028    
  1.1431433E-03   43.98071    
  1.1471474E-03   43.62536    
  1.1511511E-03   43.27432    
  1.1551552E-03   42.92754    
  1.1591594E-03   42.58476    
  1.1631633E-03   42.24628    
  1.1671672E-03   41.91180    
  1.1711713E-03   41.58145    
  1.1751753E-03   41.25485    
  1.1791794E-03   40.93197    
  1.1831833E-03   40.61267    
  1.1871873E-03   40.29673    
  1.1911914E-03   39.98399    
  1.1951951E-03   39.67456    
  1.1991992E-03   39.36818    
  1.2032033E-03   39.06514    
  1.2072073E-03   38.76540    
  1.2112112E-03   38.46897    
  1.2152153E-03   38.17587    
  1.2192193E-03   37.88601    
  1.2232234E-03   37.59936    
  1.2272274E-03   37.31578    
  1.2312313E-03   37.03485    
  1.2352354E-03   36.75635    
  1.2392395E-03   36.47982    
  1.2432432E-03   36.20528    
  1.2472473E-03   35.93245    
  1.2512516E-03   35.66112    
  1.2552554E-03   35.39154    
  1.2592594E-03   35.12369    
  1.2632633E-03   34.85773    
  1.2672674E-03   34.59421    
  1.2712714E-03   34.33294    
  1.2752753E-03   34.07457    
  1.2792794E-03   33.81908    
  1.2832836E-03   33.56650    
  1.2872872E-03   33.31699    
  1.2912914E-03   33.07056    
  1.2952955E-03   32.82691    
  1.2992994E-03   32.58593    
  1.3033034E-03   32.34756    
  1.3073075E-03   32.11137    
  1.3113114E-03   31.87728    
  1.3153156E-03   31.64505    
  1.3193195E-03   31.41459    
  1.3233233E-03   31.18549    
  1.3273276E-03   30.95787    
  1.3313317E-03   30.73129    
  1.3353354E-03   30.50589    
  1.3393395E-03   30.28145    
  1.3433433E-03   30.05806    
  1.3473474E-03   29.83570    
  1.3513515E-03   29.61447    
  1.3553553E-03   29.39466    
  1.3593594E-03   29.17616    
  1.3633635E-03   28.95950    
  1.3673676E-03   28.74471    
  1.3713713E-03   28.53203    
  1.3753754E-03   28.32159    
  1.3793795E-03   28.11345    
  1.3833838E-03   27.90743    
  1.3873874E-03   27.70381    
  1.3913916E-03   27.50229    
  1.3953957E-03   27.30308    
  1.3993995E-03   27.10605    
  1.4034036E-03   26.91125    
  1.4074073E-03   26.71885    
  1.4114114E-03   26.52901    
  1.4154156E-03   26.34183    
  1.4194197E-03   26.15752    
  1.4234238E-03   25.97625    
  1.4274279E-03   25.79790    
  1.4314313E-03   25.62252    
  1.4354354E-03   25.44987    
  1.4394395E-03   25.27963    
  1.4434436E-03   25.11159    
  1.4474478E-03   24.94534    
  1.4514514E-03   24.78059    
  1.4554557E-03   24.61713    
  1.4594593E-03   24.45492    
  1.4634635E-03   24.29404    
  1.4674676E-03   24.13468    
  1.4714717E-03   23.97718    
  1.4754755E-03   23.82189    
  1.4794796E-03   23.66921    
  1.4834837E-03   23.51947    
  1.4874878E-03   23.37300    
  1.4914916E-03   23.22979    
  1.4954957E-03   23.08991    
  1.4994994E-03   22.95317    
  1.5035035E-03   22.81934    
  1.5075076E-03   22.68816    
  1.5115119E-03   22.55913    
  1.5155160E-03   22.43189    
  1.5195193E-03   22.30619    
  1.5235234E-03   22.18169    
  1.5275275E-03   22.05828    
  1.5315317E-03   21.93561    
  1.5355358E-03   21.81392    
  1.5395399E-03   21.69281    
  1.5435437E-03   21.57268    
  1.5475478E-03   21.45316    
  1.5515515E-03   21.33443    
  1.5555556E-03   21.21642    
  1.5595597E-03   21.09915    
  1.5635638E-03   20.98251    
  1.5675676E-03   20.86650    
  1.5715717E-03   20.75105    
  1.5755758E-03   20.63634    
  1.5795800E-03   20.52214    
  1.5835837E-03   20.40868    
  1.5875874E-03   20.29578    
  1.5915915E-03   20.18359    
  1.5955957E-03   20.07195    
  1.5995998E-03   19.96106    
  1.6036039E-03   19.85085    
  1.6076081E-03   19.74126    
  1.6116115E-03   19.63252    
  1.6156156E-03   19.52451    
  1.6196197E-03   19.41730    
  1.6236238E-03   19.31101    
  1.6276279E-03   19.20562    
  1.6316320E-03   19.10114    
  1.6356357E-03   18.99740    
  1.6396398E-03   18.89450    
  1.6436436E-03   18.79227    
  1.6476477E-03   18.69047    
  1.6516519E-03   18.58897    
  1.6556560E-03   18.48759    
  1.6596598E-03   18.38622    
  1.6636639E-03   18.28483    
  1.6676680E-03   18.18330    
  1.6716718E-03   18.08180    
  1.6756759E-03   17.98045    
  1.6796796E-03   17.87951    
  1.6836837E-03   17.77918    
  1.6876878E-03   17.67962    
  1.6916919E-03   17.58108    
  1.6956960E-03   17.48375    
  1.6997003E-03   17.38766    
  1.7037035E-03   17.29284    
  1.7077076E-03   17.19934    
  1.7117118E-03   17.10703    
  1.7157159E-03   17.01577    
  1.7197201E-03   16.92565    
  1.7237242E-03   16.83648    
  1.7277279E-03   16.74833    
  1.7317316E-03   16.66123    
  1.7357358E-03   16.57521    
  1.7397399E-03   16.49042    
  1.7437440E-03   16.40681    
  1.7477478E-03   16.32449    
  1.7517519E-03   16.24356    
  1.7557560E-03   16.16400    
  1.7597601E-03   16.08571    
  1.7637638E-03   16.00870    
  1.7677679E-03   15.93282    
  1.7717717E-03   15.85806    
  1.7757758E-03   15.78444    
  1.7797799E-03   15.71188    
  1.7837841E-03   15.64037    
  1.7877882E-03   15.56986    
  1.7917923E-03   15.50039    
  1.7957956E-03   15.43196    
  1.7997999E-03   15.36437    
  1.8038040E-03   15.29770    
  1.8078081E-03   15.23173    
  1.8118122E-03   15.16631    
  1.8158159E-03   15.10124    
  1.8198200E-03   15.03650    
  1.8238238E-03   14.97183    
  1.8278279E-03   14.90729    
  1.8318320E-03   14.84272    
  1.8358361E-03   14.77815    
  1.8398399E-03   14.71369    
  1.8438440E-03   14.64933    
  1.8478482E-03   14.58526    
  1.8518523E-03   14.52148    
  1.8558560E-03   14.45801    
  1.8598601E-03   14.39498    
  1.8638638E-03   14.33218    
  1.8678680E-03   14.26968    
  1.8718721E-03   14.20744    
  1.8758762E-03   14.14533    
  1.8798803E-03   14.08346    
  1.8838837E-03   14.02180    
  1.8878878E-03   13.96031    
  1.8918919E-03   13.89922    
  1.8958960E-03   13.83850    
  1.8999001E-03   13.77832    
  1.9039044E-03   13.71879    
  1.9079080E-03   13.66007    
  1.9119122E-03   13.60201    
  1.9159159E-03   13.54479    
  1.9199200E-03   13.48826    
  1.9239242E-03   13.43239    
  1.9279283E-03   13.37704    
  1.9319321E-03   13.32209    
  1.9359362E-03   13.26752    
  1.9399403E-03   13.21319    
  1.9439440E-03   13.15899    
  1.9479481E-03   13.10490    
  1.9519522E-03   13.05076    
  1.9559560E-03   12.99668    
  1.9599602E-03   12.94241    
  1.9639642E-03   12.88811    
  1.9679684E-03   12.83360    
  1.9719724E-03   12.77894    
  1.9759759E-03   12.72409    
  1.9799799E-03   12.66913    
  1.9839841E-03   12.61395    
  1.9879881E-03   12.55882    
  1.9919924E-03   12.50372    
  1.9959963E-03   12.44877    
  2.0000001E-03   12.39405    
