 -4.9999999E-03   1.701207    
 -4.9899900E-03   1.710046    
 -4.9799802E-03   1.718169    
 -4.9699699E-03   1.725219    
 -4.9599600E-03   1.730991    
 -4.9499501E-03   1.735354    
 -4.9399403E-03   1.738249    
 -4.9299300E-03   1.739733    
 -4.9199201E-03   1.740093    
 -4.9099098E-03   1.739645    
 -4.8998999E-03   1.738860    
 -4.8898896E-03   1.738269    
 -4.8798798E-03   1.738535    
 -4.8698699E-03   1.740176    
 -4.8598601E-03   1.743766    
 -4.8498502E-03   1.749840    
 -4.8398399E-03   1.758698    
 -4.8298300E-03   1.770672    
 -4.8198197E-03   1.785744    
 -4.8098098E-03   1.803884    
 -4.7997995E-03   1.824797    
 -4.7897897E-03   1.848101    
 -4.7797798E-03   1.873241    
 -4.7697700E-03   1.899629    
 -4.7597601E-03   1.926540    
 -4.7497498E-03   1.953293    
 -4.7397399E-03   1.979281    
 -4.7297296E-03   2.003836    
 -4.7197198E-03   2.026528    
 -4.7097094E-03   2.046912    
 -4.6996996E-03   2.064729    
 -4.6896897E-03   2.079903    
 -4.6796799E-03   2.092403    
 -4.6696700E-03   2.102346    
 -4.6596597E-03   2.110003    
 -4.6496498E-03   2.115620    
 -4.6396400E-03   2.119605    
 -4.6296297E-03   2.122260    
 -4.6196193E-03   2.123941    
 -4.6096095E-03   2.125063    
 -4.5995996E-03   2.125928    
 -4.5895898E-03   2.126814    
 -4.5795795E-03   2.127948    
 -4.5695696E-03   2.129547    
 -4.5595597E-03   2.131787    
 -4.5495499E-03   2.134764    
 -4.5395396E-03   2.138621    
 -4.5295293E-03   2.143373    
 -4.5195194E-03   2.149144    
 -4.5095095E-03   2.155871    
 -4.4994997E-03   2.163607    
 -4.4894894E-03   2.172316    
 -4.4794795E-03   2.181906    
 -4.4694697E-03   2.192326    
 -4.4594598E-03   2.203311    
 -4.4494495E-03   2.214737    
 -4.4394392E-03   2.226329    
 -4.4294293E-03   2.237806    
 -4.4194194E-03   2.248913    
 -4.4094096E-03   2.259289    
 -4.3993993E-03   2.268797    
 -4.3893894E-03   2.277102    
 -4.3793796E-03   2.284085    
 -4.3693697E-03   2.289709    
 -4.3593599E-03   2.294011    
 -4.3493495E-03   2.297135    
 -4.3393392E-03   2.299418    
 -4.3293294E-03   2.301180    
 -4.3193190E-03   2.302865    
 -4.3093092E-03   2.305083    
 -4.2992993E-03   2.308254    
 -4.2892895E-03   2.312921    
 -4.2792796E-03   2.319537    
 -4.2692693E-03   2.328454    
 -4.2592594E-03   2.339875    
 -4.2492491E-03   2.353877    
 -4.2392393E-03   2.370317    
 -4.2292294E-03   2.388995    
 -4.2192191E-03   2.409424    
 -4.2092092E-03   2.431074    
 -4.1991994E-03   2.453330    
 -4.1891895E-03   2.475450    
 -4.1791792E-03   2.496825    
 -4.1691693E-03   2.516783    
 -4.1591590E-03   2.534843    
 -4.1491492E-03   2.550599    
 -4.1391389E-03   2.563879    
 -4.1291290E-03   2.574568    
 -4.1191191E-03   2.582892    
 -4.1091093E-03   2.589131    
 -4.0990994E-03   2.593793    
 -4.0890891E-03   2.597409    
 -4.0790793E-03   2.600623    
 -4.0690694E-03   2.604073    
 -4.0590591E-03   2.608366    
 -4.0490492E-03   2.614060    
 -4.0390389E-03   2.621495    
 -4.0290290E-03   2.631039    
 -4.0190192E-03   2.642845    
 -4.0090089E-03   2.656886    
 -3.9989995E-03   2.673090    
 -3.9889892E-03   2.691254    
 -3.9789793E-03   2.711074    
 -3.9689690E-03   2.732311    
 -3.9589587E-03   2.754675    
 -3.9489488E-03   2.777955    
 -3.9389390E-03   2.801954    
 -3.9289291E-03   2.826648    
 -3.9189192E-03   2.852009    
 -3.9089089E-03   2.878057    
 -3.8988988E-03   2.904980    
 -3.8888890E-03   2.932907    
 -3.8788787E-03   2.961953    
 -3.8688693E-03   2.992148    
 -3.8588590E-03   3.023564    
 -3.8488489E-03   3.055990    
 -3.8388390E-03   3.089199    
 -3.8288287E-03   3.122829    
 -3.8188188E-03   3.156346    
 -3.8088090E-03   3.189155    
 -3.7987989E-03   3.220557    
 -3.7887890E-03   3.249982    
 -3.7787787E-03   3.276669    
 -3.7687689E-03   3.300220    
 -3.7587588E-03   3.320194    
 -3.7487489E-03   3.336455    
 -3.7387386E-03   3.348994    
 -3.7287287E-03   3.358098    
 -3.7187189E-03   3.364242    
 -3.7087088E-03   3.368116    
 -3.6986985E-03   3.370542    
 -3.6886886E-03   3.372459    
 -3.6786788E-03   3.374820    
 -3.6686689E-03   3.378523    
 -3.6586588E-03   3.384338    
 -3.6486485E-03   3.392939    
 -3.6386386E-03   3.404728    
 -3.6286288E-03   3.419805    
 -3.6186187E-03   3.438090    
 -3.6086084E-03   3.459080    
 -3.5985985E-03   3.482307    
 -3.5885887E-03   3.506868    
 -3.5785788E-03   3.532008    
 -3.5685685E-03   3.556700    
 -3.5585584E-03   3.580188    
 -3.5485486E-03   3.601621    
 -3.5385387E-03   3.620574    
 -3.5285288E-03   3.636665    
 -3.5185185E-03   3.649952    
 -3.5085084E-03   3.660675    
 -3.4984986E-03   3.669387    
 -3.4884887E-03   3.676897    
 -3.4784784E-03   3.684135    
 -3.4684683E-03   3.692240    
 -3.4584585E-03   3.702182    
 -3.4484486E-03   3.715088    
 -3.4384383E-03   3.731815    
 -3.4284284E-03   3.752997    
 -3.4184183E-03   3.778985    
 -3.4084085E-03   3.809799    
 -3.3983986E-03   3.845212    
 -3.3883883E-03   3.884648    
 -3.3783785E-03   3.927155    
 -3.3683684E-03   3.971720    
 -3.3583585E-03   4.017053    
 -3.3483487E-03   4.061933    
 -3.3383383E-03   4.105055    
 -3.3283283E-03   4.145372    
 -3.3183184E-03   4.181884    
 -3.3083083E-03   4.214096    
 -3.2982985E-03   4.241613    
 -3.2882884E-03   4.264624    
 -3.2782783E-03   4.283467    
 -3.2682684E-03   4.298876    
 -3.2582583E-03   4.311981    
 -3.2482482E-03   4.324121    
 -3.2382382E-03   4.336620    
 -3.2282281E-03   4.351005    
 -3.2182182E-03   4.368797    
 -3.2082084E-03   4.391207    
 -3.1981983E-03   4.419423    
 -3.1881882E-03   4.454300    
 -3.1781783E-03   4.496265    
 -3.1681682E-03   4.545561    
 -3.1581582E-03   4.601917    
 -3.1481483E-03   4.664795    
 -3.1381380E-03   4.733244    
 -3.1281281E-03   4.806151    
 -3.1181183E-03   4.882034    
 -3.1081082E-03   4.959519    
 -3.0980981E-03   5.036963    
 -3.0880882E-03   5.112940    
 -3.0780782E-03   5.185950    
 -3.0680681E-03   5.254957    
 -3.0580582E-03   5.318867    
 -3.0480481E-03   5.377132    
 -3.0380380E-03   5.429354    
 -3.0280282E-03   5.475604    
 -3.0180181E-03   5.516266    
 -3.0080082E-03   5.551875    
 -2.9979981E-03   5.583350    
 -2.9879878E-03   5.611853    
 -2.9779780E-03   5.638575    
 -2.9679681E-03   5.664776    
 -2.9579580E-03   5.691836    
 -2.9479479E-03   5.720891    
 -2.9379381E-03   5.753074    
 -2.9279280E-03   5.789248    
 -2.9179181E-03   5.830060    
 -2.9079081E-03   5.875810    
 -2.8978977E-03   5.926648    
 -2.8878879E-03   5.982349    
 -2.8778778E-03   6.042361    
 -2.8678679E-03   6.106141    
 -2.8578578E-03   6.172727    
 -2.8478478E-03   6.241089    
 -2.8378379E-03   6.310255    
 -2.8278281E-03   6.379050    
 -2.8178177E-03   6.446500    
 -2.8078076E-03   6.511737    
 -2.7977978E-03   6.573947    
 -2.7877877E-03   6.632654    
 -2.7777778E-03   6.687478    
 -2.7677678E-03   6.738340    
 -2.7577577E-03   6.785249    
 -2.7477478E-03   6.828661    
 -2.7377380E-03   6.868852    
 -2.7277276E-03   6.906465    
 -2.7177178E-03   6.942085    
 -2.7077077E-03   6.976417    
 -2.6976976E-03   7.010111    
 -2.6876878E-03   7.043734    
 -2.6776779E-03   7.077864    
 -2.6676676E-03   7.112813    
 -2.6576577E-03   7.148997    
 -2.6476476E-03   7.186597    
 -2.6376375E-03   7.225701    
 -2.6276277E-03   7.266595    
 -2.6176176E-03   7.309193    
 -2.6076075E-03   7.353726    
 -2.5975977E-03   7.400192    
 -2.5875878E-03   7.449022    
 -2.5775777E-03   7.500421    
 -2.5675676E-03   7.554836    
 -2.5575575E-03   7.612904    
 -2.5475475E-03   7.675111    
 -2.5375376E-03   7.742230    
 -2.5275275E-03   7.814891    
 -2.5175174E-03   7.893795    
 -2.5075076E-03   7.979428    
 -2.4974977E-03   8.072314    
 -2.4874876E-03   8.172669    
 -2.4774773E-03   8.280405    
 -2.4674674E-03   8.395423    
 -2.4574574E-03   8.517089    
 -2.4474475E-03   8.644829    
 -2.4374374E-03   8.777555    
 -2.4274273E-03   8.914045    
 -2.4174175E-03   9.053053    
 -2.4074076E-03   9.193253    
 -2.3973975E-03   9.333311    
 -2.3873874E-03   9.471842    
 -2.3773774E-03   9.607875    
 -2.3673673E-03   9.740485    
 -2.3573574E-03   9.869015    
 -2.3473476E-03   9.993462    
 -2.3373372E-03   10.11368    
 -2.3273274E-03   10.23029    
 -2.3173175E-03   10.34396    
 -2.3073072E-03   10.45582    
 -2.2972974E-03   10.56718    
 -2.2872873E-03   10.67950    
 -2.2772772E-03   10.79422    
 -2.2672673E-03   10.91295    
 -2.2572575E-03   11.03692    
 -2.2472474E-03   11.16745    
 -2.2372373E-03   11.30538    
 -2.2272274E-03   11.45146    
 -2.2172171E-03   11.60579    
 -2.2072073E-03   11.76830    
 -2.1971972E-03   11.93855    
 -2.1871871E-03   12.11579    
 -2.1771772E-03   12.29879    
 -2.1671674E-03   12.48646    
 -2.1571573E-03   12.67735    
 -2.1471472E-03   12.87000    
 -2.1371371E-03   13.06304    
 -2.1271270E-03   13.25536    
 -2.1171172E-03   13.44596    
 -2.1071073E-03   13.63416    
 -2.0970970E-03   13.81984    
 -2.0870871E-03   14.00285    
 -2.0770773E-03   14.18392    
 -2.0670672E-03   14.36382    
 -2.0570571E-03   14.54379    
 -2.0470468E-03   14.72530    
 -2.0370369E-03   14.90990    
 -2.0270271E-03   15.09913    
 -2.0170170E-03   15.29472    
 -2.0070069E-03   15.49802    
 -1.9969970E-03   15.71020    
 -1.9869870E-03   15.93216    
 -1.9769771E-03   16.16403    
 -1.9669670E-03   16.40599    
 -1.9569569E-03   16.65734    
 -1.9469468E-03   16.91719    
 -1.9369370E-03   17.18404    
 -1.9269269E-03   17.45641    
 -1.9169169E-03   17.73240    
 -1.9069071E-03   18.01002    
 -1.8968969E-03   18.28761    
 -1.8868870E-03   18.56351    
 -1.8768768E-03   18.83643    
 -1.8668667E-03   19.10574    
 -1.8568569E-03   19.37093    
 -1.8468469E-03   19.63256    
 -1.8368368E-03   19.89133    
 -1.8268268E-03   20.14866    
 -1.8168170E-03   20.40641    
 -1.8068068E-03   20.66681    
 -1.7967967E-03   20.93222    
 -1.7867868E-03   21.20505    
 -1.7767766E-03   21.48778    
 -1.7667668E-03   21.78230    
 -1.7567568E-03   22.09050    
 -1.7467467E-03   22.41332    
 -1.7367367E-03   22.75155    
 -1.7267269E-03   23.10525    
 -1.7167168E-03   23.47383    
 -1.7067066E-03   23.85627    
 -1.6966967E-03   24.25102    
 -1.6866866E-03   24.65673    
 -1.6766769E-03   25.07122    
 -1.6666666E-03   25.49315    
 -1.6566566E-03   25.92099    
 -1.6466468E-03   26.35375    
 -1.6366368E-03   26.79086    
 -1.6266268E-03   27.23242    
 -1.6166165E-03   27.67921    
 -1.6066066E-03   28.13222    
 -1.5965967E-03   28.59345    
 -1.5865864E-03   29.06486    
 -1.5765765E-03   29.54873    
 -1.5665665E-03   30.04749    
 -1.5565567E-03   30.56318    
 -1.5465467E-03   31.09763    
 -1.5365368E-03   31.65204    
 -1.5265265E-03   32.22725    
 -1.5165166E-03   32.82294    
 -1.5065067E-03   33.43851    
 -1.4964964E-03   34.07232    
 -1.4864864E-03   34.72249    
 -1.4764764E-03   35.38652    
 -1.4664661E-03   36.06184    
 -1.4564563E-03   36.74574    
 -1.4464463E-03   37.43583    
 -1.4364364E-03   38.13001    
 -1.4264265E-03   38.82720    
 -1.4164166E-03   39.52662    
 -1.4064063E-03   40.22882    
 -1.3963963E-03   40.93483    
 -1.3863865E-03   41.64688    
 -1.3763765E-03   42.36781    
 -1.3663666E-03   43.10118    
 -1.3563567E-03   43.85059    
 -1.3463463E-03   44.62046    
 -1.3363364E-03   45.41467    
 -1.3263260E-03   46.23719    
 -1.3163162E-03   47.09127    
 -1.3063062E-03   47.97978    
 -1.2962964E-03   48.90487    
 -1.2862860E-03   49.86781    
 -1.2762761E-03   50.86969    
 -1.2662662E-03   51.91034    
 -1.2562562E-03   52.98967    
 -1.2462464E-03   54.10714    
 -1.2362364E-03   55.26208    
 -1.2262261E-03   56.45432    
 -1.2162162E-03   57.68333    
 -1.2062063E-03   58.94986    
 -1.1961963E-03   60.25459    
 -1.1861864E-03   61.59893    
 -1.1761765E-03   62.98520    
 -1.1661662E-03   64.41608    
 -1.1561563E-03   65.89439    
 -1.1461460E-03   67.42310    
 -1.1361360E-03   69.00578    
 -1.1261262E-03   70.64510    
 -1.1161162E-03   72.34406    
 -1.1061059E-03   74.10448    
 -1.0960960E-03   75.92778    
 -1.0860860E-03   77.81470    
 -1.0760761E-03   79.76532    
 -1.0660662E-03   81.77904    
 -1.0560562E-03   83.85476    
 -1.0460459E-03   85.99158    
 -1.0360361E-03   88.18778    
 -1.0260261E-03   90.44269    
 -1.0160162E-03   92.75589    
 -1.0060063E-03   95.12799    
 -9.9599641E-04   97.56033    
 -9.8598609E-04   100.0559    
 -9.7597571E-04   102.6187    
 -9.6596580E-04   105.2541    
 -9.5595588E-04   107.9686    
 -9.4594597E-04   110.7702    
 -9.3593606E-04   113.6671    
 -9.2592573E-04   116.6686    
 -9.1591582E-04   119.7840    
 -9.0590591E-04   123.0224    
 -8.9589600E-04   126.3924    
 -8.8588602E-04   129.9020    
 -8.7587611E-04   133.5579    
 -8.6586579E-04   137.3659    
 -8.5585588E-04   141.3301    
 -8.4584596E-04   145.4532    
 -8.3583605E-04   149.7370    
 -8.2582614E-04   154.1815    
 -8.1581622E-04   158.7863    
 -8.0580550E-04   163.5503    
 -7.9579558E-04   168.4713    
 -7.8578567E-04   173.5480    
 -7.7577576E-04   178.7788    
 -7.6576584E-04   184.1634    
 -7.5575552E-04   189.7019    
 -7.4574561E-04   195.3950    
 -7.3573564E-04   201.2453    
 -7.2572572E-04   207.2568    
 -7.1571581E-04   213.4334    
 -7.0570590E-04   219.7814    
 -6.9569558E-04   226.3071    
 -6.8568566E-04   233.0172    
 -6.7567575E-04   239.9186    
 -6.6566584E-04   247.0184    
 -6.5565592E-04   254.3224    
 -6.4564601E-04   261.8361    
 -6.3563528E-04   269.5638    
 -6.2562537E-04   277.5070    
 -6.1561546E-04   285.6671    
 -6.0560554E-04   294.0431    
 -5.9559557E-04   302.6322    
 -5.8558566E-04   311.4305    
 -5.7557534E-04   320.4323    
 -5.6556542E-04   329.6304    
 -5.5555551E-04   339.0183    
 -5.4554560E-04   348.5873    
 -5.3553568E-04   358.3306    
 -5.2552577E-04   368.2408    
 -5.1551545E-04   378.3117    
 -5.0550554E-04   388.5385    
 -4.9549562E-04   398.9162    
 -4.8548568E-04   409.4436    
 -4.7547577E-04   420.1194    
 -4.6546545E-04   430.9453    
 -4.5545513E-04   441.9205    
 -4.4544521E-04   453.0471    
 -4.3543530E-04   464.3263    
 -4.2542536E-04   475.7583    
 -4.1541544E-04   487.3424    
 -4.0540553E-04   499.0752    
 -3.9539521E-04   510.9504    
 -3.8538530E-04   522.9578    
 -3.7537538E-04   535.0834    
 -3.6536544E-04   547.3086    
 -3.5535553E-04   559.6124    
 -3.4534562E-04   571.9670    
 -3.3533529E-04   584.3430    
 -3.2532538E-04   596.7057    
 -3.1531547E-04   609.0189    
 -3.0530553E-04   621.2469    
 -2.9529521E-04   633.3501    
 -2.8528529E-04   645.2914    
 -2.7527497E-04   657.0353    
 -2.6526506E-04   668.5486    
 -2.5525515E-04   679.8024    
 -2.4524523E-04   690.7722    
 -2.3523530E-04   701.4376    
 -2.2522538E-04   711.7819    
 -2.1521507E-04   721.7962    
 -2.0520514E-04   731.4718    
 -1.9519523E-04   740.8071    
 -1.8518530E-04   749.7998    
 -1.7517539E-04   758.4515    
 -1.6516546E-04   766.7618    
 -1.5515515E-04   774.7319    
 -1.4514523E-04   782.3578    
 -1.3513531E-04   789.6338    
 -1.2512499E-04   796.5499    
 -1.1511507E-04   803.0917    
 -1.0510515E-04   809.2415    
 -9.5094838E-05   814.9747    
 -8.5084917E-05   820.2630    
 -7.5074997E-05   825.0784    
 -6.5065076E-05   829.3873    
 -5.5055156E-05   833.1572    
 -4.5045235E-05   836.3562    
 -3.5034918E-05   838.9550    
 -2.5024998E-05   840.9295    
 -1.5015078E-05   842.2603    
 -5.0051581E-06   842.9164    
  5.0047620E-06   842.9358    
  1.5014683E-05   842.2606    
  2.5024998E-05   840.9293    
  3.5034918E-05   838.9550    
  4.5045235E-05   836.3561    
  5.5055156E-05   833.1573    
  6.5065076E-05   829.3873    
  7.5075390E-05   825.0777    
  8.5085310E-05   820.2630    
  9.5095231E-05   814.9743    
  1.0510515E-04   809.2415    
  1.1511507E-04   803.0918    
  1.2512499E-04   796.5500    
  1.3513531E-04   789.6337    
  1.4514523E-04   782.3580    
  1.5515515E-04   774.7321    
  1.6516507E-04   766.7625    
  1.7517500E-04   758.4521    
  1.8518491E-04   749.8000    
  1.9519523E-04   740.8069    
  2.0520514E-04   731.4719    
  2.1521546E-04   721.7958    
  2.2522538E-04   711.7819    
  2.3523530E-04   701.4376    
  2.4524523E-04   690.7722    
  2.5525552E-04   679.8021    
  2.6526547E-04   668.5480    
  2.7527538E-04   657.0347    
  2.8528529E-04   645.2914    
  2.9529521E-04   633.3500    
  3.0530515E-04   621.2472    
  3.1531547E-04   609.0192    
  3.2532538E-04   596.7058    
  3.3533529E-04   584.3429    
  3.4534521E-04   571.9675    
  3.5535512E-04   559.6129    
  3.6536506E-04   547.3090    
  3.7537538E-04   535.0834    
  3.8538568E-04   522.9575    
  3.9539562E-04   510.9501    
  4.0540553E-04   499.0752    
  4.1541544E-04   487.3426    
  4.2542536E-04   475.7584    
  4.3543568E-04   464.3258    
  4.4544559E-04   453.0463    
  4.5545553E-04   441.9203    
  4.6546545E-04   430.9453    
  4.7547536E-04   420.1202    
  4.8548527E-04   409.4441    
  4.9549562E-04   398.9161    
  5.0550554E-04   388.5384    
  5.1551545E-04   378.3117    
  5.2552536E-04   368.2410    
  5.3553528E-04   358.3311    
  5.4554519E-04   348.5876    
  5.5555592E-04   339.0179    
  5.6556583E-04   329.6301    
  5.7557574E-04   320.4317    
  5.8558566E-04   311.4304    
  5.9559557E-04   302.6322    
  6.0560554E-04   294.0432    
  6.1561581E-04   285.6668    
  6.2562578E-04   277.5065    
  6.3563569E-04   269.5636    
  6.4564560E-04   261.8363    
  6.5565552E-04   254.3224    
  6.6566543E-04   247.0185    
  6.7567575E-04   239.9186    
  6.8568566E-04   233.0172    
  6.9569558E-04   226.3072    
  7.0570549E-04   219.7815    
  7.1571540E-04   213.4337    
  7.2572572E-04   207.2568    
  7.3573604E-04   201.2453    
  7.4574596E-04   195.3949    
  7.5575593E-04   189.7018    
  7.6576584E-04   184.1635    
  7.7577576E-04   178.7788    
  7.8578567E-04   173.5480    
  7.9579599E-04   168.4711    
  8.0580590E-04   163.5502    
  8.1581582E-04   158.7865    
  8.2582573E-04   154.1816    
  8.3583564E-04   149.7370    
  8.4584556E-04   145.4534    
  8.5585588E-04   141.3301    
  8.6586579E-04   137.3659    
  8.7587576E-04   133.5580    
  8.8588567E-04   129.9021    
  8.9589600E-04   126.3924    
  9.0590632E-04   123.0223    
  9.1591623E-04   119.7840    
  9.2592614E-04   116.6686    
  9.3593606E-04   113.6671    
  9.4594597E-04   110.7702    
  9.5595588E-04   107.9686    
  9.6596620E-04   105.2542    
  9.7597612E-04   102.6187    
  9.8598609E-04   100.0560    
  9.9599594E-04   97.56042    
  1.0060059E-03   95.12788    
  1.0160158E-03   92.75596    
  1.0260261E-03   90.44273    
  1.0360361E-03   88.18781    
  1.0460459E-03   85.99159    
  1.0560559E-03   83.85480    
  1.0660662E-03   81.77907    
  1.0760761E-03   79.76534    
  1.0860864E-03   77.81464    
  1.0960964E-03   75.92766    
  1.1061063E-03   74.10443    
  1.1161162E-03   72.34406    
  1.1261262E-03   70.64507    
  1.1361360E-03   69.00575    
  1.1461463E-03   67.42297    
  1.1561563E-03   65.89437    
  1.1661662E-03   64.41610    
  1.1761761E-03   62.98528    
  1.1861860E-03   61.59900    
  1.1961960E-03   60.25457    
  1.2062063E-03   58.94986    
  1.2162162E-03   57.68334    
  1.2262261E-03   56.45428    
  1.2362364E-03   55.26206    
  1.2462464E-03   54.10712    
  1.2562562E-03   52.98966    
  1.2662666E-03   51.91032    
  1.2762765E-03   50.86960    
  1.2862864E-03   49.86789    
  1.2962964E-03   48.90488    
  1.3063062E-03   47.97979    
  1.3163162E-03   47.09122    
  1.3263265E-03   46.23719    
  1.3363364E-03   45.41467    
  1.3463463E-03   44.62044    
  1.3563563E-03   43.85056    
  1.3663662E-03   43.10115    
  1.3763761E-03   42.36786    
  1.3863865E-03   41.64689    
  1.3963963E-03   40.93483    
  1.4064066E-03   40.22884    
  1.4164166E-03   39.52664    
  1.4264265E-03   38.82720    
  1.4364364E-03   38.13002    
  1.4464468E-03   37.43575    
  1.4564566E-03   36.74574    
  1.4664666E-03   36.06188    
  1.4764764E-03   35.38653    
  1.4864864E-03   34.72250    
  1.4964964E-03   34.07232    
  1.5065067E-03   33.43852    
  1.5165166E-03   32.82294    
  1.5265265E-03   32.22725    
  1.5365364E-03   31.65218    
  1.5465464E-03   31.09768    
  1.5565562E-03   30.56324    
  1.5665665E-03   30.04753    
  1.5765765E-03   29.54875    
  1.5865868E-03   29.06485    
  1.5965967E-03   28.59346    
  1.6066066E-03   28.13224    
  1.6166165E-03   27.67926    
  1.6266268E-03   27.23239    
  1.6366368E-03   26.79086    
  1.6466463E-03   26.35381    
  1.6566566E-03   25.92098    
  1.6666669E-03   25.49318    
  1.6766764E-03   25.07126    
  1.6866868E-03   24.65667    
  1.6966963E-03   24.25110    
  1.7067066E-03   23.85627    
  1.7167169E-03   23.47381    
  1.7267264E-03   23.10523    
  1.7367367E-03   22.75156    
  1.7467464E-03   22.41332    
  1.7567567E-03   22.09040    
  1.7667669E-03   21.78228    
  1.7767772E-03   21.48770    
  1.7867868E-03   21.20504    
  1.7967972E-03   20.93217    
  1.8068067E-03   20.66679    
  1.8168170E-03   20.40641    
  1.8268273E-03   20.14864    
  1.8368368E-03   19.89134    
  1.8468471E-03   19.63259    
  1.8568566E-03   19.37101    
  1.8668670E-03   19.10566    
  1.8768765E-03   18.83647    
  1.8868868E-03   18.56345    
  1.8968971E-03   18.28761    
  1.9069066E-03   18.01006    
  1.9169169E-03   17.73238    
  1.9269264E-03   17.45644    
  1.9369368E-03   17.18407    
  1.9469471E-03   16.91718    
  1.9569567E-03   16.65734    
  1.9669670E-03   16.40599    
  1.9769764E-03   16.16408    
  1.9869867E-03   15.93214    
  1.9969963E-03   15.71022    
  2.0070074E-03   15.49804    
  2.0170177E-03   15.29471    
  2.0270273E-03   15.09909    
  2.0370376E-03   14.90990    
  2.0470470E-03   14.72530    
  2.0570573E-03   14.54384    
  2.0670677E-03   14.36386    
  2.0770773E-03   14.18394    
  2.0870876E-03   14.00283    
  2.0970970E-03   13.81981    
  2.1071073E-03   13.63420    
  2.1171169E-03   13.44594    
  2.1271273E-03   13.25538    
  2.1371376E-03   13.06304    
  2.1471470E-03   12.86998    
  2.1571573E-03   12.67732    
  2.1671669E-03   12.48644    
  2.1771772E-03   12.29878    
  2.1871876E-03   12.11578    
  2.1971972E-03   11.93856    
  2.2072075E-03   11.76834    
  2.2172169E-03   11.60577    
  2.2272272E-03   11.45149    
  2.2372368E-03   11.30544    
  2.2472471E-03   11.16746    
  2.2572575E-03   11.03691    
  2.2672669E-03   10.91299    
  2.2772772E-03   10.79422    
  2.2872868E-03   10.67953    
  2.2972971E-03   10.56719    
  2.3073074E-03   10.45581    
  2.3173168E-03   10.34390    
  2.3273272E-03   10.23030    
  2.3373368E-03   10.11371    
  2.3473478E-03   9.993403    
  2.3573574E-03   9.869019    
  2.3673677E-03   9.740438    
  2.3773781E-03   9.607884    
  2.3873874E-03   9.471855    
  2.3973978E-03   9.333294    
  2.4074074E-03   9.193299    
  2.4174177E-03   9.053069    
  2.4274280E-03   8.914001    
  2.4374374E-03   8.777550    
  2.4474477E-03   8.644846    
  2.4574574E-03   8.517092    
  2.4674677E-03   8.395411    
  2.4774773E-03   8.280421    
  2.4874876E-03   8.172667    
  2.4974979E-03   8.072307    
  2.5075073E-03   7.979424    
  2.5175177E-03   7.893774    
  2.5275273E-03   7.814882    
  2.5375376E-03   7.742231    
  2.5475479E-03   7.675117    
  2.5575573E-03   7.612869    
  2.5675676E-03   7.554831    
  2.5775773E-03   7.500385    
  2.5875876E-03   7.448995    
  2.5975970E-03   7.400218    
  2.6076073E-03   7.353702    
  2.6176176E-03   7.309203    
  2.6276272E-03   7.266575    
  2.6376375E-03   7.225705    
  2.6476469E-03   7.186587    
  2.6576573E-03   7.149002    
  2.6676676E-03   7.112836    
  2.6776772E-03   7.077839    
  2.6876875E-03   7.043760    
  2.6976978E-03   7.010142    
  2.7077082E-03   6.976410    
  2.7177185E-03   6.942120    
  2.7277281E-03   6.906408    
  2.7377382E-03   6.868862    
  2.7477478E-03   6.828650    
  2.7577581E-03   6.785270    
  2.7677678E-03   6.738328    
  2.7777781E-03   6.687473    
  2.7877884E-03   6.632627    
  2.7977978E-03   6.573949    
  2.8078081E-03   6.511740    
  2.8178177E-03   6.446500    
  2.8278281E-03   6.379048    
  2.8378384E-03   6.310255    
  2.8478478E-03   6.241093    
  2.8578581E-03   6.172709    
  2.8678677E-03   6.106153    
  2.8778780E-03   6.042395    
  2.8878874E-03   5.982331    
  2.8978977E-03   5.926644    
  2.9079081E-03   5.875801    
  2.9179177E-03   5.830061    
  2.9279280E-03   5.789248    
  2.9379374E-03   5.753084    
  2.9479477E-03   5.720913    
  2.9579580E-03   5.691791    
  2.9679677E-03   5.664796    
  2.9779780E-03   5.638573    
  2.9879876E-03   5.611859    
  2.9979979E-03   5.583343    
  3.0080073E-03   5.551883    
  3.0180176E-03   5.516259    
  3.0280279E-03   5.475605    
  3.0380383E-03   5.429399    
  3.0480486E-03   5.377125    
  3.0580582E-03   5.318862    
  3.0680685E-03   5.254902    
  3.0780789E-03   5.185978    
  3.0880882E-03   5.112934    
  3.0980986E-03   5.036968    
  3.1081082E-03   4.959506    
  3.1181185E-03   4.882027    
  3.1281279E-03   4.806129    
  3.1381382E-03   4.733238    
  3.1481485E-03   4.664783    
  3.1581582E-03   4.601920    
  3.1681685E-03   4.545605    
  3.1781779E-03   4.496263    
  3.1881882E-03   4.454300    
  3.1981985E-03   4.419416    
  3.2082081E-03   4.391204    
  3.2182185E-03   4.368783    
  3.2282281E-03   4.351003    
  3.2382382E-03   4.336619    
  3.2482478E-03   4.324085    
  3.2582581E-03   4.311983    
  3.2682684E-03   4.298874    
  3.2782780E-03   4.283437    
  3.2882884E-03   4.264626    
  3.2982978E-03   4.241673    
  3.3083081E-03   4.214103    
  3.3183184E-03   4.181890    
  3.3283280E-03   4.145361    
  3.3383383E-03   4.105053    
  3.3483477E-03   4.061928    
  3.3583581E-03   4.017086    
  3.3683677E-03   3.971706    
  3.3783787E-03   3.927144    
  3.3883890E-03   3.884644    
  3.3983986E-03   3.845217    
  3.4084090E-03   3.809829    
  3.4184183E-03   3.778982    
  3.4284287E-03   3.752979    
  3.4384390E-03   3.731829    
  3.4484486E-03   3.715088    
  3.4584589E-03   3.702164    
  3.4684683E-03   3.692235    
  3.4784786E-03   3.684123    
  3.4884890E-03   3.676889    
  3.4984986E-03   3.669392    
  3.5085089E-03   3.660660    
  3.5185185E-03   3.649949    
  3.5285288E-03   3.636667    
  3.5385382E-03   3.620546    
  3.5485486E-03   3.601621    
  3.5585589E-03   3.580137    
  3.5685685E-03   3.556702    
  3.5785788E-03   3.532008    
  3.5885882E-03   3.506914    
  3.5985985E-03   3.482309    
  3.6086089E-03   3.459091    
  3.6186185E-03   3.438058    
  3.6286288E-03   3.419811    
  3.6386382E-03   3.404742    
  3.6486485E-03   3.392929    
  3.6586581E-03   3.384361    
  3.6686684E-03   3.378512    
  3.6786788E-03   3.374823    
  3.6886882E-03   3.372447    
  3.6986985E-03   3.370544    
  3.7087081E-03   3.368123    
  3.7187191E-03   3.364232    
  3.7287294E-03   3.358091    
  3.7387391E-03   3.348984    
  3.7487494E-03   3.336467    
  3.7587588E-03   3.320194    
  3.7687691E-03   3.300192    
  3.7787787E-03   3.276668    
  3.7887890E-03   3.249975    
  3.7987994E-03   3.220560    
  3.8088090E-03   3.189152    
  3.8188193E-03   3.156332    
  3.8288287E-03   3.122831    
  3.8388390E-03   3.089200    
  3.8488493E-03   3.056013    
  3.8588590E-03   3.023560    
  3.8688693E-03   2.992148    
  3.8788787E-03   2.961955    
  3.8888890E-03   2.932902    
  3.8988986E-03   2.904978    
  3.9089089E-03   2.878049    
  3.9189192E-03   2.852008    
  3.9289286E-03   2.826646    
  3.9389390E-03   2.801958    
  3.9489483E-03   2.777956    
  3.9589587E-03   2.754672    
  3.9689690E-03   2.732316    
  3.9789788E-03   2.711089    
  3.9889892E-03   2.691260    
  3.9989986E-03   2.673115    
  4.0090089E-03   2.656885    
  4.0190183E-03   2.642853    
  4.0290286E-03   2.631061    
  4.0390389E-03   2.621505    
  4.0490488E-03   2.614053    
  4.0590595E-03   2.608380    
  4.0690694E-03   2.604067    
  4.0790793E-03   2.600600    
  4.0890896E-03   2.597415    
  4.0990994E-03   2.593796    
  4.1091098E-03   2.589131    
  4.1191191E-03   2.582893    
  4.1291295E-03   2.574583    
  4.1391389E-03   2.563877    
  4.1491492E-03   2.550602    
  4.1591595E-03   2.534841    
  4.1691693E-03   2.516784    
  4.1791797E-03   2.496805    
  4.1891891E-03   2.475450    
  4.1991994E-03   2.453330    
  4.2092097E-03   2.431085    
  4.2192191E-03   2.409427    
  4.2292294E-03   2.388997    
  4.2392388E-03   2.370328    
  4.2492491E-03   2.353878    
  4.2592590E-03   2.339884    
  4.2692693E-03   2.328459    
  4.2792796E-03   2.319539    
  4.2892890E-03   2.312922    
  4.2992993E-03   2.308256    
  4.3093087E-03   2.305072    
  4.3193190E-03   2.302867    
  4.3293294E-03   2.301178    
  4.3393392E-03   2.299419    
  4.3493495E-03   2.297132    
  4.3593589E-03   2.293993    
  4.3693692E-03   2.289715    
  4.3793786E-03   2.284081    
  4.3893890E-03   2.277108    
  4.3994002E-03   2.268779    
  4.4094096E-03   2.259289    
  4.4194199E-03   2.248918    
  4.4294293E-03   2.237807    
  4.4394396E-03   2.226306    
  4.4494499E-03   2.214729    
  4.4594598E-03   2.203309    
  4.4694701E-03   2.192325    
  4.4794795E-03   2.181906    
  4.4894898E-03   2.172325    
  4.4995002E-03   2.163616    
  4.5095095E-03   2.155873    
  4.5195199E-03   2.149146    
  4.5295293E-03   2.143373    
  4.5395396E-03   2.138619    
  4.5495494E-03   2.134766    
  4.5595597E-03   2.131788    
  4.5695701E-03   2.129559    
  4.5795795E-03   2.127944    
  4.5895898E-03   2.126813    
  4.5995992E-03   2.125936    
  4.6096095E-03   2.125059    
  4.6196198E-03   2.123948    
  4.6296297E-03   2.122228    
  4.6396400E-03   2.119600    
  4.6496494E-03   2.115620    
  4.6596597E-03   2.109999    
  4.6696691E-03   2.102375    
  4.6796794E-03   2.092389    
  4.6896897E-03   2.079911    
  4.6996991E-03   2.064737    
  4.7097094E-03   2.046917    
  4.7197193E-03   2.026533    
  4.7297296E-03   2.003895    
  4.7397404E-03   1.979254    
  4.7497503E-03   1.953300    
  4.7597606E-03   1.926551    
  4.7697700E-03   1.899629    
  4.7797803E-03   1.873239    
  4.7897897E-03   1.848101    
  4.7998000E-03   1.824807    
  4.8098103E-03   1.803887    
  4.8198197E-03   1.785749    
  4.8298300E-03   1.770682    
  4.8398399E-03   1.758700    
  4.8498502E-03   1.749827    
  4.8598605E-03   1.743765    
  4.8698699E-03   1.740176    
  4.8798802E-03   1.738534    
  4.8898896E-03   1.738271    
  4.8998999E-03   1.738854    
  4.9099098E-03   1.739650    
  4.9199201E-03   1.740087    
  4.9299304E-03   1.739734    
  4.9399398E-03   1.738217    
  4.9499501E-03   1.735352    
  4.9599595E-03   1.731010    
  4.9699699E-03   1.725210    
  4.9799802E-03   1.718168    
  4.9899896E-03   1.710066    
  4.9999999E-03   1.701213    
