 -2.0000000E-02  0.5532596    
 -1.9959960E-02  0.5566351    
 -1.9919921E-02  0.5602491    
 -1.9879879E-02  0.5639899    
 -1.9839840E-02  0.5677236    
 -1.9799801E-02  0.5713504    
 -1.9759761E-02  0.5747673    
 -1.9719720E-02  0.5779094    
 -1.9679680E-02  0.5807106    
 -1.9639639E-02  0.5832116    
 -1.9599600E-02  0.5854130    
 -1.9559558E-02  0.5873977    
 -1.9519519E-02  0.5892566    
 -1.9479480E-02  0.5910906    
 -1.9439440E-02  0.5930337    
 -1.9399401E-02  0.5951910    
 -1.9359360E-02  0.5976767    
 -1.9319320E-02  0.6005557    
 -1.9279279E-02  0.6038854    
 -1.9239239E-02  0.6076775    
 -1.9199198E-02  0.6118965    
 -1.9159159E-02  0.6164815    
 -1.9119119E-02  0.6213394    
 -1.9079080E-02  0.6263376    
 -1.9039040E-02  0.6313453    
 -1.8998999E-02  0.6362229    
 -1.8958960E-02  0.6408358    
 -1.8918918E-02  0.6450793    
 -1.8878879E-02  0.6488659    
 -1.8838838E-02  0.6521409    
 -1.8798798E-02  0.6548943    
 -1.8758759E-02  0.6571587    
 -1.8718719E-02  0.6590028    
 -1.8678680E-02  0.6605232    
 -1.8638639E-02  0.6618181    
 -1.8598599E-02  0.6630355    
 -1.8558560E-02  0.6642849    
 -1.8518519E-02  0.6656975    
 -1.8478477E-02  0.6673675    
 -1.8438438E-02  0.6693522    
 -1.8398399E-02  0.6716830    
 -1.8358359E-02  0.6743684    
 -1.8318318E-02  0.6773633    
 -1.8278278E-02  0.6805932    
 -1.8238239E-02  0.6839793    
 -1.8198200E-02  0.6874153    
 -1.8158158E-02  0.6908052    
 -1.8118117E-02  0.6940333    
 -1.8078078E-02  0.6970416    
 -1.8038038E-02  0.6997690    
 -1.7997999E-02  0.7021939    
 -1.7957957E-02  0.7043364    
 -1.7917918E-02  0.7062294    
 -1.7877879E-02  0.7079616    
 -1.7837839E-02  0.7096345    
 -1.7797798E-02  0.7113427    
 -1.7757757E-02  0.7132103    
 -1.7717717E-02  0.7153479    
 -1.7677678E-02  0.7178349    
 -1.7637638E-02  0.7207360    
 -1.7597597E-02  0.7240763    
 -1.7557558E-02  0.7278615    
 -1.7517518E-02  0.7320514    
 -1.7477479E-02  0.7365676    
 -1.7437439E-02  0.7413082    
 -1.7397398E-02  0.7461686    
 -1.7357357E-02  0.7510460    
 -1.7317317E-02  0.7558043    
 -1.7277276E-02  0.7603756    
 -1.7237237E-02  0.7646491    
 -1.7197197E-02  0.7686164    
 -1.7157158E-02  0.7722676    
 -1.7117118E-02  0.7756412    
 -1.7077077E-02  0.7788059    
 -1.7037038E-02  0.7818527    
 -1.6996996E-02  0.7848991    
 -1.6956957E-02  0.7880763    
 -1.6916918E-02  0.7915125    
 -1.6876876E-02  0.7952944    
 -1.6836837E-02  0.7995108    
 -1.6796798E-02  0.8042248    
 -1.6756758E-02  0.8094359    
 -1.6716717E-02  0.8151157    
 -1.6676677E-02  0.8211944    
 -1.6636636E-02  0.8275863    
 -1.6596597E-02  0.8341586    
 -1.6556555E-02  0.8407649    
 -1.6516516E-02  0.8472862    
 -1.6476477E-02  0.8535855    
 -1.6436437E-02  0.8595507    
 -1.6396398E-02  0.8651451    
 -1.6356356E-02  0.8703012    
 -1.6316317E-02  0.8750398    
 -1.6276278E-02  0.8794193    
 -1.6236236E-02  0.8835324    
 -1.6196197E-02  0.8874853    
 -1.6156156E-02  0.8914351    
 -1.6116116E-02  0.8955085    
 -1.6076077E-02  0.8998677    
 -1.6036035E-02  0.9046091    
 -1.5995998E-02  0.9098326    
 -1.5955957E-02  0.9155902    
 -1.5915917E-02  0.9218928    
 -1.5875876E-02  0.9286871    
 -1.5835835E-02  0.9359223    
 -1.5795795E-02  0.9434536    
 -1.5755756E-02  0.9511665    
 -1.5715716E-02  0.9588893    
 -1.5675677E-02  0.9664830    
 -1.5635636E-02  0.9737946    
 -1.5595595E-02  0.9807358    
 -1.5555556E-02  0.9872402    
 -1.5515515E-02  0.9932626    
 -1.5475477E-02  0.9988087    
 -1.5435436E-02   1.003971    
 -1.5395395E-02   1.008838    
 -1.5355356E-02   1.013560    
 -1.5315315E-02   1.018267    
 -1.5275275E-02   1.023152    
 -1.5235236E-02   1.028346    
 -1.5195196E-02   1.033988    
 -1.5155156E-02   1.040163    
 -1.5115115E-02   1.046927    
 -1.5075075E-02   1.054291    
 -1.5035035E-02   1.062213    
 -1.4994996E-02   1.070585    
 -1.4954954E-02   1.079297    
 -1.4914915E-02   1.088177    
 -1.4874876E-02   1.097077    
 -1.4834835E-02   1.105825    
 -1.4794794E-02   1.114258    
 -1.4754754E-02   1.122292    
 -1.4714715E-02   1.129808    
 -1.4674676E-02   1.136815    
 -1.4634635E-02   1.143297    
 -1.4594594E-02   1.149357    
 -1.4554555E-02   1.155096    
 -1.4514515E-02   1.160662    
 -1.4474475E-02   1.166215    
 -1.4434434E-02   1.171948    
 -1.4394394E-02   1.178022    
 -1.4354355E-02   1.184562    
 -1.4314315E-02   1.191695    
 -1.4274274E-02   1.199479    
 -1.4234234E-02   1.207931    
 -1.4194194E-02   1.217006    
 -1.4154155E-02   1.226621    
 -1.4114115E-02   1.236670    
 -1.4074074E-02   1.246997    
 -1.4034034E-02   1.257418    
 -1.3993994E-02   1.267801    
 -1.3953955E-02   1.277990    
 -1.3913914E-02   1.287879    
 -1.3873873E-02   1.297387    
 -1.3833834E-02   1.306491    
 -1.3793794E-02   1.315213    
 -1.3753753E-02   1.323622    
 -1.3713714E-02   1.331825    
 -1.3673673E-02   1.339967    
 -1.3633634E-02   1.348214    
 -1.3593595E-02   1.356715    
 -1.3553553E-02   1.365622    
 -1.3513514E-02   1.375056    
 -1.3473473E-02   1.385104    
 -1.3433434E-02   1.395799    
 -1.3393395E-02   1.407130    
 -1.3353353E-02   1.419026    
 -1.3313313E-02   1.431393    
 -1.3273274E-02   1.444054    
 -1.3233233E-02   1.456872    
 -1.3193194E-02   1.469659    
 -1.3153153E-02   1.482225    
 -1.3113113E-02   1.494423    
 -1.3073074E-02   1.506115    
 -1.3033033E-02   1.517233    
 -1.2992993E-02   1.527736    
 -1.2952953E-02   1.537647    
 -1.2912912E-02   1.547026    
 -1.2872873E-02   1.555969    
 -1.2832833E-02   1.564625    
 -1.2792793E-02   1.573135    
 -1.2752753E-02   1.581663    
 -1.2712713E-02   1.590343    
 -1.2672673E-02   1.599279    
 -1.2632633E-02   1.608592    
 -1.2592593E-02   1.618290    
 -1.2552552E-02   1.628403    
 -1.2512513E-02   1.638873    
 -1.2472473E-02   1.649629    
 -1.2432433E-02   1.660595    
 -1.2392392E-02   1.671617    
 -1.2352353E-02   1.682636    
 -1.2312313E-02   1.693514    
 -1.2272272E-02   1.704231    
 -1.2232233E-02   1.714716    
 -1.2192192E-02   1.725025    
 -1.2152152E-02   1.735200    
 -1.2112113E-02   1.745358    
 -1.2072072E-02   1.755648    
 -1.2032033E-02   1.766240    
 -1.1991993E-02   1.777328    
 -1.1951951E-02   1.789060    
 -1.1911912E-02   1.801629    
 -1.1871872E-02   1.815160    
 -1.1831832E-02   1.829699    
 -1.1791792E-02   1.845285    
 -1.1751752E-02   1.861881    
 -1.1711712E-02   1.879375    
 -1.1671673E-02   1.897602    
 -1.1631632E-02   1.916375    
 -1.1591591E-02   1.935462    
 -1.1551552E-02   1.954597    
 -1.1511511E-02   1.973567    
 -1.1471472E-02   1.992152    
 -1.1431431E-02   2.010182    
 -1.1391391E-02   2.027542    
 -1.1351352E-02   2.044182    
 -1.1311312E-02   2.060096    
 -1.1271271E-02   2.075364    
 -1.1231231E-02   2.090112    
 -1.1191191E-02   2.104489    
 -1.1151151E-02   2.118698    
 -1.1111111E-02   2.132940    
 -1.1071071E-02   2.147416    
 -1.1031031E-02   2.162230    
 -1.0990991E-02   2.177565    
 -1.0950952E-02   2.193451    
 -1.0910911E-02   2.209903    
 -1.0870871E-02   2.226890    
 -1.0830831E-02   2.244280    
 -1.0790790E-02   2.261950    
 -1.0750751E-02   2.279727    
 -1.0710712E-02   2.297434    
 -1.0670670E-02   2.314901    
 -1.0630631E-02   2.331982    
 -1.0590591E-02   2.348634    
 -1.0550550E-02   2.364725    
 -1.0510511E-02   2.380347    
 -1.0470470E-02   2.395522    
 -1.0430430E-02   2.410430    
 -1.0390391E-02   2.425258    
 -1.0350351E-02   2.440224    
 -1.0310311E-02   2.455544    
 -1.0270271E-02   2.471490    
 -1.0230230E-02   2.488213    
 -1.0190190E-02   2.505944    
 -1.0150150E-02   2.524776    
 -1.0110110E-02   2.544775    
 -1.0070070E-02   2.565903    
 -1.0030030E-02   2.588093    
 -9.9899909E-03   2.611238    
 -9.9499505E-03   2.635125    
 -9.9099092E-03   2.659557    
 -9.8698698E-03   2.684310    
 -9.8298294E-03   2.709206    
 -9.7897900E-03   2.734065    
 -9.7497497E-03   2.758741    
 -9.7097093E-03   2.783186    
 -9.6696699E-03   2.807416    
 -9.6296305E-03   2.831477    
 -9.5895901E-03   2.855500    
 -9.5495498E-03   2.879670    
 -9.5095094E-03   2.904212    
 -9.4694691E-03   2.929327    
 -9.4294297E-03   2.955258    
 -9.3893902E-03   2.982198    
 -9.3493490E-03   3.010274    
 -9.3093095E-03   3.039650    
 -9.2692701E-03   3.070297    
 -9.2292288E-03   3.102203    
 -9.1891894E-03   3.135248    
 -9.1491491E-03   3.169292    
 -9.1091087E-03   3.204141    
 -9.0690693E-03   3.239536    
 -9.0290299E-03   3.275267    
 -8.9889895E-03   3.311131    
 -8.9489492E-03   3.346927    
 -8.9089097E-03   3.382542    
 -8.8688685E-03   3.417889    
 -8.8288290E-03   3.452959    
 -8.7887887E-03   3.487855    
 -8.7487483E-03   3.522670    
 -8.7087089E-03   3.557553    
 -8.6686695E-03   3.592716    
 -8.6286291E-03   3.628350    
 -8.5885888E-03   3.664626    
 -8.5485484E-03   3.701721    
 -8.5085081E-03   3.739725    
 -8.4684687E-03   3.778720    
 -8.4284293E-03   3.818634    
 -8.3883880E-03   3.859440    
 -8.3483486E-03   3.900983    
 -8.3083091E-03   3.943100    
 -8.2682688E-03   3.985621    
 -8.2282284E-03   4.028326    
 -8.1881871E-03   4.071016    
 -8.1481477E-03   4.113578    
 -8.1081083E-03   4.155944    
 -8.0680680E-03   4.198112    
 -8.0280276E-03   4.240120    
 -7.9879882E-03   4.282123    
 -7.9479478E-03   4.324349    
 -7.9079084E-03   4.367076    
 -7.8678681E-03   4.410595    
 -7.8278277E-03   4.455234    
 -7.7877874E-03   4.501328    
 -7.7477479E-03   4.549105    
 -7.7077076E-03   4.598813    
 -7.6676677E-03   4.650560    
 -7.6276283E-03   4.704436    
 -7.5875875E-03   4.760347    
 -7.5475480E-03   4.818199    
 -7.5075072E-03   4.877780    
 -7.4674669E-03   4.938837    
 -7.4274275E-03   5.001053    
 -7.3873876E-03   5.064194    
 -7.3473472E-03   5.127953    
 -7.3073073E-03   5.192126    
 -7.2672679E-03   5.256602    
 -7.2272271E-03   5.321292    
 -7.1871867E-03   5.386307    
 -7.1471473E-03   5.451762    
 -7.1071065E-03   5.517895    
 -7.0670671E-03   5.585042    
 -7.0270272E-03   5.653525    
 -6.9869868E-03   5.723751    
 -6.9469470E-03   5.796034    
 -6.9069075E-03   5.870726    
 -6.8668672E-03   5.948073    
 -6.8268264E-03   6.028177    
 -6.7867870E-03   6.111123    
 -6.7467466E-03   6.196808    
 -6.7067076E-03   6.285084    
 -6.6666664E-03   6.375672    
 -6.6266265E-03   6.468227    
 -6.5865871E-03   6.562406    
 -6.5465472E-03   6.657786    
 -6.5065073E-03   6.754014    
 -6.4664660E-03   6.850832    
 -6.4264266E-03   6.947999    
 -6.3863867E-03   7.045442    
 -6.3463454E-03   7.143153    
 -6.3063060E-03   7.241258    
 -6.2662661E-03   7.340052    
 -6.2262267E-03   7.439829    
 -6.1861868E-03   7.541024    
 -6.1461474E-03   7.644114    
 -6.1061061E-03   7.749487    
 -6.0660662E-03   7.857604    
 -6.0260268E-03   7.968798    
 -5.9859855E-03   8.083350    
 -5.9459456E-03   8.201422    
 -5.9059057E-03   8.323099    
 -5.8658645E-03   8.448298    
 -5.8258250E-03   8.576919    
 -5.7857851E-03   8.708767    
 -5.7457457E-03   8.843575    
 -5.7057058E-03   8.981116    
 -5.6656664E-03   9.121154    
 -5.6256251E-03   9.263600    
 -5.5855853E-03   9.408306    
 -5.5455458E-03   9.555396    
 -5.5055059E-03   9.705009    
 -5.4654665E-03   9.857375    
 -5.4254266E-03   10.01294    
 -5.3853854E-03   10.17215    
 -5.3453455E-03   10.33554    
 -5.3053042E-03   10.50364    
 -5.2652648E-03   10.67698    
 -5.2252249E-03   10.85604    
 -5.1851855E-03   11.04119    
 -5.1451442E-03   11.23278    
 -5.1051043E-03   11.43088    
 -5.0650649E-03   11.63556    
 -5.0250250E-03   11.84678    
 -4.9849856E-03   12.06435    
 -4.9449457E-03   12.28800    
 -4.9049044E-03   12.51752    
 -4.8648650E-03   12.75253    
 -4.8248251E-03   12.99289    
 -4.7847852E-03   13.23839    
 -4.7447458E-03   13.48909    
 -4.7047059E-03   13.74502    
 -4.6646646E-03   14.00645    
 -4.6246252E-03   14.27374    
 -4.5845839E-03   14.54747    
 -4.5445440E-03   14.82816    
 -4.5045046E-03   15.11655    
 -4.4644647E-03   15.41332    
 -4.4244234E-03   15.71927    
 -4.3843840E-03   16.03495    
 -4.3443441E-03   16.36104    
 -4.3043043E-03   16.69798    
 -4.2642648E-03   17.04611    
 -4.2242249E-03   17.40578    
 -4.1841837E-03   17.77705    
 -4.1441442E-03   18.16003    
 -4.1041044E-03   18.55472    
 -4.0640649E-03   18.96120    
 -4.0240251E-03   19.37947    
 -3.9839856E-03   19.80974    
 -3.9439443E-03   20.25221    
 -3.9039028E-03   20.70736    
 -3.8638632E-03   21.17572    
 -3.8238235E-03   21.65806    
 -3.7837839E-03   22.15532    
 -3.7437442E-03   22.66859    
 -3.7037029E-03   23.19911    
 -3.6636633E-03   23.74805    
 -3.6236236E-03   24.31683    
 -3.5835840E-03   24.90664    
 -3.5435441E-03   25.51879    
 -3.5035044E-03   26.15440    
 -3.4634632E-03   26.81456    
 -3.4234235E-03   27.50009    
 -3.3833839E-03   28.21187    
 -3.3433442E-03   28.95057    
 -3.3033045E-03   29.71688    
 -3.2632649E-03   30.51142    
 -3.2232220E-03   31.33491    
 -3.1831823E-03   32.18799    
 -3.1431427E-03   33.07159    
 -3.1031030E-03   33.98685    
 -3.0630634E-03   34.93497    
 -3.0230221E-03   35.91750    
 -2.9829824E-03   36.93613    
 -2.9429425E-03   37.99276    
 -2.9029029E-03   39.08943    
 -2.8628632E-03   40.22835    
 -2.8228236E-03   41.41176    
 -2.7827823E-03   42.64199    
 -2.7427427E-03   43.92094    
 -2.7027030E-03   45.25099    
 -2.6626633E-03   46.63383    
 -2.6226237E-03   48.07122    
 -2.5825840E-03   49.56487    
 -2.5425411E-03   51.11619    
 -2.5025015E-03   52.72633    
 -2.4624618E-03   54.39684    
 -2.4224222E-03   56.12886    
 -2.3823823E-03   57.92408    
 -2.3423426E-03   59.78403    
 -2.3023013E-03   61.71081    
 -2.2622617E-03   63.70666    
 -2.2222220E-03   65.77427    
 -2.1821824E-03   67.91673    
 -2.1421427E-03   70.13751    
 -2.1021031E-03   72.44057    
 -2.0620618E-03   74.82978    
 -2.0220221E-03   77.30934    
 -1.9819825E-03   79.88344    
 -1.9419427E-03   82.55622    
 -1.9019031E-03   85.33150    
 -1.8618618E-03   88.21274    
 -1.8218205E-03   91.20302    
 -1.7817809E-03   94.30428    
 -1.7417412E-03   97.51828    
 -1.7017014E-03   100.8462    
 -1.6616618E-03   104.2880    
 -1.6216221E-03   107.8434    
 -1.5815808E-03   111.5113    
 -1.5415412E-03   115.2899    
 -1.5015015E-03   119.1770    
 -1.4614618E-03   123.1705    
 -1.4214221E-03   127.2673    
 -1.3813825E-03   131.4644    
 -1.3413412E-03   135.7590    
 -1.3013015E-03   140.1469    
 -1.2612619E-03   144.6248    
 -1.2212221E-03   149.1885    
 -1.1811808E-03   153.8334    
 -1.1411412E-03   158.5540    
 -1.1010999E-03   163.3442    
 -1.0610602E-03   168.1967    
 -1.0210206E-03   173.1030    
 -9.8098093E-04   178.0531    
 -9.4094122E-04   183.0354    
 -9.0090150E-04   188.0369    
 -8.6086028E-04   193.0423    
 -8.2082057E-04   198.0343    
 -7.8078092E-04   202.9946    
 -7.4074120E-04   207.9029    
 -7.0070155E-04   212.7379    
 -6.6066184E-04   217.4762    
 -6.2062062E-04   222.0949    
 -5.8058091E-04   226.5691    
 -5.4054125E-04   230.8748    
 -5.0049997E-04   234.9882    
 -4.6046029E-04   238.8852    
 -4.2042061E-04   242.5434    
 -3.8037935E-04   245.9414    
 -3.4033967E-04   249.0587    
 -3.0029999E-04   251.8770    
 -2.6026031E-04   254.3800    
 -2.2022062E-04   256.5528    
 -1.8018094E-04   258.3829    
 -1.4013967E-04   259.8595    
 -1.0009999E-04   260.9747    
 -6.0060313E-05   261.7209    
 -2.0020632E-05   262.0969    
  2.0019048E-05   262.0945    
  6.0058730E-05   261.7208    
  1.0009999E-04   260.9747    
  1.4013967E-04   259.8595    
  1.8018094E-04   258.3829    
  2.2022062E-04   256.5527    
  2.6026031E-04   254.3800    
  3.0030156E-04   251.8770    
  3.4034124E-04   249.0585    
  3.8038092E-04   245.9412    
  4.2042061E-04   242.5434    
  4.6046029E-04   238.8852    
  5.0049997E-04   234.9882    
  5.4054125E-04   230.8748    
  5.8058091E-04   226.5691    
  6.2062062E-04   222.0949    
  6.6066027E-04   217.4763    
  7.0069998E-04   212.7379    
  7.4073963E-04   207.9031    
  7.8078092E-04   202.9946    
  8.2082057E-04   198.0343    
  8.6086185E-04   193.0421    
  9.0090150E-04   188.0369    
  9.4094122E-04   183.0354    
  9.8098093E-04   178.0531    
  1.0210221E-03   173.1029    
  1.0610619E-03   168.1964    
  1.1011015E-03   163.3441    
  1.1411412E-03   158.5540    
  1.1811808E-03   153.8334    
  1.2212206E-03   149.1887    
  1.2612619E-03   144.6248    
  1.3013015E-03   140.1469    
  1.3413412E-03   135.7590    
  1.3813808E-03   131.4647    
  1.4214205E-03   127.2675    
  1.4614603E-03   123.1706    
  1.5015015E-03   119.1770    
  1.5415427E-03   115.2897    
  1.5815825E-03   111.5111    
  1.6216221E-03   107.8434    
  1.6616618E-03   104.2880    
  1.7017014E-03   100.8462    
  1.7417427E-03   97.51817    
  1.7817824E-03   94.30414    
  1.8218221E-03   91.20295    
  1.8618618E-03   88.21274    
  1.9019014E-03   85.33158    
  1.9419411E-03   82.55634    
  1.9819825E-03   79.88345    
  2.0220221E-03   77.30934    
  2.0620618E-03   74.82978    
  2.1021015E-03   72.44063    
  2.1421411E-03   70.13763    
  2.1821808E-03   67.91686    
  2.2222237E-03   65.77416    
  2.2622633E-03   63.70661    
  2.3023030E-03   61.71076    
  2.3423426E-03   59.78403    
  2.3823823E-03   57.92408    
  2.4224222E-03   56.12886    
  2.4624632E-03   54.39681    
  2.5025031E-03   52.72630    
  2.5425428E-03   51.11618    
  2.5825824E-03   49.56492    
  2.6226221E-03   48.07135    
  2.6626617E-03   46.63387    
  2.7027030E-03   45.25099    
  2.7427427E-03   43.92094    
  2.7827823E-03   42.64200    
  2.8228220E-03   41.41182    
  2.8628616E-03   40.22836    
  2.9029029E-03   39.08942    
  2.9429442E-03   37.99268    
  2.9829838E-03   36.93608    
  3.0230237E-03   35.91748    
  3.0630634E-03   34.93498    
  3.1031030E-03   33.98685    
  3.1431427E-03   33.07158    
  3.1831840E-03   32.18796    
  3.2232236E-03   31.33488    
  3.2632633E-03   30.51147    
  3.3033029E-03   29.71691    
  3.3433426E-03   28.95058    
  3.3833822E-03   28.21189    
  3.4234235E-03   27.50009    
  3.4634632E-03   26.81457    
  3.5035030E-03   26.15448    
  3.5435427E-03   25.51884    
  3.5835840E-03   24.90664    
  3.6236253E-03   24.31680    
  3.6636649E-03   23.74802    
  3.7037046E-03   23.19907    
  3.7437442E-03   22.66859    
  3.7837839E-03   22.15532    
  3.8238235E-03   21.65806    
  3.8638648E-03   21.17568    
  3.9039045E-03   20.70732    
  3.9439443E-03   20.25221    
  3.9839838E-03   19.80976    
  4.0240237E-03   19.37950    
  4.0640631E-03   18.96121    
  4.1041044E-03   18.55471    
  4.1441442E-03   18.16003    
  4.1841837E-03   17.77705    
  4.2242236E-03   17.40581    
  4.2642648E-03   17.04612    
  4.3043043E-03   16.69798    
  4.3443455E-03   16.36105    
  4.3843854E-03   16.03497    
  4.4244253E-03   15.71926    
  4.4644647E-03   15.41332    
  4.5045046E-03   15.11655    
  4.5445440E-03   14.82816    
  4.5845853E-03   14.54743    
  4.6246252E-03   14.27374    
  4.6646646E-03   14.00645    
  4.7047045E-03   13.74504    
  4.7447439E-03   13.48909    
  4.7847838E-03   13.23842    
  4.8248251E-03   12.99289    
  4.8648650E-03   12.75253    
  4.9049044E-03   12.51752    
  4.9449457E-03   12.28801    
  4.9849856E-03   12.06435    
  5.0250250E-03   11.84678    
  5.0650663E-03   11.63556    
  5.1051062E-03   11.43087    
  5.1451456E-03   11.23274    
  5.1851855E-03   11.04119    
  5.2252249E-03   10.85604    
  5.2652648E-03   10.67698    
  5.3053061E-03   10.50364    
  5.3453455E-03   10.33554    
  5.3853854E-03   10.17215    
  5.4254252E-03   10.01296    
  5.4654647E-03   9.857374    
  5.5055046E-03   9.704989    
  5.5455458E-03   9.555398    
  5.5855853E-03   9.408309    
  5.6256265E-03   9.263588    
  5.6656664E-03   9.121155    
  5.7057058E-03   8.981116    
  5.7457457E-03   8.843574    
  5.7857870E-03   8.708750    
  5.8258264E-03   8.576913    
  5.8658663E-03   8.448274    
  5.9059057E-03   8.323100    
  5.9459456E-03   8.201424    
  5.9859855E-03   8.083350    
  6.0260268E-03   7.968796    
  6.0660662E-03   7.857604    
  6.1061061E-03   7.749489    
  6.1461455E-03   7.644107    
  6.1861854E-03   7.541045    
  6.2262248E-03   7.439835    
  6.2662661E-03   7.340053    
  6.3063060E-03   7.241259    
  6.3463473E-03   7.143146    
  6.3863867E-03   7.045440    
  6.4264266E-03   6.947999    
  6.4664660E-03   6.850830    
  6.5065073E-03   6.754013    
  6.5465472E-03   6.657785    
  6.5865852E-03   6.562397    
  6.6266265E-03   6.468227    
  6.6666678E-03   6.375665    
  6.7067058E-03   6.285089    
  6.7467471E-03   6.196807    
  6.7867851E-03   6.111109    
  6.8268264E-03   6.028175    
  6.8668677E-03   5.948045    
  6.9069057E-03   5.870732    
  6.9469470E-03   5.796033    
  6.9869854E-03   5.723746    
  7.0270267E-03   5.653533    
  7.0670675E-03   5.585042    
  7.1071088E-03   5.517897    
  7.1471473E-03   5.451762    
  7.1871886E-03   5.386299    
  7.2272266E-03   5.321311    
  7.2672679E-03   5.256600    
  7.3073092E-03   5.192124    
  7.3473472E-03   5.127954    
  7.3873885E-03   5.064184    
  7.4274265E-03   5.001054    
  7.4674678E-03   4.938819    
  7.5075058E-03   4.877770    
  7.5475471E-03   4.818199    
  7.5875884E-03   4.760336    
  7.6276264E-03   4.704420    
  7.6676677E-03   4.650560    
  7.7077057E-03   4.598804    
  7.7477470E-03   4.549114    
  7.7877883E-03   4.501313    
  7.8278268E-03   4.455242    
  7.8678681E-03   4.410595    
  7.9079056E-03   4.367076    
  7.9479469E-03   4.324354    
  7.9879854E-03   4.282121    
  8.0280295E-03   4.240118    
  8.0680707E-03   4.198103    
  8.1081092E-03   4.155958    
  8.1481505E-03   4.113592    
  8.1881881E-03   4.071037    
  8.2282294E-03   4.028322    
  8.2682706E-03   3.985611    
  8.3083091E-03   3.943101    
  8.3483504E-03   3.900978    
  8.3883880E-03   3.859441    
  8.4284293E-03   3.818633    
  8.4684677E-03   3.778702    
  8.5085090E-03   3.739737    
  8.5485503E-03   3.701715    
  8.5885879E-03   3.664629    
  8.6286291E-03   3.628352    
  8.6686676E-03   3.592722    
  8.7087089E-03   3.557552    
  8.7487502E-03   3.522667    
  8.7887887E-03   3.487847    
  8.8288300E-03   3.452964    
  8.8688675E-03   3.417881    
  8.9089088E-03   3.382543    
  8.9489473E-03   3.346924    
  8.9889886E-03   3.311128    
  9.0290299E-03   3.275265    
  9.0690674E-03   3.239539    
  9.1091087E-03   3.204139    
  9.1491472E-03   3.169297    
  9.1891885E-03   3.135260    
  9.2292298E-03   3.102208    
  9.2692673E-03   3.070296    
  9.3093086E-03   3.039650    
  9.3493471E-03   3.010298    
  9.3893912E-03   2.982197    
  9.4294297E-03   2.955259    
  9.4694709E-03   2.929326    
  9.5095122E-03   2.904197    
  9.5495498E-03   2.879665    
  9.5895911E-03   2.855503    
  9.6296296E-03   2.831472    
  9.6696708E-03   2.807420    
  9.7097121E-03   2.783196    
  9.7497497E-03   2.758741    
  9.7897910E-03   2.734057    
  9.8298294E-03   2.709206    
  9.8698707E-03   2.684310    
  9.9099092E-03   2.659555    
  9.9499505E-03   2.635126    
  9.9899918E-03   2.611231    
  1.0030029E-02   2.588094    
  1.0070071E-02   2.565898    
  1.0110109E-02   2.544776    
  1.0150150E-02   2.524776    
  1.0190192E-02   2.505942    
  1.0230229E-02   2.488217    
  1.0270271E-02   2.471490    
  1.0310309E-02   2.455553    
  1.0350350E-02   2.440216    
  1.0390388E-02   2.425267    
  1.0430429E-02   2.410437    
  1.0470470E-02   2.395522    
  1.0510509E-02   2.380332    
  1.0550550E-02   2.364725    
  1.0590588E-02   2.348627    
  1.0630629E-02   2.331998    
  1.0670670E-02   2.314901    
  1.0710709E-02   2.297432    
  1.0750750E-02   2.279720    
  1.0790791E-02   2.261955    
  1.0830833E-02   2.244291    
  1.0870874E-02   2.226891    
  1.0910912E-02   2.209914    
  1.0950953E-02   2.193455    
  1.0990991E-02   2.177565    
  1.1031033E-02   2.162235    
  1.1071071E-02   2.147400    
  1.1111112E-02   2.132941    
  1.1151154E-02   2.118693    
  1.1191191E-02   2.104489    
  1.1231232E-02   2.090110    
  1.1271271E-02   2.075363    
  1.1311312E-02   2.060096    
  1.1351353E-02   2.044190    
  1.1391391E-02   2.027542    
  1.1431432E-02   2.010180    
  1.1471471E-02   1.992148    
  1.1511512E-02   1.973559    
  1.1551550E-02   1.954598    
  1.1591591E-02   1.935460    
  1.1631632E-02   1.916375    
  1.1671671E-02   1.897610    
  1.1711712E-02   1.879375    
  1.1751750E-02   1.861881    
  1.1791791E-02   1.845290    
  1.1831832E-02   1.829701    
  1.1871871E-02   1.815149    
  1.1911912E-02   1.801630    
  1.1951950E-02   1.789058    
  1.1991992E-02   1.777317    
  1.2032029E-02   1.766234    
  1.2072071E-02   1.755654    
  1.2112112E-02   1.745355    
  1.2152153E-02   1.735193    
  1.2192194E-02   1.725020    
  1.2232233E-02   1.714716    
  1.2272274E-02   1.704227    
  1.2312315E-02   1.693515    
  1.2352353E-02   1.682636    
  1.2392394E-02   1.671623    
  1.2432433E-02   1.660594    
  1.2472474E-02   1.649636    
  1.2512512E-02   1.638869    
  1.2552553E-02   1.628400    
  1.2592594E-02   1.618289    
  1.2632633E-02   1.608592    
  1.2672674E-02   1.599282    
  1.2712711E-02   1.590339    
  1.2752753E-02   1.581663    
  1.2792794E-02   1.573138    
  1.2832833E-02   1.564626    
  1.2872874E-02   1.555970    
  1.2912912E-02   1.547027    
  1.2952953E-02   1.537647    
  1.2992991E-02   1.527744    
  1.3033032E-02   1.517235    
  1.3073074E-02   1.506115    
  1.3113112E-02   1.494415    
  1.3153153E-02   1.482226    
  1.3193191E-02   1.469662    
  1.3233232E-02   1.456882    
  1.3273274E-02   1.444054    
  1.3313312E-02   1.431394    
  1.3353353E-02   1.419026    
  1.3393391E-02   1.407135    
  1.3433432E-02   1.395808    
  1.3473471E-02   1.385112    
  1.3513515E-02   1.375058    
  1.3553556E-02   1.365620    
  1.3593595E-02   1.356715    
  1.3633636E-02   1.348215    
  1.3673673E-02   1.339968    
  1.3713715E-02   1.331818    
  1.3753756E-02   1.323619    
  1.3793794E-02   1.315213    
  1.3833836E-02   1.306493    
  1.3873873E-02   1.297385    
  1.3913915E-02   1.287875    
  1.3953956E-02   1.277991    
  1.3993994E-02   1.267800    
  1.4034036E-02   1.257415    
  1.4074074E-02   1.246995    
  1.4114115E-02   1.236670    
  1.4154153E-02   1.226628    
  1.4194194E-02   1.217003    
  1.4234236E-02   1.207925    
  1.4274274E-02   1.199479    
  1.4314315E-02   1.191695    
  1.4354353E-02   1.184563    
  1.4394394E-02   1.178022    
  1.4434435E-02   1.171951    
  1.4474474E-02   1.166218    
  1.4514515E-02   1.160661    
  1.4554553E-02   1.155101    
  1.4594594E-02   1.149357    
  1.4634633E-02   1.143295    
  1.4674674E-02   1.136813    
  1.4714715E-02   1.129809    
  1.4754753E-02   1.122290    
  1.4794794E-02   1.114260    
  1.4834832E-02   1.105822    
  1.4874876E-02   1.097079    
  1.4914918E-02   1.088173    
  1.4954956E-02   1.079292    
  1.4994998E-02   1.070586    
  1.5035035E-02   1.062212    
  1.5075076E-02   1.054294    
  1.5115115E-02   1.046925    
  1.5155156E-02   1.040163    
  1.5195197E-02   1.033983    
  1.5235236E-02   1.028345    
  1.5275277E-02   1.023150    
  1.5315315E-02   1.018267    
  1.5355356E-02   1.013560    
  1.5395397E-02   1.008838    
  1.5435436E-02   1.003971    
  1.5475477E-02  0.9988087    
  1.5515515E-02  0.9932629    
  1.5555556E-02  0.9872410    
  1.5595594E-02  0.9807422    
  1.5635636E-02  0.9737948    
  1.5675677E-02  0.9664826    
  1.5715715E-02  0.9588823    
  1.5755756E-02  0.9511662    
  1.5795793E-02  0.9434549    
  1.5835835E-02  0.9359220    
  1.5875876E-02  0.9286878    
  1.5915915E-02  0.9218884    
  1.5955957E-02  0.9155899    
  1.5995994E-02  0.9098307    
  1.6036035E-02  0.9046085    
  1.6076073E-02  0.8998664    
  1.6116114E-02  0.8955144    
  1.6156156E-02  0.8914345    
  1.6196195E-02  0.8874902    
  1.6236238E-02  0.8835303    
  1.6276278E-02  0.8794197    
  1.6316317E-02  0.8750441    
  1.6356358E-02  0.8703028    
  1.6396398E-02  0.8651451    
  1.6436439E-02  0.8595536    
  1.6476477E-02  0.8535853    
  1.6516518E-02  0.8472883    
  1.6556555E-02  0.8407663    
  1.6596597E-02  0.8341569    
  1.6636638E-02  0.8275864    
  1.6676677E-02  0.8211958    
  1.6716719E-02  0.8151163    
  1.6756756E-02  0.8094323    
  1.6796798E-02  0.8042254    
  1.6836839E-02  0.7995180    
  1.6876876E-02  0.7952942    
  1.6916918E-02  0.7915129    
  1.6956955E-02  0.7880808    
  1.6996996E-02  0.7848985    
  1.7037036E-02  0.7818595    
  1.7077077E-02  0.7788056    
  1.7117118E-02  0.7756414    
  1.7157156E-02  0.7722611    
  1.7197197E-02  0.7686158    
  1.7237235E-02  0.7646456    
  1.7277276E-02  0.7603751    
  1.7317317E-02  0.7558043    
  1.7357357E-02  0.7510484    
  1.7397398E-02  0.7461690    
  1.7437436E-02  0.7413102    
  1.7477477E-02  0.7365630    
  1.7517515E-02  0.7320523    
  1.7557556E-02  0.7278658    
  1.7597601E-02  0.7240797    
  1.7637638E-02  0.7207354    
  1.7677680E-02  0.7178342    
  1.7717717E-02  0.7153470    
  1.7757758E-02  0.7132131    
  1.7797800E-02  0.7113485    
  1.7837839E-02  0.7096342    
  1.7877880E-02  0.7079672    
  1.7917918E-02  0.7062302    
  1.7957959E-02  0.7043288    
  1.7998001E-02  0.7021975    
  1.8038038E-02  0.6997682    
  1.8078079E-02  0.6970405    
  1.8118117E-02  0.6940336    
  1.8158158E-02  0.6908052    
  1.8198198E-02  0.6874182    
  1.8238239E-02  0.6839791    
  1.8278280E-02  0.6805949    
  1.8318318E-02  0.6773633    
  1.8358359E-02  0.6743683    
  1.8398397E-02  0.6716876    
  1.8438438E-02  0.6693521    
  1.8478479E-02  0.6673709    
  1.8518519E-02  0.6657006    
  1.8558560E-02  0.6642847    
  1.8598597E-02  0.6630330    
  1.8638639E-02  0.6618187    
  1.8678676E-02  0.6605209    
  1.8718718E-02  0.6590007    
  1.8758759E-02  0.6571593    
  1.8798796E-02  0.6548948    
  1.8838838E-02  0.6521411    
  1.8878877E-02  0.6488680    
  1.8918918E-02  0.6450759    
  1.8958962E-02  0.6408383    
  1.8999001E-02  0.6362194    
  1.9039042E-02  0.6313424    
  1.9079080E-02  0.6263374    
  1.9119121E-02  0.6213351    
  1.9159159E-02  0.6164820    
  1.9199200E-02  0.6118939    
  1.9239241E-02  0.6076783    
  1.9279279E-02  0.6038852    
  1.9319320E-02  0.6005557    
  1.9359360E-02  0.5976760    
  1.9399401E-02  0.5951905    
  1.9439442E-02  0.5930323    
  1.9479480E-02  0.5910895    
  1.9519521E-02  0.5892569    
  1.9559558E-02  0.5873966    
  1.9599600E-02  0.5854132    
  1.9639639E-02  0.5832080    
  1.9679680E-02  0.5807100    
  1.9719722E-02  0.5778947    
  1.9759759E-02  0.5747640    
  1.9799801E-02  0.5713502    
  1.9839838E-02  0.5677212    
  1.9879879E-02  0.5639903    
  1.9919921E-02  0.5602494    
  1.9959958E-02  0.5566276    
  2.0000000E-02  0.5532598    
