 -2.0000000E-02  0.3176742    
 -1.9959960E-02  0.3196807    
 -1.9919921E-02  0.3214767    
 -1.9879879E-02  0.3227489    
 -1.9839840E-02  0.3232808    
 -1.9799801E-02  0.3230473    
 -1.9759761E-02  0.3221954    
 -1.9719720E-02  0.3210862    
 -1.9679680E-02  0.3201476    
 -1.9639639E-02  0.3198001    
 -1.9599600E-02  0.3202890    
 -1.9559558E-02  0.3216681    
 -1.9519519E-02  0.3237400    
 -1.9479480E-02  0.3261760    
 -1.9439440E-02  0.3285530    
 -1.9399401E-02  0.3305507    
 -1.9359360E-02  0.3320163    
 -1.9319320E-02  0.3330090    
 -1.9279279E-02  0.3337916    
 -1.9239239E-02  0.3347272    
 -1.9199198E-02  0.3361477    
 -1.9159159E-02  0.3382606    
 -1.9119119E-02  0.3410756    
 -1.9079080E-02  0.3443891    
 -1.9039040E-02  0.3478415    
 -1.8998999E-02  0.3510543    
 -1.8958960E-02  0.3536904    
 -1.8918918E-02  0.3556113    
 -1.8878879E-02  0.3568473    
 -1.8838838E-02  0.3576050    
 -1.8798798E-02  0.3581823    
 -1.8758759E-02  0.3588652    
 -1.8718719E-02  0.3598369    
 -1.8678680E-02  0.3611338    
 -1.8638639E-02  0.3626222    
 -1.8598599E-02  0.3640953    
 -1.8558560E-02  0.3653245    
 -1.8518519E-02  0.3661407    
 -1.8478477E-02  0.3664975    
 -1.8438438E-02  0.3665003    
 -1.8398399E-02  0.3663174    
 -1.8358359E-02  0.3661912    
 -1.8318318E-02  0.3663124    
 -1.8278278E-02  0.3668298    
 -1.8238239E-02  0.3677769    
 -1.8198200E-02  0.3691485    
 -1.8158158E-02  0.3708847    
 -1.8118117E-02  0.3729781    
 -1.8078078E-02  0.3754502    
 -1.8038038E-02  0.3783404    
 -1.7997999E-02  0.3817056    
 -1.7957957E-02  0.3855647    
 -1.7917918E-02  0.3898424    
 -1.7877879E-02  0.3943641    
 -1.7837839E-02  0.3988737    
 -1.7797798E-02  0.4031236    
 -1.7757757E-02  0.4068943    
 -1.7717717E-02  0.4100996    
 -1.7677678E-02  0.4128131    
 -1.7637638E-02  0.4152463    
 -1.7597597E-02  0.4176603    
 -1.7557558E-02  0.4203210    
 -1.7517518E-02  0.4233742    
 -1.7477479E-02  0.4268259    
 -1.7437439E-02  0.4304924    
 -1.7397398E-02  0.4340945    
 -1.7357357E-02  0.4373329    
 -1.7317317E-02  0.4400229    
 -1.7277276E-02  0.4421200    
 -1.7237237E-02  0.4438425    
 -1.7197197E-02  0.4455398    
 -1.7157158E-02  0.4476522    
 -1.7117118E-02  0.4505979    
 -1.7077077E-02  0.4545979    
 -1.7037038E-02  0.4596741    
 -1.6996996E-02  0.4655586    
 -1.6956957E-02  0.4718574    
 -1.6916918E-02  0.4780767    
 -1.6876876E-02  0.4837864    
 -1.6836837E-02  0.4887162    
 -1.6796798E-02  0.4928164    
 -1.6756758E-02  0.4962445    
 -1.6716717E-02  0.4992990    
 -1.6676677E-02  0.5023087    
 -1.6636636E-02  0.5055511    
 -1.6596597E-02  0.5091398    
 -1.6556555E-02  0.5130624    
 -1.6516516E-02  0.5171632    
 -1.6476477E-02  0.5212226    
 -1.6436437E-02  0.5250289    
 -1.6396398E-02  0.5284684    
 -1.6356356E-02  0.5314921    
 -1.6316317E-02  0.5341734    
 -1.6276278E-02  0.5366229    
 -1.6236236E-02  0.5389569    
 -1.6196197E-02  0.5412683    
 -1.6156156E-02  0.5435495    
 -1.6116116E-02  0.5457988    
 -1.6076077E-02  0.5479562    
 -1.6036035E-02  0.5500050    
 -1.5995998E-02  0.5519137    
 -1.5955957E-02  0.5537152    
 -1.5915917E-02  0.5554208    
 -1.5875876E-02  0.5570628    
 -1.5835835E-02  0.5585812    
 -1.5795795E-02  0.5599151    
 -1.5755756E-02  0.5609401    
 -1.5715716E-02  0.5615786    
 -1.5675677E-02  0.5618108    
 -1.5635636E-02  0.5617374    
 -1.5595595E-02  0.5615705    
 -1.5555556E-02  0.5616276    
 -1.5515515E-02  0.5622538    
 -1.5475477E-02  0.5637224    
 -1.5435436E-02  0.5661659    
 -1.5395395E-02  0.5695416    
 -1.5355356E-02  0.5736287    
 -1.5315315E-02  0.5780839    
 -1.5275275E-02  0.5825165    
 -1.5235236E-02  0.5866631    
 -1.5195196E-02  0.5903470    
 -1.5155156E-02  0.5936406    
 -1.5115115E-02  0.5967370    
 -1.5075075E-02  0.5999480    
 -1.5035035E-02  0.6035945    
 -1.4994996E-02  0.6078831    
 -1.4954954E-02  0.6128520    
 -1.4914915E-02  0.6183940    
 -1.4874876E-02  0.6242548    
 -1.4834835E-02  0.6301162    
 -1.4794794E-02  0.6356834    
 -1.4754754E-02  0.6407759    
 -1.4714715E-02  0.6453173    
 -1.4674676E-02  0.6493875    
 -1.4634635E-02  0.6531190    
 -1.4594594E-02  0.6566973    
 -1.4554555E-02  0.6602741    
 -1.4514515E-02  0.6639202    
 -1.4474475E-02  0.6676589    
 -1.4434434E-02  0.6714804    
 -1.4394394E-02  0.6753703    
 -1.4354355E-02  0.6793286    
 -1.4314315E-02  0.6834183    
 -1.4274274E-02  0.6877143    
 -1.4234234E-02  0.6922943    
 -1.4194194E-02  0.6971974    
 -1.4154155E-02  0.7024178    
 -1.4114115E-02  0.7078298    
 -1.4074074E-02  0.7133015    
 -1.4034034E-02  0.7186614    
 -1.3993994E-02  0.7237412    
 -1.3953955E-02  0.7284614    
 -1.3913914E-02  0.7327904    
 -1.3873873E-02  0.7367410    
 -1.3833834E-02  0.7403876    
 -1.3793794E-02  0.7437825    
 -1.3753753E-02  0.7469795    
 -1.3713714E-02  0.7500316    
 -1.3673673E-02  0.7530009    
 -1.3633634E-02  0.7559989    
 -1.3593595E-02  0.7592335    
 -1.3553553E-02  0.7629653    
 -1.3513514E-02  0.7675231    
 -1.3473473E-02  0.7732186    
 -1.3433434E-02  0.7802529    
 -1.3393395E-02  0.7887217    
 -1.3353353E-02  0.7984483    
 -1.3313313E-02  0.8091367    
 -1.3273274E-02  0.8203366    
 -1.3233233E-02  0.8315727    
 -1.3193194E-02  0.8424348    
 -1.3153153E-02  0.8526735    
 -1.3113113E-02  0.8622000    
 -1.3073074E-02  0.8711019    
 -1.3033033E-02  0.8795463    
 -1.2992993E-02  0.8877040    
 -1.2952953E-02  0.8956787    
 -1.2912912E-02  0.9034861    
 -1.2872873E-02  0.9110240    
 -1.2832833E-02  0.9181752    
 -1.2792793E-02  0.9248775    
 -1.2752753E-02  0.9311925    
 -1.2712713E-02  0.9373549    
 -1.2672673E-02  0.9437394    
 -1.2632633E-02  0.9507998    
 -1.2592593E-02  0.9589344    
 -1.2552552E-02  0.9683766    
 -1.2512513E-02  0.9791582    
 -1.2472473E-02  0.9910493    
 -1.2432433E-02   1.003603    
 -1.2392392E-02   1.016286    
 -1.2352353E-02   1.028593    
 -1.2312313E-02   1.040129    
 -1.2272272E-02   1.050704    
 -1.2232233E-02   1.060272    
 -1.2192192E-02   1.068939    
 -1.2152152E-02   1.076868    
 -1.2112113E-02   1.084177    
 -1.2072072E-02   1.090949    
 -1.2032033E-02   1.097212    
 -1.1991993E-02   1.103020    
 -1.1951951E-02   1.108440    
 -1.1911912E-02   1.113698    
 -1.1871872E-02   1.119097    
 -1.1831832E-02   1.125045    
 -1.1791792E-02   1.131848    
 -1.1751752E-02   1.139765    
 -1.1711712E-02   1.148768    
 -1.1671673E-02   1.158640    
 -1.1631632E-02   1.168929    
 -1.1591591E-02   1.179129    
 -1.1551552E-02   1.188826    
 -1.1511511E-02   1.197773    
 -1.1471472E-02   1.206018    
 -1.1431431E-02   1.213903    
 -1.1391391E-02   1.221887    
 -1.1351352E-02   1.230555    
 -1.1311312E-02   1.240301    
 -1.1271271E-02   1.251313    
 -1.1231231E-02   1.263503    
 -1.1191191E-02   1.276575    
 -1.1151151E-02   1.290117    
 -1.1111111E-02   1.303756    
 -1.1071071E-02   1.317298    
 -1.1031031E-02   1.330768    
 -1.0990991E-02   1.344360    
 -1.0950952E-02   1.358336    
 -1.0910911E-02   1.372938    
 -1.0870871E-02   1.388168    
 -1.0830831E-02   1.403882    
 -1.0790790E-02   1.419634    
 -1.0750751E-02   1.434923    
 -1.0710712E-02   1.449263    
 -1.0670670E-02   1.462388    
 -1.0630631E-02   1.474292    
 -1.0590591E-02   1.485198    
 -1.0550550E-02   1.495565    
 -1.0510511E-02   1.505805    
 -1.0470470E-02   1.516263    
 -1.0430430E-02   1.527037    
 -1.0390391E-02   1.537991    
 -1.0350351E-02   1.548848    
 -1.0310311E-02   1.559383    
 -1.0270271E-02   1.569503    
 -1.0230230E-02   1.579471    
 -1.0190190E-02   1.589836    
 -1.0150150E-02   1.601375    
 -1.0110110E-02   1.614867    
 -1.0070070E-02   1.630901    
 -1.0030030E-02   1.649673    
 -9.9899909E-03   1.670901    
 -9.9499505E-03   1.693858    
 -9.9099092E-03   1.717593    
 -9.8698698E-03   1.741118    
 -9.8298294E-03   1.763715    
 -9.7897900E-03   1.785080    
 -9.7497497E-03   1.805284    
 -9.7097093E-03   1.824849    
 -9.6696699E-03   1.844330    
 -9.6296305E-03   1.864223    
 -9.5895901E-03   1.884712    
 -9.5495498E-03   1.905568    
 -9.5095094E-03   1.926294    
 -9.4694691E-03   1.946155    
 -9.4294297E-03   1.964565    
 -9.3893902E-03   1.981196    
 -9.3493490E-03   1.996164    
 -9.3093095E-03   2.009916    
 -9.2692701E-03   2.023220    
 -9.2292288E-03   2.036806    
 -9.1891894E-03   2.051220    
 -9.1491491E-03   2.066571    
 -9.1091087E-03   2.082566    
 -9.0690693E-03   2.098635    
 -9.0290299E-03   2.114054    
 -8.9889895E-03   2.128309    
 -8.9489492E-03   2.141319    
 -8.9089097E-03   2.153468    
 -8.8688685E-03   2.165634    
 -8.8288290E-03   2.178939    
 -8.7887887E-03   2.194535    
 -8.7487483E-03   2.213288    
 -8.7087089E-03   2.235516    
 -8.6686695E-03   2.261021    
 -8.6286291E-03   2.289050    
 -8.5885888E-03   2.318589    
 -8.5485484E-03   2.348549    
 -8.5085081E-03   2.378068    
 -8.4684687E-03   2.406667    
 -8.4284293E-03   2.434315    
 -8.3883880E-03   2.461322    
 -8.3483486E-03   2.488322    
 -8.3083091E-03   2.515864    
 -8.2682688E-03   2.544470    
 -8.2282284E-03   2.574329    
 -8.1881871E-03   2.605290    
 -8.1481477E-03   2.637017    
 -8.1081083E-03   2.668916    
 -8.0680680E-03   2.700328    
 -8.0280276E-03   2.730665    
 -7.9879882E-03   2.759443    
 -7.9479478E-03   2.786416    
 -7.9079084E-03   2.811629    
 -7.8678681E-03   2.835381    
 -7.8278277E-03   2.858304    
 -7.7877874E-03   2.881243    
 -7.7477479E-03   2.905238    
 -7.7077076E-03   2.931320    
 -7.6676677E-03   2.960386    
 -7.6276283E-03   2.993055    
 -7.5875875E-03   3.029554    
 -7.5475480E-03   3.069593    
 -7.5075072E-03   3.112531    
 -7.4674669E-03   3.157451    
 -7.4274275E-03   3.203398    
 -7.3873876E-03   3.249570    
 -7.3473472E-03   3.295533    
 -7.3073073E-03   3.341257    
 -7.2672679E-03   3.387054    
 -7.2272271E-03   3.433448    
 -7.1871867E-03   3.480936    
 -7.1471473E-03   3.529742    
 -7.1071065E-03   3.579764    
 -7.0670671E-03   3.630502    
 -7.0270272E-03   3.681282    
 -6.9869868E-03   3.731472    
 -6.9469470E-03   3.780689    
 -6.9069075E-03   3.829057    
 -6.8668672E-03   3.877268    
 -6.8268264E-03   3.926466    
 -6.7867870E-03   3.978032    
 -6.7467466E-03   4.033231    
 -6.7067076E-03   4.092991    
 -6.6666664E-03   4.157533    
 -6.6266265E-03   4.226613    
 -6.5865871E-03   4.299410    
 -6.5465472E-03   4.374929    
 -6.5065073E-03   4.452269    
 -6.4664660E-03   4.530895    
 -6.4264266E-03   4.610740    
 -6.3863867E-03   4.692123    
 -6.3463454E-03   4.775742    
 -6.3063060E-03   4.862098    
 -6.2662661E-03   4.951617    
 -6.2262267E-03   5.044197    
 -6.1861868E-03   5.139380    
 -6.1461474E-03   5.236437    
 -6.1061061E-03   5.334583    
 -6.0660662E-03   5.433319    
 -6.0260268E-03   5.532531    
 -5.9859855E-03   5.632566    
 -5.9459456E-03   5.734087    
 -5.9059057E-03   5.837837    
 -5.8658645E-03   5.944383    
 -5.8258250E-03   6.053871    
 -5.7857851E-03   6.165890    
 -5.7457457E-03   6.279682    
 -5.7057058E-03   6.394237    
 -5.6656664E-03   6.508637    
 -5.6256251E-03   6.622502    
 -5.5855853E-03   6.736113    
 -5.5455458E-03   6.850371    
 -5.5055059E-03   6.966833    
 -5.4654665E-03   7.087337    
 -5.4254266E-03   7.213545    
 -5.3853854E-03   7.346742    
 -5.3453455E-03   7.487370    
 -5.3053042E-03   7.635280    
 -5.2652648E-03   7.789423    
 -5.2252249E-03   7.948442    
 -5.1851855E-03   8.110831    
 -5.1451442E-03   8.275215    
 -5.1051043E-03   8.440745    
 -5.0650649E-03   8.607107    
 -5.0250250E-03   8.774512    
 -4.9849856E-03   8.943747    
 -4.9449457E-03   9.115738    
 -4.9049044E-03   9.291732    
 -4.8648650E-03   9.472682    
 -4.8248251E-03   9.659528    
 -4.7847852E-03   9.852944    
 -4.7447458E-03   10.05335    
 -4.7047059E-03   10.26101    
 -4.6646646E-03   10.47603    
 -4.6246252E-03   10.69837    
 -4.5845839E-03   10.92809    
 -4.5445440E-03   11.16516    
 -4.5045046E-03   11.40957    
 -4.4644647E-03   11.66147    
 -4.4244234E-03   11.92108    
 -4.3843840E-03   12.18851    
 -4.3443441E-03   12.46407    
 -4.3043043E-03   12.74803    
 -4.2642648E-03   13.04071    
 -4.2242249E-03   13.34245    
 -4.1841837E-03   13.65356    
 -4.1441442E-03   13.97456    
 -4.1041044E-03   14.30581    
 -4.0640649E-03   14.64787    
 -4.0240251E-03   15.00120    
 -3.9839856E-03   15.36632    
 -3.9439443E-03   15.74362    
 -3.9039028E-03   16.13350    
 -3.8638632E-03   16.53630    
 -3.8238235E-03   16.95263    
 -3.7837839E-03   17.38321    
 -3.7437442E-03   17.82909    
 -3.7037029E-03   18.29162    
 -3.6636633E-03   18.77235    
 -3.6236236E-03   19.27273    
 -3.5835840E-03   19.79412    
 -3.5435441E-03   20.33719    
 -3.5035044E-03   20.90206    
 -3.4634632E-03   21.48840    
 -3.4234235E-03   22.09538    
 -3.3833839E-03   22.72253    
 -3.3433442E-03   23.36985    
 -3.3033045E-03   24.03866    
 -3.2632649E-03   24.73146    
 -3.2232220E-03   25.45228    
 -3.1831823E-03   26.20552    
 -3.1431427E-03   26.99628    
 -3.1031030E-03   27.82873    
 -3.0630634E-03   28.70609    
 -3.0230221E-03   29.63002    
 -2.9829824E-03   30.60094    
 -2.9429425E-03   31.61870    
 -2.9029029E-03   32.68335    
 -2.8628632E-03   33.79614    
 -2.8228236E-03   34.96025    
 -2.7827823E-03   36.18070    
 -2.7427427E-03   37.46387    
 -2.7027030E-03   38.81683    
 -2.6626633E-03   40.24602    
 -2.6226237E-03   41.75587    
 -2.5825840E-03   43.34851    
 -2.5425411E-03   45.02360    
 -2.5025015E-03   46.77843    
 -2.4624618E-03   48.61028    
 -2.4224222E-03   50.51696    
 -2.3823823E-03   52.49833    
 -2.3423426E-03   54.55684    
 -2.3023013E-03   56.69773    
 -2.2622617E-03   58.92762    
 -2.2222220E-03   61.25352    
 -2.1821824E-03   63.68165    
 -2.1421427E-03   66.21621    
 -2.1021031E-03   68.85922    
 -2.0620618E-03   71.61101    
 -2.0220221E-03   74.47146    
 -1.9819825E-03   77.44179    
 -1.9419427E-03   80.52535    
 -1.9019031E-03   83.72836    
 -1.8618618E-03   87.05968    
 -1.8218205E-03   90.52948    
 -1.7817809E-03   94.14693    
 -1.7417412E-03   97.91972    
 -1.7017014E-03   101.8513    
 -1.6616618E-03   105.9408    
 -1.6216221E-03   110.1844    
 -1.5815808E-03   114.5754    
 -1.5415412E-03   119.1073    
 -1.5015015E-03   123.7748    
 -1.4614618E-03   128.5751    
 -1.4214221E-03   133.5084    
 -1.3813825E-03   138.5765    
 -1.3413412E-03   143.7812    
 -1.3013015E-03   149.1220    
 -1.2612619E-03   154.5955    
 -1.2212221E-03   160.1938    
 -1.1811808E-03   165.9047    
 -1.1411412E-03   171.7128    
 -1.1010999E-03   177.6019    
 -1.0610602E-03   183.5544    
 -1.0210206E-03   189.5546    
 -9.8098093E-04   195.5875    
 -9.4094122E-04   201.6377    
 -9.0090150E-04   207.6885    
 -8.6086028E-04   213.7211    
 -8.2082057E-04   219.7112    
 -7.8078092E-04   225.6314    
 -7.4074120E-04   231.4512    
 -7.0070155E-04   237.1379    
 -6.6066184E-04   242.6599    
 -6.2062062E-04   247.9880    
 -5.8058091E-04   253.0966    
 -5.4054125E-04   257.9641    
 -5.0049997E-04   262.5729    
 -4.6046029E-04   266.9065    
 -4.2042061E-04   270.9500    
 -3.8037935E-04   274.6876    
 -3.4033967E-04   278.1020    
 -3.0029999E-04   281.1763    
 -2.6026031E-04   283.8940    
 -2.2022062E-04   286.2404    
 -1.8018094E-04   288.2042    
 -1.4013967E-04   289.7787    
 -1.0009999E-04   290.9592    
 -6.0060313E-05   291.7462    
 -2.0020632E-05   292.1424    
  2.0019048E-05   292.1367    
  6.0058730E-05   291.7459    
  1.0009999E-04   290.9592    
  1.4013967E-04   289.7787    
  1.8018094E-04   288.2042    
  2.2022062E-04   286.2404    
  2.6026031E-04   283.8940    
  3.0030156E-04   281.1762    
  3.4034124E-04   278.1019    
  3.8038092E-04   274.6875    
  4.2042061E-04   270.9500    
  4.6046029E-04   266.9065    
  5.0049997E-04   262.5729    
  5.4054125E-04   257.9641    
  5.8058091E-04   253.0966    
  6.2062062E-04   247.9880    
  6.6066027E-04   242.6600    
  7.0069998E-04   237.1382    
  7.4073963E-04   231.4514    
  7.8078092E-04   225.6314    
  8.2082057E-04   219.7112    
  8.6086185E-04   213.7209    
  9.0090150E-04   207.6885    
  9.4094122E-04   201.6377    
  9.8098093E-04   195.5876    
  1.0210221E-03   189.5544    
  1.0610619E-03   183.5542    
  1.1011015E-03   177.6016    
  1.1411412E-03   171.7128    
  1.1811808E-03   165.9047    
  1.2212206E-03   160.1941    
  1.2612619E-03   154.5955    
  1.3013015E-03   149.1220    
  1.3413412E-03   143.7812    
  1.3813808E-03   138.5767    
  1.4214205E-03   133.5087    
  1.4614603E-03   128.5753    
  1.5015015E-03   123.7748    
  1.5415427E-03   119.1071    
  1.5815825E-03   114.5753    
  1.6216221E-03   110.1844    
  1.6616618E-03   105.9408    
  1.7017014E-03   101.8512    
  1.7417427E-03   97.91962    
  1.7817824E-03   94.14680    
  1.8218221E-03   90.52934    
  1.8618618E-03   87.05969    
  1.9019014E-03   83.72844    
  1.9419411E-03   80.52544    
  1.9819825E-03   77.44178    
  2.0220221E-03   74.47147    
  2.0620618E-03   71.61100    
  2.1021015E-03   68.85936    
  2.1421411E-03   66.21631    
  2.1821808E-03   63.68176    
  2.2222237E-03   61.25341    
  2.2622633E-03   58.92751    
  2.3023030E-03   56.69764    
  2.3423426E-03   54.55684    
  2.3823823E-03   52.49832    
  2.4224222E-03   50.51695    
  2.4624632E-03   48.61022    
  2.5025031E-03   46.77840    
  2.5425428E-03   45.02353    
  2.5825824E-03   43.34861    
  2.6226221E-03   41.75594    
  2.6626617E-03   40.24605    
  2.7027030E-03   38.81683    
  2.7427427E-03   37.46387    
  2.7827823E-03   36.18069    
  2.8228220E-03   34.96031    
  2.8628616E-03   33.79624    
  2.9029029E-03   32.68335    
  2.9429442E-03   31.61863    
  2.9829838E-03   30.60092    
  3.0230237E-03   29.63000    
  3.0630634E-03   28.70609    
  3.1031030E-03   27.82873    
  3.1431427E-03   26.99628    
  3.1831840E-03   26.20551    
  3.2232236E-03   25.45221    
  3.2632633E-03   24.73152    
  3.3033029E-03   24.03867    
  3.3433426E-03   23.36987    
  3.3833822E-03   22.72254    
  3.4234235E-03   22.09538    
  3.4634632E-03   21.48840    
  3.5035030E-03   20.90210    
  3.5435427E-03   20.33723    
  3.5835840E-03   19.79412    
  3.6236253E-03   19.27272    
  3.6636649E-03   18.77232    
  3.7037046E-03   18.29163    
  3.7437442E-03   17.82909    
  3.7837839E-03   17.38321    
  3.8238235E-03   16.95263    
  3.8638648E-03   16.53628    
  3.9039045E-03   16.13344    
  3.9439443E-03   15.74362    
  3.9839838E-03   15.36634    
  4.0240237E-03   15.00121    
  4.0640631E-03   14.64788    
  4.1041044E-03   14.30581    
  4.1441442E-03   13.97456    
  4.1841837E-03   13.65356    
  4.2242236E-03   13.34244    
  4.2642648E-03   13.04071    
  4.3043043E-03   12.74803    
  4.3443455E-03   12.46405    
  4.3843854E-03   12.18848    
  4.4244253E-03   11.92105    
  4.4644647E-03   11.66147    
  4.5045046E-03   11.40958    
  4.5445440E-03   11.16516    
  4.5845853E-03   10.92810    
  4.6246252E-03   10.69837    
  4.6646646E-03   10.47603    
  4.7047045E-03   10.26102    
  4.7447439E-03   10.05335    
  4.7847838E-03   9.852957    
  4.8248251E-03   9.659532    
  4.8648650E-03   9.472682    
  4.9049044E-03   9.291734    
  4.9449457E-03   9.115737    
  4.9849856E-03   8.943745    
  5.0250250E-03   8.774510    
  5.0650663E-03   8.607091    
  5.1051062E-03   8.440742    
  5.1451456E-03   8.275221    
  5.1851855E-03   8.110830    
  5.2252249E-03   7.948444    
  5.2652648E-03   7.789423    
  5.3053061E-03   7.635275    
  5.3453455E-03   7.487369    
  5.3853854E-03   7.346742    
  5.4254252E-03   7.213550    
  5.4654647E-03   7.087327    
  5.5055046E-03   6.966847    
  5.5455458E-03   6.850370    
  5.5855853E-03   6.736113    
  5.6256265E-03   6.622526    
  5.6656664E-03   6.508635    
  5.7057058E-03   6.394236    
  5.7457457E-03   6.279679    
  5.7857870E-03   6.165895    
  5.8258264E-03   6.053868    
  5.8658663E-03   5.944386    
  5.9059057E-03   5.837835    
  5.9459456E-03   5.734087    
  5.9859855E-03   5.632565    
  6.0260268E-03   5.532530    
  6.0660662E-03   5.433320    
  6.1061061E-03   5.334583    
  6.1461455E-03   5.236436    
  6.1861854E-03   5.139390    
  6.2262248E-03   5.044205    
  6.2662661E-03   4.951618    
  6.3063060E-03   4.862098    
  6.3463473E-03   4.775728    
  6.3863867E-03   4.692124    
  6.4264266E-03   4.610740    
  6.4664660E-03   4.530894    
  6.5065073E-03   4.452270    
  6.5465472E-03   4.374929    
  6.5865852E-03   4.299427    
  6.6266265E-03   4.226614    
  6.6666678E-03   4.157542    
  6.7067058E-03   4.092972    
  6.7467471E-03   4.033234    
  6.7867851E-03   3.978034    
  6.8268264E-03   3.926466    
  6.8668677E-03   3.877267    
  6.9069057E-03   3.829057    
  6.9469470E-03   3.780689    
  6.9869854E-03   3.731466    
  7.0270267E-03   3.681289    
  7.0670675E-03   3.630487    
  7.1071088E-03   3.579749    
  7.1471473E-03   3.529741    
  7.1871886E-03   3.480924    
  7.2272266E-03   3.433454    
  7.2672679E-03   3.387053    
  7.3073092E-03   3.341236    
  7.3473472E-03   3.295533    
  7.3873885E-03   3.249570    
  7.4274265E-03   3.203387    
  7.4674678E-03   3.157458    
  7.5075058E-03   3.112540    
  7.5475471E-03   3.069595    
  7.5875884E-03   3.029537    
  7.6276264E-03   2.993062    
  7.6676677E-03   2.960386    
  7.7077057E-03   2.931314    
  7.7477470E-03   2.905242    
  7.7877883E-03   2.881252    
  7.8278268E-03   2.858301    
  7.8678681E-03   2.835382    
  7.9079056E-03   2.811618    
  7.9479469E-03   2.786415    
  7.9879854E-03   2.759439    
  8.0280295E-03   2.730654    
  8.0680707E-03   2.700330    
  8.1081092E-03   2.668916    
  8.1481505E-03   2.637017    
  8.1881881E-03   2.605293    
  8.2282294E-03   2.574318    
  8.2682706E-03   2.544470    
  8.3083091E-03   2.515866    
  8.3483504E-03   2.488313    
  8.3883880E-03   2.461322    
  8.4284293E-03   2.434303    
  8.4684677E-03   2.406669    
  8.5085090E-03   2.378066    
  8.5485503E-03   2.348544    
  8.5885879E-03   2.318597    
  8.6286291E-03   2.289047    
  8.6686676E-03   2.261029    
  8.7087089E-03   2.235515    
  8.7487502E-03   2.213281    
  8.7887887E-03   2.194533    
  8.8288300E-03   2.178937    
  8.8688675E-03   2.165629    
  8.9089088E-03   2.153475    
  8.9489473E-03   2.141316    
  8.9889886E-03   2.128309    
  9.0290299E-03   2.114055    
  9.0690674E-03   2.098626    
  9.1091087E-03   2.082566    
  9.1491472E-03   2.066570    
  9.1891885E-03   2.051213    
  9.2292298E-03   2.036798    
  9.2692673E-03   2.023222    
  9.3093086E-03   2.009921    
  9.3493471E-03   1.996160    
  9.3893912E-03   1.981211    
  9.4294297E-03   1.964565    
  9.4694709E-03   1.946153    
  9.5095122E-03   1.926274    
  9.5495498E-03   1.905567    
  9.5895911E-03   1.884703    
  9.6296296E-03   1.864217    
  9.6696708E-03   1.844319    
  9.7097121E-03   1.824840    
  9.7497497E-03   1.805283    
  9.7897910E-03   1.785073    
  9.8298294E-03   1.763715    
  9.8698707E-03   1.741111    
  9.9099092E-03   1.717585    
  9.9499505E-03   1.693859    
  9.9899918E-03   1.670891    
  1.0030029E-02   1.649675    
  1.0070071E-02   1.630904    
  1.0110109E-02   1.614853    
  1.0150150E-02   1.601375    
  1.0190192E-02   1.589831    
  1.0230229E-02   1.579471    
  1.0270271E-02   1.569503    
  1.0310309E-02   1.559368    
  1.0350350E-02   1.548849    
  1.0390388E-02   1.537993    
  1.0430429E-02   1.527033    
  1.0470470E-02   1.516263    
  1.0510509E-02   1.505799    
  1.0550550E-02   1.495564    
  1.0590588E-02   1.485196    
  1.0630629E-02   1.474283    
  1.0670670E-02   1.462388    
  1.0710709E-02   1.449263    
  1.0750750E-02   1.434919    
  1.0790791E-02   1.419636    
  1.0830833E-02   1.403876    
  1.0870874E-02   1.388181    
  1.0910912E-02   1.372920    
  1.0950953E-02   1.358328    
  1.0990991E-02   1.344359    
  1.1031033E-02   1.330775    
  1.1071071E-02   1.317305    
  1.1111112E-02   1.303751    
  1.1151154E-02   1.290110    
  1.1191191E-02   1.276575    
  1.1231232E-02   1.263508    
  1.1271271E-02   1.251315    
  1.1311312E-02   1.240300    
  1.1351353E-02   1.230558    
  1.1391391E-02   1.221888    
  1.1431432E-02   1.213898    
  1.1471471E-02   1.206021    
  1.1511512E-02   1.197764    
  1.1551550E-02   1.188824    
  1.1591591E-02   1.179129    
  1.1631632E-02   1.168928    
  1.1671671E-02   1.158641    
  1.1711712E-02   1.148768    
  1.1751750E-02   1.139772    
  1.1791791E-02   1.131855    
  1.1831832E-02   1.125035    
  1.1871871E-02   1.119104    
  1.1911912E-02   1.113698    
  1.1951950E-02   1.108441    
  1.1991992E-02   1.103025    
  1.2032029E-02   1.097227    
  1.2072071E-02   1.090952    
  1.2112112E-02   1.084179    
  1.2152153E-02   1.076869    
  1.2192194E-02   1.068944    
  1.2232233E-02   1.060273    
  1.2272274E-02   1.050703    
  1.2312315E-02   1.040137    
  1.2352353E-02   1.028593    
  1.2392394E-02   1.016283    
  1.2432433E-02   1.003603    
  1.2472474E-02  0.9910505    
  1.2512512E-02  0.9791678    
  1.2552553E-02  0.9683832    
  1.2592594E-02  0.9589317    
  1.2632633E-02  0.9507989    
  1.2672674E-02  0.9437401    
  1.2712711E-02  0.9373556    
  1.2752753E-02  0.9311931    
  1.2792794E-02  0.9248769    
  1.2832833E-02  0.9181721    
  1.2872874E-02  0.9110202    
  1.2912912E-02  0.9034917    
  1.2952953E-02  0.8956799    
  1.2992991E-02  0.8876961    
  1.3033032E-02  0.8795495    
  1.3073074E-02  0.8711025    
  1.3113112E-02  0.8622045    
  1.3153153E-02  0.8526744    
  1.3193191E-02  0.8424323    
  1.3233232E-02  0.8315772    
  1.3273274E-02  0.8203378    
  1.3313312E-02  0.8091370    
  1.3353353E-02  0.7984490    
  1.3393391E-02  0.7887110    
  1.3433432E-02  0.7802612    
  1.3473471E-02  0.7732150    
  1.3513515E-02  0.7675243    
  1.3553556E-02  0.7629635    
  1.3593595E-02  0.7592335    
  1.3633636E-02  0.7560034    
  1.3673673E-02  0.7529994    
  1.3713715E-02  0.7500305    
  1.3753756E-02  0.7469745    
  1.3793794E-02  0.7437821    
  1.3833836E-02  0.7403929    
  1.3873873E-02  0.7367399    
  1.3913915E-02  0.7327927    
  1.3953956E-02  0.7284628    
  1.3993994E-02  0.7237414    
  1.4034036E-02  0.7186630    
  1.4074074E-02  0.7133024    
  1.4114115E-02  0.7078304    
  1.4154153E-02  0.7024112    
  1.4194194E-02  0.6971974    
  1.4234236E-02  0.6922915    
  1.4274274E-02  0.6877140    
  1.4314315E-02  0.6834183    
  1.4354353E-02  0.6793255    
  1.4394394E-02  0.6753702    
  1.4434435E-02  0.6714810    
  1.4474474E-02  0.6676545    
  1.4514515E-02  0.6639195    
  1.4554553E-02  0.6602727    
  1.4594594E-02  0.6566970    
  1.4634633E-02  0.6531205    
  1.4674674E-02  0.6493846    
  1.4714715E-02  0.6453168    
  1.4754753E-02  0.6407763    
  1.4794794E-02  0.6356832    
  1.4834832E-02  0.6301179    
  1.4874876E-02  0.6242597    
  1.4914918E-02  0.6183976    
  1.4954956E-02  0.6128507    
  1.4994998E-02  0.6078752    
  1.5035035E-02  0.6035945    
  1.5075076E-02  0.5999494    
  1.5115115E-02  0.5967356    
  1.5155156E-02  0.5936388    
  1.5195197E-02  0.5903579    
  1.5235236E-02  0.5866619    
  1.5275277E-02  0.5825250    
  1.5315315E-02  0.5780824    
  1.5355356E-02  0.5736286    
  1.5395397E-02  0.5695444    
  1.5435436E-02  0.5661662    
  1.5475477E-02  0.5637227    
  1.5515515E-02  0.5622538    
  1.5555556E-02  0.5616278    
  1.5595594E-02  0.5615739    
  1.5635636E-02  0.5617377    
  1.5675677E-02  0.5618116    
  1.5715715E-02  0.5615812    
  1.5755756E-02  0.5609415    
  1.5795793E-02  0.5599109    
  1.5835835E-02  0.5585810    
  1.5875876E-02  0.5570629    
  1.5915915E-02  0.5554226    
  1.5955957E-02  0.5537156    
  1.5995994E-02  0.5519124    
  1.6036035E-02  0.5500055    
  1.6076073E-02  0.5479611    
  1.6116114E-02  0.5458013    
  1.6156156E-02  0.5435492    
  1.6196195E-02  0.5412586    
  1.6236238E-02  0.5389619    
  1.6276278E-02  0.5366240    
  1.6316317E-02  0.5341707    
  1.6356358E-02  0.5314918    
  1.6396398E-02  0.5284680    
  1.6436439E-02  0.5250243    
  1.6476477E-02  0.5212234    
  1.6516518E-02  0.5171593    
  1.6556555E-02  0.5130624    
  1.6596597E-02  0.5091403    
  1.6636638E-02  0.5055465    
  1.6676677E-02  0.5023093    
  1.6716719E-02  0.4992986    
  1.6756756E-02  0.4962441    
  1.6796798E-02  0.4928159    
  1.6836839E-02  0.4887089    
  1.6876876E-02  0.4837864    
  1.6916918E-02  0.4780772    
  1.6956955E-02  0.4718627    
  1.6996996E-02  0.4655585    
  1.7037036E-02  0.4596667    
  1.7077077E-02  0.4545984    
  1.7117118E-02  0.4505978    
  1.7157156E-02  0.4476547    
  1.7197197E-02  0.4455395    
  1.7237235E-02  0.4438417    
  1.7277276E-02  0.4421196    
  1.7317317E-02  0.4400223    
  1.7357357E-02  0.4373334    
  1.7397398E-02  0.4340943    
  1.7437436E-02  0.4304978    
  1.7477477E-02  0.4268281    
  1.7517515E-02  0.4233760    
  1.7557556E-02  0.4203206    
  1.7597601E-02  0.4176594    
  1.7637638E-02  0.4152456    
  1.7677680E-02  0.4128154    
  1.7717717E-02  0.4100993    
  1.7757758E-02  0.4068903    
  1.7797800E-02  0.4031252    
  1.7837839E-02  0.3988739    
  1.7877880E-02  0.3943631    
  1.7917918E-02  0.3898421    
  1.7957959E-02  0.3855675    
  1.7998001E-02  0.3817051    
  1.8038038E-02  0.3783399    
  1.8078079E-02  0.3754528    
  1.8118117E-02  0.3729779    
  1.8158158E-02  0.3708844    
  1.8198198E-02  0.3691469    
  1.8238239E-02  0.3677762    
  1.8278280E-02  0.3668239    
  1.8318318E-02  0.3663119    
  1.8358359E-02  0.3661904    
  1.8398397E-02  0.3663236    
  1.8438438E-02  0.3664999    
  1.8478479E-02  0.3665069    
  1.8518519E-02  0.3661395    
  1.8558560E-02  0.3653246    
  1.8598597E-02  0.3640967    
  1.8638639E-02  0.3626224    
  1.8678676E-02  0.3611324    
  1.8718718E-02  0.3598350    
  1.8758759E-02  0.3588655    
  1.8798796E-02  0.3581806    
  1.8838838E-02  0.3576051    
  1.8878877E-02  0.3568485    
  1.8918918E-02  0.3556135    
  1.8958962E-02  0.3536958    
  1.8999001E-02  0.3510513    
  1.9039042E-02  0.3478485    
  1.9079080E-02  0.3443889    
  1.9119121E-02  0.3410735    
  1.9159159E-02  0.3382603    
  1.9199200E-02  0.3361441    
  1.9239241E-02  0.3347224    
  1.9279279E-02  0.3337915    
  1.9319320E-02  0.3330086    
  1.9359360E-02  0.3320163    
  1.9399401E-02  0.3305509    
  1.9439442E-02  0.3285508    
  1.9479480E-02  0.3261764    
  1.9519521E-02  0.3237435    
  1.9559558E-02  0.3216686    
  1.9599600E-02  0.3202896    
  1.9639639E-02  0.3197988    
  1.9679680E-02  0.3201481    
  1.9719722E-02  0.3210909    
  1.9759759E-02  0.3221983    
  1.9799801E-02  0.3230473    
  1.9839838E-02  0.3232841    
  1.9879879E-02  0.3227486    
  1.9919921E-02  0.3214763    
  1.9959958E-02  0.3196847    
  2.0000000E-02  0.3176742    
