 -2.0000000E-02  0.6488131    
 -1.9959960E-02  0.6511635    
 -1.9919921E-02  0.6535043    
 -1.9879879E-02  0.6558911    
 -1.9839840E-02  0.6583385    
 -1.9799801E-02  0.6609079    
 -1.9759761E-02  0.6636106    
 -1.9719720E-02  0.6664909    
 -1.9679680E-02  0.6695592    
 -1.9639639E-02  0.6727926    
 -1.9599600E-02  0.6762021    
 -1.9559558E-02  0.6797671    
 -1.9519519E-02  0.6834485    
 -1.9479480E-02  0.6872079    
 -1.9439440E-02  0.6910106    
 -1.9399401E-02  0.6948076    
 -1.9359360E-02  0.6985703    
 -1.9319320E-02  0.7022579    
 -1.9279279E-02  0.7058456    
 -1.9239239E-02  0.7093298    
 -1.9199198E-02  0.7126855    
 -1.9159159E-02  0.7159492    
 -1.9119119E-02  0.7191215    
 -1.9079080E-02  0.7222327    
 -1.9039040E-02  0.7253149    
 -1.8998999E-02  0.7284016    
 -1.8958960E-02  0.7315189    
 -1.8918918E-02  0.7347240    
 -1.8878879E-02  0.7380133    
 -1.8838838E-02  0.7414216    
 -1.8798798E-02  0.7449593    
 -1.8758759E-02  0.7486207    
 -1.8718719E-02  0.7523982    
 -1.8678680E-02  0.7562785    
 -1.8638639E-02  0.7602490    
 -1.8598599E-02  0.7642921    
 -1.8558560E-02  0.7683741    
 -1.8518519E-02  0.7724874    
 -1.8478477E-02  0.7766265    
 -1.8438438E-02  0.7807795    
 -1.8398399E-02  0.7849593    
 -1.8358359E-02  0.7891718    
 -1.8318318E-02  0.7934489    
 -1.8278278E-02  0.7978075    
 -1.8238239E-02  0.8022769    
 -1.8198200E-02  0.8068914    
 -1.8158158E-02  0.8116794    
 -1.8118117E-02  0.8166502    
 -1.8078078E-02  0.8218223    
 -1.8038038E-02  0.8271998    
 -1.7997999E-02  0.8327574    
 -1.7957957E-02  0.8384752    
 -1.7917918E-02  0.8443063    
 -1.7877879E-02  0.8502188    
 -1.7837839E-02  0.8561460    
 -1.7797798E-02  0.8620362    
 -1.7757757E-02  0.8678207    
 -1.7717717E-02  0.8734503    
 -1.7677678E-02  0.8788932    
 -1.7637638E-02  0.8840991    
 -1.7597597E-02  0.8890614    
 -1.7557558E-02  0.8937764    
 -1.7517518E-02  0.8982578    
 -1.7477479E-02  0.9025375    
 -1.7437439E-02  0.9066718    
 -1.7397398E-02  0.9106971    
 -1.7357357E-02  0.9146906    
 -1.7317317E-02  0.9187081    
 -1.7277276E-02  0.9228236    
 -1.7237237E-02  0.9270833    
 -1.7197197E-02  0.9315391    
 -1.7157158E-02  0.9362158    
 -1.7117118E-02  0.9411367    
 -1.7077077E-02  0.9463016    
 -1.7037038E-02  0.9516967    
 -1.6996996E-02  0.9572774    
 -1.6956957E-02  0.9630234    
 -1.6916918E-02  0.9688781    
 -1.6876876E-02  0.9747841    
 -1.6836837E-02  0.9806803    
 -1.6796798E-02  0.9865298    
 -1.6756758E-02  0.9922919    
 -1.6716717E-02  0.9979236    
 -1.6676677E-02   1.003402    
 -1.6636636E-02   1.008726    
 -1.6596597E-02   1.013899    
 -1.6556555E-02   1.018943    
 -1.6516516E-02   1.023864    
 -1.6476477E-02   1.028707    
 -1.6436437E-02   1.033514    
 -1.6396398E-02   1.038308    
 -1.6356356E-02   1.043130    
 -1.6316317E-02   1.048008    
 -1.6276278E-02   1.052961    
 -1.6236236E-02   1.058001    
 -1.6196197E-02   1.063147    
 -1.6156156E-02   1.068402    
 -1.6116116E-02   1.073726    
 -1.6076077E-02   1.079136    
 -1.6036035E-02   1.084608    
 -1.5995998E-02   1.090117    
 -1.5955957E-02   1.095655    
 -1.5915917E-02   1.101210    
 -1.5875876E-02   1.106767    
 -1.5835835E-02   1.112329    
 -1.5795795E-02   1.117895    
 -1.5755756E-02   1.123471    
 -1.5715716E-02   1.129071    
 -1.5675677E-02   1.134712    
 -1.5635636E-02   1.140423    
 -1.5595595E-02   1.146193    
 -1.5555556E-02   1.152061    
 -1.5515515E-02   1.158026    
 -1.5475477E-02   1.164098    
 -1.5435436E-02   1.170290    
 -1.5395395E-02   1.176586    
 -1.5355356E-02   1.183001    
 -1.5315315E-02   1.189522    
 -1.5275275E-02   1.196127    
 -1.5235236E-02   1.202824    
 -1.5195196E-02   1.209600    
 -1.5155156E-02   1.216458    
 -1.5115115E-02   1.223384    
 -1.5075075E-02   1.230381    
 -1.5035035E-02   1.237455    
 -1.4994996E-02   1.244610    
 -1.4954954E-02   1.251857    
 -1.4914915E-02   1.259199    
 -1.4874876E-02   1.266651    
 -1.4834835E-02   1.274213    
 -1.4794794E-02   1.281869    
 -1.4754754E-02   1.289629    
 -1.4714715E-02   1.297482    
 -1.4674676E-02   1.305407    
 -1.4634635E-02   1.313391    
 -1.4594594E-02   1.321387    
 -1.4554555E-02   1.329393    
 -1.4514515E-02   1.337363    
 -1.4474475E-02   1.345296    
 -1.4434434E-02   1.353145    
 -1.4394394E-02   1.360920    
 -1.4354355E-02   1.368618    
 -1.4314315E-02   1.376232    
 -1.4274274E-02   1.383789    
 -1.4234234E-02   1.391326    
 -1.4194194E-02   1.398845    
 -1.4154155E-02   1.406398    
 -1.4114115E-02   1.414027    
 -1.4074074E-02   1.421768    
 -1.4034034E-02   1.429661    
 -1.3993994E-02   1.437716    
 -1.3953955E-02   1.445964    
 -1.3913914E-02   1.454395    
 -1.3873873E-02   1.463034    
 -1.3833834E-02   1.471838    
 -1.3793794E-02   1.480783    
 -1.3753753E-02   1.489841    
 -1.3713714E-02   1.498973    
 -1.3673673E-02   1.508123    
 -1.3633634E-02   1.517272    
 -1.3593595E-02   1.526393    
 -1.3553553E-02   1.535428    
 -1.3513514E-02   1.544396    
 -1.3473473E-02   1.553277    
 -1.3433434E-02   1.562103    
 -1.3393395E-02   1.570889    
 -1.3353353E-02   1.579670    
 -1.3313313E-02   1.588505    
 -1.3273274E-02   1.597434    
 -1.3233233E-02   1.606505    
 -1.3193194E-02   1.615780    
 -1.3153153E-02   1.625294    
 -1.3113113E-02   1.635068    
 -1.3073074E-02   1.645129    
 -1.3033033E-02   1.655479    
 -1.2992993E-02   1.666106    
 -1.2952953E-02   1.676973    
 -1.2912912E-02   1.688060    
 -1.2872873E-02   1.699303    
 -1.2832833E-02   1.710667    
 -1.2792793E-02   1.722084    
 -1.2752753E-02   1.733539    
 -1.2712713E-02   1.744977    
 -1.2672673E-02   1.756366    
 -1.2632633E-02   1.767719    
 -1.2592593E-02   1.779032    
 -1.2552552E-02   1.790312    
 -1.2512513E-02   1.801611    
 -1.2472473E-02   1.812970    
 -1.2432433E-02   1.824426    
 -1.2392392E-02   1.836057    
 -1.2352353E-02   1.847895    
 -1.2312313E-02   1.859981    
 -1.2272272E-02   1.872367    
 -1.2232233E-02   1.885051    
 -1.2192192E-02   1.898060    
 -1.2152152E-02   1.911354    
 -1.2112113E-02   1.924933    
 -1.2072072E-02   1.938745    
 -1.2032033E-02   1.952731    
 -1.1991993E-02   1.966850    
 -1.1951951E-02   1.981041    
 -1.1911912E-02   1.995262    
 -1.1871872E-02   2.009422    
 -1.1831832E-02   2.023534    
 -1.1791792E-02   2.037567    
 -1.1751752E-02   2.051533    
 -1.1711712E-02   2.065429    
 -1.1671673E-02   2.079282    
 -1.1631632E-02   2.093159    
 -1.1591591E-02   2.107088    
 -1.1551552E-02   2.121186    
 -1.1511511E-02   2.135430    
 -1.1471472E-02   2.149965    
 -1.1431431E-02   2.164801    
 -1.1391391E-02   2.179989    
 -1.1351352E-02   2.195559    
 -1.1311312E-02   2.211557    
 -1.1271271E-02   2.227937    
 -1.1231231E-02   2.244739    
 -1.1191191E-02   2.261929    
 -1.1151151E-02   2.279496    
 -1.1111111E-02   2.297398    
 -1.1071071E-02   2.315634    
 -1.1031031E-02   2.334153    
 -1.0990991E-02   2.352956    
 -1.0950952E-02   2.372047    
 -1.0910911E-02   2.391414    
 -1.0870871E-02   2.411098    
 -1.0830831E-02   2.431092    
 -1.0790790E-02   2.451437    
 -1.0750751E-02   2.472161    
 -1.0710712E-02   2.493302    
 -1.0670670E-02   2.514874    
 -1.0630631E-02   2.536904    
 -1.0590591E-02   2.559388    
 -1.0550550E-02   2.582337    
 -1.0510511E-02   2.605716    
 -1.0470470E-02   2.629493    
 -1.0430430E-02   2.653664    
 -1.0390391E-02   2.678141    
 -1.0350351E-02   2.702900    
 -1.0310311E-02   2.727870    
 -1.0270271E-02   2.753023    
 -1.0230230E-02   2.778327    
 -1.0190190E-02   2.803756    
 -1.0150150E-02   2.829304    
 -1.0110110E-02   2.854972    
 -1.0070070E-02   2.880807    
 -1.0030030E-02   2.906833    
 -9.9899909E-03   2.933121    
 -9.9499505E-03   2.959704    
 -9.9099092E-03   2.986699    
 -9.8698698E-03   3.014140    
 -9.8298294E-03   3.042093    
 -9.7897900E-03   3.070621    
 -9.7497497E-03   3.099751    
 -9.7097093E-03   3.129473    
 -9.6696699E-03   3.159851    
 -9.6296305E-03   3.190818    
 -9.5895901E-03   3.222365    
 -9.5495498E-03   3.254454    
 -9.5095094E-03   3.286983    
 -9.4694691E-03   3.319917    
 -9.4294297E-03   3.353210    
 -9.3893902E-03   3.386781    
 -9.3493490E-03   3.420577    
 -9.3093095E-03   3.454561    
 -9.2692701E-03   3.488704    
 -9.2292288E-03   3.523003    
 -9.1891894E-03   3.557467    
 -9.1491491E-03   3.592073    
 -9.1091087E-03   3.626900    
 -9.0690693E-03   3.661984    
 -9.0290299E-03   3.697333    
 -8.9889895E-03   3.733037    
 -8.9489492E-03   3.769100    
 -8.9089097E-03   3.805609    
 -8.8688685E-03   3.842582    
 -8.8288290E-03   3.880054    
 -8.7887887E-03   3.918080    
 -8.7487483E-03   3.956644    
 -8.7087089E-03   3.995835    
 -8.6686695E-03   4.035626    
 -8.6286291E-03   4.076052    
 -8.5885888E-03   4.117169    
 -8.5485484E-03   4.158977    
 -8.5085081E-03   4.201534    
 -8.4684687E-03   4.244903    
 -8.4284293E-03   4.289094    
 -8.3883880E-03   4.334178    
 -8.3483486E-03   4.380190    
 -8.3083091E-03   4.427198    
 -8.2682688E-03   4.475184    
 -8.2282284E-03   4.524209    
 -8.1881871E-03   4.574256    
 -8.1481477E-03   4.625292    
 -8.1081083E-03   4.677290    
 -8.0680680E-03   4.730214    
 -8.0280276E-03   4.783978    
 -7.9879882E-03   4.838504    
 -7.9479478E-03   4.893715    
 -7.9079084E-03   4.949538    
 -7.8678681E-03   5.005855    
 -7.8278277E-03   5.062657    
 -7.7877874E-03   5.119880    
 -7.7477479E-03   5.177471    
 -7.7077076E-03   5.235467    
 -7.6676677E-03   5.293895    
 -7.6276283E-03   5.352821    
 -7.5875875E-03   5.412314    
 -7.5475480E-03   5.472435    
 -7.5075072E-03   5.533357    
 -7.4674669E-03   5.595150    
 -7.4274275E-03   5.657928    
 -7.3873876E-03   5.721792    
 -7.3473472E-03   5.786809    
 -7.3073073E-03   5.853090    
 -7.2672679E-03   5.920612    
 -7.2272271E-03   5.989406    
 -7.1871867E-03   6.059481    
 -7.1471473E-03   6.130776    
 -7.1071065E-03   6.203259    
 -7.0670671E-03   6.276889    
 -7.0270272E-03   6.351610    
 -6.9869868E-03   6.427410    
 -6.9469470E-03   6.504247    
 -6.9069075E-03   6.582155    
 -6.8668672E-03   6.661178    
 -6.8268264E-03   6.741403    
 -6.7867870E-03   6.822916    
 -6.7467466E-03   6.905867    
 -6.7067076E-03   6.990385    
 -6.6666664E-03   7.076705    
 -6.6266265E-03   7.164958    
 -6.5865871E-03   7.255332    
 -6.5465472E-03   7.348018    
 -6.5065073E-03   7.443119    
 -6.4664660E-03   7.540768    
 -6.4264266E-03   7.641019    
 -6.3863867E-03   7.743967    
 -6.3463454E-03   7.849596    
 -6.3063060E-03   7.957861    
 -6.2662661E-03   8.068741    
 -6.2262267E-03   8.182198    
 -6.1861868E-03   8.298166    
 -6.1461474E-03   8.416533    
 -6.1061061E-03   8.537328    
 -6.0660662E-03   8.660484    
 -6.0260268E-03   8.785993    
 -5.9859855E-03   8.913952    
 -5.9459456E-03   9.044354    
 -5.9059057E-03   9.177373    
 -5.8658645E-03   9.313116    
 -5.8258250E-03   9.451698    
 -5.7857851E-03   9.593301    
 -5.7457457E-03   9.738086    
 -5.7057058E-03   9.886223    
 -5.6656664E-03   10.03785    
 -5.6256251E-03   10.19308    
 -5.5855853E-03   10.35200    
 -5.5455458E-03   10.51471    
 -5.5055059E-03   10.68125    
 -5.4654665E-03   10.85164    
 -5.4254266E-03   11.02593    
 -5.3853854E-03   11.20413    
 -5.3453455E-03   11.38628    
 -5.3053042E-03   11.57244    
 -5.2652648E-03   11.76267    
 -5.2252249E-03   11.95710    
 -5.1851855E-03   12.15588    
 -5.1451442E-03   12.35921    
 -5.1051043E-03   12.56728    
 -5.0650649E-03   12.78036    
 -5.0250250E-03   12.99876    
 -4.9849856E-03   13.22276    
 -4.9449457E-03   13.45264    
 -4.9049044E-03   13.68872    
 -4.8648650E-03   13.93122    
 -4.8248251E-03   14.18045    
 -4.7847852E-03   14.43652    
 -4.7447458E-03   14.69964    
 -4.7047059E-03   14.96997    
 -4.6646646E-03   15.24762    
 -4.6246252E-03   15.53267    
 -4.5845839E-03   15.82524    
 -4.5445440E-03   16.12540    
 -4.5045046E-03   16.43333    
 -4.4644647E-03   16.74919    
 -4.4244234E-03   17.07321    
 -4.3843840E-03   17.40578    
 -4.3443441E-03   17.74713    
 -4.3043043E-03   18.09787    
 -4.2642648E-03   18.45840    
 -4.2242249E-03   18.82933    
 -4.1841837E-03   19.21126    
 -4.1441442E-03   19.60483    
 -4.1041044E-03   20.01067    
 -4.0640649E-03   20.42945    
 -4.0240251E-03   20.86174    
 -3.9839856E-03   21.30805    
 -3.9439443E-03   21.76899    
 -3.9039028E-03   22.24488    
 -3.8638632E-03   22.73609    
 -3.8238235E-03   23.24304    
 -3.7837839E-03   23.76594    
 -3.7437442E-03   24.30506    
 -3.7037029E-03   24.86079    
 -3.6636633E-03   25.43329    
 -3.6236236E-03   26.02303    
 -3.5835840E-03   26.63046    
 -3.5435441E-03   27.25609    
 -3.5035044E-03   27.90061    
 -3.4634632E-03   28.56487    
 -3.4234235E-03   29.24977    
 -3.3833839E-03   29.95641    
 -3.3433442E-03   30.68591    
 -3.3033045E-03   31.43959    
 -3.2632649E-03   32.21887    
 -3.2232220E-03   33.02513    
 -3.1831823E-03   33.85984    
 -3.1431427E-03   34.72440    
 -3.1031030E-03   35.62031    
 -3.0630634E-03   36.54905    
 -3.0230221E-03   37.51202    
 -2.9829824E-03   38.51052    
 -2.9429425E-03   39.54592    
 -2.9029029E-03   40.61961    
 -2.8628632E-03   41.73282    
 -2.8228236E-03   42.88714    
 -2.7827823E-03   44.08373    
 -2.7427427E-03   45.32405    
 -2.7027030E-03   46.60979    
 -2.6626633E-03   47.94249    
 -2.6226237E-03   49.32388    
 -2.5825840E-03   50.75579    
 -2.5425411E-03   52.24038    
 -2.5025015E-03   53.77931    
 -2.4624618E-03   55.37491    
 -2.4224222E-03   57.02935    
 -2.3823823E-03   58.74482    
 -2.3423426E-03   60.52369    
 -2.3023013E-03   62.36823    
 -2.2622617E-03   64.28052    
 -2.2222220E-03   66.26311    
 -2.1821824E-03   68.31813    
 -2.1421427E-03   70.44798    
 -2.1021031E-03   72.65486    
 -2.0620618E-03   74.94133    
 -2.0220221E-03   77.30951    
 -1.9819825E-03   79.76205    
 -1.9419427E-03   82.30120    
 -1.9019031E-03   84.92982    
 -1.8618618E-03   87.65040    
 -1.8218205E-03   90.46563    
 -1.7817809E-03   93.37795    
 -1.7417412E-03   96.39018    
 -1.7017014E-03   99.50454    
 -1.6616618E-03   102.7233    
 -1.6216221E-03   106.0484    
 -1.5815808E-03   109.4817    
 -1.5415412E-03   113.0235    
 -1.5015015E-03   116.6747    
 -1.4614618E-03   120.4346    
 -1.4214221E-03   124.3025    
 -1.3813825E-03   128.2763    
 -1.3413412E-03   132.3532    
 -1.3013015E-03   136.5291    
 -1.2612619E-03   140.7993    
 -1.2212221E-03   145.1578    
 -1.1811808E-03   149.5981    
 -1.1411412E-03   154.1120    
 -1.1010999E-03   158.6910    
 -1.0610602E-03   163.3250    
 -1.0210206E-03   168.0037    
 -9.8098093E-04   172.7154    
 -9.4094122E-04   177.4479    
 -9.0090150E-04   182.1880    
 -8.6086028E-04   186.9218    
 -8.2082057E-04   191.6338    
 -7.8078092E-04   196.3087    
 -7.4074120E-04   200.9298    
 -7.0070155E-04   205.4794    
 -6.6066184E-04   209.9396    
 -6.2062062E-04   214.2910    
 -5.8058091E-04   218.5139    
 -5.4054125E-04   222.5872    
 -5.0049997E-04   226.4908    
 -4.6046029E-04   230.2025    
 -4.2042061E-04   233.7012    
 -3.8037935E-04   236.9654    
 -3.4033967E-04   239.9742    
 -3.0029999E-04   242.7077    
 -2.6026031E-04   245.1462    
 -2.2022062E-04   247.2725    
 -1.8018094E-04   249.0706    
 -1.4013967E-04   250.5266    
 -1.0009999E-04   251.6289    
 -6.0060313E-05   252.3684    
 -2.0020632E-05   252.7413    
  2.0019048E-05   252.7384    
  6.0058730E-05   252.3683    
  1.0009999E-04   251.6289    
  1.4013967E-04   250.5266    
  1.8018094E-04   249.0706    
  2.2022062E-04   247.2725    
  2.6026031E-04   245.1463    
  3.0030156E-04   242.7073    
  3.4034124E-04   239.9742    
  3.8038092E-04   236.9652    
  4.2042061E-04   233.7012    
  4.6046029E-04   230.2025    
  5.0049997E-04   226.4908    
  5.4054125E-04   222.5873    
  5.8058091E-04   218.5139    
  6.2062062E-04   214.2910    
  6.6066027E-04   209.9397    
  7.0069998E-04   205.4797    
  7.4073963E-04   200.9299    
  7.8078092E-04   196.3087    
  8.2082057E-04   191.6338    
  8.6086185E-04   186.9215    
  9.0090150E-04   182.1880    
  9.4094122E-04   177.4479    
  9.8098093E-04   172.7153    
  1.0210221E-03   168.0036    
  1.0610619E-03   163.3248    
  1.1011015E-03   158.6908    
  1.1411412E-03   154.1120    
  1.1811808E-03   149.5982    
  1.2212206E-03   145.1581    
  1.2612619E-03   140.7993    
  1.3013015E-03   136.5291    
  1.3413412E-03   132.3532    
  1.3813808E-03   128.2766    
  1.4214205E-03   124.3028    
  1.4614603E-03   120.4348    
  1.5015015E-03   116.6747    
  1.5415427E-03   113.0234    
  1.5815825E-03   109.4815    
  1.6216221E-03   106.0484    
  1.6616618E-03   102.7233    
  1.7017014E-03   99.50454    
  1.7417427E-03   96.39001    
  1.7817824E-03   93.37791    
  1.8218221E-03   90.46549    
  1.8618618E-03   87.65040    
  1.9019014E-03   84.92994    
  1.9419411E-03   82.30135    
  1.9819825E-03   79.76205    
  2.0220221E-03   77.30950    
  2.0620618E-03   74.94135    
  2.1021015E-03   72.65493    
  2.1421411E-03   70.44807    
  2.1821808E-03   68.31826    
  2.2222237E-03   66.26306    
  2.2622633E-03   64.28050    
  2.3023030E-03   62.36813    
  2.3423426E-03   60.52369    
  2.3823823E-03   58.74482    
  2.4224222E-03   57.02935    
  2.4624632E-03   55.37479    
  2.5025031E-03   53.77924    
  2.5425428E-03   52.24027    
  2.5825824E-03   50.75587    
  2.6226221E-03   49.32393    
  2.6626617E-03   47.94256    
  2.7027030E-03   46.60979    
  2.7427427E-03   45.32404    
  2.7827823E-03   44.08373    
  2.8228220E-03   42.88719    
  2.8628616E-03   41.73293    
  2.9029029E-03   40.61961    
  2.9429442E-03   39.54586    
  2.9829838E-03   38.51048    
  3.0230237E-03   37.51197    
  3.0630634E-03   36.54905    
  3.1031030E-03   35.62031    
  3.1431427E-03   34.72440    
  3.1831840E-03   33.85982    
  3.2232236E-03   33.02513    
  3.2632633E-03   32.21891    
  3.3033029E-03   31.43964    
  3.3433426E-03   30.68596    
  3.3833822E-03   29.95642    
  3.4234235E-03   29.24977    
  3.4634632E-03   28.56487    
  3.5035030E-03   27.90063    
  3.5435427E-03   27.25609    
  3.5835840E-03   26.63047    
  3.6236253E-03   26.02301    
  3.6636649E-03   25.43327    
  3.7037046E-03   24.86077    
  3.7437442E-03   24.30506    
  3.7837839E-03   23.76593    
  3.8238235E-03   23.24305    
  3.8638648E-03   22.73605    
  3.9039045E-03   22.24484    
  3.9439443E-03   21.76899    
  3.9839838E-03   21.30806    
  4.0240237E-03   20.86174    
  4.0640631E-03   20.42946    
  4.1041044E-03   20.01067    
  4.1441442E-03   19.60484    
  4.1841837E-03   19.21125    
  4.2242236E-03   18.82934    
  4.2642648E-03   18.45840    
  4.3043043E-03   18.09786    
  4.3443455E-03   17.74715    
  4.3843854E-03   17.40574    
  4.4244253E-03   17.07324    
  4.4644647E-03   16.74918    
  4.5045046E-03   16.43332    
  4.5445440E-03   16.12539    
  4.5845853E-03   15.82523    
  4.6246252E-03   15.53266    
  4.6646646E-03   15.24762    
  4.7047045E-03   14.96999    
  4.7447439E-03   14.69964    
  4.7847838E-03   14.43652    
  4.8248251E-03   14.18045    
  4.8648650E-03   13.93122    
  4.9049044E-03   13.68872    
  4.9449457E-03   13.45265    
  4.9849856E-03   13.22276    
  5.0250250E-03   12.99876    
  5.0650663E-03   12.78037    
  5.1051062E-03   12.56728    
  5.1451456E-03   12.35920    
  5.1851855E-03   12.15588    
  5.2252249E-03   11.95711    
  5.2652648E-03   11.76267    
  5.3053061E-03   11.57243    
  5.3453455E-03   11.38628    
  5.3853854E-03   11.20413    
  5.4254252E-03   11.02594    
  5.4654647E-03   10.85164    
  5.5055046E-03   10.68125    
  5.5455458E-03   10.51470    
  5.5855853E-03   10.35200    
  5.6256265E-03   10.19305    
  5.6656664E-03   10.03785    
  5.7057058E-03   9.886220    
  5.7457457E-03   9.738083    
  5.7857870E-03   9.593294    
  5.8258264E-03   9.451688    
  5.8658663E-03   9.313104    
  5.9059057E-03   9.177376    
  5.9459456E-03   9.044353    
  5.9859855E-03   8.913947    
  6.0260268E-03   8.785993    
  6.0660662E-03   8.660485    
  6.1061061E-03   8.537331    
  6.1461455E-03   8.416541    
  6.1861854E-03   8.298163    
  6.2262248E-03   8.182206    
  6.2662661E-03   8.068739    
  6.3063060E-03   7.957865    
  6.3463473E-03   7.849593    
  6.3863867E-03   7.743965    
  6.4264266E-03   7.641023    
  6.4664660E-03   7.540769    
  6.5065073E-03   7.443117    
  6.5465472E-03   7.348017    
  6.5865852E-03   7.255348    
  6.6266265E-03   7.164956    
  6.6666678E-03   7.076693    
  6.7067058E-03   6.990402    
  6.7467471E-03   6.905857    
  6.7867851E-03   6.822921    
  6.8268264E-03   6.741405    
  6.8668677E-03   6.661181    
  6.9069057E-03   6.582159    
  6.9469470E-03   6.504249    
  6.9869854E-03   6.427403    
  7.0270267E-03   6.351613    
  7.0670675E-03   6.276895    
  7.1071088E-03   6.203260    
  7.1471473E-03   6.130777    
  7.1871886E-03   6.059479    
  7.2272266E-03   5.989412    
  7.2672679E-03   5.920612    
  7.3073092E-03   5.853094    
  7.3473472E-03   5.786812    
  7.3873885E-03   5.721800    
  7.4274265E-03   5.657935    
  7.4674678E-03   5.595146    
  7.5075058E-03   5.533351    
  7.5475471E-03   5.472439    
  7.5875884E-03   5.412293    
  7.6276264E-03   5.352809    
  7.6676677E-03   5.293894    
  7.7077057E-03   5.235471    
  7.7477470E-03   5.177476    
  7.7877883E-03   5.119865    
  7.8278268E-03   5.062663    
  7.8678681E-03   5.005852    
  7.9079056E-03   4.949540    
  7.9479469E-03   4.893711    
  7.9879854E-03   4.838506    
  8.0280295E-03   4.783974    
  8.0680707E-03   4.730209    
  8.1081092E-03   4.677294    
  8.1481505E-03   4.625282    
  8.1881881E-03   4.574237    
  8.2282294E-03   4.524205    
  8.2682706E-03   4.475184    
  8.3083091E-03   4.427196    
  8.3483504E-03   4.380191    
  8.3883880E-03   4.334178    
  8.4284293E-03   4.289092    
  8.4684677E-03   4.244908    
  8.5085090E-03   4.201543    
  8.5485503E-03   4.158968    
  8.5885879E-03   4.117157    
  8.6286291E-03   4.076049    
  8.6686676E-03   4.035621    
  8.7087089E-03   3.995834    
  8.7487502E-03   3.956661    
  8.7887887E-03   3.918078    
  8.8288300E-03   3.880066    
  8.8688675E-03   3.842573    
  8.9089088E-03   3.805604    
  8.9489473E-03   3.769111    
  8.9889886E-03   3.733027    
  9.0290299E-03   3.697330    
  9.0690674E-03   3.661994    
  9.1091087E-03   3.626900    
  9.1491472E-03   3.592086    
  9.1891885E-03   3.557467    
  9.2292298E-03   3.523009    
  9.2692673E-03   3.488704    
  9.3093086E-03   3.454563    
  9.3493471E-03   3.420565    
  9.3893912E-03   3.386775    
  9.4294297E-03   3.353210    
  9.4694709E-03   3.319926    
  9.5095122E-03   3.286976    
  9.5495498E-03   3.254440    
  9.5895911E-03   3.222360    
  9.6296296E-03   3.190830    
  9.6696708E-03   3.159851    
  9.7097121E-03   3.129483    
  9.7497497E-03   3.099750    
  9.7897910E-03   3.070620    
  9.8298294E-03   3.042093    
  9.8698707E-03   3.014143    
  9.9099092E-03   2.986711    
  9.9499505E-03   2.959704    
  9.9899918E-03   2.933116    
  1.0030029E-02   2.906835    
  1.0070071E-02   2.880808    
  1.0110109E-02   2.854978    
  1.0150150E-02   2.829304    
  1.0190192E-02   2.803763    
  1.0230229E-02   2.778325    
  1.0270271E-02   2.753024    
  1.0310309E-02   2.727875    
  1.0350350E-02   2.702897    
  1.0390388E-02   2.678141    
  1.0430429E-02   2.653659    
  1.0470470E-02   2.629494    
  1.0510509E-02   2.605710    
  1.0550550E-02   2.582339    
  1.0590588E-02   2.559389    
  1.0630629E-02   2.536906    
  1.0670670E-02   2.514873    
  1.0710709E-02   2.493301    
  1.0750750E-02   2.472159    
  1.0790791E-02   2.451439    
  1.0830833E-02   2.431079    
  1.0870874E-02   2.411091    
  1.0910912E-02   2.391414    
  1.0950953E-02   2.372035    
  1.0990991E-02   2.352953    
  1.1031033E-02   2.334157    
  1.1071071E-02   2.315631    
  1.1111112E-02   2.297410    
  1.1151154E-02   2.279488    
  1.1191191E-02   2.261931    
  1.1231232E-02   2.244748    
  1.1271271E-02   2.227938    
  1.1311312E-02   2.211557    
  1.1351353E-02   2.195558    
  1.1391391E-02   2.179989    
  1.1431432E-02   2.164800    
  1.1471471E-02   2.149968    
  1.1511512E-02   2.135440    
  1.1551550E-02   2.121172    
  1.1591591E-02   2.107087    
  1.1631632E-02   2.093158    
  1.1671671E-02   2.079281    
  1.1711712E-02   2.065429    
  1.1751750E-02   2.051529    
  1.1791791E-02   2.037566    
  1.1831832E-02   2.023537    
  1.1871871E-02   2.009428    
  1.1911912E-02   1.995263    
  1.1951950E-02   1.981040    
  1.1991992E-02   1.966854    
  1.2032029E-02   1.952739    
  1.2072071E-02   1.938740    
  1.2112112E-02   1.924927    
  1.2152153E-02   1.911353    
  1.2192194E-02   1.898051    
  1.2232233E-02   1.885050    
  1.2272274E-02   1.872367    
  1.2312315E-02   1.859978    
  1.2352353E-02   1.847895    
  1.2392394E-02   1.836055    
  1.2432433E-02   1.824426    
  1.2472474E-02   1.812969    
  1.2512512E-02   1.801613    
  1.2552553E-02   1.790312    
  1.2592594E-02   1.779032    
  1.2632633E-02   1.767718    
  1.2672674E-02   1.756371    
  1.2712711E-02   1.744976    
  1.2752753E-02   1.733539    
  1.2792794E-02   1.722096    
  1.2832833E-02   1.710662    
  1.2872874E-02   1.699313    
  1.2912912E-02   1.688055    
  1.2952953E-02   1.676974    
  1.2992991E-02   1.666117    
  1.3033032E-02   1.655485    
  1.3073074E-02   1.645131    
  1.3113112E-02   1.635065    
  1.3153153E-02   1.625295    
  1.3193191E-02   1.615778    
  1.3233232E-02   1.606508    
  1.3273274E-02   1.597434    
  1.3313312E-02   1.588505    
  1.3353353E-02   1.579670    
  1.3393391E-02   1.570890    
  1.3433432E-02   1.562099    
  1.3473471E-02   1.553280    
  1.3513515E-02   1.544391    
  1.3553556E-02   1.535432    
  1.3593595E-02   1.526393    
  1.3633636E-02   1.517270    
  1.3673673E-02   1.508125    
  1.3713715E-02   1.498965    
  1.3753756E-02   1.489835    
  1.3793794E-02   1.480781    
  1.3833836E-02   1.471826    
  1.3873873E-02   1.463034    
  1.3913915E-02   1.454392    
  1.3953956E-02   1.445958    
  1.3993994E-02   1.437716    
  1.4034036E-02   1.429657    
  1.4074074E-02   1.421768    
  1.4114115E-02   1.414028    
  1.4154153E-02   1.406399    
  1.4194194E-02   1.398846    
  1.4234236E-02   1.391320    
  1.4274274E-02   1.383789    
  1.4314315E-02   1.376233    
  1.4354353E-02   1.368615    
  1.4394394E-02   1.360920    
  1.4434435E-02   1.353148    
  1.4474474E-02   1.345287    
  1.4514515E-02   1.337364    
  1.4554553E-02   1.329403    
  1.4594594E-02   1.321386    
  1.4634633E-02   1.313391    
  1.4674674E-02   1.305413    
  1.4714715E-02   1.297482    
  1.4754753E-02   1.289634    
  1.4794794E-02   1.281870    
  1.4834832E-02   1.274207    
  1.4874876E-02   1.266653    
  1.4914918E-02   1.259203    
  1.4954956E-02   1.251860    
  1.4994998E-02   1.244608    
  1.5035035E-02   1.237455    
  1.5075076E-02   1.230390    
  1.5115115E-02   1.223384    
  1.5155156E-02   1.216458    
  1.5195197E-02   1.209610    
  1.5235236E-02   1.202822    
  1.5275277E-02   1.196128    
  1.5315315E-02   1.189521    
  1.5355356E-02   1.183000    
  1.5395397E-02   1.176595    
  1.5435436E-02   1.170288    
  1.5475477E-02   1.164097    
  1.5515515E-02   1.158026    
  1.5555556E-02   1.152060    
  1.5595594E-02   1.146191    
  1.5635636E-02   1.140424    
  1.5675677E-02   1.134713    
  1.5715715E-02   1.129074    
  1.5755756E-02   1.123471    
  1.5795793E-02   1.117891    
  1.5835835E-02   1.112329    
  1.5875876E-02   1.106767    
  1.5915915E-02   1.101213    
  1.5955957E-02   1.095655    
  1.5995994E-02   1.090116    
  1.6036035E-02   1.084610    
  1.6076073E-02   1.079133    
  1.6116114E-02   1.073733    
  1.6156156E-02   1.068403    
  1.6196195E-02   1.063151    
  1.6236238E-02   1.058008    
  1.6276278E-02   1.052961    
  1.6316317E-02   1.048009    
  1.6356358E-02   1.043126    
  1.6396398E-02   1.038308    
  1.6436439E-02   1.033514    
  1.6476477E-02   1.028706    
  1.6516518E-02   1.023861    
  1.6556555E-02   1.018943    
  1.6596597E-02   1.013898    
  1.6636638E-02   1.008726    
  1.6676677E-02   1.003403    
  1.6716719E-02  0.9979209    
  1.6756756E-02  0.9922998    
  1.6796798E-02  0.9865295    
  1.6836839E-02  0.9806828    
  1.6876876E-02  0.9747835    
  1.6916918E-02  0.9688764    
  1.6956955E-02  0.9630295    
  1.6996996E-02  0.9572763    
  1.7037036E-02  0.9516950    
  1.7077077E-02  0.9463008    
  1.7117118E-02  0.9411361    
  1.7157156E-02  0.9362171    
  1.7197197E-02  0.9315383    
  1.7237235E-02  0.9270837    
  1.7277276E-02  0.9228234    
  1.7317317E-02  0.9187084    
  1.7357357E-02  0.9146900    
  1.7397398E-02  0.9106979    
  1.7437436E-02  0.9066718    
  1.7477477E-02  0.9025426    
  1.7517515E-02  0.8982609    
  1.7557556E-02  0.8937776    
  1.7597601E-02  0.8890640    
  1.7637638E-02  0.8840985    
  1.7677680E-02  0.8788927    
  1.7717717E-02  0.8734518    
  1.7757758E-02  0.8678229    
  1.7797800E-02  0.8620331    
  1.7837839E-02  0.8561455    
  1.7877880E-02  0.8502196    
  1.7917918E-02  0.8443059    
  1.7957959E-02  0.8384708    
  1.7998001E-02  0.8327634    
  1.8038038E-02  0.8272005    
  1.8078079E-02  0.8218170    
  1.8118117E-02  0.8166496    
  1.8158158E-02  0.8116793    
  1.8198198E-02  0.8068886    
  1.8238239E-02  0.8022773    
  1.8278280E-02  0.7978055    
  1.8318318E-02  0.7934490    
  1.8358359E-02  0.7891727    
  1.8398397E-02  0.7849539    
  1.8438438E-02  0.7807795    
  1.8478479E-02  0.7766224    
  1.8518519E-02  0.7724910    
  1.8558560E-02  0.7683745    
  1.8598597E-02  0.7642882    
  1.8638639E-02  0.7602482    
  1.8678676E-02  0.7562822    
  1.8718718E-02  0.7523926    
  1.8758759E-02  0.7486213    
  1.8798796E-02  0.7449603    
  1.8838838E-02  0.7414221    
  1.8878877E-02  0.7380186    
  1.8918918E-02  0.7347206    
  1.8958962E-02  0.7315260    
  1.8999001E-02  0.7283980    
  1.9039042E-02  0.7253126    
  1.9079080E-02  0.7222325    
  1.9119121E-02  0.7191212    
  1.9159159E-02  0.7159488    
  1.9199200E-02  0.7126961    
  1.9239241E-02  0.7093285    
  1.9279279E-02  0.7058450    
  1.9319320E-02  0.7022554    
  1.9359360E-02  0.6985701    
  1.9399401E-02  0.6948078    
  1.9439442E-02  0.6910039    
  1.9479480E-02  0.6872073    
  1.9519521E-02  0.6834497    
  1.9559558E-02  0.6797662    
  1.9599600E-02  0.6762025    
  1.9639639E-02  0.6727880    
  1.9679680E-02  0.6695583    
  1.9719722E-02  0.6664913    
  1.9759759E-02  0.6636153    
  1.9799801E-02  0.6609085    
  1.9839838E-02  0.6583384    
  1.9879879E-02  0.6558909    
  1.9919921E-02  0.6535048    
  1.9959958E-02  0.6511626    
  2.0000000E-02  0.6488134    
