 -2.0000000E-02  0.3143835    
 -1.9959960E-02  0.3158682    
 -1.9919921E-02  0.3172409    
 -1.9879879E-02  0.3183793    
 -1.9839840E-02  0.3192069    
 -1.9799801E-02  0.3197011    
 -1.9759761E-02  0.3199185    
 -1.9719720E-02  0.3199932    
 -1.9679680E-02  0.3200956    
 -1.9639639E-02  0.3203895    
 -1.9599600E-02  0.3210169    
 -1.9559558E-02  0.3220413    
 -1.9519519E-02  0.3234486    
 -1.9479480E-02  0.3251665    
 -1.9439440E-02  0.3271012    
 -1.9399401E-02  0.3291569    
 -1.9359360E-02  0.3312751    
 -1.9319320E-02  0.3334336    
 -1.9279279E-02  0.3356051    
 -1.9239239E-02  0.3377939    
 -1.9199198E-02  0.3399647    
 -1.9159159E-02  0.3420754    
 -1.9119119E-02  0.3440666    
 -1.9079080E-02  0.3458882    
 -1.9039040E-02  0.3475444    
 -1.8998999E-02  0.3490926    
 -1.8958960E-02  0.3506377    
 -1.8918918E-02  0.3523064    
 -1.8878879E-02  0.3542061    
 -1.8838838E-02  0.3563459    
 -1.8798798E-02  0.3586267    
 -1.8758759E-02  0.3608479    
 -1.8718719E-02  0.3627111    
 -1.8678680E-02  0.3639750    
 -1.8638639E-02  0.3644696    
 -1.8598599E-02  0.3642075    
 -1.8558560E-02  0.3634004    
 -1.8518519E-02  0.3624531    
 -1.8478477E-02  0.3618395    
 -1.8438438E-02  0.3620080    
 -1.8398399E-02  0.3632611    
 -1.8358359E-02  0.3656372    
 -1.8318318E-02  0.3689242    
 -1.8278278E-02  0.3727115    
 -1.8238239E-02  0.3764636    
 -1.8198200E-02  0.3797058    
 -1.8158158E-02  0.3821048    
 -1.8118117E-02  0.3835985    
 -1.8078078E-02  0.3843569    
 -1.8038038E-02  0.3847528    
 -1.7997999E-02  0.3852051    
 -1.7957957E-02  0.3860912    
 -1.7917918E-02  0.3876173    
 -1.7877879E-02  0.3897872    
 -1.7837839E-02  0.3924299    
 -1.7797798E-02  0.3952841    
 -1.7757757E-02  0.3980961    
 -1.7717717E-02  0.4007257    
 -1.7677678E-02  0.4032046    
 -1.7637638E-02  0.4057018    
 -1.7597597E-02  0.4085145    
 -1.7557558E-02  0.4118979    
 -1.7517518E-02  0.4160326    
 -1.7477479E-02  0.4209338    
 -1.7437439E-02  0.4264136    
 -1.7397398E-02  0.4322010    
 -1.7357357E-02  0.4379376    
 -1.7317317E-02  0.4433100    
 -1.7277276E-02  0.4481344    
 -1.7237237E-02  0.4523436    
 -1.7197197E-02  0.4560104    
 -1.7157158E-02  0.4592440    
 -1.7117118E-02  0.4621933    
 -1.7077077E-02  0.4649467    
 -1.7037038E-02  0.4675457    
 -1.6996996E-02  0.4700043    
 -1.6956957E-02  0.4723491    
 -1.6916918E-02  0.4746929    
 -1.6876876E-02  0.4771936    
 -1.6836837E-02  0.4800941    
 -1.6796798E-02  0.4836536    
 -1.6756758E-02  0.4880323    
 -1.6716717E-02  0.4932092    
 -1.6676677E-02  0.4990007    
 -1.6636636E-02  0.5050302    
 -1.6596597E-02  0.5108541    
 -1.6556555E-02  0.5160210    
 -1.6516516E-02  0.5202700    
 -1.6476477E-02  0.5235600    
 -1.6436437E-02  0.5260931    
 -1.6396398E-02  0.5282963    
 -1.6356356E-02  0.5306500    
 -1.6316317E-02  0.5335580    
 -1.6276278E-02  0.5372222    
 -1.6236236E-02  0.5415786    
 -1.6196197E-02  0.5463039    
 -1.6156156E-02  0.5509157    
 -1.6116116E-02  0.5548934    
 -1.6076077E-02  0.5578654    
 -1.6036035E-02  0.5596921    
 -1.5995998E-02  0.5604746    
 -1.5955957E-02  0.5605331    
 -1.5915917E-02  0.5602768    
 -1.5875876E-02  0.5600740    
 -1.5835835E-02  0.5601076    
 -1.5795795E-02  0.5603817    
 -1.5755756E-02  0.5607210    
 -1.5715716E-02  0.5608515    
 -1.5675677E-02  0.5605853    
 -1.5635636E-02  0.5599006    
 -1.5595595E-02  0.5589672    
 -1.5555556E-02  0.5582013    
 -1.5515515E-02  0.5580847    
 -1.5475477E-02  0.5590611    
 -1.5435436E-02  0.5613933    
 -1.5395395E-02  0.5650794    
 -1.5355356E-02  0.5698392    
 -1.5315315E-02  0.5751646    
 -1.5275275E-02  0.5805064    
 -1.5235236E-02  0.5853966    
 -1.5195196E-02  0.5896032    
 -1.5155156E-02  0.5931643    
 -1.5115115E-02  0.5963833    
 -1.5075075E-02  0.5997118    
 -1.5035035E-02  0.6036199    
 -1.4994996E-02  0.6084114    
 -1.4954954E-02  0.6141937    
 -1.4914915E-02  0.6208047    
 -1.4874876E-02  0.6278655    
 -1.4834835E-02  0.6349086    
 -1.4794794E-02  0.6414721    
 -1.4754754E-02  0.6472496    
 -1.4714715E-02  0.6520743    
 -1.4674676E-02  0.6560051    
 -1.4634635E-02  0.6591912    
 -1.4594594E-02  0.6618757    
 -1.4554555E-02  0.6642610    
 -1.4514515E-02  0.6665182    
 -1.4474475E-02  0.6687372    
 -1.4434434E-02  0.6710027    
 -1.4394394E-02  0.6733628    
 -1.4354355E-02  0.6759058    
 -1.4314315E-02  0.6787221    
 -1.4274274E-02  0.6818777    
 -1.4234234E-02  0.6854035    
 -1.4194194E-02  0.6892835    
 -1.4154155E-02  0.6934163    
 -1.4114115E-02  0.6976743    
 -1.4074074E-02  0.7019500    
 -1.4034034E-02  0.7062574    
 -1.3993994E-02  0.7107237    
 -1.3953955E-02  0.7156191    
 -1.3913914E-02  0.7212682    
 -1.3873873E-02  0.7279590    
 -1.3833834E-02  0.7357908    
 -1.3793794E-02  0.7446220    
 -1.3753753E-02  0.7539830    
 -1.3713714E-02  0.7631403    
 -1.3673673E-02  0.7713079    
 -1.3633634E-02  0.7777334    
 -1.3593595E-02  0.7819950    
 -1.3553553E-02  0.7840804    
 -1.3513514E-02  0.7844820    
 -1.3473473E-02  0.7840884    
 -1.3433434E-02  0.7840073    
 -1.3393395E-02  0.7853763    
 -1.3353353E-02  0.7890323    
 -1.3313313E-02  0.7953973    
 -1.3273274E-02  0.8043911    
 -1.3233233E-02  0.8154741    
 -1.3193194E-02  0.8277937    
 -1.3153153E-02  0.8404233    
 -1.3113113E-02  0.8525708    
 -1.3073074E-02  0.8636843    
 -1.3033033E-02  0.8736048    
 -1.2992993E-02  0.8824923    
 -1.2952953E-02  0.8907151    
 -1.2912912E-02  0.8987145    
 -1.2872873E-02  0.9068847    
 -1.2832833E-02  0.9154626    
 -1.2792793E-02  0.9244740    
 -1.2752753E-02  0.9337898    
 -1.2712713E-02  0.9431791    
 -1.2672673E-02  0.9523939    
 -1.2632633E-02  0.9612248    
 -1.2592593E-02  0.9695942    
 -1.2552552E-02  0.9775189    
 -1.2512513E-02  0.9851189    
 -1.2472473E-02  0.9925900    
 -1.2432433E-02   1.000169    
 -1.2392392E-02   1.008079    
 -1.2352353E-02   1.016553    
 -1.2312313E-02   1.025737    
 -1.2272272E-02   1.035734    
 -1.2232233E-02   1.046502    
 -1.2192192E-02   1.057896    
 -1.2152152E-02   1.069641    
 -1.2112113E-02   1.081340    
 -1.2072072E-02   1.092576    
 -1.2032033E-02   1.102955    
 -1.1991993E-02   1.112177    
 -1.1951951E-02   1.120146    
 -1.1911912E-02   1.126976    
 -1.1871872E-02   1.132961    
 -1.1831832E-02   1.138568    
 -1.1791792E-02   1.144260    
 -1.1751752E-02   1.150439    
 -1.1711712E-02   1.157383    
 -1.1671673E-02   1.165157    
 -1.1631632E-02   1.173628    
 -1.1591591E-02   1.182606    
 -1.1551552E-02   1.191838    
 -1.1511511E-02   1.201128    
 -1.1471472E-02   1.210381    
 -1.1431431E-02   1.219665    
 -1.1391391E-02   1.229080    
 -1.1351352E-02   1.238791    
 -1.1311312E-02   1.248912    
 -1.1271271E-02   1.259501    
 -1.1231231E-02   1.270545    
 -1.1191191E-02   1.281996    
 -1.1151151E-02   1.293782    
 -1.1111111E-02   1.305887    
 -1.1071071E-02   1.318328    
 -1.1031031E-02   1.331196    
 -1.0990991E-02   1.344490    
 -1.0950952E-02   1.358199    
 -1.0910911E-02   1.372175    
 -1.0870871E-02   1.386164    
 -1.0830831E-02   1.399838    
 -1.0790790E-02   1.412899    
 -1.0750751E-02   1.425175    
 -1.0710712E-02   1.436639    
 -1.0670670E-02   1.447479    
 -1.0630631E-02   1.458013    
 -1.0590591E-02   1.468654    
 -1.0550550E-02   1.479697    
 -1.0510511E-02   1.491340    
 -1.0470470E-02   1.503513    
 -1.0430430E-02   1.515994    
 -1.0390391E-02   1.528557    
 -1.0350351E-02   1.540960    
 -1.0310311E-02   1.553221    
 -1.0270271E-02   1.565576    
 -1.0230230E-02   1.578490    
 -1.0190190E-02   1.592481    
 -1.0150150E-02   1.608058    
 -1.0110110E-02   1.625432    
 -1.0070070E-02   1.644489    
 -1.0030030E-02   1.664740    
 -9.9899909E-03   1.685536    
 -9.9499505E-03   1.706130    
 -9.9099092E-03   1.726015    
 -9.8698698E-03   1.745017    
 -9.8298294E-03   1.763356    
 -9.7897900E-03   1.781625    
 -9.7497497E-03   1.800528    
 -9.7097093E-03   1.820670    
 -9.6696699E-03   1.842307    
 -9.6296305E-03   1.865200    
 -9.5895901E-03   1.888700    
 -9.5495498E-03   1.911853    
 -9.5095094E-03   1.933672    
 -9.4694691E-03   1.953484    
 -9.4294297E-03   1.971026    
 -9.3893902E-03   1.986560    
 -9.3493490E-03   2.000780    
 -9.3093095E-03   2.014504    
 -9.2692701E-03   2.028488    
 -9.2292288E-03   2.043089    
 -9.1891894E-03   2.058264    
 -9.1491491E-03   2.073495    
 -9.1091087E-03   2.088110    
 -9.0690693E-03   2.101553    
 -9.0290299E-03   2.113622    
 -8.9889895E-03   2.124700    
 -8.9489492E-03   2.135639    
 -8.9089097E-03   2.147681    
 -8.8688685E-03   2.162036    
 -8.8288290E-03   2.179586    
 -8.7887887E-03   2.200625    
 -8.7487483E-03   2.224647    
 -8.7087089E-03   2.250587    
 -8.6686695E-03   2.277027    
 -8.6286291E-03   2.302594    
 -8.5885888E-03   2.326329    
 -8.5485484E-03   2.347992    
 -8.5085081E-03   2.368022    
 -8.4684687E-03   2.387480    
 -8.4284293E-03   2.407720    
 -8.3883880E-03   2.430015    
 -8.3483486E-03   2.455248    
 -8.3083091E-03   2.483706    
 -8.2682688E-03   2.515074    
 -8.2282284E-03   2.548538    
 -8.1881871E-03   2.583013    
 -8.1481477E-03   2.617426    
 -8.1081083E-03   2.650932    
 -8.0680680E-03   2.682979    
 -8.0280276E-03   2.713371    
 -7.9879882E-03   2.742244    
 -7.9479478E-03   2.769832    
 -7.9079084E-03   2.796569    
 -7.8678681E-03   2.822864    
 -7.8278277E-03   2.849168    
 -7.7877874E-03   2.876051    
 -7.7477479E-03   2.904086    
 -7.7077076E-03   2.933838    
 -7.6676677E-03   2.965821    
 -7.6276283E-03   3.000334    
 -7.5875875E-03   3.037432    
 -7.5475480E-03   3.076804    
 -7.5075072E-03   3.117936    
 -7.4674669E-03   3.160191    
 -7.4274275E-03   3.202974    
 -7.3873876E-03   3.245997    
 -7.3473472E-03   3.289256    
 -7.3073073E-03   3.333153    
 -7.2672679E-03   3.378203    
 -7.2272271E-03   3.424957    
 -7.1871867E-03   3.473659    
 -7.1471473E-03   3.524129    
 -7.1071065E-03   3.575768    
 -7.0670671E-03   3.627594    
 -7.0270272E-03   3.678653    
 -6.9869868E-03   3.728182    
 -6.9469470E-03   3.775990    
 -6.9069075E-03   3.822551    
 -6.8668672E-03   3.868997    
 -6.8268264E-03   3.916842    
 -6.7867870E-03   3.967699    
 -6.7467466E-03   4.022885    
 -6.7067076E-03   4.083161    
 -6.6666664E-03   4.148573    
 -6.6266265E-03   4.218554    
 -6.5865871E-03   4.292175    
 -6.5465472E-03   4.368371    
 -6.5065073E-03   4.446311    
 -6.4664660E-03   4.525603    
 -6.4264266E-03   4.606211    
 -6.3863867E-03   4.688611    
 -6.3463454E-03   4.773371    
 -6.3063060E-03   4.861040    
 -6.2662661E-03   4.951956    
 -6.2262267E-03   5.046236    
 -6.1861868E-03   5.143660    
 -6.1461474E-03   5.243800    
 -6.1061061E-03   5.346147    
 -6.0660662E-03   5.450076    
 -6.0260268E-03   5.554847    
 -5.9859855E-03   5.659714    
 -5.9459456E-03   5.763762    
 -5.9059057E-03   5.866110    
 -5.8658645E-03   5.966083    
 -5.8258250E-03   6.063193    
 -5.7857851E-03   6.157674    
 -5.7457457E-03   6.250491    
 -5.7057058E-03   6.343415    
 -5.6656664E-03   6.438771    
 -5.6256251E-03   6.539193    
 -5.5855853E-03   6.646896    
 -5.5455458E-03   6.763420    
 -5.5055059E-03   6.889165    
 -5.4654665E-03   7.023449    
 -5.4254266E-03   7.164559    
 -5.3853854E-03   7.310376    
 -5.3453455E-03   7.458918    
 -5.3053042E-03   7.608910    
 -5.2652648E-03   7.760026    
 -5.2252249E-03   7.912939    
 -5.1851855E-03   8.069084    
 -5.1451442E-03   8.229970    
 -5.1051043E-03   8.396708    
 -5.0650649E-03   8.569613    
 -5.0250250E-03   8.748085    
 -4.9849856E-03   8.930681    
 -4.9449457E-03   9.115734    
 -4.9049044E-03   9.301897    
 -4.8648650E-03   9.488509    
 -4.8248251E-03   9.676174    
 -4.7847852E-03   9.866292    
 -4.7447458E-03   10.06096    
 -4.7047059E-03   10.26223    
 -4.6646646E-03   10.47163    
 -4.6246252E-03   10.68970    
 -4.5845839E-03   10.91605    
 -4.5445440E-03   11.14967    
 -4.5045046E-03   11.38933    
 -4.4644647E-03   11.63435    
 -4.4244234E-03   11.88491    
 -4.3843840E-03   12.14221    
 -4.3443441E-03   12.40818    
 -4.3043043E-03   12.68503    
 -4.2642648E-03   12.97452    
 -4.2242249E-03   13.27752    
 -4.1841837E-03   13.59364    
 -4.1441442E-03   13.92144    
 -4.1041044E-03   14.25889    
 -4.0640649E-03   14.60410    
 -4.0240251E-03   14.95599    
 -3.9839856E-03   15.31462    
 -3.9439443E-03   15.68145    
 -3.9039028E-03   16.05897    
 -3.8638632E-03   16.44991    
 -3.8238235E-03   16.85695    
 -3.7837839E-03   17.28191    
 -3.7437442E-03   17.72562    
 -3.7037029E-03   18.18797    
 -3.6636633E-03   18.66839    
 -3.6236236E-03   19.16619    
 -3.5835840E-03   19.68132    
 -3.5435441E-03   20.21428    
 -3.5035044E-03   20.76628    
 -3.4634632E-03   21.33884    
 -3.4234235E-03   21.93327    
 -3.3833839E-03   22.55064    
 -3.3433442E-03   23.19123    
 -3.3033045E-03   23.85513    
 -3.2632649E-03   24.54237    
 -3.2232220E-03   25.25372    
 -3.1831823E-03   25.99094    
 -3.1431427E-03   26.75735    
 -3.1031030E-03   27.55749    
 -3.0630634E-03   28.39700    
 -3.0230221E-03   29.28190    
 -2.9829824E-03   30.21777    
 -2.9429425E-03   31.20964    
 -2.9029029E-03   32.26149    
 -2.8628632E-03   33.37635    
 -2.8228236E-03   34.55644    
 -2.7827823E-03   35.80371    
 -2.7427427E-03   37.11924    
 -2.7027030E-03   38.50405    
 -2.6626633E-03   39.95868    
 -2.6226237E-03   41.48278    
 -2.5825840E-03   43.07566    
 -2.5425411E-03   44.73621    
 -2.5025015E-03   46.46326    
 -2.4624618E-03   48.25718    
 -2.4224222E-03   50.11967    
 -2.3823823E-03   52.05488    
 -2.3423426E-03   54.06908    
 -2.3023013E-03   56.17016    
 -2.2622617E-03   58.36622    
 -2.2222220E-03   60.66502    
 -2.1821824E-03   63.07224    
 -2.1421427E-03   65.59125    
 -2.1021031E-03   68.22336    
 -2.0620618E-03   70.96860    
 -2.0220221E-03   73.82674    
 -1.9819825E-03   76.79916    
 -1.9419427E-03   79.88926    
 -1.9019031E-03   83.10267    
 -1.8618618E-03   86.44671    
 -1.8218205E-03   89.92841    
 -1.7817809E-03   93.55369    
 -1.7417412E-03   97.32600    
 -1.7017014E-03   101.2460    
 -1.6616618E-03   105.3122    
 -1.6216221E-03   109.5228    
 -1.5815808E-03   113.8772    
 -1.5415412E-03   118.3774    
 -1.5015015E-03   123.0297    
 -1.4614618E-03   127.8421    
 -1.4214221E-03   132.8233    
 -1.3813825E-03   137.9785    
 -1.3413412E-03   143.3075    
 -1.3013015E-03   148.8005    
 -1.2612619E-03   154.4395    
 -1.2212221E-03   160.1985    
 -1.1811808E-03   166.0475    
 -1.1411412E-03   171.9564    
 -1.1010999E-03   177.9001    
 -1.0610602E-03   183.8603    
 -1.0210206E-03   189.8278    
 -9.8098093E-04   195.8011    
 -9.4094122E-04   201.7815    
 -9.0090150E-04   207.7702    
 -8.6086028E-04   213.7633    
 -8.2082057E-04   219.7478    
 -7.8078092E-04   225.7023    
 -7.4074120E-04   231.5968    
 -7.0070155E-04   237.3961    
 -6.6066184E-04   243.0632    
 -6.2062062E-04   248.5625    
 -5.8058091E-04   253.8620    
 -5.4054125E-04   258.9340    
 -5.0049997E-04   263.7534    
 -4.6046029E-04   268.2954    
 -4.2042061E-04   272.5357    
 -3.8037935E-04   276.4471    
 -3.4033967E-04   280.0020    
 -3.0029999E-04   283.1743    
 -2.6026031E-04   285.9433    
 -2.2022062E-04   288.2955    
 -1.8018094E-04   290.2277    
 -1.4013967E-04   291.7459    
 -1.0009999E-04   292.8628    
 -6.0060313E-05   293.5956    
 -2.0020632E-05   293.9603    
  2.0019048E-05   293.9547    
  6.0058730E-05   293.5951    
  1.0009999E-04   292.8628    
  1.4013967E-04   291.7459    
  1.8018094E-04   290.2277    
  2.2022062E-04   288.2955    
  2.6026031E-04   285.9433    
  3.0030156E-04   283.1743    
  3.4034124E-04   280.0020    
  3.8038092E-04   276.4469    
  4.2042061E-04   272.5357    
  4.6046029E-04   268.2954    
  5.0049997E-04   263.7534    
  5.4054125E-04   258.9341    
  5.8058091E-04   253.8620    
  6.2062062E-04   248.5625    
  6.6066027E-04   243.0634    
  7.0069998E-04   237.3963    
  7.4073963E-04   231.5972    
  7.8078092E-04   225.7023    
  8.2082057E-04   219.7477    
  8.6086185E-04   213.7631    
  9.0090150E-04   207.7702    
  9.4094122E-04   201.7815    
  9.8098093E-04   195.8011    
  1.0210221E-03   189.8276    
  1.0610619E-03   183.8601    
  1.1011015E-03   177.8998    
  1.1411412E-03   171.9564    
  1.1811808E-03   166.0475    
  1.2212206E-03   160.1986    
  1.2612619E-03   154.4395    
  1.3013015E-03   148.8006    
  1.3413412E-03   143.3075    
  1.3813808E-03   137.9787    
  1.4214205E-03   132.8235    
  1.4614603E-03   127.8423    
  1.5015015E-03   123.0297    
  1.5415427E-03   118.3773    
  1.5815825E-03   113.8769    
  1.6216221E-03   109.5228    
  1.6616618E-03   105.3122    
  1.7017014E-03   101.2460    
  1.7417427E-03   97.32589    
  1.7817824E-03   93.55350    
  1.8218221E-03   89.92822    
  1.8618618E-03   86.44671    
  1.9019014E-03   83.10279    
  1.9419411E-03   79.88937    
  1.9819825E-03   76.79916    
  2.0220221E-03   73.82674    
  2.0620618E-03   70.96861    
  2.1021015E-03   68.22345    
  2.1421411E-03   65.59132    
  2.1821808E-03   63.07228    
  2.2222237E-03   60.66489    
  2.2622633E-03   58.36615    
  2.3023030E-03   56.17009    
  2.3423426E-03   54.06909    
  2.3823823E-03   52.05488    
  2.4224222E-03   50.11966    
  2.4624632E-03   48.25711    
  2.5025031E-03   46.46323    
  2.5425428E-03   44.73609    
  2.5825824E-03   43.07570    
  2.6226221E-03   41.48284    
  2.6626617E-03   39.95872    
  2.7027030E-03   38.50405    
  2.7427427E-03   37.11924    
  2.7827823E-03   35.80371    
  2.8228220E-03   34.55654    
  2.8628616E-03   33.37640    
  2.9029029E-03   32.26150    
  2.9429442E-03   31.20958    
  2.9829838E-03   30.21774    
  3.0230237E-03   29.28186    
  3.0630634E-03   28.39701    
  3.1031030E-03   27.55750    
  3.1431427E-03   26.75735    
  3.1831840E-03   25.99092    
  3.2232236E-03   25.25368    
  3.2632633E-03   24.54242    
  3.3033029E-03   23.85515    
  3.3433426E-03   23.19125    
  3.3833822E-03   22.55069    
  3.4234235E-03   21.93327    
  3.4634632E-03   21.33884    
  3.5035030E-03   20.76633    
  3.5435427E-03   20.21433    
  3.5835840E-03   19.68132    
  3.6236253E-03   19.16615    
  3.6636649E-03   18.66832    
  3.7037046E-03   18.18793    
  3.7437442E-03   17.72562    
  3.7837839E-03   17.28191    
  3.8238235E-03   16.85695    
  3.8638648E-03   16.44989    
  3.9039045E-03   16.05894    
  3.9439443E-03   15.68145    
  3.9839838E-03   15.31465    
  4.0240237E-03   14.95600    
  4.0640631E-03   14.60414    
  4.1041044E-03   14.25889    
  4.1441442E-03   13.92144    
  4.1841837E-03   13.59364    
  4.2242236E-03   13.27753    
  4.2642648E-03   12.97452    
  4.3043043E-03   12.68504    
  4.3443455E-03   12.40815    
  4.3843854E-03   12.14218    
  4.4244253E-03   11.88490    
  4.4644647E-03   11.63435    
  4.5045046E-03   11.38933    
  4.5445440E-03   11.14967    
  4.5845853E-03   10.91605    
  4.6246252E-03   10.68970    
  4.6646646E-03   10.47163    
  4.7047045E-03   10.26224    
  4.7447439E-03   10.06095    
  4.7847838E-03   9.866275    
  4.8248251E-03   9.676173    
  4.8648650E-03   9.488512    
  4.9049044E-03   9.301898    
  4.9449457E-03   9.115735    
  4.9849856E-03   8.930680    
  5.0250250E-03   8.748085    
  5.0650663E-03   8.569629    
  5.1051062E-03   8.396688    
  5.1451456E-03   8.229959    
  5.1851855E-03   8.069086    
  5.2252249E-03   7.912940    
  5.2652648E-03   7.760026    
  5.3053061E-03   7.608908    
  5.3453455E-03   7.458918    
  5.3853854E-03   7.310376    
  5.4254252E-03   7.164556    
  5.4654647E-03   7.023459    
  5.5055046E-03   6.889178    
  5.5455458E-03   6.763421    
  5.5855853E-03   6.646899    
  5.6256265E-03   6.539182    
  5.6656664E-03   6.438771    
  5.7057058E-03   6.343415    
  5.7457457E-03   6.250491    
  5.7857870E-03   6.157654    
  5.8258264E-03   6.063174    
  5.8658663E-03   5.966075    
  5.9059057E-03   5.866110    
  5.9459456E-03   5.763762    
  5.9859855E-03   5.659714    
  6.0260268E-03   5.554846    
  6.0660662E-03   5.450076    
  6.1061061E-03   5.346146    
  6.1461455E-03   5.243824    
  6.1861854E-03   5.143653    
  6.2262248E-03   5.046235    
  6.2662661E-03   4.951955    
  6.3063060E-03   4.861039    
  6.3463473E-03   4.773373    
  6.3863867E-03   4.688610    
  6.4264266E-03   4.606212    
  6.4664660E-03   4.525604    
  6.5065073E-03   4.446311    
  6.5465472E-03   4.368371    
  6.5865852E-03   4.292172    
  6.6266265E-03   4.218554    
  6.6666678E-03   4.148558    
  6.7067058E-03   4.083161    
  6.7467471E-03   4.022886    
  6.7867851E-03   3.967683    
  6.8268264E-03   3.916842    
  6.8668677E-03   3.868993    
  6.9069057E-03   3.822552    
  6.9469470E-03   3.775990    
  6.9869854E-03   3.728175    
  7.0270267E-03   3.678642    
  7.0670675E-03   3.627595    
  7.1071088E-03   3.575752    
  7.1471473E-03   3.524128    
  7.1871886E-03   3.473658    
  7.2272266E-03   3.424954    
  7.2672679E-03   3.378203    
  7.3073092E-03   3.333157    
  7.3473472E-03   3.289256    
  7.3873885E-03   3.246002    
  7.4274265E-03   3.202983    
  7.4674678E-03   3.160193    
  7.5075058E-03   3.117940    
  7.5475471E-03   3.076814    
  7.5875884E-03   3.037431    
  7.6276264E-03   3.000334    
  7.6676677E-03   2.965820    
  7.7077057E-03   2.933831    
  7.7477470E-03   2.904076    
  7.7877883E-03   2.876048    
  7.8278268E-03   2.849159    
  7.8678681E-03   2.822864    
  7.9079056E-03   2.796571    
  7.9479469E-03   2.769837    
  7.9879854E-03   2.742242    
  8.0280295E-03   2.713373    
  8.0680707E-03   2.682964    
  8.1081092E-03   2.650919    
  8.1481505E-03   2.617435    
  8.1881881E-03   2.583006    
  8.2282294E-03   2.548533    
  8.2682706E-03   2.515061    
  8.3083091E-03   2.483708    
  8.3483504E-03   2.455236    
  8.3883880E-03   2.430015    
  8.4284293E-03   2.407718    
  8.4684677E-03   2.387479    
  8.5085090E-03   2.368021    
  8.5485503E-03   2.347983    
  8.5885879E-03   2.326338    
  8.6286291E-03   2.302596    
  8.6686676E-03   2.277029    
  8.7087089E-03   2.250588    
  8.7487502E-03   2.224641    
  8.7887887E-03   2.200621    
  8.8288300E-03   2.179587    
  8.8688675E-03   2.162041    
  8.9089088E-03   2.147675    
  8.9489473E-03   2.135632    
  8.9889886E-03   2.124707    
  9.0290299E-03   2.113622    
  9.0690674E-03   2.101552    
  9.1091087E-03   2.088111    
  9.1491472E-03   2.073488    
  9.1891885E-03   2.058261    
  9.2292298E-03   2.043084    
  9.2692673E-03   2.028486    
  9.3093086E-03   2.014512    
  9.3493471E-03   2.000783    
  9.3893912E-03   1.986560    
  9.4294297E-03   1.971026    
  9.4694709E-03   1.953480    
  9.5095122E-03   1.933672    
  9.5495498E-03   1.911836    
  9.5895911E-03   1.888696    
  9.6296296E-03   1.865193    
  9.6696708E-03   1.842303    
  9.7097121E-03   1.820679    
  9.7497497E-03   1.800528    
  9.7897910E-03   1.781617    
  9.8298294E-03   1.763356    
  9.8698707E-03   1.745017    
  9.9099092E-03   1.726017    
  9.9499505E-03   1.706130    
  9.9899918E-03   1.685534    
  1.0030029E-02   1.664745    
  1.0070071E-02   1.644484    
  1.0110109E-02   1.625429    
  1.0150150E-02   1.608057    
  1.0190192E-02   1.592479    
  1.0230229E-02   1.578481    
  1.0270271E-02   1.565576    
  1.0310309E-02   1.553224    
  1.0350350E-02   1.540955    
  1.0390388E-02   1.528545    
  1.0430429E-02   1.516000    
  1.0470470E-02   1.503513    
  1.0510509E-02   1.491336    
  1.0550550E-02   1.479697    
  1.0590588E-02   1.468655    
  1.0630629E-02   1.458017    
  1.0670670E-02   1.447478    
  1.0710709E-02   1.436636    
  1.0750750E-02   1.425175    
  1.0790791E-02   1.412907    
  1.0830833E-02   1.399837    
  1.0870874E-02   1.386167    
  1.0910912E-02   1.372166    
  1.0950953E-02   1.358206    
  1.0990991E-02   1.344490    
  1.1031033E-02   1.331185    
  1.1071071E-02   1.318331    
  1.1111112E-02   1.305887    
  1.1151154E-02   1.293793    
  1.1191191E-02   1.281997    
  1.1231232E-02   1.270553    
  1.1271271E-02   1.259501    
  1.1311312E-02   1.248912    
  1.1351353E-02   1.238792    
  1.1391391E-02   1.229080    
  1.1431432E-02   1.219662    
  1.1471471E-02   1.210388    
  1.1511512E-02   1.201119    
  1.1551550E-02   1.191841    
  1.1591591E-02   1.182606    
  1.1631632E-02   1.173628    
  1.1671671E-02   1.165152    
  1.1711712E-02   1.157384    
  1.1751750E-02   1.150444    
  1.1791791E-02   1.144259    
  1.1831832E-02   1.138566    
  1.1871871E-02   1.132968    
  1.1911912E-02   1.126976    
  1.1951950E-02   1.120153    
  1.1991992E-02   1.112185    
  1.2032029E-02   1.102962    
  1.2072071E-02   1.092573    
  1.2112112E-02   1.081336    
  1.2152153E-02   1.069635    
  1.2192194E-02   1.057893    
  1.2232233E-02   1.046502    
  1.2272274E-02   1.035732    
  1.2312315E-02   1.025743    
  1.2352353E-02   1.016553    
  1.2392394E-02   1.008081    
  1.2432433E-02   1.000169    
  1.2472474E-02  0.9925851    
  1.2512512E-02  0.9851258    
  1.2552553E-02  0.9775167    
  1.2592594E-02  0.9695877    
  1.2632633E-02  0.9612250    
  1.2672674E-02  0.9523855    
  1.2712711E-02  0.9431754    
  1.2752753E-02  0.9337895    
  1.2792794E-02  0.9244766    
  1.2832833E-02  0.9154574    
  1.2872874E-02  0.9068862    
  1.2912912E-02  0.8987150    
  1.2952953E-02  0.8907149    
  1.2992991E-02  0.8824958    
  1.3033032E-02  0.8736076    
  1.3073074E-02  0.8636840    
  1.3113112E-02  0.8525680    
  1.3153153E-02  0.8404240    
  1.3193191E-02  0.8277905    
  1.3233232E-02  0.8154709    
  1.3273274E-02  0.8043913    
  1.3313312E-02  0.7953964    
  1.3353353E-02  0.7890323    
  1.3393391E-02  0.7853761    
  1.3433432E-02  0.7840120    
  1.3473471E-02  0.7840822    
  1.3513515E-02  0.7844828    
  1.3553556E-02  0.7840833    
  1.3593595E-02  0.7819948    
  1.3633636E-02  0.7777432    
  1.3673673E-02  0.7713080    
  1.3713715E-02  0.7631416    
  1.3753756E-02  0.7539788    
  1.3793794E-02  0.7446219    
  1.3833836E-02  0.7358065    
  1.3873873E-02  0.7279591    
  1.3913915E-02  0.7212709    
  1.3953956E-02  0.7156181    
  1.3993994E-02  0.7107239    
  1.4034036E-02  0.7062633    
  1.4074074E-02  0.7019500    
  1.4114115E-02  0.6976743    
  1.4154153E-02  0.6934168    
  1.4194194E-02  0.6892832    
  1.4234236E-02  0.6854121    
  1.4274274E-02  0.6818770    
  1.4314315E-02  0.6787214    
  1.4354353E-02  0.6759148    
  1.4394394E-02  0.6733625    
  1.4434435E-02  0.6710082    
  1.4474474E-02  0.6687425    
  1.4514515E-02  0.6665180    
  1.4554553E-02  0.6642575    
  1.4594594E-02  0.6618761    
  1.4634633E-02  0.6591999    
  1.4674674E-02  0.6560014    
  1.4714715E-02  0.6520742    
  1.4754753E-02  0.6472460    
  1.4794794E-02  0.6414722    
  1.4834832E-02  0.6349059    
  1.4874876E-02  0.6278706    
  1.4914918E-02  0.6208062    
  1.4954956E-02  0.6141946    
  1.4994998E-02  0.6084111    
  1.5035035E-02  0.6036202    
  1.5075076E-02  0.5997062    
  1.5115115E-02  0.5963839    
  1.5155156E-02  0.5931641    
  1.5195197E-02  0.5896007    
  1.5235236E-02  0.5853969    
  1.5275277E-02  0.5805030    
  1.5315315E-02  0.5751646    
  1.5355356E-02  0.5698394    
  1.5395397E-02  0.5650873    
  1.5435436E-02  0.5613936    
  1.5475477E-02  0.5590609    
  1.5515515E-02  0.5580850    
  1.5555556E-02  0.5582010    
  1.5595594E-02  0.5589696    
  1.5635636E-02  0.5599009    
  1.5675677E-02  0.5605857    
  1.5715715E-02  0.5608515    
  1.5755756E-02  0.5607207    
  1.5795793E-02  0.5603812    
  1.5835835E-02  0.5601075    
  1.5875876E-02  0.5600740    
  1.5915915E-02  0.5602755    
  1.5955957E-02  0.5605335    
  1.5995994E-02  0.5604733    
  1.6036035E-02  0.5596923    
  1.6076073E-02  0.5578703    
  1.6116114E-02  0.5548971    
  1.6156156E-02  0.5509158    
  1.6196195E-02  0.5463059    
  1.6236238E-02  0.5415745    
  1.6276278E-02  0.5372218    
  1.6316317E-02  0.5335525    
  1.6356358E-02  0.5306408    
  1.6396398E-02  0.5282964    
  1.6436439E-02  0.5260972    
  1.6476477E-02  0.5235602    
  1.6516518E-02  0.5202771    
  1.6556555E-02  0.5160213    
  1.6596597E-02  0.5108541    
  1.6636638E-02  0.5050319    
  1.6676677E-02  0.4990008    
  1.6716719E-02  0.4932072    
  1.6756756E-02  0.4880323    
  1.6796798E-02  0.4836537    
  1.6836839E-02  0.4800968    
  1.6876876E-02  0.4771935    
  1.6916918E-02  0.4746927    
  1.6956955E-02  0.4723533    
  1.6996996E-02  0.4700041    
  1.7037036E-02  0.4675460    
  1.7077077E-02  0.4649465    
  1.7117118E-02  0.4621929    
  1.7157156E-02  0.4592485    
  1.7197197E-02  0.4560103    
  1.7237235E-02  0.4523429    
  1.7277276E-02  0.4481340    
  1.7317317E-02  0.4433093    
  1.7357357E-02  0.4379367    
  1.7397398E-02  0.4322010    
  1.7437436E-02  0.4264173    
  1.7477477E-02  0.4209342    
  1.7517515E-02  0.4160351    
  1.7557556E-02  0.4118976    
  1.7597601E-02  0.4085122    
  1.7637638E-02  0.4057017    
  1.7677680E-02  0.4032048    
  1.7717717E-02  0.4007256    
  1.7757758E-02  0.3980969    
  1.7797800E-02  0.3952829    
  1.7837839E-02  0.3924299    
  1.7877880E-02  0.3897838    
  1.7917918E-02  0.3876175    
  1.7957959E-02  0.3860939    
  1.7998001E-02  0.3852051    
  1.8038038E-02  0.3847526    
  1.8078079E-02  0.3843593    
  1.8118117E-02  0.3835985    
  1.8158158E-02  0.3821050    
  1.8198198E-02  0.3797008    
  1.8238239E-02  0.3764637    
  1.8278280E-02  0.3727191    
  1.8318318E-02  0.3689246    
  1.8358359E-02  0.3656373    
  1.8398397E-02  0.3632638    
  1.8438438E-02  0.3620082    
  1.8478479E-02  0.3618393    
  1.8518519E-02  0.3624571    
  1.8558560E-02  0.3634005    
  1.8598597E-02  0.3642033    
  1.8638639E-02  0.3644695    
  1.8678676E-02  0.3639761    
  1.8718718E-02  0.3627135    
  1.8758759E-02  0.3608479    
  1.8798796E-02  0.3586329    
  1.8838838E-02  0.3563459    
  1.8878877E-02  0.3542061    
  1.8918918E-02  0.3523082    
  1.8958962E-02  0.3506346    
  1.8999001E-02  0.3490970    
  1.9039042E-02  0.3475470    
  1.9079080E-02  0.3458884    
  1.9119121E-02  0.3440628    
  1.9159159E-02  0.3420752    
  1.9199200E-02  0.3399672    
  1.9239241E-02  0.3377934    
  1.9279279E-02  0.3356051    
  1.9319320E-02  0.3334349    
  1.9359360E-02  0.3312748    
  1.9399401E-02  0.3291565    
  1.9439442E-02  0.3271009    
  1.9479480E-02  0.3251663    
  1.9519521E-02  0.3234510    
  1.9559558E-02  0.3220414    
  1.9599600E-02  0.3210170    
  1.9639639E-02  0.3203877    
  1.9679680E-02  0.3200955    
  1.9719722E-02  0.3199908    
  1.9759759E-02  0.3199177    
  1.9799801E-02  0.3197012    
  1.9839838E-02  0.3192083    
  1.9879879E-02  0.3183792    
  1.9919921E-02  0.3172410    
  1.9959958E-02  0.3158726    
  2.0000000E-02  0.3143834    
