 -3.9999999E-02  0.2424770    
 -3.9919920E-02  0.2427209    
 -3.9839841E-02  0.2438496    
 -3.9759759E-02  0.2458636    
 -3.9679680E-02  0.2486299    
 -3.9599601E-02  0.2518908    
 -3.9519522E-02  0.2553033    
 -3.9439440E-02  0.2585143    
 -3.9359361E-02  0.2612031    
 -3.9279278E-02  0.2631500    
 -3.9199200E-02  0.2642663    
 -3.9119117E-02  0.2646087    
 -3.9039038E-02  0.2643766    
 -3.8958959E-02  0.2638788    
 -3.8878880E-02  0.2634662    
 -3.8798802E-02  0.2634901    
 -3.8718719E-02  0.2642307    
 -3.8638640E-02  0.2658529    
 -3.8558558E-02  0.2683713    
 -3.8478479E-02  0.2716351    
 -3.8398396E-02  0.2753887    
 -3.8318317E-02  0.2792639    
 -3.8238239E-02  0.2828692    
 -3.8158160E-02  0.2858516    
 -3.8078081E-02  0.2879436    
 -3.7997998E-02  0.2890197    
 -3.7917919E-02  0.2891090    
 -3.7837837E-02  0.2884068    
 -3.7757758E-02  0.2872102    
 -3.7677675E-02  0.2859098    
 -3.7597597E-02  0.2848885    
 -3.7517518E-02  0.2844869    
 -3.7437439E-02  0.2849233    
 -3.7357360E-02  0.2862840    
 -3.7277278E-02  0.2884816    
 -3.7197199E-02  0.2912877    
 -3.7117120E-02  0.2943713    
 -3.7037037E-02  0.2973581    
 -3.6956955E-02  0.2998819    
 -3.6876876E-02  0.3016664    
 -3.6796797E-02  0.3025585    
 -3.6716718E-02  0.3025676    
 -3.6636636E-02  0.3018556    
 -3.6556557E-02  0.3007226    
 -3.6476478E-02  0.2995411    
 -3.6396399E-02  0.2987217    
 -3.6316317E-02  0.2986150    
 -3.6236234E-02  0.2994734    
 -3.6156155E-02  0.3014100    
 -3.6076076E-02  0.3043478    
 -3.5995997E-02  0.3080905    
 -3.5915915E-02  0.3122965    
 -3.5835836E-02  0.3165776    
 -3.5755757E-02  0.3205459    
 -3.5675678E-02  0.3238760    
 -3.5595596E-02  0.3263824    
 -3.5515513E-02  0.3280159    
 -3.5435434E-02  0.3288986    
 -3.5355356E-02  0.3292986    
 -3.5275277E-02  0.3295695    
 -3.5195194E-02  0.3300961    
 -3.5115115E-02  0.3312410    
 -3.5035037E-02  0.3332382    
 -3.4954958E-02  0.3362147    
 -3.4874879E-02  0.3401008    
 -3.4794796E-02  0.3446695    
 -3.4714714E-02  0.3495838    
 -3.4634635E-02  0.3544116    
 -3.4554552E-02  0.3587385    
 -3.4474473E-02  0.3621990    
 -3.4394395E-02  0.3645687    
 -3.4314316E-02  0.3657748    
 -3.4234237E-02  0.3659292    
 -3.4154154E-02  0.3653022    
 -3.4074076E-02  0.3642723    
 -3.3993993E-02  0.3632815    
 -3.3913914E-02  0.3627383    
 -3.3833835E-02  0.3629784    
 -3.3753753E-02  0.3641911    
 -3.3673674E-02  0.3663941    
 -3.3593595E-02  0.3694266    
 -3.3513516E-02  0.3730087    
 -3.3433434E-02  0.3767458    
 -3.3353355E-02  0.3802418    
 -3.3273272E-02  0.3831400    
 -3.3193193E-02  0.3852017    
 -3.3113111E-02  0.3863367    
 -3.3033032E-02  0.3866440    
 -3.2952953E-02  0.3863668    
 -3.2872874E-02  0.3858831    
 -3.2792795E-02  0.3856169    
 -3.2712713E-02  0.3859847    
 -3.2632634E-02  0.3872985    
 -3.2552555E-02  0.3897377    
 -3.2472473E-02  0.3932969    
 -3.2392394E-02  0.3977834    
 -3.2312311E-02  0.4028489    
 -3.2232232E-02  0.4080437    
 -3.2152154E-02  0.4128825    
 -3.2072071E-02  0.4169278    
 -3.1991996E-02  0.4198766    
 -3.1911913E-02  0.4215673    
 -3.1831834E-02  0.4220690    
 -3.1751752E-02  0.4216295    
 -3.1671669E-02  0.4206302    
 -3.1591590E-02  0.4195753    
 -3.1511512E-02  0.4189514    
 -3.1431433E-02  0.4191982    
 -3.1351354E-02  0.4206062    
 -3.1271271E-02  0.4232869    
 -3.1191191E-02  0.4271457    
 -3.1111112E-02  0.4319184    
 -3.1031029E-02  0.4371971    
 -3.0950954E-02  0.4425105    
 -3.0870872E-02  0.4474128    
 -3.0790791E-02  0.4515393    
 -3.0710712E-02  0.4546774    
 -3.0630630E-02  0.4568020    
 -3.0550551E-02  0.4580944    
 -3.0470472E-02  0.4588628    
 -3.0390391E-02  0.4595461    
 -3.0310312E-02  0.4605874    
 -3.0230230E-02  0.4623863    
 -3.0150151E-02  0.4652150    
 -3.0070070E-02  0.4691723    
 -2.9989991E-02  0.4741550    
 -2.9909909E-02  0.4798868    
 -2.9829830E-02  0.4859443    
 -2.9749751E-02  0.4918302    
 -2.9669670E-02  0.4970886    
 -2.9589588E-02  0.5013199    
 -2.9509509E-02  0.5043123    
 -2.9429430E-02  0.5060422    
 -2.9349351E-02  0.5066887    
 -2.9269271E-02  0.5066174    
 -2.9189188E-02  0.5063125    
 -2.9109109E-02  0.5062966    
 -2.9029030E-02  0.5070513    
 -2.8948950E-02  0.5089284    
 -2.8868867E-02  0.5120981    
 -2.8788788E-02  0.5165174    
 -2.8708709E-02  0.5219365    
 -2.8628631E-02  0.5279475    
 -2.8548548E-02  0.5340350    
 -2.8468467E-02  0.5396846    
 -2.8388388E-02  0.5444372    
 -2.8308310E-02  0.5480201    
 -2.8228231E-02  0.5503454    
 -2.8148148E-02  0.5515503    
 -2.8068068E-02  0.5519764    
 -2.7987989E-02  0.5521141    
 -2.7907910E-02  0.5525182    
 -2.7827827E-02  0.5537291    
 -2.7747747E-02  0.5561723    
 -2.7667668E-02  0.5600954    
 -2.7587589E-02  0.5655298    
 -2.7507506E-02  0.5722703    
 -2.7427427E-02  0.5799335    
 -2.7347347E-02  0.5879968    
 -2.7267268E-02  0.5958979    
 -2.7187189E-02  0.6031192    
 -2.7107107E-02  0.6092796    
 -2.7027028E-02  0.6141878    
 -2.6946947E-02  0.6178805    
 -2.6866868E-02  0.6206000    
 -2.6786789E-02  0.6227427    
 -2.6706707E-02  0.6248304    
 -2.6626626E-02  0.6273518    
 -2.6546547E-02  0.6307390    
 -2.6466466E-02  0.6352517    
 -2.6386388E-02  0.6409448    
 -2.6306307E-02  0.6476420    
 -2.6226226E-02  0.6549881    
 -2.6146147E-02  0.6624960    
 -2.6066067E-02  0.6696019    
 -2.5985986E-02  0.6758242    
 -2.5905905E-02  0.6807753    
 -2.5825825E-02  0.6842867    
 -2.5745746E-02  0.6864051    
 -2.5665667E-02  0.6874070    
 -2.5585586E-02  0.6877530    
 -2.5505506E-02  0.6879985    
 -2.5425427E-02  0.6887323    
 -2.5345346E-02  0.6904359    
 -2.5265265E-02  0.6934681    
 -2.5185186E-02  0.6979259    
 -2.5105104E-02  0.7036877    
 -2.5025025E-02  0.7104104    
 -2.4944946E-02  0.7175919    
 -2.4864865E-02  0.7246628    
 -2.4784785E-02  0.7310600    
 -2.4704706E-02  0.7363543    
 -2.4624625E-02  0.7402958    
 -2.4544545E-02  0.7428856    
 -2.4464466E-02  0.7443662    
 -2.4384385E-02  0.7451865    
 -2.4304304E-02  0.7459135    
 -2.4224225E-02  0.7471635    
 -2.4144145E-02  0.7495008    
 -2.4064066E-02  0.7533104    
 -2.3983985E-02  0.7587750    
 -2.3903903E-02  0.7658166    
 -2.3823824E-02  0.7741218    
 -2.3743745E-02  0.7831918    
 -2.3663664E-02  0.7924171    
 -2.3583584E-02  0.8012069    
 -2.3503505E-02  0.8090534    
 -2.3423424E-02  0.8156374    
 -2.3343345E-02  0.8209019    
 -2.3263264E-02  0.8250071    
 -2.3183182E-02  0.8283904    
 -2.3103103E-02  0.8315914    
 -2.3023022E-02  0.8352516    
 -2.2942943E-02  0.8399552    
 -2.2862863E-02  0.8461472    
 -2.2782782E-02  0.8540419    
 -2.2702703E-02  0.8636051    
 -2.2622624E-02  0.8745406    
 -2.2542542E-02  0.8863473    
 -2.2462461E-02  0.8983960    
 -2.2382382E-02  0.9100263    
 -2.2302302E-02  0.9206628    
 -2.2222223E-02  0.9299109    
 -2.2142142E-02  0.9376336    
 -2.2062061E-02  0.9439249    
 -2.1981983E-02  0.9491554    
 -2.1901904E-02  0.9538653    
 -2.1821821E-02  0.9586706    
 -2.1741742E-02  0.9641989    
 -2.1661662E-02  0.9709218    
 -2.1581581E-02  0.9791060    
 -2.1501502E-02  0.9887884    
 -2.1421423E-02  0.9996940    
 -2.1341341E-02   1.011371    
 -2.1261262E-02   1.023204    
 -2.1181181E-02   1.034553    
 -2.1101100E-02   1.044842    
 -2.1021022E-02   1.053690    
 -2.0940941E-02   1.060950    
 -2.0860860E-02   1.066777    
 -2.0780781E-02   1.071571    
 -2.0700702E-02   1.075948    
 -2.0620622E-02   1.080609    
 -2.0540541E-02   1.086264    
 -2.0460460E-02   1.093470    
 -2.0380380E-02   1.102574    
 -2.0300301E-02   1.113640    
 -2.0220220E-02   1.126408    
 -2.0140139E-02   1.140396    
 -2.0060061E-02   1.154906    
 -1.9979982E-02   1.169204    
 -1.9899901E-02   1.182579    
 -1.9819818E-02   1.194514    
 -1.9739740E-02   1.204752    
 -1.9659659E-02   1.213331    
 -1.9579580E-02   1.220587    
 -1.9499499E-02   1.227091    
 -1.9419419E-02   1.233581    
 -1.9339340E-02   1.240791    
 -1.9259261E-02   1.249349    
 -1.9179180E-02   1.259700    
 -1.9099100E-02   1.271963    
 -1.9019019E-02   1.285941    
 -1.8938938E-02   1.301196    
 -1.8858859E-02   1.317027    
 -1.8778780E-02   1.332673    
 -1.8698698E-02   1.347382    
 -1.8618619E-02   1.360591    
 -1.8538540E-02   1.371991    
 -1.8458458E-02   1.381586    
 -1.8378379E-02   1.389725    
 -1.8298298E-02   1.397030    
 -1.8218217E-02   1.404297    
 -1.8138139E-02   1.412364    
 -1.8058060E-02   1.422000    
 -1.7977979E-02   1.433739    
 -1.7897898E-02   1.447821    
 -1.7817819E-02   1.464118    
 -1.7737737E-02   1.482193    
 -1.7657658E-02   1.501331    
 -1.7577577E-02   1.520676    
 -1.7497497E-02   1.539378    
 -1.7417418E-02   1.556700    
 -1.7337339E-02   1.572206    
 -1.7257258E-02   1.585740    
 -1.7177178E-02   1.597542    
 -1.7097097E-02   1.608169    
 -1.7017016E-02   1.618418    
 -1.6936937E-02   1.629147    
 -1.6856859E-02   1.641226    
 -1.6776776E-02   1.655296    
 -1.6696697E-02   1.671746    
 -1.6616618E-02   1.690578    
 -1.6536538E-02   1.711465    
 -1.6456457E-02   1.733794    
 -1.6376374E-02   1.756757    
 -1.6296295E-02   1.779525    
 -1.6216217E-02   1.801365    
 -1.6136136E-02   1.821792    
 -1.6056055E-02   1.840659    
 -1.5975976E-02   1.858175    
 -1.5895896E-02   1.874878    
 -1.5815817E-02   1.891580    
 -1.5735736E-02   1.909182    
 -1.5655655E-02   1.928581    
 -1.5575575E-02   1.950468    
 -1.5495496E-02   1.975227    
 -1.5415415E-02   2.002851    
 -1.5335335E-02   2.032993    
 -1.5255257E-02   2.064914    
 -1.5175175E-02   2.097705    
 -1.5095096E-02   2.130363    
 -1.5015014E-02   2.161997    
 -1.4934934E-02   2.191945    
 -1.4854855E-02   2.219914    
 -1.4774775E-02   2.246002    
 -1.4694694E-02   2.270723    
 -1.4614615E-02   2.294875    
 -1.4534536E-02   2.319421    
 -1.4454454E-02   2.345353    
 -1.4374373E-02   2.373480    
 -1.4294295E-02   2.404302    
 -1.4214213E-02   2.437946    
 -1.4134134E-02   2.474103    
 -1.4054054E-02   2.512075    
 -1.3973974E-02   2.550915    
 -1.3893894E-02   2.589555    
 -1.3813815E-02   2.627011    
 -1.3733734E-02   2.662513    
 -1.3653653E-02   2.695667    
 -1.3573574E-02   2.726539    
 -1.3493493E-02   2.755618    
 -1.3413415E-02   2.783740    
 -1.3333333E-02   2.812005    
 -1.3253253E-02   2.841525    
 -1.3173174E-02   2.873311    
 -1.3093094E-02   2.908070    
 -1.3013015E-02   2.946093    
 -1.2932932E-02   2.987250    
 -1.2852853E-02   3.030936    
 -1.2772773E-02   3.076281    
 -1.2692691E-02   3.122224    
 -1.2612612E-02   3.167768    
 -1.2532532E-02   3.212098    
 -1.2452453E-02   3.254796    
 -1.2372374E-02   3.295882    
 -1.2292295E-02   3.335822    
 -1.2212212E-02   3.375519    
 -1.2132132E-02   3.416111    
 -1.2052054E-02   3.458799    
 -1.1971971E-02   3.504666    
 -1.1891891E-02   3.554457    
 -1.1811811E-02   3.608480    
 -1.1731729E-02   3.666525    
 -1.1651650E-02   3.727888    
 -1.1571570E-02   3.791497    
 -1.1491491E-02   3.856060    
 -1.1411412E-02   3.920303    
 -1.1331333E-02   3.983174    
 -1.1251250E-02   4.044024    
 -1.1171171E-02   4.102731    
 -1.1091092E-02   4.159746    
 -1.1011012E-02   4.215990    
 -1.0930933E-02   4.272761    
 -1.0850853E-02   4.331553    
 -1.0770771E-02   4.393723    
 -1.0690691E-02   4.460382    
 -1.0610608E-02   4.532156    
 -1.0530530E-02   4.609102    
 -1.0450450E-02   4.690760    
 -1.0370371E-02   4.776187    
 -1.0290288E-02   4.864119    
 -1.0210209E-02   4.953282    
 -1.0130130E-02   5.042543    
 -1.0050050E-02   5.131165    
 -9.9699711E-03   5.218998    
 -9.8898914E-03   5.306411    
 -9.8098088E-03   5.394410    
 -9.7297300E-03   5.484309    
 -9.6496502E-03   5.577708    
 -9.5695704E-03   5.676098    
 -9.4894916E-03   5.780685    
 -9.4094118E-03   5.892136    
 -9.3293292E-03   6.010507    
 -9.2492504E-03   6.135203    
 -9.1691678E-03   6.265053    
 -9.0890881E-03   6.398521    
 -9.0090092E-03   6.533985    
 -8.9289295E-03   6.670028    
 -8.8488469E-03   6.805618    
 -8.7687680E-03   6.940414    
 -8.6886883E-03   7.074812    
 -8.6086085E-03   7.209953    
 -8.5285297E-03   7.347479    
 -8.4484499E-03   7.489469    
 -8.3683673E-03   7.638012    
 -8.2882885E-03   7.794902    
 -8.2082087E-03   7.961458    
 -8.1281299E-03   8.138322    
 -8.0480501E-03   8.325295    
 -7.9679713E-03   8.521528    
 -7.8878887E-03   8.725616    
 -7.8078057E-03   8.935927    
 -7.7277264E-03   9.150879    
 -7.6476471E-03   9.369304    
 -7.5675678E-03   9.590652    
 -7.4874884E-03   9.815186    
 -7.4074059E-03   10.04396    
 -7.3273266E-03   10.27867    
 -7.2472473E-03   10.52156    
 -7.1671680E-03   10.77492    
 -7.0870882E-03   11.04089    
 -7.0070089E-03   11.32107    
 -6.9269263E-03   11.61628    
 -6.8468470E-03   11.92658    
 -6.7667677E-03   12.25112    
 -6.6866884E-03   12.58847    
 -6.6066091E-03   12.93693    
 -6.5265298E-03   13.29479    
 -6.4464440E-03   13.66078    
 -6.3663647E-03   14.03433    
 -6.2862854E-03   14.41587    
 -6.2062060E-03   14.80680    
 -6.1261267E-03   15.20935    
 -6.0460442E-03   15.62646    
 -5.9659649E-03   16.06127    
 -5.8858851E-03   16.51676    
 -5.8058058E-03   16.99542    
 -5.7257265E-03   17.49891    
 -5.6456472E-03   18.02773    
 -5.5655646E-03   18.58162    
 -5.4854853E-03   19.15938    
 -5.4054060E-03   19.75939    
 -5.3253267E-03   20.38000    
 -5.2452474E-03   21.02000    
 -5.1651681E-03   21.67915    
 -5.0850823E-03   22.35827    
 -5.0050030E-03   23.05943    
 -4.9249236E-03   23.78591    
 -4.8448443E-03   24.54198    
 -4.7647646E-03   25.33231    
 -4.6846853E-03   26.16170    
 -4.6046027E-03   27.03436    
 -4.5245234E-03   27.95348    
 -4.4444441E-03   28.92126    
 -4.3643648E-03   29.93855    
 -4.2842855E-03   31.00529    
 -4.2042062E-03   32.12052    
 -4.1241236E-03   33.28357    
 -4.0440443E-03   34.49368    
 -3.9639650E-03   35.75138    
 -3.8838855E-03   37.05856    
 -3.8038061E-03   38.41858    
 -3.7237236E-03   39.83621    
 -3.6436410E-03   41.31758    
 -3.5635617E-03   42.86901    
 -3.4834824E-03   44.49708    
 -3.4034029E-03   46.20747    
 -3.3233236E-03   48.00424    
 -3.2432443E-03   49.88983    
 -3.1631617E-03   51.86453    
 -3.0830824E-03   53.92675    
 -3.0030031E-03   56.07341    
 -2.9229235E-03   58.30093    
 -2.8428442E-03   60.60572    
 -2.7627649E-03   62.98503    
 -2.6826824E-03   65.43764    
 -2.6026031E-03   67.96404    
 -2.5225237E-03   70.56660    
 -2.4424442E-03   73.24903    
 -2.3623616E-03   76.01579    
 -2.2822823E-03   78.87022    
 -2.2021998E-03   81.81448    
 -2.1221205E-03   84.84743    
 -2.0420412E-03   87.96415    
 -1.9619619E-03   91.15566    
 -1.8818824E-03   94.40829    
 -1.8018030E-03   97.70477    
 -1.7217206E-03   101.0253    
 -1.6416411E-03   104.3485    
 -1.5615618E-03   107.6534    
 -1.4814824E-03   110.9213    
 -1.4014031E-03   114.1367    
 -1.3213237E-03   117.2883    
 -1.2412412E-03   120.3690    
 -1.1611618E-03   123.3754    
 -1.0810825E-03   126.3066    
 -1.0009999E-03   129.1626    
 -9.2092057E-04   131.9418    
 -8.4084121E-04   134.6389    
 -7.6075870E-04   137.2432    
 -6.8067934E-04   139.7370    
 -6.0059997E-04   142.0954    
 -5.2052061E-04   144.2863    
 -4.4044125E-04   146.2727    
 -3.6036188E-04   148.0135    
 -2.8027935E-04   149.4677    
 -2.0019998E-04   150.5970    
 -1.2012063E-04   151.3695    
 -4.0041265E-05   151.7605    
  4.0038096E-05   151.7612    
  1.2011746E-04   151.3698    
  2.0019998E-04   150.5970    
  2.8027935E-04   149.4677    
  3.6036188E-04   148.0135    
  4.4044125E-04   146.2727    
  5.2052061E-04   144.2863    
  6.0060312E-04   142.0953    
  6.8068248E-04   139.7369    
  7.6076185E-04   137.2431    
  8.4084121E-04   134.6389    
  9.2092057E-04   131.9418    
  1.0009999E-03   129.1627    
  1.0810825E-03   126.3066    
  1.1611618E-03   123.3754    
  1.2412412E-03   120.3690    
  1.3213205E-03   117.2884    
  1.4014000E-03   114.1368    
  1.4814793E-03   110.9214    
  1.5615618E-03   107.6534    
  1.6416411E-03   104.3485    
  1.7217237E-03   101.0252    
  1.8018030E-03   97.70478    
  1.8818824E-03   94.40829    
  1.9619619E-03   91.15567    
  2.0420442E-03   87.96403    
  2.1221237E-03   84.84731    
  2.2022030E-03   81.81436    
  2.2822823E-03   78.87022    
  2.3623616E-03   76.01579    
  2.4424412E-03   73.24923    
  2.5225237E-03   70.56660    
  2.6026031E-03   67.96403    
  2.6826824E-03   65.43764    
  2.7627617E-03   62.98512    
  2.8428410E-03   60.60582    
  2.9229205E-03   58.30106    
  3.0030031E-03   56.07341    
  3.0830854E-03   53.92664    
  3.1631649E-03   51.86445    
  3.2432443E-03   49.88983    
  3.3233236E-03   48.00425    
  3.4034029E-03   46.20746    
  3.4834854E-03   44.49700    
  3.5635647E-03   42.86893    
  3.6436443E-03   41.31749    
  3.7237236E-03   39.83621    
  3.8038029E-03   38.41862    
  3.8838822E-03   37.05861    
  3.9639650E-03   35.75138    
  4.0440443E-03   34.49368    
  4.1241236E-03   33.28357    
  4.2042029E-03   32.12061    
  4.2842822E-03   31.00530    
  4.3643615E-03   29.93861    
  4.4444473E-03   28.92120    
  4.5245267E-03   27.95344    
  4.6046060E-03   27.03429    
  4.6846853E-03   26.16170    
  4.7647646E-03   25.33231    
  4.8448443E-03   24.54198    
  4.9249264E-03   23.78589    
  5.0050062E-03   23.05940    
  5.0850855E-03   22.35828    
  5.1651648E-03   21.67920    
  5.2452441E-03   21.02004    
  5.3253234E-03   20.38001    
  5.4054060E-03   19.75939    
  5.4854853E-03   19.15938    
  5.5655646E-03   18.58162    
  5.6456439E-03   18.02776    
  5.7257232E-03   17.49891    
  5.8058058E-03   16.99542    
  5.8858884E-03   16.51676    
  5.9659677E-03   16.06124    
  6.0460474E-03   15.62646    
  6.1261267E-03   15.20935    
  6.2062060E-03   14.80680    
  6.2862854E-03   14.41587    
  6.3663679E-03   14.03433    
  6.4464472E-03   13.66078    
  6.5265265E-03   13.29479    
  6.6066058E-03   12.93694    
  6.6866851E-03   12.58849    
  6.7667644E-03   12.25113    
  6.8468470E-03   11.92658    
  6.9269263E-03   11.61628    
  7.0070061E-03   11.32106    
  7.0870854E-03   11.04089    
  7.1671680E-03   10.77492    
  7.2472505E-03   10.52155    
  7.3273298E-03   10.27867    
  7.4074091E-03   10.04394    
  7.4874884E-03   9.815186    
  7.5675678E-03   9.590650    
  7.6476471E-03   9.369303    
  7.7277296E-03   9.150875    
  7.8078089E-03   8.935918    
  7.8878887E-03   8.725616    
  7.9679675E-03   8.521530    
  8.0480473E-03   8.325301    
  8.1281262E-03   8.138320    
  8.2082087E-03   7.961457    
  8.2882885E-03   7.794901    
  8.3683673E-03   7.638011    
  8.4484471E-03   7.489471    
  8.5285297E-03   7.347479    
  8.6086085E-03   7.209955    
  8.6886911E-03   7.074802    
  8.7687708E-03   6.940415    
  8.8488506E-03   6.805613    
  8.9289295E-03   6.670025    
  9.0090092E-03   6.533986    
  9.0890881E-03   6.398519    
  9.1691706E-03   6.265047    
  9.2492504E-03   6.135203    
  9.3293292E-03   6.010507    
  9.4094090E-03   5.892148    
  9.4894879E-03   5.780687    
  9.5695676E-03   5.676100    
  9.6496502E-03   5.577707    
  9.7297300E-03   5.484309    
  9.8098088E-03   5.394411    
  9.8898914E-03   5.306411    
  9.9699711E-03   5.218997    
  1.0050050E-02   5.131165    
  1.0130133E-02   5.042549    
  1.0210212E-02   4.953280    
  1.0290291E-02   4.864119    
  1.0370371E-02   4.776186    
  1.0450450E-02   4.690762    
  1.0530530E-02   4.609102    
  1.0610612E-02   4.532149    
  1.0690691E-02   4.460382    
  1.0770771E-02   4.393723    
  1.0850850E-02   4.331561    
  1.0930929E-02   4.272767    
  1.1011009E-02   4.215989    
  1.1091092E-02   4.159748    
  1.1171171E-02   4.102732    
  1.1251253E-02   4.044024    
  1.1331333E-02   3.983174    
  1.1411412E-02   3.920301    
  1.1491491E-02   3.856059    
  1.1571574E-02   3.791491    
  1.1651653E-02   3.727888    
  1.1731733E-02   3.666513    
  1.1811811E-02   3.608479    
  1.1891891E-02   3.554457    
  1.1971971E-02   3.504666    
  1.2052054E-02   3.458799    
  1.2132132E-02   3.416111    
  1.2212212E-02   3.375519    
  1.2292291E-02   3.335824    
  1.2372371E-02   3.295871    
  1.2452450E-02   3.254799    
  1.2532532E-02   3.212099    
  1.2612612E-02   3.167767    
  1.2692695E-02   3.122229    
  1.2772773E-02   3.076280    
  1.2852853E-02   3.030936    
  1.2932932E-02   2.987251    
  1.3013015E-02   2.946094    
  1.3093094E-02   2.908069    
  1.3173170E-02   2.873309    
  1.3253253E-02   2.841525    
  1.3333336E-02   2.811997    
  1.3413412E-02   2.783744    
  1.3493494E-02   2.755628    
  1.3573570E-02   2.726539    
  1.3653653E-02   2.695667    
  1.3733735E-02   2.662505    
  1.3813811E-02   2.627004    
  1.3893894E-02   2.589555    
  1.3973971E-02   2.550914    
  1.4054053E-02   2.512076    
  1.4134135E-02   2.474100    
  1.4214218E-02   2.437949    
  1.4294295E-02   2.404302    
  1.4374377E-02   2.373480    
  1.4454453E-02   2.345353    
  1.4534536E-02   2.319421    
  1.4614618E-02   2.294872    
  1.4694694E-02   2.270723    
  1.4774777E-02   2.245999    
  1.4854853E-02   2.219910    
  1.4934936E-02   2.191938    
  1.5015012E-02   2.161997    
  1.5095094E-02   2.130360    
  1.5175177E-02   2.097702    
  1.5255253E-02   2.064915    
  1.5335335E-02   2.032992    
  1.5415411E-02   2.002852    
  1.5495494E-02   1.975219    
  1.5575577E-02   1.950466    
  1.5655654E-02   1.928579    
  1.5735736E-02   1.909181    
  1.5815811E-02   1.891579    
  1.5895894E-02   1.874881    
  1.5975971E-02   1.858166    
  1.6056059E-02   1.840662    
  1.6136141E-02   1.821792    
  1.6216218E-02   1.801367    
  1.6296301E-02   1.779524    
  1.6376376E-02   1.756760    
  1.6456459E-02   1.733790    
  1.6536541E-02   1.711464    
  1.6616618E-02   1.690578    
  1.6696701E-02   1.671744    
  1.6776776E-02   1.655296    
  1.6856859E-02   1.641227    
  1.6936935E-02   1.629151    
  1.7017018E-02   1.618415    
  1.7097101E-02   1.608171    
  1.7177176E-02   1.597541    
  1.7257258E-02   1.585741    
  1.7337335E-02   1.572204    
  1.7417418E-02   1.556700    
  1.7497500E-02   1.539379    
  1.7577577E-02   1.520675    
  1.7657660E-02   1.501328    
  1.7737735E-02   1.482188    
  1.7817818E-02   1.464116    
  1.7897895E-02   1.447819    
  1.7977977E-02   1.433744    
  1.8058060E-02   1.422000    
  1.8138135E-02   1.412370    
  1.8218217E-02   1.404297    
  1.8298294E-02   1.397032    
  1.8378377E-02   1.389725    
  1.8458460E-02   1.381585    
  1.8538535E-02   1.371986    
  1.8618617E-02   1.360590    
  1.8698694E-02   1.347382    
  1.8778782E-02   1.332672    
  1.8858859E-02   1.317027    
  1.8938942E-02   1.301193    
  1.9019024E-02   1.285950    
  1.9099100E-02   1.271955    
  1.9179182E-02   1.259698    
  1.9259259E-02   1.249345    
  1.9339342E-02   1.240784    
  1.9419424E-02   1.233577    
  1.9499499E-02   1.227091    
  1.9579582E-02   1.220582    
  1.9659659E-02   1.213331    
  1.9739741E-02   1.204755    
  1.9819818E-02   1.194515    
  1.9899901E-02   1.182579    
  1.9979984E-02   1.169199    
  2.0060059E-02   1.154908    
  2.0140141E-02   1.140394    
  2.0220218E-02   1.126406    
  2.0300301E-02   1.113640    
  2.0380383E-02   1.102569    
  2.0460458E-02   1.093471    
  2.0540541E-02   1.086264    
  2.0620618E-02   1.080613    
  2.0700701E-02   1.075947    
  2.0780776E-02   1.071573    
  2.0860858E-02   1.066772    
  2.0940941E-02   1.060950    
  2.1021018E-02   1.053686    
  2.1101100E-02   1.044842    
  2.1181175E-02   1.034551    
  2.1261258E-02   1.023204    
  2.1341341E-02   1.011371    
  2.1421418E-02  0.9996964    
  2.1501500E-02  0.9887899    
  2.1581583E-02  0.9791140    
  2.1661665E-02  0.9709191    
  2.1741748E-02  0.9642012    
  2.1821825E-02  0.9586686    
  2.1901906E-02  0.9538634    
  2.1981983E-02  0.9491554    
  2.2062065E-02  0.9439237    
  2.2142142E-02  0.9376310    
  2.2222225E-02  0.9299151    
  2.2302307E-02  0.9206618    
  2.2382382E-02  0.9100264    
  2.2462465E-02  0.8983941    
  2.2542542E-02  0.8863474    
  2.2622624E-02  0.8745410    
  2.2702707E-02  0.8636048    
  2.2782782E-02  0.8540419    
  2.2862865E-02  0.8461461    
  2.2942942E-02  0.8399620    
  2.3023024E-02  0.8352497    
  2.3103099E-02  0.8315915    
  2.3183182E-02  0.8283896    
  2.3263264E-02  0.8250055    
  2.3343341E-02  0.8208942    
  2.3423424E-02  0.8156374    
  2.3503499E-02  0.8090533    
  2.3583582E-02  0.8012076    
  2.3663664E-02  0.7924210    
  2.3743741E-02  0.7831879    
  2.3823824E-02  0.7741219    
  2.3903901E-02  0.7658159    
  2.3983983E-02  0.7587759    
  2.4064058E-02  0.7533117    
  2.4144141E-02  0.7495022    
  2.4224224E-02  0.7471700    
  2.4304306E-02  0.7459151    
  2.4384389E-02  0.7451860    
  2.4464466E-02  0.7443663    
  2.4544548E-02  0.7428847    
  2.4624631E-02  0.7402951    
  2.4704706E-02  0.7363544    
  2.4784788E-02  0.7310544    
  2.4864865E-02  0.7246631    
  2.4944948E-02  0.7175919    
  2.5025023E-02  0.7104085    
  2.5105106E-02  0.7036842    
  2.5185188E-02  0.6979224    
  2.5265265E-02  0.6934680    
  2.5345348E-02  0.6904407    
  2.5425423E-02  0.6887319    
  2.5505506E-02  0.6879985    
  2.5585588E-02  0.6877506    
  2.5665665E-02  0.6874058    
  2.5745748E-02  0.6864095    
  2.5825825E-02  0.6842883    
  2.5905905E-02  0.6807752    
  2.5985982E-02  0.6758235    
  2.6066065E-02  0.6696023    
  2.6146147E-02  0.6624957    
  2.6226224E-02  0.6549834    
  2.6306307E-02  0.6476422    
  2.6386382E-02  0.6409422    
  2.6466465E-02  0.6352543    
  2.6546547E-02  0.6307394    
  2.6626624E-02  0.6273460    
  2.6706707E-02  0.6248301    
  2.6786782E-02  0.6227452    
  2.6866864E-02  0.6205998    
  2.6946941E-02  0.6178814    
  2.7027030E-02  0.6141888    
  2.7107112E-02  0.6092773    
  2.7187189E-02  0.6031189    
  2.7267272E-02  0.5959012    
  2.7347347E-02  0.5879970    
  2.7427429E-02  0.5799366    
  2.7507512E-02  0.5722730    
  2.7587589E-02  0.5655299    
  2.7667671E-02  0.5600941    
  2.7747747E-02  0.5561723    
  2.7827829E-02  0.5537294    
  2.7907912E-02  0.5525192    
  2.7987989E-02  0.5521148    
  2.8068071E-02  0.5519761    
  2.8148148E-02  0.5515503    
  2.8228231E-02  0.5503455    
  2.8308306E-02  0.5480204    
  2.8388388E-02  0.5444371    
  2.8468471E-02  0.5396814    
  2.8548548E-02  0.5340348    
  2.8628631E-02  0.5279478    
  2.8708706E-02  0.5219455    
  2.8788788E-02  0.5165175    
  2.8868871E-02  0.5120983    
  2.8948948E-02  0.5089298    
  2.9029030E-02  0.5070516    
  2.9109105E-02  0.5062983    
  2.9189188E-02  0.5063127    
  2.9269265E-02  0.5066170    
  2.9349348E-02  0.5066893    
  2.9429430E-02  0.5060422    
  2.9509505E-02  0.5043115    
  2.9589588E-02  0.5013198    
  2.9669665E-02  0.4970863    
  2.9749753E-02  0.4918308    
  2.9829836E-02  0.4859394    
  2.9909912E-02  0.4798836    
  2.9989995E-02  0.4741541    
  3.0070070E-02  0.4691723    
  3.0150153E-02  0.4652139    
  3.0230230E-02  0.4623860    
  3.0310312E-02  0.4605874    
  3.0390395E-02  0.4595473    
  3.0470472E-02  0.4588628    
  3.0550554E-02  0.4580954    
  3.0630630E-02  0.4568019    
  3.0710712E-02  0.4546770    
  3.0790795E-02  0.4515388    
  3.0870872E-02  0.4474128    
  3.0950954E-02  0.4425106    
  3.1031029E-02  0.4371971    
  3.1111112E-02  0.4319183    
  3.1191189E-02  0.4271456    
  3.1271271E-02  0.4232868    
  3.1351354E-02  0.4206064    
  3.1431429E-02  0.4192024    
  3.1511512E-02  0.4189514    
  3.1591587E-02  0.4195749    
  3.1671669E-02  0.4206304    
  3.1751752E-02  0.4216295    
  3.1831831E-02  0.4220705    
  3.1911913E-02  0.4215675    
  3.1991988E-02  0.4198778    
  3.2072071E-02  0.4169275    
  3.2152146E-02  0.4128850    
  3.2232229E-02  0.4080437    
  3.2312311E-02  0.4028491    
  3.2392390E-02  0.3977815    
  3.2472476E-02  0.3932955    
  3.2552555E-02  0.3897378    
  3.2632634E-02  0.3872996    
  3.2712717E-02  0.3859848    
  3.2792795E-02  0.3856169    
  3.2872878E-02  0.3858831    
  3.2952953E-02  0.3863666    
  3.3033036E-02  0.3866416    
  3.3113111E-02  0.3863366    
  3.3193193E-02  0.3852019    
  3.3273276E-02  0.3831396    
  3.3353355E-02  0.3802417    
  3.3433437E-02  0.3767460    
  3.3513512E-02  0.3730073    
  3.3593595E-02  0.3694265    
  3.3673678E-02  0.3663894    
  3.3753753E-02  0.3641912    
  3.3833835E-02  0.3629785    
  3.3913910E-02  0.3627379    
  3.3993993E-02  0.3632814    
  3.4074072E-02  0.3642706    
  3.4154154E-02  0.3653022    
  3.4234237E-02  0.3659292    
  3.4314312E-02  0.3657741    
  3.4394395E-02  0.3645686    
  3.4474470E-02  0.3621994    
  3.4554552E-02  0.3587383    
  3.4634635E-02  0.3544115    
  3.4714714E-02  0.3495822    
  3.4794796E-02  0.3446693    
  3.4874871E-02  0.3401000    
  3.4954954E-02  0.3362157    
  3.5035029E-02  0.3332423    
  3.5115112E-02  0.3312410    
  3.5195202E-02  0.3300966    
  3.5275277E-02  0.3295695    
  3.5355359E-02  0.3293004    
  3.5435434E-02  0.3288987    
  3.5515517E-02  0.3280156    
  3.5595600E-02  0.3263804    
  3.5675678E-02  0.3238764    
  3.5755761E-02  0.3205433    
  3.5835836E-02  0.3165779    
  3.5915919E-02  0.3122976    
  3.5996001E-02  0.3080869    
  3.6076076E-02  0.3043476    
  3.6156159E-02  0.3014086    
  3.6236234E-02  0.2994735    
  3.6316317E-02  0.2986150    
  3.6396395E-02  0.2987251    
  3.6476478E-02  0.2995412    
  3.6556561E-02  0.3007256    
  3.6636636E-02  0.3018558    
  3.6716718E-02  0.3025679    
  3.6796793E-02  0.3025584    
  3.6876876E-02  0.3016666    
  3.6956958E-02  0.2998806    
  3.7037037E-02  0.2973572    
  3.7117120E-02  0.2943712    
  3.7197195E-02  0.2912887    
  3.7277278E-02  0.2884817    
  3.7357353E-02  0.2862857    
  3.7437435E-02  0.2849253    
  3.7517518E-02  0.2844869    
  3.7597593E-02  0.2848875    
  3.7677675E-02  0.2859097    
  3.7757754E-02  0.2872120    
  3.7837837E-02  0.2884066    
  3.7917923E-02  0.2891105    
  3.7998002E-02  0.2890204    
  3.8078085E-02  0.2879432    
  3.8158160E-02  0.2858515    
  3.8238242E-02  0.2828696    
  3.8318317E-02  0.2792639    
  3.8398400E-02  0.2753856    
  3.8478483E-02  0.2716382    
  3.8558558E-02  0.2683709    
  3.8638640E-02  0.2658528    
  3.8718719E-02  0.2642306    
  3.8798802E-02  0.2634900    
  3.8878884E-02  0.2634636    
  3.8958959E-02  0.2638785    
  3.9039042E-02  0.2643762    
  3.9119117E-02  0.2646087    
  3.9199200E-02  0.2642662    
  3.9279278E-02  0.2631490    
  3.9359361E-02  0.2612031    
  3.9439443E-02  0.2585129    
  3.9519519E-02  0.2553025    
  3.9599601E-02  0.2518908    
  3.9679676E-02  0.2486304    
  3.9759759E-02  0.2458640    
  3.9839841E-02  0.2438497    
  3.9919917E-02  0.2427182    
  3.9999999E-02  0.2424770    
