 -0.1000000      0.1951807    
 -9.9799804E-02  0.1960026    
 -9.9599607E-02  0.1968452    
 -9.9399403E-02  0.1977186    
 -9.9199206E-02  0.1986245    
 -9.8999001E-02  0.1995617    
 -9.8798804E-02  0.2005323    
 -9.8598607E-02  0.2015314    
 -9.8398402E-02  0.2025562    
 -9.8198205E-02  0.2035984    
 -9.7998008E-02  0.2046534    
 -9.7797804E-02  0.2057129    
 -9.7597606E-02  0.2067736    
 -9.7397402E-02  0.2078278    
 -9.7197205E-02  0.2088750    
 -9.6997000E-02  0.2099149    
 -9.6796796E-02  0.2109498    
 -9.6596599E-02  0.2119802    
 -9.6396402E-02  0.2130151    
 -9.6196197E-02  0.2140584    
 -9.5996000E-02  0.2151197    
 -9.5795795E-02  0.2162019    
 -9.5595598E-02  0.2173150    
 -9.5395401E-02  0.2184579    
 -9.5195197E-02  0.2196343    
 -9.4994999E-02  0.2208441    
 -9.4794795E-02  0.2220825    
 -9.4594598E-02  0.2233445    
 -9.4394401E-02  0.2246245    
 -9.4194196E-02  0.2259105    
 -9.3993999E-02  0.2271967    
 -9.3793802E-02  0.2284758    
 -9.3593597E-02  0.2297401    
 -9.3393400E-02  0.2309847    
 -9.3193196E-02  0.2322055    
 -9.2992999E-02  0.2334035    
 -9.2792802E-02  0.2345812    
 -9.2592597E-02  0.2357412    
 -9.2392400E-02  0.2368902    
 -9.2192195E-02  0.2380335    
 -9.1991998E-02  0.2391794    
 -9.1791801E-02  0.2403331    
 -9.1591589E-02  0.2415039    
 -9.1391392E-02  0.2426877    
 -9.1191195E-02  0.2438923    
 -9.0990990E-02  0.2451143    
 -9.0790793E-02  0.2463517    
 -9.0590589E-02  0.2476010    
 -9.0390392E-02  0.2488559    
 -9.0190195E-02  0.2501117    
 -8.9989990E-02  0.2513625    
 -8.9789793E-02  0.2526062    
 -8.9589596E-02  0.2538393    
 -8.9389391E-02  0.2550606    
 -8.9189194E-02  0.2562730    
 -8.8988990E-02  0.2574791    
 -8.8788792E-02  0.2586864    
 -8.8588595E-02  0.2599011    
 -8.8388391E-02  0.2611332    
 -8.8188194E-02  0.2623895    
 -8.7987989E-02  0.2636781    
 -8.7787792E-02  0.2650044    
 -8.7587595E-02  0.2663713    
 -8.7387390E-02  0.2677801    
 -8.7187193E-02  0.2692308    
 -8.6986996E-02  0.2707191    
 -8.6786792E-02  0.2722356    
 -8.6586587E-02  0.2737774    
 -8.6386390E-02  0.2753325    
 -8.6186193E-02  0.2768934    
 -8.5985996E-02  0.2784539    
 -8.5785784E-02  0.2800053    
 -8.5585594E-02  0.2815438    
 -8.5385390E-02  0.2830683    
 -8.5185193E-02  0.2845773    
 -8.4984988E-02  0.2860746    
 -8.4784783E-02  0.2875656    
 -8.4584586E-02  0.2890545    
 -8.4384389E-02  0.2905474    
 -8.4184185E-02  0.2920515    
 -8.3983988E-02  0.2935708    
 -8.3783783E-02  0.2951072    
 -8.3583586E-02  0.2966649    
 -8.3383389E-02  0.2982404    
 -8.3183184E-02  0.2998300    
 -8.2982987E-02  0.3014300    
 -8.2782790E-02  0.3030323    
 -8.2582586E-02  0.3046293    
 -8.2382388E-02  0.3062120    
 -8.2182184E-02  0.3077759    
 -8.1981987E-02  0.3093147    
 -8.1781790E-02  0.3108265    
 -8.1581585E-02  0.3123086    
 -8.1381388E-02  0.3137661    
 -8.1181183E-02  0.3152010    
 -8.0980986E-02  0.3166245    
 -8.0780789E-02  0.3180408    
 -8.0580585E-02  0.3194606    
 -8.0380380E-02  0.3208953    
 -8.0180183E-02  0.3223501    
 -7.9979979E-02  0.3238337    
 -7.9779789E-02  0.3253515    
 -7.9579577E-02  0.3269024    
 -7.9379380E-02  0.3284889    
 -7.9179183E-02  0.3301069    
 -7.8978978E-02  0.3317533    
 -7.8778781E-02  0.3334200    
 -7.8578584E-02  0.3351001    
 -7.8378379E-02  0.3367893    
 -7.8178182E-02  0.3384815    
 -7.7977978E-02  0.3401719    
 -7.7777781E-02  0.3418619    
 -7.7577583E-02  0.3435497    
 -7.7377379E-02  0.3452415    
 -7.7177182E-02  0.3469413    
 -7.6976977E-02  0.3486572    
 -7.6776780E-02  0.3503965    
 -7.6576583E-02  0.3521694    
 -7.6376379E-02  0.3539800    
 -7.6176181E-02  0.3558362    
 -7.5975977E-02  0.3577423    
 -7.5775780E-02  0.3596978    
 -7.5575583E-02  0.3617036    
 -7.5375371E-02  0.3637544    
 -7.5175181E-02  0.3658454    
 -7.4974984E-02  0.3679684    
 -7.4774779E-02  0.3701177    
 -7.4574575E-02  0.3722853    
 -7.4374378E-02  0.3744641    
 -7.4174173E-02  0.3766496    
 -7.3973976E-02  0.3788401    
 -7.3773772E-02  0.3810336    
 -7.3573582E-02  0.3832346    
 -7.3373377E-02  0.3854456    
 -7.3173173E-02  0.3876749    
 -7.2972976E-02  0.3899275    
 -7.2772779E-02  0.3922109    
 -7.2572574E-02  0.3945330    
 -7.2372384E-02  0.3968952    
 -7.2172172E-02  0.3993045    
 -7.1971975E-02  0.4017597    
 -7.1771778E-02  0.4042599    
 -7.1571574E-02  0.4068014    
 -7.1371377E-02  0.4093756    
 -7.1171172E-02  0.4119765    
 -7.0970975E-02  0.4145971    
 -7.0770770E-02  0.4172301    
 -7.0570573E-02  0.4198680    
 -7.0370376E-02  0.4225096    
 -7.0170172E-02  0.4251494    
 -6.9969974E-02  0.4277914    
 -6.9769777E-02  0.4304371    
 -6.9569565E-02  0.4330937    
 -6.9369376E-02  0.4357707    
 -6.9169171E-02  0.4384769    
 -6.8968974E-02  0.4412174    
 -6.8768770E-02  0.4440036    
 -6.8568572E-02  0.4468413    
 -6.8368368E-02  0.4497379    
 -6.8168171E-02  0.4526908    
 -6.7967966E-02  0.4556984    
 -6.7767777E-02  0.4587573    
 -6.7567572E-02  0.4618624    
 -6.7367375E-02  0.4650002    
 -6.7167170E-02  0.4681647    
 -6.6966973E-02  0.4713456    
 -6.6766769E-02  0.4745342    
 -6.6566572E-02  0.4777236    
 -6.6366367E-02  0.4809074    
 -6.6166170E-02  0.4840878    
 -6.5965965E-02  0.4872651    
 -6.5765768E-02  0.4904443    
 -6.5565571E-02  0.4936343    
 -6.5365367E-02  0.4968410    
 -6.5165170E-02  0.5000772    
 -6.4964965E-02  0.5033503    
 -6.4764768E-02  0.5066702    
 -6.4564571E-02  0.5100400    
 -6.4364366E-02  0.5134657    
 -6.4164162E-02  0.5169442    
 -6.3963972E-02  0.5204749    
 -6.3763760E-02  0.5240516    
 -6.3563570E-02  0.5276662    
 -6.3363366E-02  0.5313088    
 -6.3163169E-02  0.5349713    
 -6.2962972E-02  0.5386421    
 -6.2762767E-02  0.5423216    
 -6.2562563E-02  0.5459968    
 -6.2362369E-02  0.5496716    
 -6.2162161E-02  0.5533461    
 -6.1961967E-02  0.5570283    
 -6.1761763E-02  0.5607234    
 -6.1561570E-02  0.5644400    
 -6.1361361E-02  0.5681965    
 -6.1161164E-02  0.5719984    
 -6.0960963E-02  0.5758584    
 -6.0760763E-02  0.5797849    
 -6.0560562E-02  0.5837868    
 -6.0360368E-02  0.5878627    
 -6.0160164E-02  0.5920162    
 -5.9959963E-02  0.5962429    
 -5.9759762E-02  0.6005390    
 -5.9559561E-02  0.6048981    
 -5.9359364E-02  0.6093138    
 -5.9159163E-02  0.6137771    
 -5.8958963E-02  0.6182848    
 -5.8758758E-02  0.6228350    
 -5.8558561E-02  0.6274269    
 -5.8358356E-02  0.6320645    
 -5.8158163E-02  0.6367534    
 -5.7957955E-02  0.6415069    
 -5.7757761E-02  0.6463360    
 -5.7557564E-02  0.6512502    
 -5.7357363E-02  0.6562664    
 -5.7157155E-02  0.6613958    
 -5.6956962E-02  0.6666488    
 -5.6756757E-02  0.6720327    
 -5.6556564E-02  0.6775509    
 -5.6356356E-02  0.6832042    
 -5.6156155E-02  0.6889914    
 -5.5955958E-02  0.6949005    
 -5.5755757E-02  0.7009259    
 -5.5555556E-02  0.7070552    
 -5.5355355E-02  0.7132800    
 -5.5155158E-02  0.7195884    
 -5.4954965E-02  0.7259693    
 -5.4754756E-02  0.7324171    
 -5.4554556E-02  0.7389320    
 -5.4354358E-02  0.7455080    
 -5.4154158E-02  0.7521476    
 -5.3953957E-02  0.7588556    
 -5.3753756E-02  0.7656378    
 -5.3553555E-02  0.7724980    
 -5.3353351E-02  0.7794425    
 -5.3153157E-02  0.7864715    
 -5.2952953E-02  0.7935930    
 -5.2752752E-02  0.8008011    
 -5.2552558E-02  0.8080928    
 -5.2352358E-02  0.8154628    
 -5.2152157E-02  0.8229027    
 -5.1951952E-02  0.8304017    
 -5.1751755E-02  0.8379532    
 -5.1551554E-02  0.8455455    
 -5.1351354E-02  0.8531764    
 -5.1151153E-02  0.8608396    
 -5.0950952E-02  0.8685361    
 -5.0750751E-02  0.8762732    
 -5.0550550E-02  0.8840529    
 -5.0350349E-02  0.8918942    
 -5.0150152E-02  0.8998040    
 -4.9949955E-02  0.9077998    
 -4.9749754E-02  0.9159003    
 -4.9549554E-02  0.9241180    
 -4.9349349E-02  0.9324692    
 -4.9149152E-02  0.9409627    
 -4.8948951E-02  0.9496009    
 -4.8748750E-02  0.9583910    
 -4.8548549E-02  0.9673301    
 -4.8348352E-02  0.9764083    
 -4.8148151E-02  0.9856252    
 -4.7947947E-02  0.9949722    
 -4.7747746E-02   1.004435    
 -4.7547549E-02   1.014012    
 -4.7347352E-02   1.023698    
 -4.7147151E-02   1.033492    
 -4.6946950E-02   1.043398    
 -4.6746749E-02   1.053422    
 -4.6546545E-02   1.063580    
 -4.6346344E-02   1.073881    
 -4.6146151E-02   1.084345    
 -4.5945950E-02   1.094991    
 -4.5745749E-02   1.105830    
 -4.5545552E-02   1.116881    
 -4.5345344E-02   1.128150    
 -4.5145150E-02   1.139647    
 -4.4944946E-02   1.151370    
 -4.4744752E-02   1.163319    
 -4.4544544E-02   1.175484    
 -4.4344343E-02   1.187851    
 -4.4144146E-02   1.200411    
 -4.3943945E-02   1.213151    
 -4.3743752E-02   1.226055    
 -4.3543544E-02   1.239115    
 -4.3343343E-02   1.252324    
 -4.3143146E-02   1.265682    
 -4.2942945E-02   1.279195    
 -4.2742744E-02   1.292868    
 -4.2542543E-02   1.306723    
 -4.2342346E-02   1.320773    
 -4.2142145E-02   1.335036    
 -4.1941937E-02   1.349535    
 -4.1741744E-02   1.364286    
 -4.1541539E-02   1.379313    
 -4.1341346E-02   1.394615    
 -4.1141145E-02   1.410211    
 -4.0940944E-02   1.426103    
 -4.0740743E-02   1.442282    
 -4.0540539E-02   1.458747    
 -4.0340345E-02   1.475481    
 -4.0140137E-02   1.492483    
 -3.9939944E-02   1.509735    
 -3.9739739E-02   1.527224    
 -3.9539546E-02   1.544950    
 -3.9339337E-02   1.562901    
 -3.9139140E-02   1.581088    
 -3.8938940E-02   1.599513    
 -3.8738739E-02   1.618188    
 -3.8538545E-02   1.637131    
 -3.8338337E-02   1.656357    
 -3.8138144E-02   1.675887    
 -3.7937939E-02   1.695747    
 -3.7737738E-02   1.715949    
 -3.7537538E-02   1.736512    
 -3.7337340E-02   1.757449    
 -3.7137140E-02   1.778765    
 -3.6936939E-02   1.800472    
 -3.6736738E-02   1.822562    
 -3.6536537E-02   1.845032    
 -3.6336333E-02   1.867882    
 -3.6136139E-02   1.891103    
 -3.5935938E-02   1.914698    
 -3.5735738E-02   1.938661    
 -3.5535540E-02   1.962998    
 -3.5335340E-02   1.987714    
 -3.5135139E-02   2.012824    
 -3.4934934E-02   2.038342    
 -3.4734737E-02   2.064282    
 -3.4534533E-02   2.090672    
 -3.4334339E-02   2.117533    
 -3.4134131E-02   2.144882    
 -3.3933938E-02   2.172741    
 -3.3733733E-02   2.201126    
 -3.3533532E-02   2.230047    
 -3.3333339E-02   2.259510    
 -3.3133134E-02   2.289527    
 -3.2932941E-02   2.320087    
 -3.2732733E-02   2.351191    
 -3.2532532E-02   2.382840    
 -3.2332331E-02   2.415034    
 -3.2132134E-02   2.447770    
 -3.1931933E-02   2.481061    
 -3.1731732E-02   2.514918    
 -3.1531531E-02   2.549354    
 -3.1331334E-02   2.584406    
 -3.1131126E-02   2.620104    
 -3.0930933E-02   2.656481    
 -3.0730734E-02   2.693591    
 -3.0530533E-02   2.731467    
 -3.0330332E-02   2.770163    
 -3.0130133E-02   2.809717    
 -2.9929932E-02   2.850169    
 -2.9729726E-02   2.891566    
 -2.9529532E-02   2.933924    
 -2.9329326E-02   2.977280    
 -2.9129133E-02   3.021653    
 -2.8928926E-02   3.067065    
 -2.8728733E-02   3.113530    
 -2.8528526E-02   3.161077    
 -2.8328327E-02   3.209725    
 -2.8128132E-02   3.259490    
 -2.7927926E-02   3.310416    
 -2.7727732E-02   3.362533    
 -2.7527526E-02   3.415890    
 -2.7327333E-02   3.470541    
 -2.7127126E-02   3.526527    
 -2.6926927E-02   3.583914    
 -2.6726726E-02   3.642757    
 -2.6526527E-02   3.703113    
 -2.6326327E-02   3.765033    
 -2.6126128E-02   3.828564    
 -2.5925932E-02   3.893735    
 -2.5725726E-02   3.960597    
 -2.5525527E-02   4.029155    
 -2.5325326E-02   4.099434    
 -2.5125127E-02   4.171447    
 -2.4924926E-02   4.245210    
 -2.4724727E-02   4.320733    
 -2.4524527E-02   4.398030    
 -2.4324328E-02   4.477121    
 -2.4124121E-02   4.558049    
 -2.3923926E-02   4.640841    
 -2.3723722E-02   4.725571    
 -2.3523526E-02   4.812282    
 -2.3323327E-02   4.901062    
 -2.3123126E-02   4.991982    
 -2.2922928E-02   5.085130    
 -2.2722721E-02   5.180603    
 -2.2522528E-02   5.278480    
 -2.2322321E-02   5.378856    
 -2.2122128E-02   5.481784    
 -2.1921922E-02   5.587353    
 -2.1721721E-02   5.695612    
 -2.1521520E-02   5.806619    
 -2.1321321E-02   5.920405    
 -2.1121120E-02   6.037010    
 -2.0920921E-02   6.156475    
 -2.0720728E-02   6.278820    
 -2.0520521E-02   6.404100    
 -2.0320321E-02   6.532351    
 -2.0120122E-02   6.663615    
 -1.9919921E-02   6.797970    
 -1.9719722E-02   6.935478    
 -1.9519521E-02   7.076226    
 -1.9319320E-02   7.220305    
 -1.9119121E-02   7.367819    
 -1.8918915E-02   7.518872    
 -1.8718721E-02   7.673546    
 -1.8518515E-02   7.831971    
 -1.8318322E-02   7.994206    
 -1.8118121E-02   8.160359    
 -1.7917922E-02   8.330497    
 -1.7717721E-02   8.504690    
 -1.7517515E-02   8.682980    
 -1.7317321E-02   8.865405    
 -1.7117115E-02   9.052013    
 -1.6916921E-02   9.242807    
 -1.6716715E-02   9.437849    
 -1.6516522E-02   9.637125    
 -1.6316315E-02   9.840697    
 -1.6116114E-02   10.04856    
 -1.5915915E-02   10.26076    
 -1.5715715E-02   10.47735    
 -1.5515521E-02   10.69834    
 -1.5315315E-02   10.92380    
 -1.5115121E-02   11.15374    
 -1.4914915E-02   11.38823    
 -1.4714715E-02   11.62726    
 -1.4514515E-02   11.87088    
 -1.4314315E-02   12.11907    
 -1.4114115E-02   12.37187    
 -1.3913915E-02   12.62928    
 -1.3713715E-02   12.89126    
 -1.3513515E-02   13.15783    
 -1.3313308E-02   13.42895    
 -1.3113115E-02   13.70460    
 -1.2912915E-02   13.98479    
 -1.2712715E-02   14.26950    
 -1.2512515E-02   14.55876    
 -1.2312309E-02   14.85256    
 -1.2112116E-02   15.15088    
 -1.1911909E-02   15.45378    
 -1.1711715E-02   15.76122    
 -1.1511508E-02   16.07326    
 -1.1311315E-02   16.38979    
 -1.1111109E-02   16.71085    
 -1.0910909E-02   17.03629    
 -1.0710709E-02   17.36605    
 -1.0510509E-02   17.69995    
 -1.0310316E-02   18.03778    
 -1.0110109E-02   18.37937    
 -9.9099148E-03   18.72436    
 -9.7097093E-03   19.07254    
 -9.5095085E-03   19.42349    
 -9.3093086E-03   19.77687    
 -9.1091087E-03   20.13231    
 -8.9089088E-03   20.48941    
 -8.7087089E-03   20.84776    
 -8.5085090E-03   21.20696    
 -8.3083091E-03   21.56658    
 -8.1081027E-03   21.92624    
 -7.9079093E-03   22.28544    
 -7.7077090E-03   22.64381    
 -7.5075091E-03   23.00089    
 -7.3073092E-03   23.35621    
 -7.1071088E-03   23.70933    
 -6.9069089E-03   24.05967    
 -6.7067025E-03   24.40680    
 -6.5065091E-03   24.75011    
 -6.3063027E-03   25.08910    
 -6.1061089E-03   25.42325    
 -5.9059029E-03   25.75208    
 -5.7057091E-03   26.07505    
 -5.5055027E-03   26.39183    
 -5.3053028E-03   26.70200    
 -5.1051090E-03   27.00532    
 -4.9049030E-03   27.30165    
 -4.7047092E-03   27.59084    
 -4.5045028E-03   27.87296    
 -4.3043094E-03   28.14798    
 -4.1041030E-03   28.41614    
 -3.9039028E-03   28.67753    
 -3.7037029E-03   28.93226    
 -3.5035030E-03   29.18052    
 -3.3033029E-03   29.42232    
 -3.1031030E-03   29.65754    
 -2.9029094E-03   29.88595    
 -2.7027030E-03   30.10719    
 -2.5025031E-03   30.32059    
 -2.3023030E-03   30.52530    
 -2.1021031E-03   30.72033    
 -1.9019031E-03   30.90448    
 -1.7017031E-03   31.07636    
 -1.5014968E-03   31.23450    
 -1.3013030E-03   31.37732    
 -1.1010967E-03   31.50329    
 -9.0090313E-04   31.61092    
 -7.0069678E-04   31.69886    
 -5.0050311E-04   31.76589    
 -3.0030316E-04   31.81111    
 -1.0009683E-04   31.83203    
  1.0009683E-04   31.83203    
  3.0030316E-04   31.81111    
  5.0049683E-04   31.76591    
  7.0070312E-04   31.69885    
  9.0089679E-04   31.61094    
  1.1011031E-03   31.50328    
  1.3013030E-03   31.37731    
  1.5015031E-03   31.23449    
  1.7017031E-03   31.07636    
  1.9019031E-03   30.90448    
  2.1021031E-03   30.72033    
  2.3022967E-03   30.52531    
  2.5025031E-03   30.32059    
  2.7027030E-03   30.10719    
  2.9029029E-03   29.88597    
  3.1031030E-03   29.65754    
  3.3033029E-03   29.42232    
  3.5035030E-03   29.18052    
  3.7037029E-03   28.93226    
  3.9039028E-03   28.67753    
  4.1041090E-03   28.41614    
  4.3043029E-03   28.14799    
  4.5045093E-03   27.87294    
  4.7047026E-03   27.59084    
  4.9049030E-03   27.30165    
  5.1051029E-03   27.00533    
  5.3053028E-03   26.70200    
  5.5055092E-03   26.39181    
  5.7057026E-03   26.07506    
  5.9059090E-03   25.75206    
  6.1061028E-03   25.42327    
  6.3063093E-03   25.08910    
  6.5065026E-03   24.75010    
  6.7067090E-03   24.40679    
  6.9069155E-03   24.05965    
  7.1071088E-03   23.70933    
  7.3073152E-03   23.35620    
  7.5075091E-03   23.00089    
  7.7077025E-03   22.64381    
  7.9079093E-03   22.28544    
  8.1081027E-03   21.92624    
  8.3083091E-03   21.56658    
  8.5085025E-03   21.20697    
  8.7087089E-03   20.84776    
  8.9089023E-03   20.48942    
  9.1091087E-03   20.13231    
  9.3093151E-03   19.77687    
  9.5095215E-03   19.42347    
  9.7097028E-03   19.07256    
  9.9099092E-03   18.72437    
  1.0110116E-02   18.37935    
  1.0310309E-02   18.03780    
  1.0510502E-02   17.69996    
  1.0710709E-02   17.36605    
  1.0910915E-02   17.03628    
  1.1111109E-02   16.71085    
  1.1311315E-02   16.38979    
  1.1511508E-02   16.07326    
  1.1711715E-02   15.76122    
  1.1911909E-02   15.45378    
  1.2112116E-02   15.15088    
  1.2312321E-02   14.85253    
  1.2512502E-02   14.55877    
  1.2712709E-02   14.26951    
  1.2912915E-02   13.98479    
  1.3113122E-02   13.70459    
  1.3313315E-02   13.42894    
  1.3513508E-02   13.15783    
  1.3713715E-02   12.89126    
  1.3913921E-02   12.62927    
  1.4114115E-02   12.37187    
  1.4314309E-02   12.11908    
  1.4514515E-02   11.87088    
  1.4714722E-02   11.62725    
  1.4914915E-02   11.38823    
  1.5115121E-02   11.15374    
  1.5315315E-02   10.92380    
  1.5515508E-02   10.69836    
  1.5715715E-02   10.47735    
  1.5915921E-02   10.26076    
  1.6116127E-02   10.04855    
  1.6316308E-02   9.840704    
  1.6516514E-02   9.637130    
  1.6716721E-02   9.437843    
  1.6916927E-02   9.242806    
  1.7117109E-02   9.052013    
  1.7317316E-02   8.865401    
  1.7517520E-02   8.682973    
  1.7717715E-02   8.504698    
  1.7917922E-02   8.330497    
  1.8118115E-02   8.160363    
  1.8318322E-02   7.994206    
  1.8518515E-02   7.831971    
  1.8718721E-02   7.673546    
  1.8918928E-02   7.518859    
  1.9119121E-02   7.367820    
  1.9319315E-02   7.220315    
  1.9519521E-02   7.076226    
  1.9719727E-02   6.935472    
  1.9919921E-02   6.797970    
  2.0120114E-02   6.663622    
  2.0320321E-02   6.532351    
  2.0520527E-02   6.404098    
  2.0720720E-02   6.278826    
  2.0920914E-02   6.156477    
  2.1121120E-02   6.037008    
  2.1321326E-02   5.920402    
  2.1521520E-02   5.806619    
  2.1721726E-02   5.695604    
  2.1921922E-02   5.587353    
  2.2122128E-02   5.481784    
  2.2322321E-02   5.378856    
  2.2522528E-02   5.278480    
  2.2722721E-02   5.180603    
  2.2922914E-02   5.085137    
  2.3123121E-02   4.991983    
  2.3323327E-02   4.901062    
  2.3523534E-02   4.812275    
  2.3723714E-02   4.725573    
  2.3923920E-02   4.640846    
  2.4124127E-02   4.558049    
  2.4324333E-02   4.477117    
  2.4524527E-02   4.398030    
  2.4724720E-02   4.320732    
  2.4924926E-02   4.245210    
  2.5125133E-02   4.171446    
  2.5325326E-02   4.099434    
  2.5525533E-02   4.029149    
  2.5725726E-02   3.960597    
  2.5925921E-02   3.893737    
  2.6126128E-02   3.828564    
  2.6326332E-02   3.765031    
  2.6526527E-02   3.703114    
  2.6726721E-02   3.642756    
  2.6926927E-02   3.583914    
  2.7127134E-02   3.526524    
  2.7327340E-02   3.470538    
  2.7527520E-02   3.415894    
  2.7727727E-02   3.362536    
  2.7927933E-02   3.310415    
  2.8128127E-02   3.259495    
  2.8328333E-02   3.209723    
  2.8528526E-02   3.161077    
  2.8728733E-02   3.113530    
  2.8928926E-02   3.067064    
  2.9129133E-02   3.021653    
  2.9329326E-02   2.977280    
  2.9529532E-02   2.933924    
  2.9729726E-02   2.891566    
  2.9929932E-02   2.850169    
  3.0130139E-02   2.809713    
  3.0330321E-02   2.770165    
  3.0530527E-02   2.731468    
  3.0730734E-02   2.693591    
  3.0930940E-02   2.656481    
  3.1131133E-02   2.620102    
  3.1331327E-02   2.584409    
  3.1531531E-02   2.549353    
  3.1731740E-02   2.514913    
  3.1931933E-02   2.481061    
  3.2132126E-02   2.447772    
  3.2332331E-02   2.415034    
  3.2532539E-02   2.382836    
  3.2732733E-02   2.351191    
  3.2932941E-02   2.320087    
  3.3133134E-02   2.289527    
  3.3333328E-02   2.259515    
  3.3533532E-02   2.230047    
  3.3733740E-02   2.201128    
  3.3933945E-02   2.172740    
  3.4134127E-02   2.144883    
  3.4334332E-02   2.117532    
  3.4534540E-02   2.090673    
  3.4734745E-02   2.064284    
  3.4934938E-02   2.038340    
  3.5135131E-02   2.012825    
  3.5335340E-02   1.987714    
  3.5535533E-02   1.962997    
  3.5735738E-02   1.938661    
  3.5935931E-02   1.914696    
  3.6136139E-02   1.891103    
  3.6336333E-02   1.867882    
  3.6536537E-02   1.845032    
  3.6736745E-02   1.822559    
  3.6936939E-02   1.800472    
  3.7137132E-02   1.778767    
  3.7337340E-02   1.757449    
  3.7537545E-02   1.736511    
  3.7737753E-02   1.715946    
  3.7937932E-02   1.695747    
  3.8138140E-02   1.675889    
  3.8338345E-02   1.656354    
  3.8538538E-02   1.637130    
  3.8738731E-02   1.618189    
  3.8938940E-02   1.599513    
  3.9139144E-02   1.581088    
  3.9339337E-02   1.562902    
  3.9539546E-02   1.544950    
  3.9739739E-02   1.527224    
  3.9939944E-02   1.509735    
  4.0140137E-02   1.492484    
  4.0340345E-02   1.475481    
  4.0540550E-02   1.458746    
  4.0740732E-02   1.442284    
  4.0940940E-02   1.426102    
  4.1141145E-02   1.410211    
  4.1341349E-02   1.394615    
  4.1541532E-02   1.379313    
  4.1741740E-02   1.364288    
  4.1941945E-02   1.349532    
  4.2142153E-02   1.335036    
  4.2342346E-02   1.320773    
  4.2542540E-02   1.306722    
  4.2742744E-02   1.292868    
  4.2942952E-02   1.279194    
  4.3143146E-02   1.265682    
  4.3343350E-02   1.252324    
  4.3543544E-02   1.239115    
  4.3743737E-02   1.226056    
  4.3943945E-02   1.213151    
  4.4144150E-02   1.200415    
  4.4344358E-02   1.187853    
  4.4544537E-02   1.175483    
  4.4744745E-02   1.163319    
  4.4944949E-02   1.151370    
  4.5145158E-02   1.139647    
  4.5345340E-02   1.128152    
  4.5545544E-02   1.116883    
  4.5745749E-02   1.105831    
  4.5945946E-02   1.094992    
  4.6146151E-02   1.084345    
  4.6346344E-02   1.073881    
  4.6546552E-02   1.063580    
  4.6746746E-02   1.053423    
  4.6946950E-02   1.043398    
  4.7147159E-02   1.033491    
  4.7347352E-02   1.023698    
  4.7547545E-02   1.014013    
  4.7747750E-02   1.004435    
  4.7947958E-02  0.9949717    
  4.8148137E-02  0.9856276    
  4.8348345E-02  0.9764095    
  4.8548549E-02  0.9673301    
  4.8748758E-02  0.9583908    
  4.8948951E-02  0.9496009    
  4.9149144E-02  0.9409631    
  4.9349349E-02  0.9324692    
  4.9549557E-02  0.9241204    
  4.9749751E-02  0.9159006    
  4.9949955E-02  0.9077991    
  5.0150152E-02  0.8998030    
  5.0350357E-02  0.8918915    
  5.0550550E-02  0.8840528    
  5.0750758E-02  0.8762726    
  5.0950952E-02  0.8685380    
  5.1151145E-02  0.8608414    
  5.1351350E-02  0.8531774    
  5.1551558E-02  0.8455457    
  5.1751763E-02  0.8379529    
  5.1951945E-02  0.8304039    
  5.2152149E-02  0.8229020    
  5.2352358E-02  0.8154631    
  5.2552562E-02  0.8080902    
  5.2752756E-02  0.8008008    
  5.2952949E-02  0.7935936    
  5.3153157E-02  0.7864712    
  5.3353351E-02  0.7794425    
  5.3553555E-02  0.7724980    
  5.3753749E-02  0.7656355    
  5.3953957E-02  0.7588558    
  5.4154150E-02  0.7521489    
  5.4354358E-02  0.7455080    
  5.4554563E-02  0.7389318    
  5.4754756E-02  0.7324170    
  5.4954950E-02  0.7259685    
  5.5155158E-02  0.7195883    
  5.5355363E-02  0.7132796    
  5.5555571E-02  0.7070538    
  5.5755749E-02  0.7009257    
  5.5955958E-02  0.6949005    
  5.6156162E-02  0.6889907    
  5.6356356E-02  0.6832042    
  5.6556564E-02  0.6775509    
  5.6756757E-02  0.6720330    
  5.6956962E-02  0.6666488    
  5.7157155E-02  0.6613959    
  5.7357363E-02  0.6562665    
  5.7557557E-02  0.6512514    
  5.7757761E-02  0.6463360    
  5.7957955E-02  0.6415071    
  5.8158163E-02  0.6367534    
  5.8358368E-02  0.6320632    
  5.8558550E-02  0.6274278    
  5.8758758E-02  0.6228349    
  5.8958963E-02  0.6182848    
  5.9159171E-02  0.6137772    
  5.9359364E-02  0.6093137    
  5.9559558E-02  0.6048989    
  5.9759762E-02  0.6005389    
  5.9959970E-02  0.5962424    
  6.0160164E-02  0.5920165    
  6.0360357E-02  0.5878626    
  6.0560562E-02  0.5837868    
  6.0760770E-02  0.5797843    
  6.0960963E-02  0.5758582    
  6.1161168E-02  0.5719986    
  6.1361361E-02  0.5681964    
  6.1561555E-02  0.5644412    
  6.1761763E-02  0.5607234    
  6.1961967E-02  0.5570283    
  6.2162176E-02  0.5533473    
  6.2362358E-02  0.5496702    
  6.2562563E-02  0.5459968    
  6.2762767E-02  0.5423216    
  6.2962972E-02  0.5386431    
  6.3163154E-02  0.5349718    
  6.3363366E-02  0.5313088    
  6.3563570E-02  0.5276662    
  6.3763760E-02  0.5240514    
  6.3963972E-02  0.5204747    
  6.4164162E-02  0.5169441    
  6.4364366E-02  0.5134656    
  6.4564563E-02  0.5100409    
  6.4764768E-02  0.5066701    
  6.4964972E-02  0.5033509    
  6.5165170E-02  0.5000771    
  6.5365359E-02  0.4968411    
  6.5565571E-02  0.4936343    
  6.5765776E-02  0.4904430    
  6.5965980E-02  0.4872645    
  6.6166162E-02  0.4840878    
  6.6366367E-02  0.4809074    
  6.6566572E-02  0.4777220    
  6.6766769E-02  0.4745343    
  6.6966966E-02  0.4713453    
  6.7167170E-02  0.4681648    
  6.7367375E-02  0.4650002    
  6.7567572E-02  0.4618625    
  6.7767777E-02  0.4587575    
  6.7967966E-02  0.4556985    
  6.8168178E-02  0.4526902    
  6.8368368E-02  0.4497378    
  6.8568572E-02  0.4468413    
  6.8768784E-02  0.4440037    
  6.8968959E-02  0.4412163    
  6.9169171E-02  0.4384770    
  6.9369376E-02  0.4357707    
  6.9569580E-02  0.4330960    
  6.9769762E-02  0.4304377    
  6.9969967E-02  0.4277916    
  7.0170172E-02  0.4251494    
  7.0370384E-02  0.4225094    
  7.0570573E-02  0.4198680    
  7.0770770E-02  0.4172302    
  7.0970975E-02  0.4145971    
  7.1171165E-02  0.4119769    
  7.1371377E-02  0.4093757    
  7.1571581E-02  0.4068001    
  7.1771778E-02  0.4042599    
  7.1971968E-02  0.4017600    
  7.2172172E-02  0.3993044    
  7.2372384E-02  0.3968952    
  7.2572574E-02  0.3945330    
  7.2772771E-02  0.3922104    
  7.2972976E-02  0.3899275    
  7.3173180E-02  0.3876740    
  7.3373385E-02  0.3854457    
  7.3573567E-02  0.3832334    
  7.3773772E-02  0.3810337    
  7.3973984E-02  0.3788396    
  7.4174173E-02  0.3766496    
  7.4374378E-02  0.3744642    
  7.4574575E-02  0.3722852    
  7.4774779E-02  0.3701177    
  7.4974976E-02  0.3679687    
  7.5175181E-02  0.3658454    
  7.5375386E-02  0.3637552    
  7.5575583E-02  0.3617036    
  7.5775772E-02  0.3596984    
  7.5975977E-02  0.3577423    
  7.6176189E-02  0.3558360    
  7.6376371E-02  0.3539798    
  7.6576576E-02  0.3521686    
  7.6776780E-02  0.3503965    
  7.6976985E-02  0.3486574    
  7.7177182E-02  0.3469413    
  7.7377371E-02  0.3452419    
  7.7577583E-02  0.3435497    
  7.7777788E-02  0.3418624    
  7.7977978E-02  0.3401718    
  7.8178190E-02  0.3384807    
  7.8378379E-02  0.3367892    
  7.8578584E-02  0.3351000    
  7.8778781E-02  0.3334200    
  7.8978986E-02  0.3317523    
  7.9179183E-02  0.3301069    
  7.9379372E-02  0.3284898    
  7.9579577E-02  0.3269023    
  7.9779789E-02  0.3253516    
  7.9979993E-02  0.3238337    
  8.0180176E-02  0.3223501    
  8.0380380E-02  0.3208952    
  8.0580585E-02  0.3194607    
  8.0780789E-02  0.3180408    
  8.0980986E-02  0.3166244    
  8.1181183E-02  0.3152024    
  8.1381388E-02  0.3137661    
  8.1581578E-02  0.3123086    
  8.1781790E-02  0.3108265    
  8.1981979E-02  0.3093148    
  8.2182184E-02  0.3077759    
  8.2382381E-02  0.3062128    
  8.2582586E-02  0.3046294    
  8.2782790E-02  0.3030323    
  8.2982987E-02  0.3014300    
  8.3183177E-02  0.2998307    
  8.3383389E-02  0.2982403    
  8.3583593E-02  0.2966651    
  8.3783798E-02  0.2951076    
  8.3983980E-02  0.2935708    
  8.4184185E-02  0.2920515    
  8.4384389E-02  0.2905468    
  8.4584586E-02  0.2890545    
  8.4784791E-02  0.2875649    
  8.4984988E-02  0.2860745    
  8.5185193E-02  0.2845773    
  8.5385390E-02  0.2830685    
  8.5585594E-02  0.2815441    
  8.5785784E-02  0.2800053    
  8.5985996E-02  0.2784540    
  8.6186185E-02  0.2768939    
  8.6386390E-02  0.2753325    
  8.6586602E-02  0.2737777    
  8.6786777E-02  0.2722358    
  8.6986989E-02  0.2707175    
  8.7187193E-02  0.2692308    
  8.7387398E-02  0.2677809    
  8.7587595E-02  0.2663713    
  8.7787785E-02  0.2650037    
  8.7987989E-02  0.2636781    
  8.8188201E-02  0.2623896    
  8.8388391E-02  0.2611331    
  8.8588588E-02  0.2599022    
  8.8788792E-02  0.2586864    
  8.8988997E-02  0.2574789    
  8.9189194E-02  0.2562730    
  8.9389399E-02  0.2550612    
  8.9589596E-02  0.2538393    
  8.9789785E-02  0.2526065    
  8.9989990E-02  0.2513625    
  9.0190202E-02  0.2501124    
  9.0390407E-02  0.2488560    
  9.0590589E-02  0.2475996    
  9.0790793E-02  0.2463517    
  9.0990998E-02  0.2451140    
  9.1191202E-02  0.2438919    
  9.1391385E-02  0.2426883    
  9.1591589E-02  0.2415039    
  9.1791801E-02  0.2403331    
  9.1991991E-02  0.2391804    
  9.2192195E-02  0.2380336    
  9.2392392E-02  0.2368891    
  9.2592597E-02  0.2357412    
  9.2792794E-02  0.2345807    
  9.2992999E-02  0.2334035    
  9.3193203E-02  0.2322054    
  9.3393400E-02  0.2309846    
  9.3593590E-02  0.2297417    
  9.3793802E-02  0.2284759    
  9.3994007E-02  0.2271979    
  9.4194189E-02  0.2259108    
  9.4394393E-02  0.2246233    
  9.4594598E-02  0.2233445    
  9.4794802E-02  0.2220815    
  9.4994999E-02  0.2208441    
  9.5195189E-02  0.2196351    
  9.5395401E-02  0.2184579    
  9.5595606E-02  0.2173148    
  9.5795795E-02  0.2162020    
  9.5996007E-02  0.2151189    
  9.6196197E-02  0.2140583    
  9.6396402E-02  0.2130148    
  9.6596599E-02  0.2119802    
  9.6796803E-02  0.2109484    
  9.6997008E-02  0.2099149    
  9.7197190E-02  0.2088754    
  9.7397402E-02  0.2078280    
  9.7597606E-02  0.2067735    
  9.7797811E-02  0.2057129    
  9.7997993E-02  0.2046525    
  9.8198198E-02  0.2035978    
  9.8398402E-02  0.2025561    
  9.8598614E-02  0.2015313    
  9.8798804E-02  0.2005323    
  9.8999001E-02  0.1995622    
  9.9199206E-02  0.1986245    
  9.9399395E-02  0.1977196    
  9.9599607E-02  0.1968452    
  9.9799812E-02  0.1960015    
  0.1000000      0.1951807    
