           N LOWER =  1  N UPPER=  2  WAVELENGTH (angstroms)=  1215.68
                electronic density(1/cm**3)       3.162E+18
                conversion factor for wlengths=f0 2.696E+03
                wings factor                  =   6.731E-06

T(K)                1.995E+04                3.981E+04                7.943E+04
RO/Debye            7.703E-01                5.454E-01                3.861E-01
width Stark         2.403E-04                2.424E-04                2.439E-04
width incl.Dop.     2.403E-04                2.466E-04                2.528E-04

  0.000E+00  1.200E+03 ( 1.200E+03 )  1.153E+03 ( 1.168E+03 )  1.118E+03 ( 1.146E+03 )
  2.512E-05  1.188E+03 ( 1.188E+03 )  1.141E+03 ( 1.157E+03 )  1.106E+03 ( 1.135E+03 )
  3.981E-05  1.168E+03 ( 1.168E+03 )  1.123E+03 ( 1.133E+03 )  1.090E+03 ( 1.113E+03 )
  6.310E-05  1.115E+03 ( 1.115E+03 )  1.079E+03 ( 1.086E+03 )  1.049E+03 ( 1.066E+03 )
  1.000E-04  1.008E+03 ( 1.008E+03 )  9.805E+02 ( 9.831E+02 )  9.594E+02 ( 9.650E+02 )
  1.585E-04  8.192E+02 ( 8.192E+02 )  8.028E+02 ( 8.002E+02 )  7.908E+02 ( 7.868E+02 )
  2.512E-04  5.709E+02 ( 5.709E+02 )  5.647E+02 ( 5.612E+02 )  5.613E+02 ( 5.547E+02 )
  3.981E-04  3.449E+02 ( 3.449E+02 )  3.449E+02 ( 3.432E+02 )  3.462E+02 ( 3.428E+02 )
  6.310E-04  1.911E+02 ( 1.911E+02 )  1.947E+02 ( 1.943E+02 )  1.984E+02 ( 1.975E+02 )
  1.000E-03  9.789E+01 ( 9.789E+01 )  1.024E+02 ( 1.022E+02 )  1.061E+02 ( 1.059E+02 )
  1.585E-03  4.372E+01 ( 4.372E+01 )  4.620E+01 ( 4.617E+01 )  4.787E+01 ( 4.780E+01 )
  2.512E-03  1.687E+01 ( 1.687E+01 )  1.755E+01 ( 1.755E+01 )  1.781E+01 ( 1.779E+01 )
  3.981E-03  6.034E+00 ( 6.034E+00 )  6.108E+00 ( 6.107E+00 )  6.040E+00 ( 6.038E+00 )
  6.310E-03  2.135E+00 ( 2.135E+00 )  2.095E+00 ( 2.095E+00 )  2.018E+00 ( 2.018E+00 )
  1.000E-02  7.016E-01 ( 7.016E-01 )  6.881E-01 ( 6.881E-01 )  6.620E-01 ( 6.620E-01 )
  1.585E-02  2.238E-01 ( 2.238E-01 )  2.206E-01 ( 2.206E-01 )  2.136E-01 ( 2.136E-01 )
  2.512E-02  6.963E-02 ( 6.963E-02 )  7.123E-02 ( 7.123E-02 )  6.972E-02 ( 6.972E-02 )
  3.981E-02  2.228E-02 ( 2.228E-02 )  2.229E-02 ( 2.229E-02 )  2.230E-02 ( 2.230E-02 )
  6.310E-02  7.197E-03 ( 7.197E-03 )  7.201E-03 ( 7.201E-03 )  7.203E-03 ( 7.203E-03 )

T(K)                1.585E+05                3.162E+05                6.310E+05
RO/Debye            2.733E-01                1.935E-01                1.370E-01
width Stark         2.476E-04                2.587E-04                2.776E-04
width incl.Dop.     2.721E-04                3.047E-04                3.487E-04

  0.000E+00  1.068E+03 ( 1.120E+03 )  9.980E+02 ( 1.085E+03 )  9.129E+02 ( 1.046E+03 )
  2.512E-05  1.059E+03 ( 1.109E+03 )  9.908E+02 ( 1.074E+03 )  9.081E+02 ( 1.036E+03 )
  3.981E-05  1.044E+03 ( 1.088E+03 )  9.799E+02 ( 1.054E+03 )  9.008E+02 ( 1.017E+03 )
  6.310E-05  1.010E+03 ( 1.043E+03 )  9.538E+02 ( 1.013E+03 )  8.831E+02 ( 9.787E+02 )
  1.000E-04  9.321E+02 ( 9.458E+02 )  8.935E+02 ( 9.229E+02 )  8.413E+02 ( 8.978E+02 )
  1.585E-04  7.810E+02 ( 7.749E+02 )  7.708E+02 ( 7.632E+02 )  7.507E+02 ( 7.527E+02 )
  2.512E-04  5.640E+02 ( 5.514E+02 )  5.749E+02 ( 5.527E+02 )  5.893E+02 ( 5.574E+02 )
  3.981E-04  3.528E+02 ( 3.461E+02 )  3.663E+02 ( 3.540E+02 )  3.891E+02 ( 3.657E+02 )
  6.310E-04  2.044E+02 ( 2.026E+02 )  2.140E+02 ( 2.104E+02 )  2.273E+02 ( 2.197E+02 )
  1.000E-03  1.101E+02 ( 1.097E+02 )  1.143E+02 ( 1.134E+02 )  1.186E+02 ( 1.165E+02 )
  1.585E-03  4.925E+01 ( 4.911E+01 )  4.975E+01 ( 4.944E+01 )  4.976E+01 ( 4.908E+01 )
  2.512E-03  1.784E+01 ( 1.781E+01 )  1.753E+01 ( 1.746E+01 )  1.706E+01 ( 1.693E+01 )
  3.981E-03  5.878E+00 ( 5.874E+00 )  5.648E+00 ( 5.639E+00 )  5.405E+00 ( 5.387E+00 )
  6.310E-03  1.920E+00 ( 1.919E+00 )  1.814E+00 ( 1.813E+00 )  1.711E+00 ( 1.709E+00 )
  1.000E-02  6.193E-01 ( 6.192E-01 )  5.816E-01 ( 5.814E-01 )  5.447E-01 ( 5.444E-01 )
  1.585E-02  2.033E-01 ( 2.033E-01 )  1.911E-01 ( 1.911E-01 )  1.788E-01 ( 1.788E-01 )
  2.512E-02  6.720E-02 ( 6.720E-02 )  6.345E-02 ( 6.345E-02 )  5.933E-02 ( 5.933E-02 )
  3.981E-02  2.212E-02 ( 2.212E-02 )  2.109E-02 ( 2.109E-02 )  1.981E-02 ( 1.981E-02 )
  6.310E-02  7.204E-03 ( 7.204E-03 )  7.022E-03 ( 7.022E-03 )  6.653E-03 ( 6.653E-03 )
  1.000E-01                           2.348E-03 ( 2.348E-03 )  2.246E-03 ( 2.246E-03 )
  1.585E-01                           7.831E-04 ( 7.831E-04 )  7.651E-04 ( 7.651E-04 )
  2.512E-01                                                    2.657E-04 ( 2.657E-04 )
  3.981E-01                                                    9.239E-05 ( 9.239E-05 )

T(K)                1.259E+06
RO/Debye            9.698E-02
width Stark         2.985E-04
width incl.Dop.     4.091E-04

  0.000E+00  8.241E+02 ( 1.012E+03 )
  2.512E-05  8.212E+02 ( 1.000E+03 )
  3.981E-05  8.168E+02 ( 9.854E+02 )
  6.310E-05  8.059E+02 ( 9.512E+02 )
  1.000E-04  7.796E+02 ( 8.783E+02 )
  1.585E-04  7.198E+02 ( 7.469E+02 )
  2.512E-04  6.003E+02 ( 5.659E+02 )
  3.981E-04  4.203E+02 ( 3.800E+02 )
  6.310E-04  2.451E+02 ( 2.292E+02 )
  1.000E-03  1.227E+02 ( 1.178E+02 )
  1.585E-03  4.900E+01 ( 4.755E+01 )
  2.512E-03  1.637E+01 ( 1.612E+01 )
  3.981E-03  5.156E+00 ( 5.123E+00 )
  6.310E-03  1.621E+00 ( 1.617E+00 )
  1.000E-02  5.117E-01 ( 5.111E-01 )
  1.585E-02  1.668E-01 ( 1.667E-01 )
  2.512E-02  5.524E-02 ( 5.524E-02 )
  3.981E-02  1.847E-02 ( 1.847E-02 )
  6.310E-02  6.226E-03 ( 6.225E-03 )
  1.000E-01  2.116E-03 ( 2.116E-03 )
  1.585E-01  7.262E-04 ( 7.262E-04 )
  2.512E-01  2.529E-04 ( 2.529E-04 )
  3.981E-01  8.959E-05 ( 8.959E-05 )
  6.310E-01  3.298E-05 ( 3.298E-05 )
  1.000E+00  1.208E-05 ( 1.208E-05 )
