 -1.0000000E-03   3.797506    
 -9.9799817E-04   3.541278    
 -9.9599606E-04   1.260189    
 -9.9399406E-04 -0.9819118    
 -9.9199207E-04  -1.559609    
 -9.8999008E-04  -1.325704    
 -9.8798808E-04  -1.766058    
 -9.8598609E-04  -2.330264    
 -9.8398409E-04  -1.297427    
 -9.8198210E-04   1.083089    
 -9.7998010E-04   2.372512    
 -9.7797811E-04   1.290119    
 -9.7597600E-04 -0.4421144    
 -9.7397406E-04 -0.6613523    
 -9.7197207E-04  0.1459089    
 -9.6997002E-04  8.8746790E-03
 -9.6796808E-04  -1.156704    
 -9.6596603E-04  -1.292270    
 -9.6396403E-04  0.5652645    
 -9.6196210E-04   2.699690    
 -9.5995999E-04   3.054686    
 -9.5795805E-04   1.880131    
 -9.5595611E-04  0.8224498    
 -9.5395400E-04  0.4450137    
 -9.5195207E-04  6.3403614E-02
 -9.4995002E-04 -0.5075440    
 -9.4794802E-04 -0.5448557    
 -9.4594609E-04  6.8032853E-02
 -9.4394403E-04  0.3781405    
 -9.4194204E-04 -0.1240402    
 -9.3993999E-04 -0.6317268    
 -9.3793799E-04 -0.3649082    
 -9.3593606E-04  0.1868264    
 -9.3393400E-04  0.2673912    
 -9.3193201E-04  0.3040747    
 -9.2993007E-04   1.152207    
 -9.2792802E-04   2.344067    
 -9.2592603E-04   2.568595    
 -9.2392397E-04   1.918981    
 -9.2192198E-04   2.140576    
 -9.1992004E-04   4.046087    
 -9.1791799E-04   5.903835    
 -9.1591600E-04   5.490007    
 -9.1391394E-04   2.985391    
 -9.1191201E-04  0.6466944    
 -9.0991001E-04 -3.5844158E-02
 -9.0790796E-04  0.4523615    
 -9.0590597E-04   1.093666    
 -9.0390403E-04   1.671568    
 -9.0190198E-04   2.234674    
 -8.9989998E-04   2.390769    
 -8.9789793E-04   2.003324    
 -8.9589600E-04   1.732389    
 -8.9389400E-04   2.133519    
 -8.9189195E-04   2.729718    
 -8.8988995E-04   2.899327    
 -8.8788802E-04   3.069535    
 -8.8588597E-04   3.968741    
 -8.8388397E-04   4.972770    
 -8.8188192E-04   4.654110    
 -8.7987998E-04   3.144710    
 -8.7787799E-04   2.439008    
 -8.7587594E-04   3.672678    
 -8.7387394E-04   5.403109    
 -8.7187201E-04   5.750254    
 -8.6986995E-04   5.228702    
 -8.6786796E-04   5.874211    
 -8.6586591E-04   7.987910    
 -8.6386397E-04   9.684146    
 -8.6186186E-04   9.820213    
 -8.5985992E-04   9.550416    
 -8.5785793E-04   10.08371    
 -8.5585588E-04   10.51224    
 -8.5385394E-04   9.402398    
 -8.5185195E-04   7.428017    
 -8.4984989E-04   6.638470    
 -8.4784796E-04   7.349142    
 -8.4584596E-04   7.717964    
 -8.4384391E-04   6.611152    
 -8.4184197E-04   5.070249    
 -8.3983986E-04   4.193637    
 -8.3783793E-04   3.302918    
 -8.3583593E-04   1.653512    
 -8.3383388E-04  0.5993418    
 -8.3183195E-04   1.927011    
 -8.2982989E-04   4.572621    
 -8.2782790E-04   5.246777    
 -8.2582590E-04   2.801363    
 -8.2382391E-04 -7.0481976E-03
 -8.2182192E-04 -0.1551028    
 -8.1981992E-04   1.842625    
 -8.1781787E-04   3.239658    
 -8.1581593E-04   3.058199    
 -8.1381388E-04   2.781384    
 -8.1181189E-04   3.510728    
 -8.0980989E-04   4.450228    
 -8.0780784E-04   4.656121    
 -8.0580590E-04   4.511718    
 -8.0380391E-04   4.510685    
 -8.0180186E-04   4.052629    
 -7.9979986E-04   2.718165    
 -7.9779787E-04   1.711804    
 -7.9579587E-04   2.405916    
 -7.9379388E-04   3.941381    
 -7.9179183E-04   4.074160    
 -7.8978989E-04   2.401067    
 -7.8778784E-04   1.073999    
 -7.8578584E-04   1.684040    
 -7.8378391E-04   2.981539    
 -7.8178186E-04   2.801942    
 -7.7977986E-04   1.210716    
 -7.7777787E-04  0.2614407    
 -7.7577581E-04   1.184582    
 -7.7377388E-04   3.257207    
 -7.7177183E-04   5.296529    
 -7.6976983E-04   6.825813    
 -7.6776784E-04   7.577538    
 -7.6576584E-04   7.169096    
 -7.6376385E-04   6.038059    
 -7.6176180E-04   5.528753    
 -7.5975980E-04   6.252565    
 -7.5775781E-04   7.137797    
 -7.5575581E-04   7.052781    
 -7.5375382E-04   6.547159    
 -7.5175177E-04   6.781762    
 -7.4974983E-04   7.334131    
 -7.4774784E-04   6.735228    
 -7.4574584E-04   4.997748    
 -7.4374385E-04   3.926524    
 -7.4174179E-04   4.395857    
 -7.3973980E-04   5.085687    
 -7.3773781E-04   4.917022    
 -7.3573581E-04   5.056627    
 -7.3373382E-04   6.944451    
 -7.3173176E-04   9.354239    
 -7.2972977E-04   9.743876    
 -7.2772783E-04   8.096863    
 -7.2572578E-04   7.005600    
 -7.2372379E-04   7.531011    
 -7.2172179E-04   7.536063    
 -7.1971974E-04   5.522082    
 -7.1771780E-04   3.808581    
 -7.1571581E-04   5.386572    
 -7.1371376E-04   8.796451    
 -7.1171182E-04   9.293737    
 -7.0970977E-04   5.263515    
 -7.0770778E-04  0.5572923    
 -7.0570578E-04 -0.6388284    
 -7.0370373E-04   1.251283    
 -7.0170179E-04   3.183896    
 -6.9969974E-04   4.403062    
 -6.9769775E-04   6.368799    
 -6.9569581E-04   8.625767    
 -6.9369370E-04   8.229485    
 -6.9169176E-04   4.112239    
 -6.8968977E-04 -0.5753849    
 -6.8768772E-04  -2.223398    
 -6.8568578E-04  -1.131802    
 -6.8368373E-04 -0.2049813    
 -6.8168173E-04 -0.5394232    
 -6.7967980E-04 -0.5597978    
 -6.7767769E-04  0.8325252    
 -6.7567575E-04   2.700114    
 -6.7367376E-04   4.026692    
 -6.7167170E-04   5.251842    
 -6.6966977E-04   6.785324    
 -6.6766771E-04   7.668849    
 -6.6566572E-04   7.076159    
 -6.6366373E-04   6.073429    
 -6.6166167E-04   6.128144    
 -6.5965974E-04   6.683205    
 -6.5765769E-04   5.919171    
 -6.5565569E-04   3.742626    
 -6.5365370E-04   2.176099    
 -6.5165170E-04   2.408026    
 -6.4964971E-04   3.258239    
 -6.4764777E-04   3.340388    
 -6.4564572E-04   3.121527    
 -6.4364373E-04   3.646608    
 -6.4164173E-04   4.434162    
 -6.3963968E-04   4.417527    
 -6.3763774E-04   4.209718    
 -6.3563569E-04   5.474697    
 -6.3363370E-04   8.154340    
 -6.3163170E-04   10.23535    
 -6.2962971E-04   10.69380    
 -6.2762771E-04   10.73758    
 -6.2562566E-04   11.41207    
 -6.2362367E-04   11.67032    
 -6.2162167E-04   10.49080    
 -6.1961968E-04   9.322948    
 -6.1761768E-04   10.29618    
 -6.1561569E-04   12.54154    
 -6.1361369E-04   12.81959    
 -6.1161170E-04   10.12230    
 -6.0960965E-04   7.357076    
 -6.0760765E-04   7.405597    
 -6.0560566E-04   9.358172    
 -6.0360366E-04   10.23092    
 -6.0160167E-04   8.908901    
 -5.9959962E-04   6.598465    
 -5.9759768E-04   4.324723    
 -5.9559563E-04   2.388738    
 -5.9359364E-04   1.896835    
 -5.9159164E-04   4.162606    
 -5.8958959E-04   7.855773    
 -5.8758765E-04   9.301107    
 -5.8558560E-04   7.115243    
 -5.8358361E-04   4.668527    
 -5.8158167E-04   5.783522    
 -5.7957962E-04   9.324263    
 -5.7757762E-04   10.77816    
 -5.7557563E-04   8.778274    
 -5.7357363E-04   7.079917    
 -5.7157158E-04   9.229772    
 -5.6956959E-04   13.77486    
 -5.6756765E-04   16.51276    
 -5.6556566E-04   15.68869    
 -5.6356360E-04   13.01643    
 -5.6156161E-04   10.64307    
 -5.5955962E-04   9.369802    
 -5.5755756E-04   9.378719    
 -5.5555563E-04   10.40988    
 -5.5355357E-04   11.00228    
 -5.5155164E-04   9.697915    
 -5.4954959E-04   7.581715    
 -5.4754759E-04   7.568318    
 -5.4554560E-04   10.16253    
 -5.4354360E-04   12.11070    
 -5.4154155E-04   10.92635    
 -5.3953961E-04   8.917839    
 -5.3753756E-04   10.04333    
 -5.3553557E-04   13.90492    
 -5.3353363E-04   16.01539    
 -5.3153158E-04   14.06459    
 -5.2952959E-04   10.60974    
 -5.2752759E-04   8.570513    
 -5.2552560E-04   7.268769    
 -5.2352354E-04   5.254613    
 -5.2152161E-04   4.255947    
 -5.1951956E-04   6.874584    
 -5.1751756E-04   11.75445    
 -5.1551557E-04   15.02888    
 -5.1351357E-04   16.42627    
 -5.1151158E-04   19.64583    
 -5.0950953E-04   25.59353    
 -5.0750753E-04   29.33818    
 -5.0550560E-04   26.86505    
 -5.0350348E-04   21.59122    
 -5.0150155E-04   20.02211    
 -4.9949955E-04   22.63169    
 -4.9749750E-04   23.93152    
 -4.9549557E-04   21.42219    
 -4.9349351E-04   19.11335    
 -4.9149158E-04   20.27847    
 -4.8948952E-04   21.66462    
 -4.8748756E-04   18.93979    
 -4.8548554E-04   14.56108    
 -4.8348351E-04   14.75210    
 -4.8148152E-04   19.63346    
 -4.7947955E-04   22.21351    
 -4.7747753E-04   18.35844    
 -4.7547551E-04   12.62679    
 -4.7347351E-04   11.35364    
 -4.7147155E-04   14.07367    
 -4.6946947E-04   15.99299    
 -4.6746750E-04   16.38918    
 -4.6546553E-04   18.93218    
 -4.6346348E-04   24.29002    
 -4.6146152E-04   28.01165    
 -4.5945949E-04   27.38266    
 -4.5745753E-04   25.66329    
 -4.5545548E-04   26.45893    
 -4.5345351E-04   27.38890    
 -4.5145149E-04   23.92300    
 -4.4944949E-04   17.47780    
 -4.4744747E-04   14.63264    
 -4.4544550E-04   17.96601    
 -4.4344345E-04   22.40467    
 -4.4144149E-04   22.54944    
 -4.3943946E-04   20.02119    
 -4.3743750E-04   20.57136    
 -4.3543545E-04   26.25022    
 -4.3343348E-04   33.63103    
 -4.3143152E-04   38.60604    
 -4.2942943E-04   39.43472    
 -4.2742747E-04   35.56516    
 -4.2542547E-04   27.26996    
 -4.2342345E-04   17.66735    
 -4.2142143E-04   12.43065    
 -4.1941946E-04   15.13327    
 -4.1741747E-04   23.98464    
 -4.1541544E-04   34.05639    
 -4.1341342E-04   41.18220    
 -4.1141146E-04   43.11191    
 -4.0940940E-04   39.37258    
 -4.0740744E-04   32.83524    
 -4.0540542E-04   29.57156    
 -4.0340348E-04   33.56272    
 -4.0140140E-04   41.63110    
 -3.9939943E-04   46.95890    
 -3.9739747E-04   47.71786    
 -3.9539541E-04   48.48200    
 -3.9339345E-04   51.84113    
 -3.9139143E-04   53.24062    
 -3.8938943E-04   47.83257    
 -3.8738741E-04   39.19805    
 -3.8538544E-04   35.68960    
 -3.8338342E-04   38.90154    
 -3.8138143E-04   41.76685    
 -3.7937940E-04   39.72645    
 -3.7737744E-04   38.33490    
 -3.7537538E-04   45.55501    
 -3.7337342E-04   59.98780    
 -3.7137140E-04   72.16481    
 -3.6936937E-04   76.40170    
 -3.6736741E-04   76.08662    
 -3.6536541E-04   76.49445    
 -3.6336345E-04   77.16685    
 -3.6136137E-04   74.33063    
 -3.5935940E-04   67.64188    
 -3.5735741E-04   61.33562    
 -3.5535538E-04   59.87816    
 -3.5335336E-04   64.92062    
 -3.5135139E-04   74.91600    
 -3.4934940E-04   85.13438    
 -3.4734738E-04   89.45535    
 -3.4534535E-04   85.96312    
 -3.4334339E-04   80.45132    
 -3.4134134E-04   80.84830    
 -3.3933937E-04   87.39907    
 -3.3733735E-04   92.36716    
 -3.3533535E-04   90.77188    
 -3.3333339E-04   87.00223    
 -3.3133136E-04   87.45262    
 -3.2932940E-04   90.51827    
 -3.2732735E-04   89.48973    
 -3.2532538E-04   83.64824    
 -3.2332336E-04   79.82141    
 -3.2132133E-04   82.04185    
 -3.1931934E-04   86.08130    
 -3.1731738E-04   87.75715    
 -3.1531529E-04   90.98495    
 -3.1331333E-04   101.5589    
 -3.1131133E-04   115.9321    
 -3.0930937E-04   123.3910    
 -3.0730729E-04   119.7210    
 -3.0530532E-04   112.4674    
 -3.0330333E-04   110.7567    
 -3.0130130E-04   115.5043    
 -2.9929934E-04   122.9727    
 -2.9729735E-04   132.4294    
 -2.9529538E-04   144.4324    
 -2.9329330E-04   154.5913    
 -2.9129133E-04   156.7704    
 -2.8928934E-04   152.7811    
 -2.8728732E-04   152.1165    
 -2.8528529E-04   159.4353    
 -2.8328333E-04   167.9377    
 -2.8128127E-04   169.5599    
 -2.7927931E-04   167.5214    
 -2.7727729E-04   172.6754    
 -2.7527532E-04   188.8774    
 -2.7327327E-04   208.1929    
 -2.7127130E-04   221.3904    
 -2.6926928E-04   228.0805    
 -2.6726729E-04   233.7701    
 -2.6526532E-04   241.0432    
 -2.6326330E-04   247.7432    
 -2.6126127E-04   252.3269    
 -2.5925928E-04   257.3389    
 -2.5725731E-04   266.9509    
 -2.5525529E-04   282.6975    
 -2.5325327E-04   301.8321    
 -2.5125127E-04   319.4327    
 -2.4924931E-04   333.5917    
 -2.4724723E-04   348.8718    
 -2.4524526E-04   371.9896    
 -2.4324325E-04   402.5394    
 -2.4124124E-04   431.8149    
 -2.3923923E-04   455.3112    
 -2.3723727E-04   482.0644    
 -2.3523530E-04   522.7881    
 -2.3323324E-04   570.1888    
 -2.3123127E-04   603.1407    
 -2.2922926E-04   617.0106    
 -2.2722724E-04   638.8583    
 -2.2522523E-04   700.1700    
 -2.2322327E-04   798.9579    
 -2.2122126E-04   903.3310    
 -2.1921925E-04   991.1368    
 -2.1721722E-04   1069.342    
 -2.1521526E-04   1149.762    
 -2.1321321E-04   1227.113    
 -2.1121124E-04   1300.307    
 -2.0920922E-04   1402.488    
 -2.0720721E-04   1580.648    
 -2.0520520E-04   1840.827    
 -2.0320324E-04   2137.629    
 -2.0120127E-04   2432.472    
 -1.9919920E-04   2745.006    
 -1.9719724E-04   3128.471    
 -1.9519523E-04   3608.013    
 -1.9319321E-04   4170.422    
 -1.9119120E-04   4813.419    
 -1.8918923E-04   5574.829    
 -1.8718716E-04   6499.298    
 -1.8518520E-04   7593.067    
 -1.8318319E-04   8819.664    
 -1.8118123E-04   10104.62    
 -1.7917916E-04   11306.58    
 -1.7717719E-04   12199.60    
 -1.7517518E-04   12553.30    
 -1.7317318E-04   12279.71    
 -1.7117115E-04   11499.46    
 -1.6916920E-04   10443.71    
 -1.6716713E-04   9296.390    
 -1.6516517E-04   8142.732    
 -1.6316320E-04   7035.169    
 -1.6116124E-04   6045.642    
 -1.5915917E-04   5225.535    
 -1.5715721E-04   4551.702    
 -1.5515515E-04   3958.039    
 -1.5315319E-04   3417.355    
 -1.5115112E-04   2958.879    
 -1.4914916E-04   2602.892    
 -1.4714719E-04   2312.967    
 -1.4514512E-04   2034.993    
 -1.4314307E-04   1762.539    
 -1.4114119E-04   1534.757    
 -1.3913914E-04   1376.250    
 -1.3713718E-04   1266.439    
 -1.3513521E-04   1172.350    
 -1.3313314E-04   1087.025    
 -1.3113118E-04   1020.029    
 -1.2912911E-04   965.6822    
 -1.2712716E-04   902.8342    
 -1.2512520E-04   824.1536    
 -1.2312313E-04   747.6563    
 -1.2112106E-04   693.4628    
 -1.1911920E-04   660.5407    
 -1.1711713E-04   632.4031    
 -1.1511507E-04   598.0659    
 -1.1311311E-04   558.5767    
 -1.1111114E-04   518.3251    
 -1.0910908E-04   478.7470    
 -1.0710712E-04   441.1713    
 -1.0510505E-04   408.8286    
 -1.0310319E-04   383.6429    
 -1.0110113E-04   364.2889    
 -9.9099059E-05   349.1982    
 -9.7097196E-05   338.0027    
 -9.5095129E-05   329.4024    
 -9.3093069E-05   320.8069    
 -9.1091104E-05   311.5050    
 -8.9089139E-05   303.4810    
 -8.7087079E-05   297.3152    
 -8.5085114E-05   290.5169    
 -8.3083047E-05   281.2553    
 -8.1081089E-05   271.5366    
 -7.9079124E-05   262.9488    
 -7.7077057E-05   251.8819    
 -7.5074997E-05   233.7880    
 -7.3073126E-05   211.4431    
 -7.1071066E-05   194.4545    
 -6.9069007E-05   189.3754    
 -6.7067136E-05   194.1716    
 -6.5065076E-05   202.7668    
 -6.3063111E-05   210.6875    
 -6.1061044E-05   213.6207    
 -5.9059083E-05   207.1120    
 -5.7057117E-05   192.9911    
 -5.5055058E-05   182.3528    
 -5.3052994E-05   184.8575    
 -5.1051127E-05   195.4142    
 -4.9049064E-05   198.7728    
 -4.7047000E-05   188.6390    
 -4.5045035E-05   175.6824    
 -4.3043074E-05   171.8167    
 -4.1041010E-05   173.8681    
 -3.9039045E-05   169.8266    
 -3.7036982E-05   157.5060    
 -3.5035016E-05   147.9645    
 -3.3033055E-05   148.5485    
 -3.1030992E-05   152.8634    
 -2.9029125E-05   151.9646    
 -2.7027061E-05   148.4685    
 -2.5024998E-05   152.4588    
 -2.3023034E-05   165.1933    
 -2.1021069E-05   176.2070    
 -1.9019006E-05   177.1181    
 -1.7017042E-05   171.2984    
 -1.5014979E-05   167.7320    
 -1.3013015E-05   168.5968    
 -1.1011050E-05   169.1682    
 -9.0089879E-06   166.3681    
 -7.0069245E-06   163.0412    
 -5.0050589E-06   164.0272    
 -3.0029958E-06   168.7142    
 -1.0009326E-06   173.1011    
  1.0009326E-06   173.1143    
  3.0029958E-06   168.6704    
  5.0050589E-06   164.0648    
  7.0070232E-06   163.2712    
  9.0089879E-06   166.4283    
  1.1010952E-05   169.2376    
  1.3013015E-05   168.6315    
  1.5015078E-05   167.7085    
  1.7016944E-05   171.3102    
  1.9019006E-05   177.0862    
  2.1021069E-05   176.1546    
  2.3023034E-05   165.2217    
  2.5024998E-05   152.4314    
  2.7027061E-05   148.4660    
  2.9029026E-05   151.9379    
  3.1030992E-05   152.8837    
  3.3033055E-05   148.5340    
  3.5035016E-05   147.9454    
  3.7037080E-05   157.5075    
  3.9039045E-05   169.8532    
  4.1041010E-05   173.8666    
  4.3043074E-05   171.8175    
  4.5045035E-05   175.6861    
  4.7047000E-05   188.6225    
  4.9049064E-05   198.7739    
  5.1051029E-05   195.4025    
  5.3053092E-05   184.8101    
  5.5055058E-05   182.3554    
  5.7057019E-05   192.9946    
  5.9059083E-05   207.1278    
  6.1061146E-05   213.5937    
  6.3063009E-05   210.6893    
  6.5065076E-05   202.7622    
  6.7067136E-05   194.1855    
  6.9069007E-05   189.3729    
  7.1071066E-05   194.4674    
  7.3073126E-05   211.4561    
  7.5075091E-05   233.7645    
  7.7077057E-05   251.8910    
  7.9079124E-05   262.9525    
  8.1081089E-05   271.5438    
  8.3083149E-05   281.2456    
  8.5085012E-05   290.5276    
  8.7087079E-05   297.3163    
  8.9089139E-05   303.4723    
  9.1091104E-05   311.5211    
  9.3093069E-05   320.8260    
  9.5095129E-05   329.4084    
  9.7097094E-05   337.9994    
  9.9099059E-05   349.2097    
  1.0110113E-04   364.2985    
  1.0310309E-04   383.6479    
  1.0510515E-04   408.8358    
  1.0710712E-04   441.1641    
  1.0910908E-04   478.7389    
  1.1111114E-04   518.3261    
  1.1311321E-04   558.5960    
  1.1511507E-04   598.0648    
  1.1711713E-04   632.4076    
  1.1911910E-04   660.5402    
  1.2112116E-04   693.4728    
  1.2312313E-04   747.6516    
  1.2512509E-04   824.1498    
  1.2712716E-04   902.8454    
  1.2912921E-04   965.6785    
  1.3113108E-04   1020.036    
  1.3313314E-04   1087.022    
  1.3513521E-04   1172.347    
  1.3713707E-04   1266.447    
  1.3913914E-04   1376.249    
  1.4114119E-04   1534.762    
  1.4314316E-04   1762.544    
  1.4514512E-04   2034.998    
  1.4714719E-04   2312.967    
  1.4914916E-04   2602.887    
  1.5115122E-04   2958.876    
  1.5315319E-04   3417.360    
  1.5515515E-04   3958.044    
  1.5715721E-04   4551.697    
  1.5915917E-04   5225.522    
  1.6116114E-04   6045.609    
  1.6316320E-04   7035.168    
  1.6516517E-04   8142.743    
  1.6716713E-04   9296.396    
  1.6916920E-04   10443.72    
  1.7117115E-04   11499.48    
  1.7317322E-04   12279.71    
  1.7517518E-04   12553.31    
  1.7717715E-04   12199.61    
  1.7917922E-04   11306.55    
  1.8118128E-04   10104.61    
  1.8318315E-04   8819.700    
  1.8518520E-04   7593.063    
  1.8718727E-04   6499.263    
  1.8918923E-04   5574.831    
  1.9119120E-04   4813.425    
  1.9319316E-04   4170.437    
  1.9519523E-04   3608.012    
  1.9719728E-04   3128.464    
  1.9919916E-04   2745.008    
  2.0120121E-04   2432.489    
  2.0320328E-04   2137.625    
  2.0520514E-04   1840.832    
  2.0720721E-04   1580.639    
  2.0920928E-04   1402.484    
  2.1121124E-04   1300.313    
  2.1321321E-04   1227.107    
  2.1521526E-04   1149.765    
  2.1721722E-04   1069.342    
  2.1921929E-04   991.1348    
  2.2122126E-04   903.3313    
  2.2322322E-04   798.9610    
  2.2522529E-04   700.1638    
  2.2722724E-04   638.8630    
  2.2922920E-04   617.0031    
  2.3123127E-04   603.1397    
  2.3323324E-04   570.1896    
  2.3523520E-04   522.7965    
  2.3723727E-04   482.0566    
  2.3923923E-04   455.3139    
  2.4124129E-04   431.8091    
  2.4324325E-04   402.5449    
  2.4524523E-04   371.9917    
  2.4724728E-04   348.8703    
  2.4924934E-04   333.5936    
  2.5125121E-04   319.4294    
  2.5325327E-04   301.8310    
  2.5525535E-04   282.7036    
  2.5725731E-04   266.9469    
  2.5925928E-04   257.3418    
  2.6126133E-04   252.3314    
  2.6326330E-04   247.7477    
  2.6526526E-04   241.0489    
  2.6726723E-04   233.7669    
  2.6926928E-04   228.0776    
  2.7127136E-04   221.3881    
  2.7327321E-04   208.1891    
  2.7527529E-04   188.8791    
  2.7727734E-04   172.6687    
  2.7927931E-04   167.5222    
  2.8128127E-04   169.5621    
  2.8328333E-04   167.9374    
  2.8528529E-04   159.4357    
  2.8728737E-04   152.1266    
  2.8928934E-04   152.7879    
  2.9129130E-04   156.7767    
  2.9329336E-04   154.5884    
  2.9529541E-04   144.4294    
  2.9729729E-04   132.4302    
  2.9929934E-04   122.9737    
  3.0130130E-04   115.5019    
  3.0330327E-04   110.7507    
  3.0530532E-04   112.4707    
  3.0730729E-04   119.7194    
  3.0930937E-04   123.3899    
  3.1131133E-04   115.9338    
  3.1331330E-04   101.5601    
  3.1531535E-04   90.97659    
  3.1731740E-04   87.75468    
  3.1931928E-04   86.08229    
  3.2132133E-04   82.04320    
  3.2332342E-04   79.82103    
  3.2532538E-04   83.65057    
  3.2732735E-04   89.48862    
  3.2932940E-04   90.51724    
  3.3133136E-04   87.44849    
  3.3333333E-04   87.00201    
  3.3533538E-04   90.77679    
  3.3733735E-04   92.37087    
  3.3933943E-04   87.39704    
  3.4134128E-04   80.84537    
  3.4334336E-04   80.45248    
  3.4534541E-04   85.96264    
  3.4734738E-04   89.45242    
  3.4934934E-04   85.13290    
  3.5135139E-04   74.91312    
  3.5335336E-04   64.92571    
  3.5535544E-04   59.87714    
  3.5735741E-04   61.33237    
  3.5935937E-04   67.64838    
  3.6136142E-04   74.33537    
  3.6336348E-04   77.16911    
  3.6536535E-04   76.48669    
  3.6736741E-04   76.08589    
  3.6936949E-04   76.40170    
  3.7137134E-04   72.16496    
  3.7337342E-04   59.98822    
  3.7537538E-04   45.55547    
  3.7737744E-04   38.33585    
  3.7937940E-04   39.72062    
  3.8138137E-04   41.76699    
  3.8338342E-04   38.90265    
  3.8538550E-04   35.68616    
  3.8738735E-04   39.19617    
  3.8938943E-04   47.83389    
  3.9139148E-04   53.24141    
  3.9339345E-04   51.84300    
  3.9539541E-04   48.48430    
  3.9739747E-04   47.71658    
  3.9939943E-04   46.95901    
  4.0140140E-04   41.63222    
  4.0340348E-04   33.56553    
  4.0540542E-04   29.57197    
  4.0740750E-04   32.83881    
  4.0940935E-04   39.37478    
  4.1141143E-04   43.10872    
  4.1341348E-04   41.18835    
  4.1541544E-04   34.05299    
  4.1741741E-04   23.98835    
  4.1941946E-04   15.13394    
  4.2142143E-04   12.42974    
  4.2342351E-04   17.67434    
  4.2542547E-04   27.26963    
  4.2742744E-04   35.56648    
  4.2942949E-04   39.43561    
  4.3143146E-04   38.61297    
  4.3343342E-04   33.62885    
  4.3543548E-04   26.24749    
  4.3743756E-04   20.57377    
  4.3943941E-04   20.01792    
  4.4144149E-04   22.54992    
  4.4344354E-04   22.40427    
  4.4544550E-04   17.96679    
  4.4744747E-04   14.63487    
  4.4944944E-04   17.48364    
  4.5145149E-04   23.92266    
  4.5345357E-04   27.39044    
  4.5545542E-04   26.45690    
  4.5745750E-04   25.66512    
  4.5945955E-04   27.37767    
  4.6146152E-04   28.01227    
  4.6346348E-04   24.28786    
  4.6546553E-04   18.93212    
  4.6746750E-04   16.38906    
  4.6946947E-04   15.99170    
  4.7147155E-04   14.07159    
  4.7347351E-04   11.35434    
  4.7547556E-04   12.62801    
  4.7747753E-04   18.35876    
  4.7947949E-04   22.21109    
  4.8148155E-04   19.62805    
  4.8348351E-04   14.75117    
  4.8548548E-04   14.56051    
  4.8748756E-04   18.94062    
  4.8948952E-04   21.66423    
  4.9149158E-04   20.27775    
  4.9349351E-04   19.11422    
  4.9549551E-04   21.42118    
  4.9749756E-04   23.93665    
  4.9949955E-04   22.63299    
  5.0150149E-04   20.02633    
  5.0350354E-04   21.59369    
  5.0550560E-04   26.86727    
  5.0750747E-04   29.33903    
  5.0950953E-04   25.59139    
  5.1151164E-04   19.64499    
  5.1351357E-04   16.42497    
  5.1551557E-04   15.02881    
  5.1751762E-04   11.74953    
  5.1951956E-04   6.872717    
  5.2152161E-04   4.255676    
  5.2352349E-04   5.255034    
  5.2552554E-04   7.270177    
  5.2752765E-04   8.573738    
  5.2952947E-04   10.61329    
  5.3153158E-04   14.06459    
  5.3353363E-04   16.01541    
  5.3553557E-04   13.90729    
  5.3753756E-04   10.04522    
  5.3953961E-04   8.919856    
  5.4154155E-04   10.92622    
  5.4354366E-04   12.11305    
  5.4554560E-04   10.16305    
  5.4754753E-04   7.566490    
  5.4954964E-04   7.581713    
  5.5155170E-04   9.697786    
  5.5355357E-04   11.00203    
  5.5555563E-04   10.41044    
  5.5755756E-04   9.376588    
  5.5955962E-04   9.370307    
  5.6156161E-04   10.64241    
  5.6356355E-04   13.01522    
  5.6556566E-04   15.68638    
  5.6756759E-04   16.51537    
  5.6956959E-04   13.77373    
  5.7157164E-04   9.226908    
  5.7357369E-04   7.077722    
  5.7557557E-04   8.778298    
  5.7757762E-04   10.77837    
  5.7957968E-04   9.325722    
  5.8158167E-04   5.784506    
  5.8358361E-04   4.668468    
  5.8558566E-04   7.116451    
  5.8758765E-04   9.301970    
  5.8958970E-04   7.853107    
  5.9159164E-04   4.162676    
  5.9359364E-04   1.897154    
  5.9559569E-04   2.388638    
  5.9759757E-04   4.324187    
  5.9959962E-04   6.598257    
  6.0160167E-04   8.908257    
  6.0360366E-04   10.23040    
  6.0560560E-04   9.361685    
  6.0760765E-04   7.403790    
  6.0960965E-04   7.358168    
  6.1161170E-04   10.12168    
  6.1361369E-04   12.81874    
  6.1561563E-04   12.54445    
  6.1761768E-04   10.29474    
  6.1961974E-04   9.321656    
  6.2162161E-04   10.49233    
  6.2362367E-04   11.67163    
  6.2562578E-04   11.40965    
  6.2762771E-04   10.73771    
  6.2962971E-04   10.69410    
  6.3163164E-04   10.24125    
  6.3363370E-04   8.153975    
  6.3563569E-04   5.476139    
  6.3763763E-04   4.208914    
  6.3963968E-04   4.416415    
  6.4164179E-04   4.435710    
  6.4364361E-04   3.647681    
  6.4564572E-04   3.121391    
  6.4764777E-04   3.339819    
  6.4964971E-04   3.258128    
  6.5165170E-04   2.408110    
  6.5365375E-04   2.178184    
  6.5565569E-04   3.744043    
  6.5765780E-04   5.917529    
  6.5965974E-04   6.682095    
  6.6166167E-04   6.127620    
  6.6366378E-04   6.070224    
  6.6566584E-04   7.079993    
  6.6766771E-04   7.668549    
  6.6966977E-04   6.785905    
  6.7167165E-04   5.250701    
  6.7367370E-04   4.024539    
  6.7567575E-04   2.701007    
  6.7767763E-04  0.8317432    
  6.7967968E-04 -0.5628026    
  6.8168173E-04 -0.5394809    
  6.8368379E-04 -0.2036635    
  6.8568566E-04  -1.134716    
  6.8768772E-04  -2.223562    
  6.8968977E-04 -0.5748607    
  6.9169188E-04   4.112701    
  6.9369370E-04   8.227901    
  6.9569581E-04   8.627670    
  6.9769786E-04   6.366515    
  6.9969974E-04   4.403432    
  7.0170179E-04   3.183531    
  7.0370367E-04   1.249585    
  7.0570572E-04 -0.6349091    
  7.0770778E-04  0.5576057    
  7.0970983E-04   5.265799    
  7.1171188E-04   9.294188    
  7.1371393E-04   8.795666    
  7.1571564E-04   5.388141    
  7.1771769E-04   3.808199    
  7.1971974E-04   5.521142    
  7.2172179E-04   7.538796    
  7.2372390E-04   7.532214    
  7.2572572E-04   7.006824    
  7.2772783E-04   8.095786    
  7.2972965E-04   9.740181    
  7.3173176E-04   9.351833    
  7.3373382E-04   6.943252    
  7.3573587E-04   5.057194    
  7.3773775E-04   4.914289    
  7.3973980E-04   5.084734    
  7.4174185E-04   4.395270    
  7.4374391E-04   3.928265    
  7.4574578E-04   4.999177    
  7.4774784E-04   6.734873    
  7.4974971E-04   7.335391    
  7.5175177E-04   6.782963    
  7.5375382E-04   6.547668    
  7.5575593E-04   7.052929    
  7.5775798E-04   7.139775    
  7.5975963E-04   6.251968    
  7.6176168E-04   5.525385    
  7.6376373E-04   6.036848    
  7.6576584E-04   7.168698    
  7.6776790E-04   7.577524    
  7.6976995E-04   6.826163    
  7.7177183E-04   5.295586    
  7.7377388E-04   3.258128    
  7.7577576E-04   1.185665    
  7.7777781E-04  0.2611092    
  7.7977986E-04   1.212139    
  7.8178191E-04   2.802235    
  7.8378379E-04   2.982255    
  7.8578584E-04   1.683671    
  7.8778790E-04   1.073970    
  7.8979001E-04   2.400970    
  7.9179183E-04   4.074930    
  7.9379370E-04   3.941842    
  7.9579576E-04   2.403803    
  7.9779787E-04   1.712991    
  7.9979992E-04   2.717469    
  8.0180197E-04   4.053148    
  8.0380403E-04   4.511712    
  8.0580573E-04   4.512737    
  8.0780778E-04   4.658816    
  8.0980983E-04   4.449326    
  8.1181189E-04   3.511653    
  8.1381394E-04   2.782906    
  8.1581599E-04   3.059177    
  8.1781787E-04   3.239387    
  8.1981992E-04   1.840880    
  8.2182180E-04 -0.1552811    
  8.2382385E-04 -7.9293987E-03
  8.2582596E-04   2.803031    
  8.2782801E-04   5.246004    
  8.2982989E-04   4.573601    
  8.3183195E-04   1.925286    
  8.3383400E-04  0.5964859    
  8.3583588E-04   1.651493    
  8.3783793E-04   3.302920    
  8.3983981E-04   4.194094    
  8.4184186E-04   5.070733    
  8.4384391E-04   6.610569    
  8.4584596E-04   7.718796    
  8.4784802E-04   7.347348    
  8.4985013E-04   6.639611    
  8.5185177E-04   7.428105    
  8.5385382E-04   9.399488    
  8.5585588E-04   10.51313    
  8.5785793E-04   10.08302    
  8.5986004E-04   9.550143    
  8.6186209E-04   9.821451    
  8.6386397E-04   9.684222    
  8.6586579E-04   7.990019    
  8.6786790E-04   5.873523    
  8.6986995E-04   5.229025    
  8.7187201E-04   5.749524    
  8.7387388E-04   5.406207    
  8.7587594E-04   3.673098    
  8.7787799E-04   2.438577    
  8.7988004E-04   3.144601    
  8.8188192E-04   4.653712    
  8.8388397E-04   4.973394    
  8.8588585E-04   3.969644    
  8.8788790E-04   3.068921    
  8.8988995E-04   2.900893    
  8.9189206E-04   2.731908    
  8.9389412E-04   2.133400    
  8.9589617E-04   1.730511    
  8.9789781E-04   2.002688    
  8.9989993E-04   2.391558    
  9.0190198E-04   2.233857    
  9.0390403E-04   1.671703    
  9.0590608E-04   1.093089    
  9.0790796E-04  0.4518110    
  9.0991001E-04 -3.5605453E-02
  9.1191189E-04  0.6449651    
  9.1391394E-04   2.985586    
  9.1591600E-04   5.491437    
  9.1791805E-04   5.905188    
  9.1991993E-04   4.045206    
  9.2192198E-04   2.141553    
  9.2392409E-04   1.919100    
  9.2592614E-04   2.569841    
  9.2792802E-04   2.345034    
  9.2993007E-04   1.152373    
  9.3193189E-04  0.3045388    
  9.3393400E-04  0.2682488    
  9.3593606E-04  0.1871103    
  9.3793811E-04 -0.3648664    
  9.3994016E-04 -0.6320859    
  9.4194186E-04 -0.1239154    
  9.4394392E-04  0.3776097    
  9.4594597E-04  6.8508722E-02
  9.4794802E-04 -0.5452253    
  9.4995007E-04 -0.5071341    
  9.5195218E-04  6.2431414E-02
  9.5395400E-04  0.4456337    
  9.5595611E-04  0.8221284    
  9.5795793E-04   1.879886    
  9.5995999E-04   3.055887    
  9.6196210E-04   2.700605    
  9.6396415E-04  0.5662019    
  9.6596603E-04  -1.292592    
  9.6796808E-04  -1.157257    
  9.6997013E-04  8.9496095E-03
  9.7197201E-04  0.1464790    
  9.7397406E-04 -0.6621640    
  9.7597612E-04 -0.4410117    
  9.7797799E-04   1.289124    
  9.7998010E-04   2.372285    
  9.8198210E-04   1.082815    
  9.8398421E-04  -1.299668    
  9.8598620E-04  -2.331813    
  9.8798797E-04  -1.766203    
  9.8998996E-04  -1.326409    
  9.9199207E-04  -1.558987    
  9.9399406E-04 -0.9816917    
  9.9599618E-04   1.259869    
  9.9799817E-04   3.539968    
  1.0000000E-03   3.796704    
