 -9.9999998E-03  0.2401349    
 -9.9799801E-03  0.2377586    
 -9.9599604E-03  0.2379056    
 -9.9399397E-03  0.2403963    
 -9.9199200E-03  0.2446937    
 -9.8999003E-03  0.2501352    
 -9.8798806E-03  0.2560380    
 -9.8598599E-03  0.2618724    
 -9.8398402E-03  0.2673282    
 -9.8198196E-03  0.2723502    
 -9.7997999E-03  0.2771363    
 -9.7797792E-03  0.2819963    
 -9.7597595E-03  0.2871968    
 -9.7397398E-03  0.2928461    
 -9.7197201E-03  0.2988161    
 -9.6997004E-03  0.3046569    
 -9.6796798E-03  0.3097616    
 -9.6596600E-03  0.3135292    
 -9.6396394E-03  0.3154371    
 -9.6196197E-03  0.3155607    
 -9.5995991E-03  0.3142697    
 -9.5795793E-03  0.3125914    
 -9.5595596E-03  0.3120106    
 -9.5395399E-03  0.3141304    
 -9.5195202E-03  0.3204540    
 -9.4994996E-03  0.3319610    
 -9.4794799E-03  0.3488942    
 -9.4594592E-03  0.3705441    
 -9.4394395E-03  0.3953412    
 -9.4194189E-03  0.4209584    
 -9.3993992E-03  0.4449288    
 -9.3793795E-03  0.4647731    
 -9.3593597E-03  0.4787818    
 -9.3393400E-03  0.4862084    
 -9.3193194E-03  0.4874772    
 -9.2992997E-03  0.4841034    
 -9.2792800E-03  0.4784710    
 -9.2592593E-03  0.4733056    
 -9.2392387E-03  0.4711739    
 -9.2192190E-03  0.4739057    
 -9.1991993E-03  0.4823882    
 -9.1791796E-03  0.4961413    
 -9.1591589E-03  0.5136093    
 -9.1391392E-03  0.5324687    
 -9.1191195E-03  0.5499057    
 -9.0990998E-03  0.5633667    
 -9.0790791E-03  0.5709642    
 -9.0590585E-03  0.5718342    
 -9.0390388E-03  0.5661452    
 -9.0190191E-03  0.5552119    
 -8.9989994E-03  0.5408586    
 -8.9789787E-03  0.5253522    
 -8.9589590E-03  0.5106534    
 -8.9389393E-03  0.4981967    
 -8.9189196E-03  0.4885776    
 -8.8988990E-03  0.4816192    
 -8.8788783E-03  0.4764254    
 -8.8588586E-03  0.4717493    
 -8.8388389E-03  0.4663748    
 -8.8188192E-03  0.4592685    
 -8.7987985E-03  0.4500170    
 -8.7787788E-03  0.4388219    
 -8.7587591E-03  0.4263763    
 -8.7387394E-03  0.4138168    
 -8.7187197E-03  0.4022941    
 -8.6986991E-03  0.3929034    
 -8.6786784E-03  0.3864110    
 -8.6586587E-03  0.3831466    
 -8.6386381E-03  0.3831325    
 -8.6186184E-03  0.3861048    
 -8.5985987E-03  0.3917676    
 -8.5785789E-03  0.3998281    
 -8.5585592E-03  0.4101406    
 -8.5385386E-03  0.4226325    
 -8.5185189E-03  0.4372582    
 -8.4984982E-03  0.4538397    
 -8.4784785E-03  0.4718138    
 -8.4584588E-03  0.4902236    
 -8.4384382E-03  0.5077846    
 -8.4184185E-03  0.5229459    
 -8.3983988E-03  0.5342096    
 -8.3783790E-03  0.5403484    
 -8.3583584E-03  0.5408769    
 -8.3383387E-03  0.5360963    
 -8.3183181E-03  0.5273012    
 -8.2982983E-03  0.5165071    
 -8.2782777E-03  0.5062752    
 -8.2582580E-03  0.4992436    
 -8.2382383E-03  0.4975321    
 -8.2182186E-03  0.5025321    
 -8.1981989E-03  0.5144600    
 -8.1781782E-03  0.5324639    
 -8.1581585E-03  0.5546761    
 -8.1381388E-03  0.5786067    
 -8.1181182E-03  0.6017085    
 -8.0980984E-03  0.6217976    
 -8.0780778E-03  0.6373848    
 -8.0580581E-03  0.6480801    
 -8.0380384E-03  0.6543816    
 -8.0180177E-03  0.6576741    
 -7.9979990E-03  0.6596095    
 -7.9779783E-03  0.6619686    
 -7.9579586E-03  0.6659804    
 -7.9379380E-03  0.6722930    
 -7.9179173E-03  0.6808206    
 -7.8978976E-03  0.6908014    
 -7.8778779E-03  0.7012119    
 -7.8578582E-03  0.7109985    
 -7.8378385E-03  0.7195175    
 -7.8178179E-03  0.7266489    
 -7.7977977E-03  0.7329516    
 -7.7777780E-03  0.7394557    
 -7.7577573E-03  0.7473658    
 -7.7377385E-03  0.7577918    
 -7.7177179E-03  0.7712449    
 -7.6976977E-03  0.7875075    
 -7.6776780E-03  0.8055543    
 -7.6576574E-03  0.8236434    
 -7.6376377E-03  0.8397550    
 -7.6176180E-03  0.8519906    
 -7.5975978E-03  0.8589746    
 -7.5775781E-03  0.8602834    
 -7.5575574E-03  0.8565795    
 -7.5375377E-03  0.8494894    
 -7.5175175E-03  0.8413484    
 -7.4974978E-03  0.8346805    
 -7.4774772E-03  0.8315641    
 -7.4574575E-03  0.8334182    
 -7.4374378E-03  0.8403021    
 -7.4174176E-03  0.8512161    
 -7.3973970E-03  0.8639972    
 -7.3773772E-03  0.8759589    
 -7.3573575E-03  0.8843392    
 -7.3373378E-03  0.8869392    
 -7.3173176E-03  0.8825448    
 -7.2972970E-03  0.8712755    
 -7.2772773E-03  0.8544550    
 -7.2572576E-03  0.8345364    
 -7.2372374E-03  0.8143937    
 -7.2172168E-03  0.7968765    
 -7.1971971E-03  0.7843024    
 -7.1771774E-03  0.7778686    
 -7.1571576E-03  0.7776538    
 -7.1371370E-03  0.7824662    
 -7.1171168E-03  0.7903339    
 -7.0970971E-03  0.7989188    
 -7.0770774E-03  0.8058454    
 -7.0570577E-03  0.8095437    
 -7.0370371E-03  0.8090599    
 -7.0170169E-03  0.8045692    
 -6.9969972E-03  0.7971236    
 -6.9769775E-03  0.7881837    
 -6.9569568E-03  0.7795209    
 -6.9369366E-03  0.7725508    
 -6.9169169E-03  0.7682687    
 -6.8968972E-03  0.7668583    
 -6.8768766E-03  0.7679320    
 -6.8568569E-03  0.7705701    
 -6.8368367E-03  0.7737132    
 -6.8168170E-03  0.7764689    
 -6.7967973E-03  0.7784514    
 -6.7767766E-03  0.7797803    
 -6.7567569E-03  0.7812413    
 -6.7367367E-03  0.7840819    
 -6.7167170E-03  0.7895958    
 -6.6966973E-03  0.7988915    
 -6.6766767E-03  0.8125351    
 -6.6566565E-03  0.8304735    
 -6.6366368E-03  0.8517345    
 -6.6166166E-03  0.8747463    
 -6.5965969E-03  0.8977323    
 -6.5765767E-03  0.9187399    
 -6.5565566E-03  0.9364206    
 -6.5365369E-03  0.9500538    
 -6.5165167E-03  0.9598647    
 -6.4964965E-03  0.9670091    
 -6.4764763E-03  0.9733078    
 -6.4564561E-03  0.9809582    
 -6.4364364E-03  0.9920892    
 -6.4164167E-03   1.008326    
 -6.3963966E-03   1.030430    
 -6.3763764E-03   1.058108    
 -6.3563567E-03   1.090184    
 -6.3363365E-03   1.124669    
 -6.3163163E-03   1.159168    
 -6.2962966E-03   1.191469    
 -6.2762760E-03   1.219823    
 -6.2562563E-03   1.243170    
 -6.2362365E-03   1.261807    
 -6.2162164E-03   1.276648    
 -6.1961962E-03   1.289336    
 -6.1761765E-03   1.301846    
 -6.1561563E-03   1.315782    
 -6.1361361E-03   1.332119    
 -6.1161164E-03   1.350757    
 -6.0960962E-03   1.370382    
 -6.0760761E-03   1.388913    
 -6.0560564E-03   1.403353    
 -6.0360362E-03   1.410783    
 -6.0160165E-03   1.408794    
 -5.9959963E-03   1.395913    
 -5.9759757E-03   1.372376    
 -5.9559559E-03   1.339730    
 -5.9359362E-03   1.301126    
 -5.9159161E-03   1.260651    
 -5.8958959E-03   1.222762    
 -5.8758762E-03   1.191497    
 -5.8558560E-03   1.169980    
 -5.8358363E-03   1.159790    
 -5.8158161E-03   1.160803    
 -5.7957955E-03   1.171366    
 -5.7757758E-03   1.188692    
 -5.7557556E-03   1.209596    
 -5.7357359E-03   1.231020    
 -5.7157157E-03   1.250817    
 -5.6956955E-03   1.268148    
 -5.6756758E-03   1.283596    
 -5.6556561E-03   1.298884    
 -5.6356355E-03   1.316556    
 -5.6156153E-03   1.338892    
 -5.5955956E-03   1.367690    
 -5.5755754E-03   1.403302    
 -5.5555557E-03   1.444450    
 -5.5355355E-03   1.488380    
 -5.5155153E-03   1.531035    
 -5.4954956E-03   1.568170    
 -5.4754759E-03   1.595740    
 -5.4554553E-03   1.611124    
 -5.4354356E-03   1.613584    
 -5.4154154E-03   1.604622    
 -5.3953952E-03   1.587776    
 -5.3753755E-03   1.568057    
 -5.3553558E-03   1.551336    
 -5.3353352E-03   1.542941    
 -5.3153154E-03   1.547124    
 -5.2952953E-03   1.566071    
 -5.2752751E-03   1.599694    
 -5.2552554E-03   1.645715    
 -5.2352352E-03   1.700079    
 -5.2152150E-03   1.757747    
 -5.1951953E-03   1.813655    
 -5.1751756E-03   1.863455    
 -5.1551554E-03   1.904154    
 -5.1351353E-03   1.934372    
 -5.1151151E-03   1.954238    
 -5.0950949E-03   1.965049    
 -5.0750752E-03   1.968518    
 -5.0550550E-03   1.966607    
 -5.0350348E-03   1.960613    
 -5.0150151E-03   1.951149    
 -4.9949954E-03   1.938256    
 -4.9749753E-03   1.921573    
 -4.9549546E-03   1.900866    
 -4.9349349E-03   1.876565    
 -4.9149147E-03   1.849805    
 -4.8948950E-03   1.822827    
 -4.8748748E-03   1.798624    
 -4.8548547E-03   1.780405    
 -4.8348350E-03   1.771136    
 -4.8148152E-03   1.772651    
 -4.7947951E-03   1.785265    
 -4.7747749E-03   1.807531    
 -4.7547547E-03   1.836395    
 -4.7347345E-03   1.867619    
 -4.7147148E-03   1.896582    
 -4.6946951E-03   1.919307    
 -4.6746745E-03   1.933109    
 -4.6546548E-03   1.937308    
 -4.6346351E-03   1.933461    
 -4.6146144E-03   1.925101    
 -4.5945947E-03   1.917039    
 -4.5745745E-03   1.914581    
 -4.5545544E-03   1.922369    
 -4.5345346E-03   1.943684    
 -4.5145149E-03   1.979733    
 -4.4944948E-03   2.029333    
 -4.4744746E-03   2.089386    
 -4.4544549E-03   2.155475    
 -4.4344342E-03   2.222445    
 -4.4144145E-03   2.285844    
 -4.3943943E-03   2.342186    
 -4.3743742E-03   2.389861    
 -4.3543545E-03   2.429135    
 -4.3343347E-03   2.461747    
 -4.3143146E-03   2.490610    
 -4.2942944E-03   2.518899    
 -4.2742742E-03   2.549339    
 -4.2542540E-03   2.583832    
 -4.2342343E-03   2.622920    
 -4.2142146E-03   2.665925    
 -4.1941940E-03   2.711473    
 -4.1741743E-03   2.757499    
 -4.1541546E-03   2.802392    
 -4.1341344E-03   2.845106    
 -4.1141142E-03   2.885400    
 -4.0940936E-03   2.924148    
 -4.0740739E-03   2.962663    
 -4.0540542E-03   3.002653    
 -4.0340340E-03   3.045443    
 -4.0140138E-03   3.091438    
 -3.9939941E-03   3.140241    
 -3.9739739E-03   3.190067    
 -3.9539542E-03   3.238511    
 -3.9339340E-03   3.282537    
 -3.9139139E-03   3.319368    
 -3.8938937E-03   3.346943    
 -3.8738740E-03   3.364201    
 -3.8538538E-03   3.371516    
 -3.8338338E-03   3.370420    
 -3.8138141E-03   3.363505    
 -3.7937937E-03   3.353653    
 -3.7737740E-03   3.343804    
 -3.7537536E-03   3.336215    
 -3.7337334E-03   3.332647    
 -3.7137137E-03   3.333773    
 -3.6936938E-03   3.340111    
 -3.6736736E-03   3.351591    
 -3.6536537E-03   3.368956    
 -3.6336340E-03   3.393249    
 -3.6136135E-03   3.426687    
 -3.5935934E-03   3.471992    
 -3.5735737E-03   3.532119    
 -3.5535533E-03   3.609698    
 -3.5335335E-03   3.705864    
 -3.5135136E-03   3.819729    
 -3.4934934E-03   3.947814    
 -3.4734735E-03   4.084020    
 -3.4534538E-03   4.220108    
 -3.4334336E-03   4.346639    
 -3.4134132E-03   4.454493    
 -3.3933935E-03   4.536238    
 -3.3733733E-03   4.587845    
 -3.3533538E-03   4.609440    
 -3.3333332E-03   4.606169    
 -3.3133132E-03   4.587400    
 -3.2932935E-03   4.565896    
 -3.2732736E-03   4.555976    
 -3.2532536E-03   4.571083    
 -3.2332330E-03   4.621871    
 -3.2132133E-03   4.714217    
 -3.1931933E-03   4.848168    
 -3.1731727E-03   5.017570    
 -3.1531530E-03   5.211142    
 -3.1331331E-03   5.414301    
 -3.1131133E-03   5.611401    
 -3.0930934E-03   5.788306    
 -3.0730737E-03   5.935059    
 -3.0530530E-03   6.047184    
 -3.0330331E-03   6.126547    
 -3.0130134E-03   6.180915    
 -2.9929928E-03   6.222282    
 -2.9729728E-03   6.264782    
 -2.9529529E-03   6.321661    
 -2.9329322E-03   6.402986    
 -2.9129125E-03   6.513908    
 -2.8928926E-03   6.653202    
 -2.8728729E-03   6.814167    
 -2.8528529E-03   6.985480    
 -2.8328332E-03   7.153804    
 -2.8128126E-03   7.306134    
 -2.7927926E-03   7.432589    
 -2.7727729E-03   7.527947    
 -2.7527530E-03   7.593223    
 -2.7327333E-03   7.635501    
 -2.7127133E-03   7.666105    
 -2.6926927E-03   7.699428    
 -2.6726727E-03   7.750129    
 -2.6526521E-03   7.830910    
 -2.6326324E-03   7.949999    
 -2.6126124E-03   8.111053    
 -2.5925927E-03   8.312276    
 -2.5725721E-03   8.547434    
 -2.5525521E-03   8.807386    
 -2.5325324E-03   9.082009    
 -2.5125125E-03   9.361853    
 -2.4924928E-03   9.639513    
 -2.4724728E-03   9.910848    
 -2.4524522E-03   10.17484    
 -2.4324325E-03   10.43325    
 -2.4124125E-03   10.68959    
 -2.3923926E-03   10.94824    
 -2.3723729E-03   11.21341    
 -2.3523530E-03   11.48851    
 -2.3323323E-03   11.77584    
 -2.3123126E-03   12.07632    
 -2.2922920E-03   12.39002    
 -2.2722720E-03   12.71675    
 -2.2522523E-03   13.05523    
 -2.2322324E-03   13.40453    
 -2.2122117E-03   13.76272    
 -2.1921920E-03   14.12750    
 -2.1721721E-03   14.49528    
 -2.1521521E-03   14.86223    
 -2.1321324E-03   15.22355    
 -2.1121125E-03   15.57546    
 -2.0920918E-03   15.91526    
 -2.0720721E-03   16.24307    
 -2.0520522E-03   16.56271    
 -2.0320325E-03   16.88209    
 -2.0120125E-03   17.21279    
 -1.9919928E-03   17.56882    
 -1.9719722E-03   17.96521    
 -1.9519514E-03   18.41505    
 -1.9319316E-03   18.92758    
 -1.9119118E-03   19.50642    
 -1.8918919E-03   20.14860    
 -1.8718721E-03   20.84393    
 -1.8518515E-03   21.57795    
 -1.8318316E-03   22.33301    
 -1.8118118E-03   23.09253    
 -1.7917920E-03   23.84314    
 -1.7717720E-03   24.57793    
 -1.7517522E-03   25.29751    
 -1.7317316E-03   26.01059    
 -1.7117118E-03   26.73237    
 -1.6916919E-03   27.48136    
 -1.6716721E-03   28.27755    
 -1.6516523E-03   29.13790    
 -1.6316324E-03   30.07419    
 -1.6116110E-03   31.09149    
 -1.5915912E-03   32.18793    
 -1.5715713E-03   33.35603    
 -1.5515515E-03   34.58528    
 -1.5315317E-03   35.86501    
 -1.5115110E-03   37.18750    
 -1.4914912E-03   38.55051    
 -1.4714713E-03   39.95828    
 -1.4514514E-03   41.42179    
 -1.4314316E-03   42.95730    
 -1.4114118E-03   44.58427    
 -1.3913912E-03   46.32233    
 -1.3713713E-03   48.18792    
 -1.3513515E-03   50.19264    
 -1.3313317E-03   52.34166    
 -1.3113118E-03   54.63380    
 -1.2912920E-03   57.06211    
 -1.2712706E-03   59.61615    
 -1.2512507E-03   62.28418    
 -1.2312309E-03   65.05742    
 -1.2112111E-03   67.93069    
 -1.1911911E-03   70.90652    
 -1.1711713E-03   73.99607    
 -1.1511507E-03   77.21891    
 -1.1311308E-03   80.60319    
 -1.1111110E-03   84.18411    
 -1.0910912E-03   88.00308    
 -1.0710714E-03   92.10092    
 -1.0510515E-03   96.51951    
 -1.0310309E-03   101.2940    
 -1.0110111E-03   106.4523    
 -9.9099125E-04   112.0116    
 -9.7097136E-04   117.9775    
 -9.5095154E-04   124.3452    
 -9.3093090E-04   131.1015    
 -9.1091025E-04   138.2277    
 -8.9089043E-04   145.7070    
 -8.7087060E-04   153.5302    
 -8.5085072E-04   161.7006    
 -8.3083089E-04   170.2393    
 -8.1081106E-04   179.1874    
 -7.9079042E-04   188.6062    
 -7.7077060E-04   198.5693    
 -7.5075077E-04   209.1625    
 -7.3073088E-04   220.4695    
 -7.1071106E-04   232.5649    
 -6.9069123E-04   245.5061    
 -6.7067059E-04   259.3267    
 -6.5065076E-04   274.0306    
 -6.3063094E-04   289.5975    
 -6.1061105E-04   305.9831    
 -5.9059041E-04   323.1259    
 -5.7057058E-04   340.9538    
 -5.5054994E-04   359.3929    
 -5.3053012E-04   378.3673    
 -5.1051029E-04   397.8058    
 -4.9049046E-04   417.6374    
 -4.7047061E-04   437.7863    
 -4.5045075E-04   458.1683    
 -4.3043014E-04   478.6863    
 -4.1041028E-04   499.2259    
 -3.9039046E-04   519.6592    
 -3.7037060E-04   539.8517    
 -3.5035078E-04   559.6690    
 -3.3033092E-04   578.9913    
 -3.1031031E-04   597.7233    
 -2.9029045E-04   615.8017    
 -2.7027063E-04   633.2009    
 -2.5024998E-04   649.9296    
 -2.3023014E-04   666.0151    
 -2.1021030E-04   681.4899    
 -1.9018968E-04   696.3690    
 -1.7016983E-04   710.6273    
 -1.5014999E-04   724.1884    
 -1.3013015E-04   736.9085    
 -1.1011031E-04   748.5793    
 -9.0090471E-05   758.9433    
 -7.0069837E-05   767.7116    
 -5.0049995E-05   774.5978    
 -3.0030156E-05   779.3486    
 -1.0010316E-05   781.7676    
  1.0009524E-05   781.7758    
  3.0029365E-05   779.3477    
  5.0049995E-05   774.5980    
  7.0069837E-05   767.7116    
  9.0090471E-05   758.9433    
  1.1011031E-04   748.5794    
  1.3013015E-04   736.9084    
  1.5015078E-04   724.1879    
  1.7017062E-04   710.6268    
  1.9019046E-04   696.3681    
  2.1021030E-04   681.4899    
  2.3023014E-04   666.0150    
  2.5024998E-04   649.9299    
  2.7027063E-04   633.2011    
  2.9029045E-04   615.8016    
  3.1031031E-04   597.7230    
  3.3033013E-04   578.9921    
  3.5034999E-04   559.6695    
  3.7036982E-04   539.8522    
  3.9039046E-04   519.6592    
  4.1041028E-04   499.2260    
  4.3043093E-04   478.6856    
  4.5045075E-04   458.1683    
  4.7047061E-04   437.7863    
  4.9049046E-04   417.6375    
  5.1051105E-04   397.8052    
  5.3053093E-04   378.3669    
  5.5055076E-04   359.3922    
  5.7057058E-04   340.9538    
  5.9059041E-04   323.1260    
  6.1061030E-04   305.9836    
  6.3063094E-04   289.5975    
  6.5065076E-04   274.0306    
  6.7067059E-04   259.3267    
  6.9069042E-04   245.5066    
  7.1071024E-04   232.5654    
  7.3073013E-04   220.4699    
  7.5075077E-04   209.1625    
  7.7077135E-04   198.5689    
  7.9079124E-04   188.6056    
  8.1081106E-04   179.1875    
  8.3083089E-04   170.2394    
  8.5085072E-04   161.7006    
  8.7087136E-04   153.5298    
  8.9089118E-04   145.7068    
  9.1091107E-04   138.2275    
  9.3093090E-04   131.1016    
  9.5095072E-04   124.3457    
  9.7097055E-04   117.9779    
  9.9099125E-04   112.0116    
  1.0110111E-03   106.4523    
  1.0310309E-03   101.2940    
  1.0510507E-03   96.51965    
  1.0710706E-03   92.10117    
  1.0910904E-03   88.00304    
  1.1111118E-03   84.18417    
  1.1311317E-03   80.60294    
  1.1511515E-03   77.21870    
  1.1711713E-03   73.99608    
  1.1911911E-03   70.90652    
  1.2112111E-03   67.93069    
  1.2312316E-03   65.05726    
  1.2512516E-03   62.28429    
  1.2712714E-03   59.61600    
  1.2912912E-03   57.06224    
  1.3113110E-03   54.63369    
  1.3313309E-03   52.34173    
  1.3513515E-03   50.19265    
  1.3713713E-03   48.18792    
  1.3913912E-03   46.32233    
  1.4114110E-03   44.58442    
  1.4314308E-03   42.95735    
  1.4514514E-03   41.42175    
  1.4714721E-03   39.95824    
  1.4914919E-03   38.55057    
  1.5115119E-03   37.18760    
  1.5315317E-03   35.86499    
  1.5515515E-03   34.58529    
  1.5715713E-03   33.35604    
  1.5915920E-03   32.18793    
  1.6116118E-03   31.09140    
  1.6316316E-03   30.07420    
  1.6516515E-03   29.13780    
  1.6716713E-03   28.27765    
  1.6916911E-03   27.48140    
  1.7117118E-03   26.73236    
  1.7317316E-03   26.01061    
  1.7517515E-03   25.29751    
  1.7717713E-03   24.57790    
  1.7917920E-03   23.84315    
  1.8118126E-03   23.09252    
  1.8318325E-03   22.33307    
  1.8518523E-03   21.57786    
  1.8718721E-03   20.84392    
  1.8918919E-03   20.14859    
  1.9119118E-03   19.50642    
  1.9319324E-03   18.92761    
  1.9519522E-03   18.41501    
  1.9719722E-03   17.96520    
  1.9919919E-03   17.56883    
  2.0120118E-03   17.21281    
  2.0320315E-03   16.88215    
  2.0520522E-03   16.56273    
  2.0720721E-03   16.24307    
  2.0920918E-03   15.91527    
  2.1121118E-03   15.57553    
  2.1321324E-03   15.22355    
  2.1521521E-03   14.86224    
  2.1721728E-03   14.49532    
  2.1921927E-03   14.12744    
  2.2122127E-03   13.76273    
  2.2322324E-03   13.40452    
  2.2522523E-03   13.05523    
  2.2722720E-03   12.71675    
  2.2922927E-03   12.39004    
  2.3123126E-03   12.07632    
  2.3323323E-03   11.77586    
  2.3523523E-03   11.48862    
  2.3723720E-03   11.21340    
  2.3923919E-03   10.94822    
  2.4124125E-03   10.68959    
  2.4324325E-03   10.43327    
  2.4524522E-03   10.17484    
  2.4724728E-03   9.910843    
  2.4924928E-03   9.639517    
  2.5125125E-03   9.361845    
  2.5325331E-03   9.082038    
  2.5525531E-03   8.807417    
  2.5725728E-03   8.547416    
  2.5925927E-03   8.312285    
  2.6126124E-03   8.111050    
  2.6326324E-03   7.950005    
  2.6526530E-03   7.830858    
  2.6726727E-03   7.750152    
  2.6926927E-03   7.699431    
  2.7127126E-03   7.665994    
  2.7327323E-03   7.635486    
  2.7527523E-03   7.593231    
  2.7727729E-03   7.527956    
  2.7927926E-03   7.432574    
  2.8128133E-03   7.306156    
  2.8328332E-03   7.153814    
  2.8528529E-03   6.985488    
  2.8728729E-03   6.814168    
  2.8928935E-03   6.653178    
  2.9129132E-03   6.513875    
  2.9329332E-03   6.403009    
  2.9529529E-03   6.321661    
  2.9729728E-03   6.264772    
  2.9929928E-03   6.222285    
  3.0130134E-03   6.180921    
  3.0330331E-03   6.126556    
  3.0530530E-03   6.047189    
  3.0730728E-03   5.935086    
  3.0930927E-03   5.788325    
  3.1131124E-03   5.611387    
  3.1331331E-03   5.414285    
  3.1531530E-03   5.211130    
  3.1731736E-03   5.017513    
  3.1931933E-03   4.848173    
  3.2132133E-03   4.714215    
  3.2332330E-03   4.621876    
  3.2532536E-03   4.571084    
  3.2732736E-03   4.555989    
  3.2932926E-03   4.565917    
  3.3133132E-03   4.587410    
  3.3333339E-03   4.606191    
  3.3533529E-03   4.609471    
  3.3733735E-03   4.587791    
  3.3933925E-03   4.536247    
  3.4134132E-03   4.454494    
  3.4334338E-03   4.346605    
  3.4534528E-03   4.220074    
  3.4734735E-03   4.084018    
  3.4934927E-03   3.947825    
  3.5135134E-03   3.819706    
  3.5335338E-03   3.705852    
  3.5535544E-03   3.609686    
  3.5735737E-03   3.532116    
  3.5935943E-03   3.471959    
  3.6136133E-03   3.426666    
  3.6336340E-03   3.393258    
  3.6536546E-03   3.368924    
  3.6736736E-03   3.351594    
  3.6936942E-03   3.340069    
  3.7137133E-03   3.333781    
  3.7337339E-03   3.332660    
  3.7537529E-03   3.336189    
  3.7737736E-03   3.343753    
  3.7937942E-03   3.353683    
  3.8138132E-03   3.363536    
  3.8338338E-03   3.370435    
  3.8538529E-03   3.371493    
  3.8738735E-03   3.364181    
  3.8938941E-03   3.346912    
  3.9139134E-03   3.319349    
  3.9339340E-03   3.282544    
  3.9539528E-03   3.238462    
  3.9739734E-03   3.190068    
  3.9939927E-03   3.140203    
  4.0140147E-03   3.091447    
  4.0340354E-03   3.045403    
  4.0540546E-03   3.002693    
  4.0740753E-03   2.962661    
  4.0940940E-03   2.924143    
  4.1141147E-03   2.885432    
  4.1341353E-03   2.845072    
  4.1541546E-03   2.802396    
  4.1741752E-03   2.757511    
  4.1941940E-03   2.711477    
  4.2142146E-03   2.665929    
  4.2342339E-03   2.622913    
  4.2542545E-03   2.583837    
  4.2742752E-03   2.549352    
  4.2942939E-03   2.518879    
  4.3143146E-03   2.490601    
  4.3343338E-03   2.461747    
  4.3543545E-03   2.429141    
  4.3743751E-03   2.389894    
  4.3943943E-03   2.342155    
  4.4144150E-03   2.285789    
  4.4344338E-03   2.222440    
  4.4544544E-03   2.155448    
  4.4744737E-03   2.089418    
  4.4944943E-03   2.029321    
  4.5145149E-03   1.979727    
  4.5345337E-03   1.943686    
  4.5545544E-03   1.922357    
  4.5745736E-03   1.914565    
  4.5945942E-03   1.917025    
  4.6146149E-03   1.925093    
  4.6346337E-03   1.933464    
  4.6546543E-03   1.937310    
  4.6746735E-03   1.933077    
  4.6946956E-03   1.919346    
  4.7147148E-03   1.896587    
  4.7347355E-03   1.867627    
  4.7547561E-03   1.836418    
  4.7747749E-03   1.807557    
  4.7947955E-03   1.785271    
  4.8148148E-03   1.772598    
  4.8348354E-03   1.771133    
  4.8548561E-03   1.780419    
  4.8748748E-03   1.798629    
  4.8948955E-03   1.822834    
  4.9149147E-03   1.849799    
  4.9349354E-03   1.876573    
  4.9549546E-03   1.900886    
  4.9749753E-03   1.921583    
  4.9949959E-03   1.938227    
  5.0150147E-03   1.951166    
  5.0350353E-03   1.960592    
  5.0550546E-03   1.966586    
  5.0750752E-03   1.968514    
  5.0950958E-03   1.965001    
  5.1151146E-03   1.954225    
  5.1351353E-03   1.934370    
  5.1551545E-03   1.904152    
  5.1751751E-03   1.863444    
  5.1951939E-03   1.813656    
  5.2152146E-03   1.757735    
  5.2352352E-03   1.700075    
  5.2552545E-03   1.645717    
  5.2752751E-03   1.599689    
  5.2952939E-03   1.566083    
  5.3153145E-03   1.547111    
  5.3353352E-03   1.542947    
  5.3553544E-03   1.551335    
  5.3753750E-03   1.568088    
  5.3953957E-03   1.587773    
  5.4154163E-03   1.604632    
  5.4354370E-03   1.613581    
  5.4554562E-03   1.611146    
  5.4754764E-03   1.595721    
  5.4954956E-03   1.568177    
  5.5155163E-03   1.531054    
  5.5355355E-03   1.488381    
  5.5555562E-03   1.444452    
  5.5755768E-03   1.403296    
  5.5955956E-03   1.367687    
  5.6156162E-03   1.338890    
  5.6356355E-03   1.316552    
  5.6556561E-03   1.298884    
  5.6756767E-03   1.283584    
  5.6956955E-03   1.268139    
  5.7157162E-03   1.250801    
  5.7357354E-03   1.231020    
  5.7557561E-03   1.209600    
  5.7757748E-03   1.188681    
  5.7957955E-03   1.171360    
  5.8158161E-03   1.160792    
  5.8358354E-03   1.159774    
  5.8558560E-03   1.169976    
  5.8758748E-03   1.191492    
  5.8958954E-03   1.222756    
  5.9159161E-03   1.260656    
  5.9359353E-03   1.301113    
  5.9559559E-03   1.339729    
  5.9759752E-03   1.372382    
  5.9959958E-03   1.395912    
  6.0160146E-03   1.408776    
  6.0360353E-03   1.410825    
  6.0560559E-03   1.403342    
  6.0760765E-03   1.388885    
  6.0960972E-03   1.370405    
  6.1161164E-03   1.350758    
  6.1361371E-03   1.332119    
  6.1561577E-03   1.315803    
  6.1761765E-03   1.301845    
  6.1961971E-03   1.289357    
  6.2162164E-03   1.276650    
  6.2362370E-03   1.261833    
  6.2562558E-03   1.243174    
  6.2762764E-03   1.219809    
  6.2962971E-03   1.191493    
  6.3163163E-03   1.159173    
  6.3363370E-03   1.124657    
  6.3563557E-03   1.090176    
  6.3763764E-03   1.058107    
  6.3963970E-03   1.030421    
  6.4164163E-03   1.008335    
  6.4364369E-03  0.9920926    
  6.4564561E-03  0.9809494    
  6.4764763E-03  0.9733073    
  6.4964956E-03  0.9670013    
  6.5165162E-03  0.9598650    
  6.5365369E-03  0.9500513    
  6.5565561E-03  0.9364016    
  6.5765767E-03  0.9187431    
  6.5965955E-03  0.8977161    
  6.6166162E-03  0.8747618    
  6.6366368E-03  0.8517351    
  6.6566560E-03  0.8304881    
  6.6766767E-03  0.8125369    
  6.6966955E-03  0.7988755    
  6.7167161E-03  0.7895959    
  6.7367353E-03  0.7840959    
  6.7567574E-03  0.7812623    
  6.7767780E-03  0.7797758    
  6.7967973E-03  0.7784495    
  6.8168179E-03  0.7764878    
  6.8368367E-03  0.7737059    
  6.8568573E-03  0.7705953    
  6.8768780E-03  0.7679480    
  6.8968972E-03  0.7668532    
  6.9169179E-03  0.7682622    
  6.9369366E-03  0.7725617    
  6.9569573E-03  0.7795119    
  6.9769779E-03  0.7881835    
  6.9969972E-03  0.7971306    
  7.0170178E-03  0.8046056    
  7.0370371E-03  0.8090613    
  7.0570577E-03  0.8095443    
  7.0770765E-03  0.8058466    
  7.0970971E-03  0.7989190    
  7.1171178E-03  0.7903156    
  7.1371370E-03  0.7824586    
  7.1571576E-03  0.7776499    
  7.1771764E-03  0.7778683    
  7.1971971E-03  0.7843108    
  7.2172177E-03  0.7969069    
  7.2372369E-03  0.8143685    
  7.2572576E-03  0.8345405    
  7.2772764E-03  0.8544846    
  7.2972970E-03  0.8712793    
  7.3173163E-03  0.8825230    
  7.3373369E-03  0.8869250    
  7.3573575E-03  0.8843325    
  7.3773763E-03  0.8759599    
  7.3973970E-03  0.8639906    
  7.4174162E-03  0.8512222    
  7.4374382E-03  0.8403265    
  7.4574589E-03  0.8333994    
  7.4774781E-03  0.8315773    
  7.4974988E-03  0.8346490    
  7.5175175E-03  0.8413465    
  7.5375382E-03  0.8495099    
  7.5575574E-03  0.8565770    
  7.5775781E-03  0.8602846    
  7.5975987E-03  0.8589735    
  7.6176180E-03  0.8519921    
  7.6376386E-03  0.8397723    
  7.6576574E-03  0.8236477    
  7.6776780E-03  0.8055547    
  7.6976987E-03  0.7875156    
  7.7177179E-03  0.7712472    
  7.7377385E-03  0.7577966    
  7.7577573E-03  0.7473692    
  7.7777780E-03  0.7394616    
  7.7977972E-03  0.7329522    
  7.8178179E-03  0.7266484    
  7.8378385E-03  0.7195191    
  7.8578573E-03  0.7110166    
  7.8778779E-03  0.7012109    
  7.8978967E-03  0.6908117    
  7.9179173E-03  0.6808228    
  7.9379380E-03  0.6722925    
  7.9579577E-03  0.6659988    
  7.9779783E-03  0.6619682    
  7.9979971E-03  0.6596186    
  8.0180177E-03  0.6576718    
  8.0380365E-03  0.6543815    
  8.0580572E-03  0.6480632    
  8.0780778E-03  0.6373871    
  8.0980975E-03  0.6217873    
  8.1181191E-03  0.6017341    
  8.1381388E-03  0.5786117    
  8.1581585E-03  0.5546779    
  8.1781792E-03  0.5324781    
  8.1981989E-03  0.5144593    
  8.2182195E-03  0.5025378    
  8.2382383E-03  0.4975267    
  8.2582589E-03  0.4992617    
  8.2782777E-03  0.5062767    
  8.2982983E-03  0.5165067    
  8.3183190E-03  0.5272948    
  8.3383387E-03  0.5360969    
  8.3583593E-03  0.5408829    
  8.3783781E-03  0.5403576    
  8.3983988E-03  0.5342070    
  8.4184194E-03  0.5229616    
  8.4384382E-03  0.5077875    
  8.4584588E-03  0.4902228    
  8.4784776E-03  0.4718159    
  8.4984982E-03  0.4538388    
  8.5185179E-03  0.4372744    
  8.5385386E-03  0.4226330    
  8.5585592E-03  0.4101403    
  8.5785780E-03  0.3998194    
  8.5985987E-03  0.3917685    
  8.6186174E-03  0.3861120    
  8.6386381E-03  0.3831350    
  8.6586587E-03  0.3831455    
  8.6786784E-03  0.3864216    
  8.6986991E-03  0.3929045    
  8.7187178E-03  0.4023092    
  8.7387385E-03  0.4138065    
  8.7587573E-03  0.4263924    
  8.7787779E-03  0.4388249    
  8.7988004E-03  0.4500169    
  8.8188192E-03  0.4592697    
  8.8388398E-03  0.4663619    
  8.8588586E-03  0.4717506    
  8.8788792E-03  0.4764192    
  8.8988999E-03  0.4816071    
  8.9189196E-03  0.4885787    
  8.9389402E-03  0.4981809    
  8.9589590E-03  0.5106574    
  8.9789797E-03  0.5253502    
  8.9990003E-03  0.5408652    
  9.0190191E-03  0.5552117    
  9.0390397E-03  0.5661606    
  9.0590585E-03  0.5718352    
  9.0790791E-03  0.5709653    
  9.0990989E-03  0.5633647    
  9.1191195E-03  0.5499082    
  9.1391401E-03  0.5324732    
  9.1591589E-03  0.5136149    
  9.1791796E-03  0.4961438    
  9.1991983E-03  0.4823732    
  9.2192190E-03  0.4739072    
  9.2392396E-03  0.4711604    
  9.2592593E-03  0.4732951    
  9.2792800E-03  0.4784804    
  9.2992987E-03  0.4841141    
  9.3193194E-03  0.4874833    
  9.3393382E-03  0.4862041    
  9.3593588E-03  0.4787763    
  9.3793795E-03  0.4647771    
  9.3993982E-03  0.4449327    
  9.4194189E-03  0.4209581    
  9.4394386E-03  0.3953308    
  9.4594592E-03  0.3705668    
  9.4794808E-03  0.3488965    
  9.4995005E-03  0.3319594    
  9.5195211E-03  0.3204360    
  9.5395399E-03  0.3141280    
  9.5595606E-03  0.3120146    
  9.5795793E-03  0.3125899    
  9.5996000E-03  0.3142676    
  9.6196206E-03  0.3155489    
  9.6396394E-03  0.3154403    
  9.6596600E-03  0.3135144    
  9.6796798E-03  0.3097611    
  9.6997004E-03  0.3046566    
  9.7197210E-03  0.2988154    
  9.7397398E-03  0.2928437    
  9.7597605E-03  0.2871920    
  9.7797792E-03  0.2819954    
  9.7997999E-03  0.2771376    
  9.8198196E-03  0.2723696    
  9.8398402E-03  0.2673330    
  9.8598609E-03  0.2618754    
  9.8798797E-03  0.2560489    
  9.8999003E-03  0.2501382    
  9.9199191E-03  0.2446883    
  9.9399397E-03  0.2403987    
  9.9599604E-03  0.2379072    
  9.9799791E-03  0.2377544    
  9.9999998E-03  0.2401327    
