 -2.0000000E-02  0.1241335    
 -1.9959960E-02  0.1179531    
 -1.9919921E-02  0.1121743    
 -1.9879879E-02  0.1074411    
 -1.9839840E-02  0.1044878    
 -1.9799801E-02  0.1039167    
 -1.9759761E-02  0.1059061    
 -1.9719720E-02  0.1101175    
 -1.9679680E-02  0.1156872    
 -1.9639639E-02  0.1214774    
 -1.9599600E-02  0.1263797    
 -1.9559558E-02  0.1296592    
 -1.9519519E-02  0.1311318    
 -1.9479480E-02  0.1311047    
 -1.9439440E-02  0.1302162    
 -1.9399401E-02  0.1291562    
 -1.9359360E-02  0.1283678    
 -1.9319320E-02  0.1281475    
 -1.9279279E-02  0.1285383    
 -1.9239239E-02  0.1296805    
 -1.9199198E-02  0.1318302    
 -1.9159159E-02  0.1354107    
 -1.9119119E-02  0.1407693    
 -1.9079080E-02  0.1478073    
 -1.9039040E-02  0.1557587    
 -1.8998999E-02  0.1630988    
 -1.8958960E-02  0.1679476    
 -1.8918918E-02  0.1685542    
 -1.8878879E-02  0.1641228    
 -1.8838838E-02  0.1552326    
 -1.8798798E-02  0.1440717    
 -1.8758759E-02  0.1338137    
 -1.8718719E-02  0.1277915    
 -1.8678680E-02  0.1283346    
 -1.8638639E-02  0.1359032    
 -1.8598599E-02  0.1488091    
 -1.8558560E-02  0.1636150    
 -1.8518519E-02  0.1762747    
 -1.8478477E-02  0.1834602    
 -1.8438438E-02  0.1836546    
 -1.8398399E-02  0.1777283    
 -1.8358359E-02  0.1685191    
 -1.8318318E-02  0.1599115    
 -1.8278278E-02  0.1553472    
 -1.8238239E-02  0.1566431    
 -1.8198200E-02  0.1634488    
 -1.8158158E-02  0.1733837    
 -1.8118117E-02  0.1830611    
 -1.8078078E-02  0.1893272    
 -1.8038038E-02  0.1905165    
 -1.7997999E-02  0.1869250    
 -1.7957957E-02  0.1807410    
 -1.7917918E-02  0.1750950    
 -1.7877879E-02  0.1728423    
 -1.7837839E-02  0.1754942    
 -1.7797798E-02  0.1826094    
 -1.7757757E-02  0.1919831    
 -1.7717717E-02  0.2003793    
 -1.7677678E-02  0.2047611    
 -1.7637638E-02  0.2032315    
 -1.7597597E-02  0.1957526    
 -1.7557558E-02  0.1840324    
 -1.7517518E-02  0.1709659    
 -1.7477479E-02  0.1597010    
 -1.7437439E-02  0.1526775    
 -1.7397398E-02  0.1509701    
 -1.7357357E-02  0.1542168    
 -1.7317317E-02  0.1608713    
 -1.7277276E-02  0.1688565    
 -1.7237237E-02  0.1762125    
 -1.7197197E-02  0.1815515    
 -1.7157158E-02  0.1842464    
 -1.7117118E-02  0.1843493    
 -1.7077077E-02  0.1822517    
 -1.7037038E-02  0.1783361    
 -1.6996996E-02  0.1728933    
 -1.6956957E-02  0.1660638    
 -1.6916918E-02  0.1580610    
 -1.6876876E-02  0.1494561    
 -1.6836837E-02  0.1412764    
 -1.6796798E-02  0.1349957    
 -1.6756758E-02  0.1322004    
 -1.6716717E-02  0.1341523    
 -1.6676677E-02  0.1413450    
 -1.6636636E-02  0.1530831    
 -1.6596597E-02  0.1675982    
 -1.6556555E-02  0.1823442    
 -1.6516516E-02  0.1945865    
 -1.6476477E-02  0.2022052    
 -1.6436437E-02  0.2042873    
 -1.6396398E-02  0.2014222    
 -1.6356356E-02  0.1955054    
 -1.6316317E-02  0.1892575    
 -1.6276278E-02  0.1853789    
 -1.6236236E-02  0.1857840    
 -1.6196197E-02  0.1910809    
 -1.6156156E-02  0.2005714    
 -1.6116116E-02  0.2125796    
 -1.6076077E-02  0.2251621    
 -1.6036035E-02  0.2367520    
 -1.5995998E-02  0.2467322    
 -1.5955957E-02  0.2553388    
 -1.5915917E-02  0.2634406    
 -1.5875876E-02  0.2718196    
 -1.5835835E-02  0.2806222    
 -1.5795795E-02  0.2890424    
 -1.5755756E-02  0.2954835    
 -1.5715716E-02  0.2980833    
 -1.5675677E-02  0.2956344    
 -1.5635636E-02  0.2881927    
 -1.5595595E-02  0.2774618    
 -1.5555556E-02  0.2664907    
 -1.5515515E-02  0.2589019    
 -1.5475477E-02  0.2577944    
 -1.5435436E-02  0.2647575    
 -1.5395395E-02  0.2792411    
 -1.5355356E-02  0.2986417    
 -1.5315315E-02  0.3189761    
 -1.5275275E-02  0.3360032    
 -1.5235236E-02  0.3464147    
 -1.5195196E-02  0.3487325    
 -1.5155156E-02  0.3436733    
 -1.5115115E-02  0.3338355    
 -1.5075075E-02  0.3230035    
 -1.5035035E-02  0.3150358    
 -1.4994996E-02  0.3129348    
 -1.4954954E-02  0.3181590    
 -1.4914915E-02  0.3303295    
 -1.4874876E-02  0.3474353    
 -1.4834835E-02  0.3663554    
 -1.4794794E-02  0.3835661    
 -1.4754754E-02  0.3958520    
 -1.4714715E-02  0.4010213    
 -1.4674676E-02  0.3981877    
 -1.4634635E-02  0.3880036    
 -1.4594594E-02  0.3723147    
 -1.4554555E-02  0.3538758    
 -1.4514515E-02  0.3355564    
 -1.4474475E-02  0.3197871    
 -1.4434434E-02  0.3079948    
 -1.4394394E-02  0.3004385    
 -1.4354355E-02  0.2963182    
 -1.4314315E-02  0.2942358    
 -1.4274274E-02  0.2928037    
 -1.4234234E-02  0.2911724    
 -1.4194194E-02  0.2892915    
 -1.4154155E-02  0.2878627    
 -1.4114115E-02  0.2879285    
 -1.4074074E-02  0.2903543    
 -1.4034034E-02  0.2953442    
 -1.3993994E-02  0.3023309    
 -1.3953955E-02  0.3100745    
 -1.3913914E-02  0.3171895    
 -1.3873873E-02  0.3226941    
 -1.3833834E-02  0.3262234    
 -1.3793794E-02  0.3282073    
 -1.3753753E-02  0.3294924    
 -1.3713714E-02  0.3308376    
 -1.3673673E-02  0.3325777    
 -1.3633634E-02  0.3343622    
 -1.3593595E-02  0.3355327    
 -1.3553553E-02  0.3354931    
 -1.3513514E-02  0.3343345    
 -1.3473473E-02  0.3331009    
 -1.3433434E-02  0.3335815    
 -1.3393395E-02  0.3377278    
 -1.3353353E-02  0.3466851    
 -1.3313313E-02  0.3601476    
 -1.3273274E-02  0.3760833    
 -1.3233233E-02  0.3911135    
 -1.3193194E-02  0.4015341    
 -1.3153153E-02  0.4046332    
 -1.3113113E-02  0.3997245    
 -1.3073074E-02  0.3886494    
 -1.3033033E-02  0.3753904    
 -1.2992993E-02  0.3648959    
 -1.2952953E-02  0.3617219    
 -1.2912912E-02  0.3685163    
 -1.2872873E-02  0.3853236    
 -1.2832833E-02  0.4096113    
 -1.2792793E-02  0.4370747    
 -1.2752753E-02  0.4629536    
 -1.2712713E-02  0.4832414    
 -1.2672673E-02  0.4957186    
 -1.2632633E-02  0.5002403    
 -1.2592593E-02  0.4984863    
 -1.2552552E-02  0.4933662    
 -1.2512513E-02  0.4879392    
 -1.2472473E-02  0.4848214    
 -1.2432433E-02  0.4854303    
 -1.2392392E-02  0.4898999    
 -1.2352353E-02  0.4969535    
 -1.2312313E-02  0.5042253    
 -1.2272272E-02  0.5088218    
 -1.2232233E-02  0.5080252    
 -1.2192192E-02  0.5000938    
 -1.2152152E-02  0.4850270    
 -1.2112113E-02  0.4649044    
 -1.2072072E-02  0.4436775    
 -1.2032033E-02  0.4262508    
 -1.1991993E-02  0.4171556    
 -1.1951951E-02  0.4189674    
 -1.1911912E-02  0.4311707    
 -1.1871872E-02  0.4499601    
 -1.1831832E-02  0.4690801    
 -1.1791792E-02  0.4817751    
 -1.1751752E-02  0.4830093    
 -1.1711712E-02  0.4714011    
 -1.1671673E-02  0.4499986    
 -1.1631632E-02  0.4255114    
 -1.1591591E-02  0.4060777    
 -1.1551552E-02  0.3983946    
 -1.1511511E-02  0.4051801    
 -1.1471472E-02  0.4239770    
 -1.1431431E-02  0.4476292    
 -1.1391391E-02  0.4667448    
 -1.1351352E-02  0.4728875    
 -1.1311312E-02  0.4617913    
 -1.1271271E-02  0.4350581    
 -1.1231231E-02  0.3999938    
 -1.1191191E-02  0.3674318    
 -1.1151151E-02  0.3482026    
 -1.1111111E-02  0.3497337    
 -1.1071071E-02  0.3736314    
 -1.1031031E-02  0.4152700    
 -1.0990991E-02  0.4651446    
 -1.0950952E-02  0.5119864    
 -1.0910911E-02  0.5458572    
 -1.0870871E-02  0.5607834    
 -1.0830831E-02  0.5560285    
 -1.0790790E-02  0.5355186    
 -1.0750751E-02  0.5062353    
 -1.0710712E-02  0.4759282    
 -1.0670670E-02  0.4511345    
 -1.0630631E-02  0.4359371    
 -1.0590591E-02  0.4316559    
 -1.0550550E-02  0.4371782    
 -1.0510511E-02  0.4499596    
 -1.0470470E-02  0.4665840    
 -1.0430430E-02  0.4836529    
 -1.0390391E-02  0.4980272    
 -1.0350351E-02  0.5072786    
 -1.0310311E-02  0.5099885    
 -1.0270271E-02  0.5062364    
 -1.0230230E-02  0.4977959    
 -1.0190190E-02  0.4880479    
 -1.0150150E-02  0.4813436    
 -1.0110110E-02  0.4820727    
 -1.0070070E-02  0.4932828    
 -1.0030030E-02  0.5156000    
 -9.9899909E-03  0.5469035    
 -9.9499505E-03  0.5825736    
 -9.9099092E-03  0.6167442    
 -9.8698698E-03  0.6440001    
 -9.8298294E-03  0.6607586    
 -9.7897900E-03  0.6663918    
 -9.7497497E-03  0.6630033    
 -9.7097093E-03  0.6547489    
 -9.6696699E-03  0.6462556    
 -9.6296305E-03  0.6411660    
 -9.5895901E-03  0.6411754    
 -9.5495498E-03  0.6457542    
 -9.5095094E-03  0.6525784    
 -9.4694691E-03  0.6587828    
 -9.4294297E-03  0.6617339    
 -9.3893902E-03  0.6601540    
 -9.3493490E-03  0.6542191    
 -9.3093095E-03  0.6452737    
 -9.2692701E-03  0.6352601    
 -9.2292288E-03  0.6259763    
 -9.1891894E-03  0.6185929    
 -9.1491491E-03  0.6135410    
 -9.1091087E-03  0.6107596    
 -9.0690693E-03  0.6102056    
 -9.0290299E-03  0.6122006    
 -8.9889895E-03  0.6178429    
 -8.9489492E-03  0.6287227    
 -8.9089097E-03  0.6465675    
 -8.8688685E-03  0.6725686    
 -8.8288290E-03  0.7065697    
 -8.7887887E-03  0.7467494    
 -8.7487483E-03  0.7894456    
 -8.7087089E-03  0.8297195    
 -8.6686695E-03  0.8623875    
 -8.6286291E-03  0.8833557    
 -8.5885888E-03  0.8908226    
 -8.5485484E-03  0.8862439    
 -8.5085081E-03  0.8741722    
 -8.4684687E-03  0.8613341    
 -8.4284293E-03  0.8548280    
 -8.3883880E-03  0.8600233    
 -8.3483486E-03  0.8787279    
 -8.3083091E-03  0.9084061    
 -8.2682688E-03  0.9426767    
 -8.2282284E-03  0.9733558    
 -8.1881871E-03  0.9930733    
 -8.1481477E-03  0.9980311    
 -8.1081083E-03  0.9896615    
 -8.0680680E-03  0.9745385    
 -8.0280276E-03  0.9625773    
 -7.9879882E-03  0.9638274    
 -7.9479478E-03  0.9850426    
 -7.9079084E-03   1.027281    
 -7.8678681E-03   1.085266    
 -7.8278277E-03   1.148914    
 -7.7877874E-03   1.206964    
 -7.7477479E-03   1.250644    
 -7.7077076E-03   1.277088    
 -7.6676677E-03   1.290361    
 -7.6276283E-03   1.300347    
 -7.5875875E-03   1.319213    
 -7.5475480E-03   1.357034    
 -7.5075072E-03   1.418026    
 -7.4674669E-03   1.498359    
 -7.4274275E-03   1.586925    
 -7.3873876E-03   1.668573    
 -7.3473472E-03   1.728679    
 -7.3073073E-03   1.757910    
 -7.2672679E-03   1.755360    
 -7.2272271E-03   1.728944    
 -7.1871867E-03   1.693338    
 -7.1471473E-03   1.665497    
 -7.1071065E-03   1.659646    
 -7.0670671E-03   1.683187    
 -7.0270272E-03   1.734559    
 -6.9869868E-03   1.804161    
 -6.9469470E-03   1.877415    
 -6.9069075E-03   1.939388    
 -6.8668672E-03   1.979386    
 -6.8268264E-03   1.993970    
 -6.7867870E-03   1.987690    
 -6.7467466E-03   1.971156    
 -6.7067076E-03   1.957302    
 -6.6666664E-03   1.957069    
 -6.6266265E-03   1.975953    
 -6.5865871E-03   2.012341    
 -6.5465472E-03   2.058481    
 -6.5065073E-03   2.103398    
 -6.4664660E-03   2.136945    
 -6.4264266E-03   2.153471    
 -6.3863867E-03   2.153772    
 -6.3463454E-03   2.144706    
 -6.3063060E-03   2.136916    
 -6.2662661E-03   2.140658    
 -6.2262267E-03   2.162268    
 -6.1861868E-03   2.202098    
 -6.1461474E-03   2.254257    
 -6.1061061E-03   2.308948    
 -6.0660662E-03   2.356121    
 -6.0260268E-03   2.389124    
 -5.9859855E-03   2.406819    
 -5.9459456E-03   2.413922    
 -5.9059057E-03   2.418863    
 -5.8658645E-03   2.430637    
 -5.8258250E-03   2.455603    
 -5.7857851E-03   2.495714    
 -5.7457457E-03   2.548535    
 -5.7057058E-03   2.609171    
 -5.6656664E-03   2.672791    
 -5.6256251E-03   2.736923    
 -5.5855853E-03   2.802243    
 -5.5455458E-03   2.871519    
 -5.5055059E-03   2.947457    
 -5.4654665E-03   3.030580    
 -5.4254266E-03   3.117985    
 -5.3853854E-03   3.204295    
 -5.3453455E-03   3.283763    
 -5.3053042E-03   3.353543    
 -5.2652648E-03   3.415409    
 -5.2252249E-03   3.476054    
 -5.1851855E-03   3.544716    
 -5.1451442E-03   3.629221    
 -5.1051043E-03   3.732013    
 -5.0650649E-03   3.848033    
 -5.0250250E-03   3.965506    
 -4.9849856E-03   4.069794    
 -4.9449457E-03   4.149025    
 -4.9049044E-03   4.198839    
 -4.8648650E-03   4.225290    
 -4.8248251E-03   4.243313    
 -4.7847852E-03   4.272144    
 -4.7447458E-03   4.328568    
 -4.7047059E-03   4.421162    
 -4.6646646E-03   4.547467    
 -4.6246252E-03   4.695217    
 -4.5845839E-03   4.847355    
 -4.5445440E-03   4.988567    
 -4.5045046E-03   5.110974    
 -4.4644647E-03   5.215985    
 -4.4244234E-03   5.312745    
 -4.3843840E-03   5.412972    
 -4.3443441E-03   5.524908    
 -4.3043043E-03   5.649091    
 -4.2642648E-03   5.777658    
 -4.2242249E-03   5.897847    
 -4.1841837E-03   5.997654    
 -4.1441442E-03   6.071935    
 -4.1041044E-03   6.125487    
 -4.0640649E-03   6.171968    
 -4.0240251E-03   6.229159    
 -3.9839856E-03   6.311844    
 -3.9439443E-03   6.426083    
 -3.9039028E-03   6.567025    
 -3.8638632E-03   6.720551    
 -3.8238235E-03   6.870196    
 -3.7837839E-03   7.004283    
 -3.7437442E-03   7.122161    
 -3.7037029E-03   7.235605    
 -3.6636633E-03   7.366148    
 -3.6236236E-03   7.537570    
 -3.5835840E-03   7.767853    
 -3.5435441E-03   8.062565    
 -3.5035044E-03   8.413066    
 -3.4634632E-03   8.799318    
 -3.4234235E-03   9.195645    
 -3.3833839E-03   9.579353    
 -3.3433442E-03   9.935923    
 -3.3033045E-03   10.26234    
 -3.2632649E-03   10.56531    
 -3.2232220E-03   10.85778    
 -3.1831823E-03   11.15409    
 -3.1431427E-03   11.46636    
 -3.1031030E-03   11.80326    
 -3.0630634E-03   12.17061    
 -3.0230221E-03   12.57338    
 -2.9829824E-03   13.01685    
 -2.9429425E-03   13.50691    
 -2.9029029E-03   14.04858    
 -2.8628632E-03   14.64464    
 -2.8228236E-03   15.29425    
 -2.7827823E-03   15.99330    
 -2.7427427E-03   16.73632    
 -2.7027030E-03   17.51989    
 -2.6626633E-03   18.34425    
 -2.6226237E-03   19.21394    
 -2.5825840E-03   20.13659    
 -2.5425411E-03   21.11941    
 -2.5025015E-03   22.16614    
 -2.4624618E-03   23.27529    
 -2.4224222E-03   24.44094    
 -2.3823823E-03   25.65535    
 -2.3423426E-03   26.91327    
 -2.3023013E-03   28.21511    
 -2.2622617E-03   29.56773    
 -2.2222220E-03   30.98332    
 -2.1821824E-03   32.47625    
 -2.1421427E-03   34.06026    
 -2.1021031E-03   35.74759    
 -2.0620618E-03   37.55157    
 -2.0220221E-03   39.49047    
 -1.9819825E-03   41.59213    
 -1.9419427E-03   43.89574    
 -1.9019031E-03   46.44807    
 -1.8618618E-03   49.29597    
 -1.8218205E-03   52.47437    
 -1.7817809E-03   55.99717    
 -1.7417412E-03   59.85149    
 -1.7017014E-03   64.00086    
 -1.6616618E-03   68.39589    
 -1.6216221E-03   72.98996    
 -1.5815808E-03   77.75625    
 -1.5415412E-03   82.69862    
 -1.5015015E-03   87.85552    
 -1.4614618E-03   93.29432    
 -1.4214221E-03   99.10025    
 -1.3813825E-03   105.3630    
 -1.3413412E-03   112.1666    
 -1.3013015E-03   119.5847    
 -1.2612619E-03   127.6810    
 -1.2212221E-03   136.5091    
 -1.1811808E-03   146.1117    
 -1.1411412E-03   156.5085    
 -1.1010999E-03   167.6864    
 -1.0610602E-03   179.5775    
 -1.0210206E-03   192.0525    
 -9.8098093E-04   204.9193    
 -9.4094122E-04   217.9462    
 -9.0090150E-04   230.8931    
 -8.6086028E-04   243.5594    
 -8.2082057E-04   255.8206    
 -7.8078092E-04   267.6577    
 -7.4074120E-04   279.1557    
 -7.0070155E-04   290.4804    
 -6.6066184E-04   301.8316    
 -6.2062062E-04   313.3961    
 -5.8058091E-04   325.3018    
 -5.4054125E-04   337.5980    
 -5.0049997E-04   350.2559    
 -4.6046029E-04   363.1899    
 -4.2042061E-04   376.2901    
 -3.8037935E-04   389.4444    
 -3.4033967E-04   402.5436    
 -3.0029999E-04   415.4685    
 -2.6026031E-04   428.0553    
 -2.2022062E-04   440.0625    
 -1.8018094E-04   451.1480    
 -1.4013967E-04   460.8793    
 -1.0009999E-04   468.7675    
 -6.0060313E-05   474.3457    
 -2.0020632E-05   477.2403    
  2.0019048E-05   477.2393    
  6.0058730E-05   474.3458    
  1.0009999E-04   468.7675    
  1.4013967E-04   460.8792    
  1.8018094E-04   451.1478    
  2.2022062E-04   440.0625    
  2.6026031E-04   428.0553    
  3.0030156E-04   415.4676    
  3.4034124E-04   402.5430    
  3.8038092E-04   389.4442    
  4.2042061E-04   376.2902    
  4.6046029E-04   363.1899    
  5.0049997E-04   350.2559    
  5.4054125E-04   337.5981    
  5.8058091E-04   325.3017    
  6.2062062E-04   313.3960    
  6.6066027E-04   301.8319    
  7.0069998E-04   290.4808    
  7.4073963E-04   279.1563    
  7.8078092E-04   267.6577    
  8.2082057E-04   255.8205    
  8.6086185E-04   243.5590    
  9.0090150E-04   230.8932    
  9.4094122E-04   217.9462    
  9.8098093E-04   204.9194    
  1.0210221E-03   192.0518    
  1.0610619E-03   179.5770    
  1.1011015E-03   167.6859    
  1.1411412E-03   156.5085    
  1.1811808E-03   146.1117    
  1.2212206E-03   136.5096    
  1.2612619E-03   127.6811    
  1.3013015E-03   119.5848    
  1.3413412E-03   112.1666    
  1.3813808E-03   105.3631    
  1.4214205E-03   99.10056    
  1.4614603E-03   93.29446    
  1.5015015E-03   87.85549    
  1.5415427E-03   82.69842    
  1.5815825E-03   77.75597    
  1.6216221E-03   72.98996    
  1.6616618E-03   68.39590    
  1.7017014E-03   64.00083    
  1.7417427E-03   59.85132    
  1.7817824E-03   55.99696    
  1.8218221E-03   52.47429    
  1.8618618E-03   49.29598    
  1.9019014E-03   46.44816    
  1.9419411E-03   43.89588    
  1.9819825E-03   41.59211    
  2.0220221E-03   39.49047    
  2.0620618E-03   37.55160    
  2.1021015E-03   35.74768    
  2.1421411E-03   34.06032    
  2.1821808E-03   32.47634    
  2.2222237E-03   30.98335    
  2.2622633E-03   29.56767    
  2.3023030E-03   28.21508    
  2.3423426E-03   26.91328    
  2.3823823E-03   25.65535    
  2.4224222E-03   24.44095    
  2.4624632E-03   23.27532    
  2.5025031E-03   22.16608    
  2.5425428E-03   21.11940    
  2.5825824E-03   20.13659    
  2.6226221E-03   19.21404    
  2.6626617E-03   18.34424    
  2.7027030E-03   17.51989    
  2.7427427E-03   16.73630    
  2.7827823E-03   15.99330    
  2.8228220E-03   15.29429    
  2.8628616E-03   14.64475    
  2.9029029E-03   14.04857    
  2.9429442E-03   13.50686    
  2.9829838E-03   13.01684    
  3.0230237E-03   12.57340    
  3.0630634E-03   12.17061    
  3.1031030E-03   11.80324    
  3.1431427E-03   11.46635    
  3.1831840E-03   11.15409    
  3.2232236E-03   10.85774    
  3.2632633E-03   10.56528    
  3.3033029E-03   10.26235    
  3.3433426E-03   9.935951    
  3.3833822E-03   9.579337    
  3.4234235E-03   9.195652    
  3.4634632E-03   8.799312    
  3.5035030E-03   8.413161    
  3.5435427E-03   8.062577    
  3.5835840E-03   7.767871    
  3.6236253E-03   7.537586    
  3.6636649E-03   7.366165    
  3.7037046E-03   7.235629    
  3.7437442E-03   7.122160    
  3.7837839E-03   7.004284    
  3.8238235E-03   6.870208    
  3.8638648E-03   6.720539    
  3.9039045E-03   6.566987    
  3.9439443E-03   6.426075    
  3.9839838E-03   6.311802    
  4.0240237E-03   6.229127    
  4.0640631E-03   6.171974    
  4.1041044E-03   6.125484    
  4.1441442E-03   6.071938    
  4.1841837E-03   5.997649    
  4.2242236E-03   5.897833    
  4.2642648E-03   5.777670    
  4.3043043E-03   5.649093    
  4.3443455E-03   5.524881    
  4.3843854E-03   5.412965    
  4.4244253E-03   5.312727    
  4.4644647E-03   5.215991    
  4.5045046E-03   5.110982    
  4.5445440E-03   4.988580    
  4.5845853E-03   4.847340    
  4.6246252E-03   4.695225    
  4.6646646E-03   4.547467    
  4.7047045E-03   4.421186    
  4.7447439E-03   4.328532    
  4.7847838E-03   4.272142    
  4.8248251E-03   4.243322    
  4.8648650E-03   4.225302    
  4.9049044E-03   4.198843    
  4.9449457E-03   4.149032    
  4.9849856E-03   4.069802    
  5.0250250E-03   3.965517    
  5.0650663E-03   3.848013    
  5.1051062E-03   3.732018    
  5.1451456E-03   3.629221    
  5.1851855E-03   3.544711    
  5.2252249E-03   3.476045    
  5.2652648E-03   3.415419    
  5.3053061E-03   3.353531    
  5.3453455E-03   3.283762    
  5.3853854E-03   3.204293    
  5.4254252E-03   3.118004    
  5.4654647E-03   3.030573    
  5.5055046E-03   2.947444    
  5.5455458E-03   2.871522    
  5.5855853E-03   2.802248    
  5.6256265E-03   2.736914    
  5.6656664E-03   2.672800    
  5.7057058E-03   2.609169    
  5.7457457E-03   2.548538    
  5.7857870E-03   2.495705    
  5.8258264E-03   2.455616    
  5.8658663E-03   2.430600    
  5.9059057E-03   2.418864    
  5.9459456E-03   2.413926    
  5.9859855E-03   2.406818    
  6.0260268E-03   2.389116    
  6.0660662E-03   2.356120    
  6.1061061E-03   2.308943    
  6.1461455E-03   2.254242    
  6.1861854E-03   2.202094    
  6.2262248E-03   2.162302    
  6.2662661E-03   2.140658    
  6.3063060E-03   2.136924    
  6.3463473E-03   2.144739    
  6.3863867E-03   2.153770    
  6.4264266E-03   2.153474    
  6.4664660E-03   2.136943    
  6.5065073E-03   2.103398    
  6.5465472E-03   2.058477    
  6.5865852E-03   2.012365    
  6.6266265E-03   1.975961    
  6.6666678E-03   1.957072    
  6.7067058E-03   1.957302    
  6.7467471E-03   1.971175    
  6.7867851E-03   1.987710    
  6.8268264E-03   1.993976    
  6.8668677E-03   1.979388    
  6.9069057E-03   1.939387    
  6.9469470E-03   1.877413    
  6.9869854E-03   1.804162    
  7.0270267E-03   1.734573    
  7.0670675E-03   1.683186    
  7.1071088E-03   1.659652    
  7.1471473E-03   1.665495    
  7.1871886E-03   1.693341    
  7.2272266E-03   1.728928    
  7.2672679E-03   1.755353    
  7.3073092E-03   1.757913    
  7.3473472E-03   1.728670    
  7.3873885E-03   1.668562    
  7.4274265E-03   1.586930    
  7.4674678E-03   1.498340    
  7.5075058E-03   1.418040    
  7.5475471E-03   1.357037    
  7.5875884E-03   1.319202    
  7.6276264E-03   1.300333    
  7.6676677E-03   1.290355    
  7.7077057E-03   1.277092    
  7.7477470E-03   1.250643    
  7.7877883E-03   1.206964    
  7.8278268E-03   1.148912    
  7.8678681E-03   1.085265    
  7.9079056E-03   1.027289    
  7.9479469E-03  0.9850481    
  7.9879854E-03  0.9638326    
  8.0280295E-03  0.9625781    
  8.0680707E-03  0.9745421    
  8.1081092E-03  0.9896757    
  8.1481505E-03  0.9980552    
  8.1881881E-03  0.9930803    
  8.2282294E-03  0.9733613    
  8.2682706E-03  0.9426715    
  8.3083091E-03  0.9084084    
  8.3483504E-03  0.8787239    
  8.3883880E-03  0.8600228    
  8.4284293E-03  0.8548105    
  8.4684677E-03  0.8613423    
  8.5085090E-03  0.8741692    
  8.5485503E-03  0.8862511    
  8.5885879E-03  0.8908288    
  8.6286291E-03  0.8833469    
  8.6686676E-03  0.8624028    
  8.7087089E-03  0.8297169    
  8.7487502E-03  0.7894283    
  8.7887887E-03  0.7467566    
  8.8288300E-03  0.7065599    
  8.8688675E-03  0.6725512    
  8.9089088E-03  0.6465553    
  8.9489473E-03  0.6287249    
  8.9889886E-03  0.6178607    
  9.0290299E-03  0.6122020    
  9.0690674E-03  0.6102037    
  9.1091087E-03  0.6107616    
  9.1491472E-03  0.6135390    
  9.1891885E-03  0.6186162    
  9.2292298E-03  0.6259761    
  9.2692673E-03  0.6352625    
  9.3093086E-03  0.6452788    
  9.3493471E-03  0.6542120    
  9.3893912E-03  0.6601663    
  9.4294297E-03  0.6617312    
  9.4694709E-03  0.6587717    
  9.5095122E-03  0.6526072    
  9.5495498E-03  0.6457399    
  9.5895911E-03  0.6411750    
  9.6296296E-03  0.6411651    
  9.6696708E-03  0.6462432    
  9.7097121E-03  0.6547501    
  9.7497497E-03  0.6629999    
  9.7897910E-03  0.6663939    
  9.8298294E-03  0.6607569    
  9.8698707E-03  0.6439870    
  9.9099092E-03  0.6167421    
  9.9499505E-03  0.5825666    
  9.9899918E-03  0.5468918    
  1.0030029E-02  0.5156040    
  1.0070071E-02  0.4932638    
  1.0110109E-02  0.4820760    
  1.0150150E-02  0.4813494    
  1.0190192E-02  0.4880627    
  1.0230229E-02  0.4978063    
  1.0270271E-02  0.5062406    
  1.0310309E-02  0.5099872    
  1.0350350E-02  0.5072785    
  1.0390388E-02  0.4980312    
  1.0430429E-02  0.4836580    
  1.0470470E-02  0.4665828    
  1.0510509E-02  0.4499564    
  1.0550550E-02  0.4371817    
  1.0590588E-02  0.4316477    
  1.0630629E-02  0.4359562    
  1.0670670E-02  0.4511311    
  1.0710709E-02  0.4759303    
  1.0750750E-02  0.5062222    
  1.0790791E-02  0.5355238    
  1.0830833E-02  0.5560476    
  1.0870874E-02  0.5607939    
  1.0910912E-02  0.5458406    
  1.0950953E-02  0.5119950    
  1.0990991E-02  0.4651474    
  1.1031033E-02  0.4152631    
  1.1071071E-02  0.3736432    
  1.1111112E-02  0.3497236    
  1.1151154E-02  0.3481885    
  1.1191191E-02  0.3674287    
  1.1231232E-02  0.3999950    
  1.1271271E-02  0.4350537    
  1.1311312E-02  0.4617870    
  1.1351353E-02  0.4728813    
  1.1391391E-02  0.4667393    
  1.1431432E-02  0.4476390    
  1.1471471E-02  0.4239854    
  1.1511512E-02  0.4051827    
  1.1551550E-02  0.3984013    
  1.1591591E-02  0.4060737    
  1.1631632E-02  0.4255098    
  1.1671671E-02  0.4500019    
  1.1711712E-02  0.4713986    
  1.1751750E-02  0.4830045    
  1.1791791E-02  0.4817857    
  1.1831832E-02  0.4690988    
  1.1871871E-02  0.4499672    
  1.1911912E-02  0.4311677    
  1.1951950E-02  0.4189630    
  1.1991992E-02  0.4171538    
  1.2032029E-02  0.4262392    
  1.2072071E-02  0.4436719    
  1.2112112E-02  0.4649183    
  1.2152153E-02  0.4850239    
  1.2192194E-02  0.5000850    
  1.2232233E-02  0.5080296    
  1.2272274E-02  0.5088226    
  1.2312315E-02  0.5042354    
  1.2352353E-02  0.4969570    
  1.2392394E-02  0.4898971    
  1.2432433E-02  0.4854242    
  1.2472474E-02  0.4848027    
  1.2512512E-02  0.4879356    
  1.2552553E-02  0.4933719    
  1.2592594E-02  0.4985088    
  1.2632633E-02  0.5002410    
  1.2672674E-02  0.4957159    
  1.2712711E-02  0.4832537    
  1.2752753E-02  0.4629525    
  1.2792794E-02  0.4370755    
  1.2832833E-02  0.4096015    
  1.2872874E-02  0.3853116    
  1.2912912E-02  0.3685172    
  1.2952953E-02  0.3617223    
  1.2992991E-02  0.3649080    
  1.3033032E-02  0.3753923    
  1.3073074E-02  0.3886487    
  1.3113112E-02  0.3997158    
  1.3153153E-02  0.4046323    
  1.3193191E-02  0.4015302    
  1.3233232E-02  0.3911070    
  1.3273274E-02  0.3760816    
  1.3313312E-02  0.3601556    
  1.3353353E-02  0.3466821    
  1.3393391E-02  0.3377237    
  1.3433432E-02  0.3335769    
  1.3473471E-02  0.3330943    
  1.3513515E-02  0.3343467    
  1.3553556E-02  0.3354929    
  1.3593595E-02  0.3355374    
  1.3633636E-02  0.3343735    
  1.3673673E-02  0.3325797    
  1.3713715E-02  0.3308399    
  1.3753756E-02  0.3294888    
  1.3793794E-02  0.3282127    
  1.3833836E-02  0.3262277    
  1.3873873E-02  0.3226946    
  1.3913915E-02  0.3171966    
  1.3953956E-02  0.3100652    
  1.3993994E-02  0.3023266    
  1.4034036E-02  0.2953405    
  1.4074074E-02  0.2903455    
  1.4114115E-02  0.2879265    
  1.4154153E-02  0.2878495    
  1.4194194E-02  0.2892878    
  1.4234236E-02  0.2911739    
  1.4274274E-02  0.2928003    
  1.4314315E-02  0.2942377    
  1.4354353E-02  0.2963172    
  1.4394394E-02  0.3004402    
  1.4434435E-02  0.3080027    
  1.4474474E-02  0.3197863    
  1.4514515E-02  0.3355576    
  1.4554553E-02  0.3538696    
  1.4594594E-02  0.3723170    
  1.4634633E-02  0.3879885    
  1.4674674E-02  0.3982001    
  1.4714715E-02  0.4010208    
  1.4754753E-02  0.3958598    
  1.4794794E-02  0.3835679    
  1.4834832E-02  0.3663564    
  1.4874876E-02  0.3474225    
  1.4914918E-02  0.3303232    
  1.4954956E-02  0.3181533    
  1.4994998E-02  0.3129321    
  1.5035035E-02  0.3150366    
  1.5075076E-02  0.3230062    
  1.5115115E-02  0.3338374    
  1.5155156E-02  0.3436755    
  1.5195197E-02  0.3487398    
  1.5235236E-02  0.3464158    
  1.5275277E-02  0.3359993    
  1.5315315E-02  0.3189749    
  1.5355356E-02  0.2986414    
  1.5395397E-02  0.2792324    
  1.5435436E-02  0.2647591    
  1.5475477E-02  0.2577972    
  1.5515515E-02  0.2589017    
  1.5555556E-02  0.2664936    
  1.5595594E-02  0.2774614    
  1.5635636E-02  0.2881953    
  1.5675677E-02  0.2956364    
  1.5715715E-02  0.2980896    
  1.5755756E-02  0.2954861    
  1.5795793E-02  0.2890471    
  1.5835835E-02  0.2806251    
  1.5875876E-02  0.2718208    
  1.5915915E-02  0.2634398    
  1.5955957E-02  0.2553401    
  1.5995994E-02  0.2467308    
  1.6036035E-02  0.2367542    
  1.6076073E-02  0.2251550    
  1.6116114E-02  0.2125833    
  1.6156156E-02  0.2005717    
  1.6196195E-02  0.1910759    
  1.6236238E-02  0.1857804    
  1.6276278E-02  0.1853778    
  1.6316317E-02  0.1892632    
  1.6356358E-02  0.1955020    
  1.6396398E-02  0.2014167    
  1.6436439E-02  0.2042917    
  1.6476477E-02  0.2022057    
  1.6516518E-02  0.1945914    
  1.6556555E-02  0.1823432    
  1.6596597E-02  0.1675956    
  1.6636638E-02  0.1530735    
  1.6676677E-02  0.1413404    
  1.6716719E-02  0.1341467    
  1.6756756E-02  0.1321966    
  1.6796798E-02  0.1349946    
  1.6836839E-02  0.1412781    
  1.6876876E-02  0.1494552    
  1.6916918E-02  0.1580597    
  1.6956955E-02  0.1660558    
  1.6996996E-02  0.1728918    
  1.7037036E-02  0.1783357    
  1.7077077E-02  0.1822512    
  1.7117118E-02  0.1843484    
  1.7157156E-02  0.1842412    
  1.7197197E-02  0.1815523    
  1.7237235E-02  0.1762118    
  1.7277276E-02  0.1688575    
  1.7317317E-02  0.1608688    
  1.7357357E-02  0.1542230    
  1.7397398E-02  0.1509677    
  1.7437436E-02  0.1526772    
  1.7477477E-02  0.1597101    
  1.7517515E-02  0.1709724    
  1.7557556E-02  0.1840220    
  1.7597601E-02  0.1957516    
  1.7637638E-02  0.2032332    
  1.7677680E-02  0.2047588    
  1.7717717E-02  0.2003790    
  1.7757758E-02  0.1919764    
  1.7797800E-02  0.1826123    
  1.7837839E-02  0.1754965    
  1.7877880E-02  0.1728487    
  1.7917918E-02  0.1750944    
  1.7957959E-02  0.1807421    
  1.7998001E-02  0.1869288    
  1.8038038E-02  0.1905178    
  1.8078079E-02  0.1893366    
  1.8118117E-02  0.1830614    
  1.8158158E-02  0.1733856    
  1.8198198E-02  0.1634430    
  1.8238239E-02  0.1566433    
  1.8278280E-02  0.1553384    
  1.8318318E-02  0.1599110    
  1.8358359E-02  0.1685202    
  1.8398397E-02  0.1777193    
  1.8438438E-02  0.1836556    
  1.8478479E-02  0.1834550    
  1.8518519E-02  0.1762742    
  1.8558560E-02  0.1636160    
  1.8598597E-02  0.1488069    
  1.8638639E-02  0.1359020    
  1.8678676E-02  0.1283362    
  1.8718718E-02  0.1277859    
  1.8758759E-02  0.1338129    
  1.8798796E-02  0.1440719    
  1.8838838E-02  0.1552347    
  1.8878877E-02  0.1641233    
  1.8918918E-02  0.1685606    
  1.8958962E-02  0.1679515    
  1.8999001E-02  0.1631056    
  1.9039042E-02  0.1557497    
  1.9079080E-02  0.1478094    
  1.9119121E-02  0.1407724    
  1.9159159E-02  0.1354089    
  1.9199200E-02  0.1318306    
  1.9239241E-02  0.1296725    
  1.9279279E-02  0.1285378    
  1.9319320E-02  0.1281481    
  1.9359360E-02  0.1283672    
  1.9399401E-02  0.1291541    
  1.9439442E-02  0.1302163    
  1.9479480E-02  0.1311035    
  1.9519521E-02  0.1311278    
  1.9559558E-02  0.1296610    
  1.9599600E-02  0.1263798    
  1.9639639E-02  0.1214855    
  1.9679680E-02  0.1156882    
  1.9719722E-02  0.1101182    
  1.9759759E-02  0.1059109    
  1.9799801E-02  0.1039168    
  1.9839838E-02  0.1045002    
  1.9879879E-02  0.1074380    
  1.9919921E-02  0.1121734    
  1.9959958E-02  0.1179510    
  2.0000000E-02  0.1241343    
