 -2.0000000E-02  0.1791283    
 -1.9959960E-02  0.1786829    
 -1.9919921E-02  0.1771828    
 -1.9879879E-02  0.1753887    
 -1.9839840E-02  0.1740406    
 -1.9799801E-02  0.1734982    
 -1.9759761E-02  0.1736586    
 -1.9719720E-02  0.1739307    
 -1.9679680E-02  0.1735004    
 -1.9639639E-02  0.1716043    
 -1.9599600E-02  0.1679132    
 -1.9559558E-02  0.1626908    
 -1.9519519E-02  0.1568050    
 -1.9479480E-02  0.1514850    
 -1.9439440E-02  0.1480110    
 -1.9399401E-02  0.1473102    
 -1.9359360E-02  0.1496903    
 -1.9319320E-02  0.1547643    
 -1.9279279E-02  0.1615504    
 -1.9239239E-02  0.1687316    
 -1.9199198E-02  0.1750564    
 -1.9159159E-02  0.1796029    
 -1.9119119E-02  0.1820220    
 -1.9079080E-02  0.1825528    
 -1.9039040E-02  0.1819013    
 -1.8998999E-02  0.1810027    
 -1.8958960E-02  0.1807309    
 -1.8918918E-02  0.1817202    
 -1.8878879E-02  0.1841717    
 -1.8838838E-02  0.1878907    
 -1.8798798E-02  0.1923576    
 -1.8758759E-02  0.1969030    
 -1.8718719E-02  0.2008865    
 -1.8678680E-02  0.2038009    
 -1.8638639E-02  0.2053984    
 -1.8598599E-02  0.2056904    
 -1.8558560E-02  0.2048644    
 -1.8518519E-02  0.2032077    
 -1.8478477E-02  0.2010388    
 -1.8438438E-02  0.1986466    
 -1.8398399E-02  0.1962696    
 -1.8358359E-02  0.1941197    
 -1.8318318E-02  0.1923699    
 -1.8278278E-02  0.1911706    
 -1.8238239E-02  0.1906303    
 -1.8198200E-02  0.1907494    
 -1.8158158E-02  0.1914228    
 -1.8118117E-02  0.1924456    
 -1.8078078E-02  0.1935148    
 -1.8038038E-02  0.1943553    
 -1.7997999E-02  0.1948029    
 -1.7957957E-02  0.1948658    
 -1.7917918E-02  0.1947462    
 -1.7877879E-02  0.1947672    
 -1.7837839E-02  0.1952533    
 -1.7797798E-02  0.1963916    
 -1.7757757E-02  0.1981504    
 -1.7717717E-02  0.2002705    
 -1.7677678E-02  0.2023493    
 -1.7637638E-02  0.2040202    
 -1.7597597E-02  0.2051025    
 -1.7557558E-02  0.2056978    
 -1.7517518E-02  0.2061826    
 -1.7477479E-02  0.2070911    
 -1.7437439E-02  0.2089436    
 -1.7397398E-02  0.2120120    
 -1.7357357E-02  0.2162680    
 -1.7317317E-02  0.2213709    
 -1.7277276E-02  0.2267823    
 -1.7237237E-02  0.2319261    
 -1.7197197E-02  0.2363599    
 -1.7157158E-02  0.2398369    
 -1.7117118E-02  0.2422590    
 -1.7077077E-02  0.2436275    
 -1.7037038E-02  0.2439596    
 -1.6996996E-02  0.2432135    
 -1.6956957E-02  0.2414257    
 -1.6916918E-02  0.2387495    
 -1.6876876E-02  0.2356103    
 -1.6836837E-02  0.2327207    
 -1.6796798E-02  0.2308842    
 -1.6756758E-02  0.2307490    
 -1.6716717E-02  0.2325369    
 -1.6676677E-02  0.2357893    
 -1.6636636E-02  0.2393839    
 -1.6596597E-02  0.2418302    
 -1.6556555E-02  0.2417071    
 -1.6516516E-02  0.2382412    
 -1.6476477E-02  0.2316052    
 -1.6436437E-02  0.2230841    
 -1.6396398E-02  0.2147385    
 -1.6356356E-02  0.2088205    
 -1.6316317E-02  0.2070938    
 -1.6276278E-02  0.2102873    
 -1.6236236E-02  0.2178364    
 -1.6196197E-02  0.2281495    
 -1.6156156E-02  0.2390980    
 -1.6116116E-02  0.2487357    
 -1.6076077E-02  0.2558666    
 -1.6036035E-02  0.2603453    
 -1.5995998E-02  0.2629808    
 -1.5955957E-02  0.2650775    
 -1.5915917E-02  0.2678754    
 -1.5875876E-02  0.2719969    
 -1.5835835E-02  0.2772816    
 -1.5795795E-02  0.2828589    
 -1.5755756E-02  0.2874749    
 -1.5715716E-02  0.2900835    
 -1.5675677E-02  0.2901887    
 -1.5635636E-02  0.2880824    
 -1.5595595E-02  0.2847295    
 -1.5555556E-02  0.2814425    
 -1.5515515E-02  0.2794832    
 -1.5475477E-02  0.2797186    
 -1.5435436E-02  0.2823584    
 -1.5395395E-02  0.2870181    
 -1.5355356E-02  0.2928422    
 -1.5315315E-02  0.2987948    
 -1.5275275E-02  0.3038431    
 -1.5235236E-02  0.3072405    
 -1.5195196E-02  0.3085203    
 -1.5155156E-02  0.3075849    
 -1.5115115E-02  0.3046546    
 -1.5075075E-02  0.3001986    
 -1.5035035E-02  0.2949055    
 -1.4994996E-02  0.2895507    
 -1.4954954E-02  0.2849275    
 -1.4914915E-02  0.2817250    
 -1.4874876E-02  0.2804174    
 -1.4834835E-02  0.2812231    
 -1.4794794E-02  0.2840554    
 -1.4754754E-02  0.2886173    
 -1.4714715E-02  0.2943975    
 -1.4674676E-02  0.3008146    
 -1.4634635E-02  0.3072330    
 -1.4594594E-02  0.3130461    
 -1.4554555E-02  0.3177472    
 -1.4514515E-02  0.3210308    
 -1.4474475E-02  0.3229230    
 -1.4434434E-02  0.3238663    
 -1.4394394E-02  0.3247544    
 -1.4354355E-02  0.3267688    
 -1.4314315E-02  0.3311040    
 -1.4274274E-02  0.3385501    
 -1.4234234E-02  0.3491042    
 -1.4194194E-02  0.3617674    
 -1.4154155E-02  0.3746887    
 -1.4114115E-02  0.3855508    
 -1.4074074E-02  0.3923111    
 -1.4034034E-02  0.3938550    
 -1.3993994E-02  0.3905071    
 -1.3953955E-02  0.3839675    
 -1.3913914E-02  0.3768818    
 -1.3873873E-02  0.3719983    
 -1.3833834E-02  0.3712648    
 -1.3793794E-02  0.3752216    
 -1.3753753E-02  0.3828839    
 -1.3713714E-02  0.3921596    
 -1.3673673E-02  0.4007631    
 -1.3633634E-02  0.4070262    
 -1.3593595E-02  0.4105692    
 -1.3553553E-02  0.4123125    
 -1.3513514E-02  0.4140239    
 -1.3473473E-02  0.4174761    
 -1.3433434E-02  0.4236478    
 -1.3393395E-02  0.4322488    
 -1.3353353E-02  0.4418655    
 -1.3313313E-02  0.4505753    
 -1.3273274E-02  0.4567813    
 -1.3233233E-02  0.4598910    
 -1.3193194E-02  0.4606088    
 -1.3153153E-02  0.4606273    
 -1.3113113E-02  0.4618238    
 -1.3073074E-02  0.4655649    
 -1.3033033E-02  0.4720698    
 -1.2992993E-02  0.4803934    
 -1.2952953E-02  0.4889911    
 -1.2912912E-02  0.4963843    
 -1.2872873E-02  0.5018819    
 -1.2832833E-02  0.5058481    
 -1.2792793E-02  0.5093587    
 -1.2752753E-02  0.5136267    
 -1.2712713E-02  0.5191107    
 -1.2672673E-02  0.5251226    
 -1.2632633E-02  0.5299894    
 -1.2592593E-02  0.5315476    
 -1.2552552E-02  0.5282855    
 -1.2512513E-02  0.5199870    
 -1.2472473E-02  0.5080666    
 -1.2432433E-02  0.4951327    
 -1.2392392E-02  0.4840662    
 -1.2352353E-02  0.4769028    
 -1.2312313E-02  0.4740908    
 -1.2272272E-02  0.4744891    
 -1.2232233E-02  0.4759997    
 -1.2192192E-02  0.4766953    
 -1.2152152E-02  0.4758118    
 -1.2112113E-02  0.4742537    
 -1.2072072E-02  0.4742005    
 -1.2032033E-02  0.4780319    
 -1.1991993E-02  0.4870944    
 -1.1951951E-02  0.5007025    
 -1.1911912E-02  0.5160660    
 -1.1871872E-02  0.5291249    
 -1.1831832E-02  0.5361120    
 -1.1791792E-02  0.5350941    
 -1.1751752E-02  0.5269692    
 -1.1711712E-02  0.5153725    
 -1.1671673E-02  0.5055002    
 -1.1631632E-02  0.5023057    
 -1.1591591E-02  0.5087562    
 -1.1551552E-02  0.5247879    
 -1.1511511E-02  0.5475229    
 -1.1471472E-02  0.5723586    
 -1.1431431E-02  0.5947136    
 -1.1391391E-02  0.6116584    
 -1.1351352E-02  0.6226037    
 -1.1311312E-02  0.6291919    
 -1.1271271E-02  0.6340752    
 -1.1231231E-02  0.6395995    
 -1.1191191E-02  0.6467220    
 -1.1151151E-02  0.6547030    
 -1.1111111E-02  0.6617362    
 -1.1071071E-02  0.6659877    
 -1.1031031E-02  0.6667238    
 -1.0990991E-02  0.6647257    
 -1.0950952E-02  0.6620547    
 -1.0910911E-02  0.6611424    
 -1.0870871E-02  0.6635718    
 -1.0830831E-02  0.6694247    
 -1.0790790E-02  0.6772216    
 -1.0750751E-02  0.6846946    
 -1.0710712E-02  0.6899559    
 -1.0670670E-02  0.6924635    
 -1.0630631E-02  0.6933264    
 -1.0590591E-02  0.6947750    
 -1.0550550E-02  0.6990108    
 -1.0510511E-02  0.7068855    
 -1.0470470E-02  0.7172334    
 -1.0430430E-02  0.7270377    
 -1.0390391E-02  0.7326317    
 -1.0350351E-02  0.7312660    
 -1.0310311E-02  0.7225711    
 -1.0270271E-02  0.7089948    
 -1.0230230E-02  0.6952533    
 -1.0190190E-02  0.6866485    
 -1.0150150E-02  0.6871935    
 -1.0110110E-02  0.6980578    
 -1.0070070E-02  0.7173046    
 -1.0030030E-02  0.7405487    
 -9.9899909E-03  0.7627155    
 -9.9499505E-03  0.7798657    
 -9.9099092E-03  0.7904828    
 -9.8698698E-03  0.7956897    
 -9.8298294E-03  0.7984099    
 -9.7897900E-03  0.8018939    
 -9.7497497E-03  0.8084824    
 -9.7097093E-03  0.8188532    
 -9.6696699E-03  0.8322873    
 -9.6296305E-03  0.8475748    
 -9.5895901E-03  0.8640435    
 -9.5495498E-03  0.8819481    
 -9.5095094E-03  0.9022731    
 -9.4694691E-03  0.9256015    
 -9.4294297E-03  0.9510356    
 -9.3893902E-03  0.9755872    
 -9.3493490E-03  0.9945632    
 -9.3093095E-03   1.003125    
 -9.2692701E-03  0.9982888    
 -9.2292288E-03  0.9806996    
 -9.1891894E-03  0.9550776    
 -9.1491491E-03  0.9290963    
 -9.1091087E-03  0.9110909    
 -9.0690693E-03  0.9069395    
 -9.0290299E-03  0.9178915    
 -8.9889895E-03  0.9399772    
 -8.9489492E-03  0.9652974    
 -8.9089097E-03  0.9850777    
 -8.8688685E-03  0.9930602    
 -8.8288290E-03  0.9880124    
 -8.7887887E-03  0.9743826    
 -8.7487483E-03  0.9606663    
 -8.7087089E-03  0.9563172    
 -8.6686695E-03  0.9679248    
 -8.6286291E-03  0.9969382    
 -8.5885888E-03   1.038911    
 -8.5485484E-03   1.085220    
 -8.5085081E-03   1.126299    
 -8.4684687E-03   1.155021    
 -8.4284293E-03   1.169050    
 -8.3883880E-03   1.171288    
 -8.3483486E-03   1.168314    
 -8.3083091E-03   1.167533    
 -8.2682688E-03   1.174167    
 -8.2282284E-03   1.189410    
 -8.1881871E-03   1.210448    
 -8.1481477E-03   1.231847    
 -8.1081083E-03   1.248138    
 -8.0680680E-03   1.256167    
 -8.0280276E-03   1.256340    
 -7.9879882E-03   1.252458    
 -7.9479478E-03   1.250087    
 -7.9079084E-03   1.254500    
 -7.8678681E-03   1.268711    
 -7.8278277E-03   1.292646    
 -7.7877874E-03   1.323378    
 -7.7477479E-03   1.356355    
 -7.7077076E-03   1.387111    
 -7.6676677E-03   1.412520    
 -7.6276283E-03   1.431464    
 -7.5875875E-03   1.444762    
 -7.5475480E-03   1.454382    
 -7.5075072E-03   1.462671    
 -7.4674669E-03   1.471754    
 -7.4274275E-03   1.483029    
 -7.3873876E-03   1.497328    
 -7.3473472E-03   1.514910    
 -7.3073073E-03   1.535473    
 -7.2672679E-03   1.558268    
 -7.2272271E-03   1.582101    
 -7.1871867E-03   1.605492    
 -7.1471473E-03   1.627103    
 -7.1071065E-03   1.646270    
 -7.0670671E-03   1.663134    
 -7.0270272E-03   1.678818    
 -6.9869868E-03   1.694674    
 -6.9469470E-03   1.711491    
 -6.9069075E-03   1.728670    
 -6.8668672E-03   1.743932    
 -6.8268264E-03   1.753926    
 -6.7867870E-03   1.755500    
 -6.7467466E-03   1.747490    
 -6.7067076E-03   1.731970    
 -6.6666664E-03   1.714537    
 -6.6266265E-03   1.703122    
 -6.5865871E-03   1.705807    
 -6.5465472E-03   1.727933    
 -6.5065073E-03   1.770205    
 -6.4664660E-03   1.828123    
 -6.4264266E-03   1.893215    
 -6.3863867E-03   1.956009    
 -6.3463454E-03   2.009119    
 -6.3063060E-03   2.049832    
 -6.2662661E-03   2.080707    
 -6.2262267E-03   2.108226    
 -6.1861868E-03   2.139900    
 -6.1461474E-03   2.181101    
 -6.1061061E-03   2.232829    
 -6.0660662E-03   2.291481    
 -6.0260268E-03   2.350310    
 -5.9859855E-03   2.402837    
 -5.9459456E-03   2.445318    
 -5.9059057E-03   2.478701    
 -5.8658645E-03   2.508154    
 -5.8258250E-03   2.540716    
 -5.7857851E-03   2.582374    
 -5.7457457E-03   2.635224    
 -5.7057058E-03   2.696716    
 -5.6656664E-03   2.760652    
 -5.6256251E-03   2.820209    
 -5.5855853E-03   2.871027    
 -5.5455458E-03   2.913689    
 -5.5055059E-03   2.953955    
 -5.4654665E-03   3.000860    
 -5.4254266E-03   3.063377    
 -5.3853854E-03   3.146806    
 -5.3453455E-03   3.250628    
 -5.3053042E-03   3.368516    
 -5.2652648E-03   3.490221    
 -5.2252249E-03   3.605281    
 -5.1851855E-03   3.706171    
 -5.1451442E-03   3.790461    
 -5.1051043E-03   3.860955    
 -5.0650649E-03   3.923992    
 -5.0250250E-03   3.986787    
 -4.9849856E-03   4.055158    
 -4.9449457E-03   4.132050    
 -4.9049044E-03   4.217837    
 -4.8648650E-03   4.311357    
 -4.8248251E-03   4.411249    
 -4.7847852E-03   4.516942    
 -4.7447458E-03   4.628228    
 -4.7047059E-03   4.744674    
 -4.6646646E-03   4.864441    
 -4.6246252E-03   4.983886    
 -4.5845839E-03   5.098275    
 -4.5445440E-03   5.203342    
 -4.5045046E-03   5.297405    
 -4.4644647E-03   5.382466    
 -4.4244234E-03   5.464495    
 -4.3843840E-03   5.551826    
 -4.3443441E-03   5.652542    
 -4.3043043E-03   5.772009    
 -4.2642648E-03   5.911320    
 -4.2242249E-03   6.066955    
 -4.1841837E-03   6.232630    
 -4.1441442E-03   6.401461    
 -4.1041044E-03   6.568185    
 -4.0640649E-03   6.730430    
 -4.0240251E-03   6.888415    
 -3.9839856E-03   7.043987    
 -3.9439443E-03   7.199232    
 -3.9039028E-03   7.355973    
 -3.8638632E-03   7.516001    
 -3.8238235E-03   7.682714    
 -3.7837839E-03   7.862170    
 -3.7437442E-03   8.063239    
 -3.7037029E-03   8.296181    
 -3.6636633E-03   8.569365    
 -3.6236236E-03   8.885611    
 -3.5835840E-03   9.239379    
 -3.5435441E-03   9.616521    
 -3.5035044E-03   9.996745    
 -3.4634632E-03   10.35900    
 -3.4234235E-03   10.68735    
 -3.3833839E-03   10.97608    
 -3.3433442E-03   11.23200    
 -3.3033045E-03   11.47286    
 -3.2632649E-03   11.72283    
 -3.2232220E-03   12.00668    
 -3.1831823E-03   12.34448    
 -3.1431427E-03   12.74831    
 -3.1031030E-03   13.22200    
 -3.0630634E-03   13.76287    
 -3.0230221E-03   14.36473    
 -2.9829824E-03   15.01979    
 -2.9429425E-03   15.71969    
 -2.9029029E-03   16.45552    
 -2.8628632E-03   17.21751    
 -2.8228236E-03   17.99592    
 -2.7827823E-03   18.78337    
 -2.7427427E-03   19.57851    
 -2.7027030E-03   20.38900    
 -2.6626633E-03   21.23237    
 -2.6226237E-03   22.13329    
 -2.5825840E-03   23.11708    
 -2.5425411E-03   24.20211    
 -2.5025015E-03   25.39230    
 -2.4624618E-03   26.67520    
 -2.4224222E-03   28.02511    
 -2.3823823E-03   29.41203    
 -2.3423426E-03   30.81331    
 -2.3023013E-03   32.22408    
 -2.2622617E-03   33.66249    
 -2.2222220E-03   35.16721    
 -2.1821824E-03   36.78864    
 -2.1421427E-03   38.57577    
 -2.1021031E-03   40.56424    
 -2.0620618E-03   42.76999    
 -2.0220221E-03   45.18994    
 -1.9819825E-03   47.80930    
 -1.9419427E-03   50.61267    
 -1.9019031E-03   53.59268    
 -1.8618618E-03   56.75445    
 -1.8218205E-03   60.11327    
 -1.7817809E-03   63.68739    
 -1.7417412E-03   67.49185    
 -1.7017014E-03   71.53404    
 -1.6616618E-03   75.81709    
 -1.6216221E-03   80.34862    
 -1.5815808E-03   85.15168    
 -1.5415412E-03   90.27115    
 -1.5015015E-03   95.77357    
 -1.4614618E-03   101.7360    
 -1.4214221E-03   108.2280    
 -1.3813825E-03   115.2926    
 -1.3413412E-03   122.9343    
 -1.3013015E-03   131.1175    
 -1.2612619E-03   139.7802    
 -1.2212221E-03   148.8542    
 -1.1811808E-03   158.2855    
 -1.1411412E-03   168.0450    
 -1.1010999E-03   178.1266    
 -1.0610602E-03   188.5258    
 -1.0210206E-03   199.2152    
 -9.8098093E-04   210.1184    
 -9.4094122E-04   221.1024    
 -9.0090150E-04   231.9926    
 -8.6086028E-04   242.6071    
 -8.2082057E-04   252.8058    
 -7.8078092E-04   262.5385    
 -7.4074120E-04   271.8689    
 -7.0070155E-04   280.9743    
 -6.6066184E-04   290.1102    
 -6.2062062E-04   299.5524    
 -5.8058091E-04   309.5313    
 -5.4054125E-04   320.1795    
 -5.0049997E-04   331.5044    
 -4.6046029E-04   343.3890    
 -4.2042061E-04   355.6250    
 -3.8037935E-04   367.9541    
 -3.4033967E-04   380.1076    
 -3.0029999E-04   391.8333    
 -2.6026031E-04   402.9004    
 -2.2022062E-04   413.0852    
 -1.8018094E-04   422.1573    
 -1.4013967E-04   429.8685    
 -1.0009999E-04   435.9591    
 -6.0060313E-05   440.1848    
 -2.0020632E-05   442.3578    
  2.0019048E-05   442.3500    
  6.0058730E-05   440.1849    
  1.0009999E-04   435.9591    
  1.4013967E-04   429.8685    
  1.8018094E-04   422.1573    
  2.2022062E-04   413.0851    
  2.6026031E-04   402.9004    
  3.0030156E-04   391.8330    
  3.4034124E-04   380.1071    
  3.8038092E-04   367.9537    
  4.2042061E-04   355.6250    
  4.6046029E-04   343.3890    
  5.0049997E-04   331.5045    
  5.4054125E-04   320.1796    
  5.8058091E-04   309.5313    
  6.2062062E-04   299.5524    
  6.6066027E-04   290.1107    
  7.0069998E-04   280.9746    
  7.4073963E-04   271.8691    
  7.8078092E-04   262.5385    
  8.2082057E-04   252.8059    
  8.6086185E-04   242.6066    
  9.0090150E-04   231.9925    
  9.4094122E-04   221.1024    
  9.8098093E-04   210.1184    
  1.0210221E-03   199.2148    
  1.0610619E-03   188.5254    
  1.1011015E-03   178.1262    
  1.1411412E-03   168.0451    
  1.1811808E-03   158.2855    
  1.2212206E-03   148.8546    
  1.2612619E-03   139.7802    
  1.3013015E-03   131.1175    
  1.3413412E-03   122.9343    
  1.3813808E-03   115.2928    
  1.4214205E-03   108.2282    
  1.4614603E-03   101.7363    
  1.5015015E-03   95.77354    
  1.5415427E-03   90.27095    
  1.5815825E-03   85.15144    
  1.6216221E-03   80.34862    
  1.6616618E-03   75.81707    
  1.7017014E-03   71.53404    
  1.7417427E-03   67.49172    
  1.7817824E-03   63.68726    
  1.8218221E-03   60.11305    
  1.8618618E-03   56.75444    
  1.9019014E-03   53.59279    
  1.9419411E-03   50.61275    
  1.9819825E-03   47.80930    
  2.0220221E-03   45.18995    
  2.0620618E-03   42.76997    
  2.1021015E-03   40.56427    
  2.1421411E-03   38.57576    
  2.1821808E-03   36.78876    
  2.2222237E-03   35.16714    
  2.2622633E-03   33.66245    
  2.3023030E-03   32.22409    
  2.3423426E-03   30.81332    
  2.3823823E-03   29.41203    
  2.4224222E-03   28.02511    
  2.4624632E-03   26.67515    
  2.5025031E-03   25.39223    
  2.5425428E-03   24.20210    
  2.5825824E-03   23.11712    
  2.6226221E-03   22.13333    
  2.6626617E-03   21.23236    
  2.7027030E-03   20.38900    
  2.7427427E-03   19.57851    
  2.7827823E-03   18.78337    
  2.8228220E-03   17.99594    
  2.8628616E-03   17.21758    
  2.9029029E-03   16.45553    
  2.9429442E-03   15.71966    
  2.9829838E-03   15.01977    
  3.0230237E-03   14.36472    
  3.0630634E-03   13.76287    
  3.1031030E-03   13.22199    
  3.1431427E-03   12.74831    
  3.1831840E-03   12.34448    
  3.2232236E-03   12.00668    
  3.2632633E-03   11.72283    
  3.3033029E-03   11.47285    
  3.3433426E-03   11.23201    
  3.3833822E-03   10.97607    
  3.4234235E-03   10.68735    
  3.4634632E-03   10.35900    
  3.5035030E-03   9.996778    
  3.5435427E-03   9.616531    
  3.5835840E-03   9.239376    
  3.6236253E-03   8.885579    
  3.6636649E-03   8.569360    
  3.7037046E-03   8.296189    
  3.7437442E-03   8.063244    
  3.7837839E-03   7.862176    
  3.8238235E-03   7.682722    
  3.8638648E-03   7.516004    
  3.9039045E-03   7.355958    
  3.9439443E-03   7.199231    
  3.9839838E-03   7.043995    
  4.0240237E-03   6.888401    
  4.0640631E-03   6.730415    
  4.1041044E-03   6.568188    
  4.1441442E-03   6.401457    
  4.1841837E-03   6.232631    
  4.2242236E-03   6.066942    
  4.2642648E-03   5.911310    
  4.3043043E-03   5.772008    
  4.3443455E-03   5.652518    
  4.3843854E-03   5.551796    
  4.4244253E-03   5.464508    
  4.4644647E-03   5.382466    
  4.5045046E-03   5.297405    
  4.5445440E-03   5.203332    
  4.5845853E-03   5.098274    
  4.6246252E-03   4.983882    
  4.6646646E-03   4.864440    
  4.7047045E-03   4.744668    
  4.7447439E-03   4.628222    
  4.7847838E-03   4.516934    
  4.8248251E-03   4.411254    
  4.8648650E-03   4.311349    
  4.9049044E-03   4.217843    
  4.9449457E-03   4.132050    
  4.9849856E-03   4.055155    
  5.0250250E-03   3.986788    
  5.0650663E-03   3.923999    
  5.1051062E-03   3.860973    
  5.1451456E-03   3.790464    
  5.1851855E-03   3.706170    
  5.2252249E-03   3.605279    
  5.2652648E-03   3.490223    
  5.3053061E-03   3.368505    
  5.3453455E-03   3.250629    
  5.3853854E-03   3.146806    
  5.4254252E-03   3.063380    
  5.4654647E-03   3.000882    
  5.5055046E-03   2.953951    
  5.5455458E-03   2.913690    
  5.5855853E-03   2.871026    
  5.6256265E-03   2.820193    
  5.6656664E-03   2.760658    
  5.7057058E-03   2.696717    
  5.7457457E-03   2.635220    
  5.7857870E-03   2.582357    
  5.8258264E-03   2.540723    
  5.8658663E-03   2.508155    
  5.9059057E-03   2.478700    
  5.9459456E-03   2.445317    
  5.9859855E-03   2.402837    
  6.0260268E-03   2.350312    
  6.0660662E-03   2.291485    
  6.1061061E-03   2.232832    
  6.1461455E-03   2.181106    
  6.1861854E-03   2.139894    
  6.2262248E-03   2.108208    
  6.2662661E-03   2.080712    
  6.3063060E-03   2.049835    
  6.3463473E-03   2.009110    
  6.3863867E-03   1.956005    
  6.4264266E-03   1.893216    
  6.4664660E-03   1.828123    
  6.5065073E-03   1.770206    
  6.5465472E-03   1.727932    
  6.5865852E-03   1.705798    
  6.6266265E-03   1.703123    
  6.6666678E-03   1.714527    
  6.7067058E-03   1.731975    
  6.7467471E-03   1.747487    
  6.7867851E-03   1.755501    
  6.8268264E-03   1.753926    
  6.8668677E-03   1.743934    
  6.9069057E-03   1.728667    
  6.9469470E-03   1.711488    
  6.9869854E-03   1.694671    
  7.0270267E-03   1.678819    
  7.0670675E-03   1.663143    
  7.1071088E-03   1.646265    
  7.1471473E-03   1.627099    
  7.1871886E-03   1.605488    
  7.2272266E-03   1.582101    
  7.2672679E-03   1.558268    
  7.3073092E-03   1.535480    
  7.3473472E-03   1.514913    
  7.3873885E-03   1.497344    
  7.4274265E-03   1.483022    
  7.4674678E-03   1.471750    
  7.5075058E-03   1.462677    
  7.5475471E-03   1.454387    
  7.5875884E-03   1.444749    
  7.6276264E-03   1.431468    
  7.6676677E-03   1.412521    
  7.7077057E-03   1.387117    
  7.7477470E-03   1.356348    
  7.7877883E-03   1.323369    
  7.8278268E-03   1.292649    
  7.8678681E-03   1.268709    
  7.9079056E-03   1.254493    
  7.9479469E-03   1.250088    
  7.9879854E-03   1.252467    
  8.0280295E-03   1.256338    
  8.0680707E-03   1.256168    
  8.1081092E-03   1.248146    
  8.1481505E-03   1.231838    
  8.1881881E-03   1.210440    
  8.2282294E-03   1.189403    
  8.2682706E-03   1.174163    
  8.3083091E-03   1.167533    
  8.3483504E-03   1.168324    
  8.3883880E-03   1.171290    
  8.4284293E-03   1.169041    
  8.4684677E-03   1.155015    
  8.5085090E-03   1.126314    
  8.5485503E-03   1.085228    
  8.5885879E-03   1.038905    
  8.6286291E-03  0.9969367    
  8.6686676E-03  0.9679250    
  8.7087089E-03  0.9563194    
  8.7487502E-03  0.9606724    
  8.7887887E-03  0.9743710    
  8.8288300E-03  0.9880032    
  8.8688675E-03  0.9930686    
  8.9089088E-03  0.9850683    
  8.9489473E-03  0.9653023    
  8.9889886E-03  0.9399835    
  9.0290299E-03  0.9178923    
  9.0690674E-03  0.9069408    
  9.1091087E-03  0.9110923    
  9.1491472E-03  0.9291018    
  9.1891885E-03  0.9550691    
  9.2292298E-03  0.9807048    
  9.2692673E-03  0.9983003    
  9.3093086E-03   1.003114    
  9.3493471E-03  0.9945604    
  9.3893912E-03  0.9755867    
  9.4294297E-03  0.9510359    
  9.4694709E-03  0.9256012    
  9.5095122E-03  0.9022702    
  9.5495498E-03  0.8819547    
  9.5895911E-03  0.8640466    
  9.6296296E-03  0.8475765    
  9.6696708E-03  0.8322814    
  9.7097121E-03  0.8188574    
  9.7497497E-03  0.8084803    
  9.7897910E-03  0.8018988    
  9.8298294E-03  0.7984081    
  9.8698707E-03  0.7956908    
  9.9099092E-03  0.7904858    
  9.9499505E-03  0.7798643    
  9.9899918E-03  0.7627177    
  1.0030029E-02  0.7405538    
  1.0070071E-02  0.7173115    
  1.0110109E-02  0.6980597    
  1.0150150E-02  0.6871922    
  1.0190192E-02  0.6866562    
  1.0230229E-02  0.6952498    
  1.0270271E-02  0.7089932    
  1.0310309E-02  0.7225673    
  1.0350350E-02  0.7312579    
  1.0390388E-02  0.7326202    
  1.0430429E-02  0.7270368    
  1.0470470E-02  0.7172331    
  1.0510509E-02  0.7069013    
  1.0550550E-02  0.6990098    
  1.0590588E-02  0.6947806    
  1.0630629E-02  0.6933184    
  1.0670670E-02  0.6924626    
  1.0710709E-02  0.6899540    
  1.0750750E-02  0.6846997    
  1.0790791E-02  0.6772250    
  1.0830833E-02  0.6694210    
  1.0870874E-02  0.6635773    
  1.0910912E-02  0.6611426    
  1.0950953E-02  0.6620644    
  1.0990991E-02  0.6647266    
  1.1031033E-02  0.6667199    
  1.1071071E-02  0.6659983    
  1.1111112E-02  0.6617400    
  1.1151154E-02  0.6547182    
  1.1191191E-02  0.6467193    
  1.1231232E-02  0.6396136    
  1.1271271E-02  0.6340759    
  1.1311312E-02  0.6291926    
  1.1351353E-02  0.6226051    
  1.1391391E-02  0.6116583    
  1.1431432E-02  0.5947207    
  1.1471471E-02  0.5723566    
  1.1511512E-02  0.5475273    
  1.1551550E-02  0.5247946    
  1.1591591E-02  0.5087572    
  1.1631632E-02  0.5023057    
  1.1671671E-02  0.5055109    
  1.1711712E-02  0.5153713    
  1.1751750E-02  0.5269823    
  1.1791791E-02  0.5350929    
  1.1831832E-02  0.5361086    
  1.1871871E-02  0.5291232    
  1.1911912E-02  0.5160663    
  1.1951950E-02  0.5007064    
  1.1991992E-02  0.4870982    
  1.2032029E-02  0.4780339    
  1.2072071E-02  0.4742037    
  1.2112112E-02  0.4742604    
  1.2152153E-02  0.4758085    
  1.2192194E-02  0.4766912    
  1.2232233E-02  0.4760003    
  1.2272274E-02  0.4744900    
  1.2312315E-02  0.4740902    
  1.2352353E-02  0.4769025    
  1.2392394E-02  0.4840683    
  1.2432433E-02  0.4951349    
  1.2472474E-02  0.5080664    
  1.2512512E-02  0.5199777    
  1.2552553E-02  0.5282879    
  1.2592594E-02  0.5315499    
  1.2632633E-02  0.5299909    
  1.2672674E-02  0.5251285    
  1.2712711E-02  0.5191060    
  1.2752753E-02  0.5136260    
  1.2792794E-02  0.5093579    
  1.2832833E-02  0.5058406    
  1.2872874E-02  0.5018919    
  1.2912912E-02  0.4963823    
  1.2952953E-02  0.4889913    
  1.2992991E-02  0.4803968    
  1.3033032E-02  0.4720601    
  1.3073074E-02  0.4655644    
  1.3113112E-02  0.4618355    
  1.3153153E-02  0.4606254    
  1.3193191E-02  0.4606282    
  1.3233232E-02  0.4598938    
  1.3273274E-02  0.4567841    
  1.3313312E-02  0.4505793    
  1.3353353E-02  0.4418648    
  1.3393391E-02  0.4322423    
  1.3433432E-02  0.4236431    
  1.3473471E-02  0.4174802    
  1.3513515E-02  0.4140229    
  1.3553556E-02  0.4123057    
  1.3593595E-02  0.4105681    
  1.3633636E-02  0.4070171    
  1.3673673E-02  0.4007625    
  1.3713715E-02  0.3921648    
  1.3753756E-02  0.3828799    
  1.3793794E-02  0.3752216    
  1.3833836E-02  0.3712589    
  1.3873873E-02  0.3719975    
  1.3913915E-02  0.3768856    
  1.3953956E-02  0.3839705    
  1.3993994E-02  0.3905079    
  1.4034036E-02  0.3938595    
  1.4074074E-02  0.3923093    
  1.4114115E-02  0.3855502    
  1.4154153E-02  0.3746870    
  1.4194194E-02  0.3617668    
  1.4234236E-02  0.3490975    
  1.4274274E-02  0.3385486    
  1.4314315E-02  0.3311018    
  1.4354353E-02  0.3267661    
  1.4394394E-02  0.3247553    
  1.4434435E-02  0.3238657    
  1.4474474E-02  0.3229147    
  1.4514515E-02  0.3210355    
  1.4554553E-02  0.3177488    
  1.4594594E-02  0.3130461    
  1.4634633E-02  0.3072348    
  1.4674674E-02  0.3008194    
  1.4714715E-02  0.2943971    
  1.4754753E-02  0.2886157    
  1.4794794E-02  0.2840560    
  1.4834832E-02  0.2812234    
  1.4874876E-02  0.2804147    
  1.4914918E-02  0.2817249    
  1.4954956E-02  0.2849312    
  1.4994998E-02  0.2895541    
  1.5035035E-02  0.2949065    
  1.5075076E-02  0.3001969    
  1.5115115E-02  0.3046557    
  1.5155156E-02  0.3075863    
  1.5195197E-02  0.3085250    
  1.5235236E-02  0.3072388    
  1.5275277E-02  0.3038487    
  1.5315315E-02  0.2987952    
  1.5355356E-02  0.2928413    
  1.5395397E-02  0.2870179    
  1.5435436E-02  0.2823600    
  1.5475477E-02  0.2797182    
  1.5515515E-02  0.2794826    
  1.5555556E-02  0.2814415    
  1.5595594E-02  0.2847317    
  1.5635636E-02  0.2880827    
  1.5675677E-02  0.2901896    
  1.5715715E-02  0.2900782    
  1.5755756E-02  0.2874752    
  1.5795793E-02  0.2828549    
  1.5835835E-02  0.2772812    
  1.5875876E-02  0.2719967    
  1.5915915E-02  0.2678685    
  1.5955957E-02  0.2650752    
  1.5995994E-02  0.2629706    
  1.6036035E-02  0.2603437    
  1.6076073E-02  0.2558572    
  1.6116114E-02  0.2487314    
  1.6156156E-02  0.2390973    
  1.6196195E-02  0.2281513    
  1.6236238E-02  0.2178321    
  1.6276278E-02  0.2102889    
  1.6316317E-02  0.2070944    
  1.6356358E-02  0.2088228    
  1.6396398E-02  0.2147387    
  1.6436439E-02  0.2230856    
  1.6476477E-02  0.2316059    
  1.6516518E-02  0.2382423    
  1.6556555E-02  0.2417074    
  1.6596597E-02  0.2418299    
  1.6636638E-02  0.2393801    
  1.6676677E-02  0.2357892    
  1.6716719E-02  0.2325340    
  1.6756756E-02  0.2307481    
  1.6796798E-02  0.2308841    
  1.6836839E-02  0.2327246    
  1.6876876E-02  0.2356074    
  1.6916918E-02  0.2387501    
  1.6956955E-02  0.2414268    
  1.6996996E-02  0.2432159    
  1.7037036E-02  0.2439550    
  1.7077077E-02  0.2436289    
  1.7117118E-02  0.2422597    
  1.7157156E-02  0.2398369    
  1.7197197E-02  0.2363611    
  1.7237235E-02  0.2319308    
  1.7277276E-02  0.2267817    
  1.7317317E-02  0.2213707    
  1.7357357E-02  0.2162675    
  1.7397398E-02  0.2120107    
  1.7437436E-02  0.2089403    
  1.7477477E-02  0.2070948    
  1.7517515E-02  0.2061813    
  1.7557556E-02  0.2056981    
  1.7597601E-02  0.2051060    
  1.7637638E-02  0.2040218    
  1.7677680E-02  0.2023506    
  1.7717717E-02  0.2002713    
  1.7757758E-02  0.1981528    
  1.7797800E-02  0.1963930    
  1.7837839E-02  0.1952530    
  1.7877880E-02  0.1947676    
  1.7917918E-02  0.1947467    
  1.7957959E-02  0.1948657    
  1.7998001E-02  0.1948031    
  1.8038038E-02  0.1943557    
  1.8078079E-02  0.1935157    
  1.8118117E-02  0.1924457    
  1.8158158E-02  0.1914239    
  1.8198198E-02  0.1907484    
  1.8238239E-02  0.1906314    
  1.8278280E-02  0.1911744    
  1.8318318E-02  0.1923697    
  1.8358359E-02  0.1941195    
  1.8398397E-02  0.1962700    
  1.8438438E-02  0.1986467    
  1.8478479E-02  0.2010452    
  1.8518519E-02  0.2032129    
  1.8558560E-02  0.2048655    
  1.8598597E-02  0.2056990    
  1.8638639E-02  0.2053986    
  1.8678676E-02  0.2037962    
  1.8718718E-02  0.2008849    
  1.8758759E-02  0.1969030    
  1.8798796E-02  0.1923547    
  1.8838838E-02  0.1878902    
  1.8878877E-02  0.1841738    
  1.8918918E-02  0.1817160    
  1.8958962E-02  0.1807300    
  1.8999001E-02  0.1809958    
  1.9039042E-02  0.1819018    
  1.9079080E-02  0.1825521    
  1.9119121E-02  0.1820186    
  1.9159159E-02  0.1796028    
  1.9199200E-02  0.1750571    
  1.9239241E-02  0.1687310    
  1.9279279E-02  0.1615512    
  1.9319320E-02  0.1547702    
  1.9359360E-02  0.1496918    
  1.9399401E-02  0.1473100    
  1.9439442E-02  0.1480123    
  1.9479480E-02  0.1514859    
  1.9519521E-02  0.1568068    
  1.9559558E-02  0.1626909    
  1.9599600E-02  0.1679133    
  1.9639639E-02  0.1716066    
  1.9679680E-02  0.1735001    
  1.9719722E-02  0.1739397    
  1.9759759E-02  0.1736612    
  1.9799801E-02  0.1734984    
  1.9839838E-02  0.1740429    
  1.9879879E-02  0.1753888    
  1.9919921E-02  0.1771830    
  1.9959958E-02  0.1786846    
  2.0000000E-02  0.1791293    
