 -2.9999999E-02  0.2749723    
 -2.9939940E-02  0.2761440    
 -2.9879877E-02  0.2774443    
 -2.9819820E-02  0.2786586    
 -2.9759757E-02  0.2795769    
 -2.9699698E-02  0.2801141    
 -2.9639637E-02  0.2803030    
 -2.9579578E-02  0.2802803    
 -2.9519519E-02  0.2801977    
 -2.9459458E-02  0.2801558    
 -2.9399399E-02  0.2801573    
 -2.9339338E-02  0.2801101    
 -2.9279279E-02  0.2799134    
 -2.9219219E-02  0.2795425    
 -2.9159158E-02  0.2790749    
 -2.9099099E-02  0.2787246    
 -2.9039036E-02  0.2787197    
 -2.8978977E-02  0.2792590    
 -2.8918916E-02  0.2804026    
 -2.8858857E-02  0.2820550    
 -2.8798798E-02  0.2840047    
 -2.8738737E-02  0.2860125    
 -2.8678678E-02  0.2879201    
 -2.8618617E-02  0.2896810    
 -2.8558558E-02  0.2913882    
 -2.8498499E-02  0.2931653    
 -2.8438438E-02  0.2951058    
 -2.8378379E-02  0.2972224    
 -2.8318316E-02  0.2993912    
 -2.8258258E-02  0.3014546    
 -2.8198196E-02  0.3032685    
 -2.8138136E-02  0.3048053    
 -2.8078077E-02  0.3061753    
 -2.8018016E-02  0.3075593    
 -2.7957957E-02  0.3091704    
 -2.7897896E-02  0.3111285    
 -2.7837837E-02  0.3134216    
 -2.7777778E-02  0.3159141    
 -2.7717717E-02  0.3184338    
 -2.7657658E-02  0.3208468    
 -2.7597595E-02  0.3231481    
 -2.7537538E-02  0.3254366    
 -2.7477475E-02  0.3279019    
 -2.7417416E-02  0.3306837    
 -2.7357358E-02  0.3338346    
 -2.7297296E-02  0.3372239    
 -2.7237236E-02  0.3406346    
 -2.7177176E-02  0.3438178    
 -2.7117116E-02  0.3466105    
 -2.7057055E-02  0.3489937    
 -2.6996996E-02  0.3511025    
 -2.6936937E-02  0.3531369    
 -2.6876874E-02  0.3552801    
 -2.6816817E-02  0.3576137    
 -2.6756754E-02  0.3600764    
 -2.6696695E-02  0.3625402    
 -2.6636634E-02  0.3648625    
 -2.6576575E-02  0.3669856    
 -2.6516516E-02  0.3689668    
 -2.6456455E-02  0.3709418    
 -2.6396396E-02  0.3730477    
 -2.6336335E-02  0.3753314    
 -2.6276276E-02  0.3777002    
 -2.6216215E-02  0.3799451    
 -2.6156155E-02  0.3818335    
 -2.6096096E-02  0.3832160    
 -2.6036033E-02  0.3841111    
 -2.5975976E-02  0.3847144    
 -2.5915915E-02  0.3853248    
 -2.5855854E-02  0.3862202    
 -2.5795795E-02  0.3875389    
 -2.5735734E-02  0.3892187    
 -2.5675675E-02  0.3910278    
 -2.5615616E-02  0.3926705    
 -2.5555555E-02  0.3939094    
 -2.5495494E-02  0.3946781    
 -2.5435435E-02  0.3950750    
 -2.5375376E-02  0.3953335    
 -2.5315313E-02  0.3956447    
 -2.5255255E-02  0.3961250    
 -2.5195194E-02  0.3967164    
 -2.5135133E-02  0.3972615    
 -2.5075074E-02  0.3975841    
 -2.5015013E-02  0.3975990    
 -2.4954954E-02  0.3973940    
 -2.4894895E-02  0.3971939    
 -2.4834834E-02  0.3972612    
 -2.4774773E-02  0.3978095    
 -2.4714714E-02  0.3988692    
 -2.4654653E-02  0.4002960    
 -2.4594592E-02  0.4018318    
 -2.4534535E-02  0.4032319    
 -2.4474474E-02  0.4043619    
 -2.4414413E-02  0.4052990    
 -2.4354354E-02  0.4062305    
 -2.4294293E-02  0.4073790    
 -2.4234233E-02  0.4088771    
 -2.4174174E-02  0.4106832    
 -2.4114113E-02  0.4125755    
 -2.4054052E-02  0.4142542    
 -2.3993993E-02  0.4154962    
 -2.3933932E-02  0.4162403    
 -2.3873873E-02  0.4166414    
 -2.3813814E-02  0.4169892    
 -2.3753753E-02  0.4176414    
 -2.3693692E-02  0.4188270    
 -2.3633633E-02  0.4206070    
 -2.3573572E-02  0.4228814    
 -2.3513513E-02  0.4254637    
 -2.3453454E-02  0.4282285    
 -2.3393393E-02  0.4311659    
 -2.3333333E-02  0.4344157    
 -2.3273272E-02  0.4381773    
 -2.3213211E-02  0.4425835    
 -2.3153152E-02  0.4475993    
 -2.3093093E-02  0.4529825    
 -2.3033030E-02  0.4583454    
 -2.2972973E-02  0.4632953    
 -2.2912912E-02  0.4675954    
 -2.2852851E-02  0.4712045    
 -2.2792792E-02  0.4743147    
 -2.2732731E-02  0.4772429    
 -2.2672672E-02  0.4802710    
 -2.2612613E-02  0.4835247    
 -2.2552552E-02  0.4869635    
 -2.2492493E-02  0.4903864    
 -2.2432432E-02  0.4936233    
 -2.2372372E-02  0.4965775    
 -2.2312310E-02  0.4993458    
 -2.2252252E-02  0.5021564    
 -2.2192191E-02  0.5052634    
 -2.2132130E-02  0.5088220    
 -2.2072071E-02  0.5128036    
 -2.2012010E-02  0.5169421    
 -2.1951951E-02  0.5209178    
 -2.1891892E-02  0.5244288    
 -2.1831831E-02  0.5273329    
 -2.1771770E-02  0.5297112    
 -2.1711711E-02  0.5317764    
 -2.1651652E-02  0.5338210    
 -2.1591591E-02  0.5360152    
 -2.1531532E-02  0.5383679    
 -2.1471471E-02  0.5407441    
 -2.1411410E-02  0.5429587    
 -2.1351350E-02  0.5449031    
 -2.1291289E-02  0.5466232    
 -2.1231230E-02  0.5483435    
 -2.1171171E-02  0.5503921    
 -2.1111110E-02  0.5530354    
 -2.1051051E-02  0.5563818    
 -2.0990990E-02  0.5603070    
 -2.0930931E-02  0.5645471    
 -2.0870870E-02  0.5687776    
 -2.0810811E-02  0.5727735    
 -2.0750750E-02  0.5765107    
 -2.0690691E-02  0.5801086    
 -2.0630630E-02  0.5837901    
 -2.0570569E-02  0.5876989    
 -2.0510510E-02  0.5918275    
 -2.0450450E-02  0.5960027    
 -2.0390389E-02  0.5999212    
 -2.0330330E-02  0.6033405    
 -2.0270269E-02  0.6061428    
 -2.0210210E-02  0.6084553    
 -2.0150149E-02  0.6105313    
 -2.0090090E-02  0.6126521    
 -2.0030027E-02  0.6149938    
 -1.9969970E-02  0.6175218    
 -1.9909909E-02  0.6200091    
 -1.9849848E-02  0.6221724    
 -1.9789791E-02  0.6238115    
 -1.9729730E-02  0.6249204    
 -1.9669669E-02  0.6257417    
 -1.9609608E-02  0.6266929    
 -1.9549549E-02  0.6281533    
 -1.9489488E-02  0.6303600    
 -1.9429429E-02  0.6332651    
 -1.9369369E-02  0.6366296    
 -1.9309307E-02  0.6400855    
 -1.9249249E-02  0.6433641    
 -1.9189188E-02  0.6463734    
 -1.9129127E-02  0.6492540    
 -1.9069070E-02  0.6523057    
 -1.9009007E-02  0.6557903    
 -1.8948948E-02  0.6598589    
 -1.8888887E-02  0.6644019    
 -1.8828828E-02  0.6691959    
 -1.8768767E-02  0.6739758    
 -1.8708708E-02  0.6785753    
 -1.8648649E-02  0.6830648    
 -1.8588588E-02  0.6876798    
 -1.8528529E-02  0.6927416    
 -1.8468468E-02  0.6984954    
 -1.8408408E-02  0.7049655    
 -1.8348349E-02  0.7119792    
 -1.8288286E-02  0.7192199    
 -1.8228227E-02  0.7264189    
 -1.8168166E-02  0.7334548    
 -1.8108107E-02  0.7404333    
 -1.8048048E-02  0.7476384    
 -1.7987987E-02  0.7553337    
 -1.7927926E-02  0.7636468    
 -1.7867867E-02  0.7724156    
 -1.7807808E-02  0.7812128    
 -1.7747747E-02  0.7895215    
 -1.7687688E-02  0.7968788    
 -1.7627629E-02  0.8031208    
 -1.7567566E-02  0.8083839    
 -1.7507508E-02  0.8130851    
 -1.7447446E-02  0.8177293    
 -1.7387386E-02  0.8227258    
 -1.7327327E-02  0.8282453    
 -1.7267266E-02  0.8341973    
 -1.7207205E-02  0.8403723    
 -1.7147146E-02  0.8465373    
 -1.7087087E-02  0.8526421    
 -1.7027026E-02  0.8587821    
 -1.6966967E-02  0.8651969    
 -1.6906908E-02  0.8721280    
 -1.6846845E-02  0.8796510    
 -1.6786788E-02  0.8876349    
 -1.6726725E-02  0.8957820    
 -1.6666666E-02  0.9037470    
 -1.6606607E-02  0.9112964    
 -1.6546546E-02  0.9184054    
 -1.6486485E-02  0.9252375    
 -1.6426425E-02  0.9320644    
 -1.6366364E-02  0.9391170    
 -1.6306305E-02  0.9464538    
 -1.6246246E-02  0.9539696    
 -1.6186185E-02  0.9614226    
 -1.6126124E-02  0.9686154    
 -1.6066065E-02  0.9754829    
 -1.6006006E-02  0.9821793    
 -1.5945945E-02  0.9889912    
 -1.5885886E-02  0.9962288    
 -1.5825825E-02   1.004024    
 -1.5765766E-02   1.012290    
 -1.5705707E-02   1.020697    
 -1.5645644E-02   1.028823    
 -1.5585584E-02   1.036303    
 -1.5525525E-02   1.043046    
 -1.5465464E-02   1.049170    
 -1.5405404E-02   1.055060    
 -1.5345344E-02   1.061094    
 -1.5285285E-02   1.067559    
 -1.5225225E-02   1.074529    
 -1.5165165E-02   1.081838    
 -1.5105105E-02   1.089273    
 -1.5045046E-02   1.096609    
 -1.4984986E-02   1.103822    
 -1.4924924E-02   1.111024    
 -1.4864863E-02   1.118423    
 -1.4804805E-02   1.126163    
 -1.4744745E-02   1.134213    
 -1.4684684E-02   1.142370    
 -1.4624624E-02   1.150297    
 -1.4564564E-02   1.157685    
 -1.4504504E-02   1.164421    
 -1.4444444E-02   1.170605    
 -1.4384384E-02   1.176545    
 -1.4324325E-02   1.182638    
 -1.4264263E-02   1.189177    
 -1.4204203E-02   1.196268    
 -1.4144143E-02   1.203872    
 -1.4084082E-02   1.211819    
 -1.4024024E-02   1.220026    
 -1.3963963E-02   1.228576    
 -1.3903903E-02   1.237721    
 -1.3843843E-02   1.247790    
 -1.3783784E-02   1.259041    
 -1.3723724E-02   1.271485    
 -1.3663664E-02   1.284860    
 -1.3603603E-02   1.298706    
 -1.3543542E-02   1.312541    
 -1.3483482E-02   1.326078    
 -1.3423422E-02   1.339319    
 -1.3363361E-02   1.352581    
 -1.3303303E-02   1.366322    
 -1.3243243E-02   1.380966    
 -1.3183182E-02   1.396710    
 -1.3123122E-02   1.413475    
 -1.3063064E-02   1.431012    
 -1.3003003E-02   1.449027    
 -1.2942943E-02   1.467366    
 -1.2882883E-02   1.486108    
 -1.2822822E-02   1.505445    
 -1.2762762E-02   1.525511    
 -1.2702702E-02   1.546212    
 -1.2642642E-02   1.567060    
 -1.2582582E-02   1.587282    
 -1.2522522E-02   1.606001    
 -1.2462462E-02   1.622605    
 -1.2402401E-02   1.636917    
 -1.2342343E-02   1.649357    
 -1.2282282E-02   1.660829    
 -1.2222222E-02   1.672419    
 -1.2162160E-02   1.685029    
 -1.2102102E-02   1.699223    
 -1.2042041E-02   1.715058    
 -1.1981981E-02   1.732225    
 -1.1921921E-02   1.750319    
 -1.1861862E-02   1.769057    
 -1.1801802E-02   1.788356    
 -1.1741742E-02   1.808358    
 -1.1681681E-02   1.829269    
 -1.1621622E-02   1.851166    
 -1.1561562E-02   1.873909    
 -1.1501501E-02   1.897178    
 -1.1441439E-02   1.920670    
 -1.1381381E-02   1.944253    
 -1.1321321E-02   1.968129    
 -1.1261260E-02   1.992809    
 -1.1201200E-02   2.018933    
 -1.1141141E-02   2.047014    
 -1.1081081E-02   2.077282    
 -1.1021021E-02   2.109477    
 -1.0960961E-02   2.143081    
 -1.0900902E-02   2.177483    
 -1.0840842E-02   2.212205    
 -1.0780780E-02   2.247120    
 -1.0720720E-02   2.282354    
 -1.0660660E-02   2.318206    
 -1.0600600E-02   2.354843    
 -1.0540539E-02   2.392228    
 -1.0480479E-02   2.429995    
 -1.0420421E-02   2.467623    
 -1.0360360E-02   2.504726    
 -1.0300300E-02   2.541175    
 -1.0240240E-02   2.577213    
 -1.0180181E-02   2.613366    
 -1.0120121E-02   2.650191    
 -1.0060059E-02   2.688033    
 -9.9999988E-03   2.726847    
 -9.9399397E-03   2.766280    
 -9.8798797E-03   2.805738    
 -9.8198196E-03   2.844734    
 -9.7597586E-03   2.883023    
 -9.6997004E-03   2.920706    
 -9.6396394E-03   2.958045    
 -9.5795793E-03   2.995313    
 -9.5195193E-03   3.032619    
 -9.4594602E-03   3.069843    
 -9.3994001E-03   3.106731    
 -9.3393382E-03   3.143180    
 -9.2792781E-03   3.179360    
 -9.2192180E-03   3.215900    
 -9.1591589E-03   3.253657    
 -9.0990989E-03   3.293464    
 -9.0390379E-03   3.335787    
 -8.9789778E-03   3.380517    
 -8.9189196E-03   3.426993    
 -8.8588586E-03   3.474223    
 -8.7987985E-03   3.521454    
 -8.7387385E-03   3.568334    
 -8.6786784E-03   3.615288    
 -8.6186174E-03   3.663290    
 -8.5585574E-03   3.713513    
 -8.4984973E-03   3.766944    
 -8.4384382E-03   3.824008    
 -8.3783781E-03   3.884475    
 -8.3183181E-03   3.947663    
 -8.2582571E-03   4.012739    
 -8.1981989E-03   4.079107    
 -8.1381388E-03   4.146588    
 -8.0780778E-03   4.215284    
 -8.0180177E-03   4.285492    
 -7.9579577E-03   4.357277    
 -7.8978967E-03   4.430468    
 -7.8378366E-03   4.504598    
 -7.7777766E-03   4.579193    
 -7.7177179E-03   4.654055    
 -7.6576574E-03   4.729504    
 -7.5975973E-03   4.806216    
 -7.5375368E-03   4.885056    
 -7.4774781E-03   4.966651    
 -7.4174176E-03   5.051126    
 -7.3573575E-03   5.138051    
 -7.2972970E-03   5.226697    
 -7.2372369E-03   5.316481    
 -7.1771764E-03   5.407457    
 -7.1171164E-03   5.500390    
 -7.0570558E-03   5.596851    
 -6.9969972E-03   5.698618    
 -6.9369366E-03   5.807199    
 -6.8768766E-03   5.923337    
 -6.8168161E-03   6.046898    
 -6.7567574E-03   6.176963    
 -6.6966973E-03   6.312396    
 -6.6366368E-03   6.452290    
 -6.5765749E-03   6.596202    
 -6.5165162E-03   6.744178    
 -6.4564561E-03   6.896344    
 -6.3963956E-03   7.052706    
 -6.3363351E-03   7.212713    
 -6.2762764E-03   7.375481    
 -6.2162164E-03   7.540147    
 -6.1561558E-03   7.706365    
 -6.0960958E-03   7.874636    
 -6.0360371E-03   8.046592    
 -5.9759766E-03   8.224398    
 -5.9159161E-03   8.410209    
 -5.8558546E-03   8.605485    
 -5.7957955E-03   8.810513    
 -5.7357354E-03   9.024606    
 -5.6756749E-03   9.246449    
 -5.6156148E-03   9.474890    
 -5.5555562E-03   9.709366    
 -5.4954956E-03   9.950303    
 -5.4354356E-03   10.19872    
 -5.3753750E-03   10.45571    
 -5.3153164E-03   10.72194    
 -5.2552558E-03   10.99720    
 -5.1951958E-03   11.28068    
 -5.1351339E-03   11.57145    
 -5.0750752E-03   11.86918    
 -5.0150147E-03   12.17456    
 -4.9549546E-03   12.48965    
 -4.8948941E-03   12.81717    
 -4.8348354E-03   13.15996    
 -4.7747749E-03   13.52031    
 -4.7147148E-03   13.89937    
 -4.6546543E-03   14.29748    
 -4.5945956E-03   14.71448    
 -4.5345356E-03   15.15054    
 -4.4744737E-03   15.60634    
 -4.4144131E-03   16.08336    
 -4.3543545E-03   16.58345    
 -4.2942939E-03   17.10822    
 -4.2342339E-03   17.65848    
 -4.1741733E-03   18.23418    
 -4.1141147E-03   18.83474    
 -4.0540546E-03   19.45969    
 -3.9939941E-03   20.10941    
 -3.9339340E-03   20.78527    
 -3.8738735E-03   21.48989    
 -3.8138148E-03   22.22636    
 -3.7537529E-03   22.99775    
 -3.6936926E-03   23.80653    
 -3.6336323E-03   24.65453    
 -3.5735737E-03   25.54346    
 -3.5135134E-03   26.47554    
 -3.4534528E-03   27.45390    
 -3.3933925E-03   28.48290    
 -3.3333339E-03   29.56775    
 -3.2732720E-03   30.71377    
 -3.2132133E-03   31.92540    
 -3.1531546E-03   33.20633    
 -3.0930927E-03   34.55927    
 -3.0330308E-03   35.98671    
 -2.9729721E-03   37.49167    
 -2.9129132E-03   39.07851    
 -2.8528513E-03   40.75306    
 -2.7927926E-03   42.52123    
 -2.7327307E-03   44.38968    
 -2.6726720E-03   46.36386    
 -2.6126101E-03   48.44899    
 -2.5525515E-03   50.65012    
 -2.4924928E-03   52.97344    
 -2.4324339E-03   55.42746    
 -2.3723720E-03   58.02323    
 -2.3123133E-03   60.77384    
 -2.2522514E-03   63.69411    
 -2.1921927E-03   66.79819    
 -2.1321308E-03   70.10027    
 -2.0720721E-03   73.61338    
 -2.0120135E-03   77.35181    
 -1.9519514E-03   81.33230    
 -1.8918928E-03   85.57475    
 -1.8318308E-03   90.10345    
 -1.7717720E-03   94.94376    
 -1.7117102E-03   100.1208    
 -1.6516515E-03   105.6541    
 -1.5915895E-03   111.5566    
 -1.5315340E-03   117.8313    
 -1.4714721E-03   124.4748    
 -1.4114134E-03   131.4747    
 -1.3513515E-03   138.8148    
 -1.2912896E-03   146.4709    
 -1.2312309E-03   154.4086    
 -1.1711690E-03   162.5784    
 -1.1111102E-03   170.9049    
 -1.0510515E-03   179.2842    
 -9.9099276E-04   187.5804    
 -9.3093090E-04   195.6294    
 -8.7087217E-04   203.2498    
 -8.1081025E-04   210.2602    
 -7.5075153E-04   216.4950    
 -6.9068966E-04   221.8265    
 -6.3062774E-04   226.1757    
 -5.7057216E-04   229.5225    
 -5.1051029E-04   231.9068    
 -4.5045157E-04   233.4219    
 -3.9038967E-04   234.2030    
 -3.3033092E-04   234.4158    
 -2.7026903E-04   234.2374    
 -2.1021030E-04   233.8430    
 -1.5014841E-04   233.3918    
 -9.0092843E-05   233.0135    
 -3.0030948E-05   232.8017    
  3.0027781E-05   232.7995    
  9.0089678E-05   233.0140    
  1.5015158E-04   233.3917    
  2.1021030E-04   233.8430    
  2.7027220E-04   234.2373    
  3.3033092E-04   234.4158    
  3.9038967E-04   234.2030    
  4.5044839E-04   233.4218    
  5.1051029E-04   231.9068    
  5.7056901E-04   229.5226    
  6.3063094E-04   226.1755    
  6.9068966E-04   221.8264    
  7.5075153E-04   216.4950    
  8.1081345E-04   210.2598    
  8.7086897E-04   203.2502    
  9.3093090E-04   195.6294    
  9.9098962E-04   187.5809    
  1.0510515E-03   179.2842    
  1.1111102E-03   170.9049    
  1.1711721E-03   162.5780    
  1.2312309E-03   154.4086    
  1.2912927E-03   146.4705    
  1.3513484E-03   138.8152    
  1.4114103E-03   131.4751    
  1.4714721E-03   124.4748    
  1.5315309E-03   117.8316    
  1.5915928E-03   111.5563    
  1.6516515E-03   105.6541    
  1.7117134E-03   100.1205    
  1.7717720E-03   94.94376    
  1.8318340E-03   90.10323    
  1.8918896E-03   85.57500    
  1.9519514E-03   81.33231    
  2.0120102E-03   77.35200    
  2.0720721E-03   73.61337    
  2.1321308E-03   70.10027    
  2.1921927E-03   66.79819    
  2.2522546E-03   63.69397    
  2.3123133E-03   60.77384    
  2.3723720E-03   58.02323    
  2.4324309E-03   55.42762    
  2.4924928E-03   52.97344    
  2.5525515E-03   50.65012    
  2.6126134E-03   48.44888    
  2.6726720E-03   46.36385    
  2.7327340E-03   44.38957    
  2.7927926E-03   42.52122    
  2.8528513E-03   40.75305    
  2.9129132E-03   39.07851    
  2.9729721E-03   37.49166    
  3.0330338E-03   35.98666    
  3.0930927E-03   34.55927    
  3.1531546E-03   33.20632    
  3.2132133E-03   31.92541    
  3.2732752E-03   30.71366    
  3.3333306E-03   29.56783    
  3.3933925E-03   28.48289    
  3.4534514E-03   27.45392    
  3.5135134E-03   26.47554    
  3.5735751E-03   25.54347    
  3.6336340E-03   24.65449    
  3.6936959E-03   23.80649    
  3.7537545E-03   22.99772    
  3.8138132E-03   22.22636    
  3.8738719E-03   21.48992    
  3.9339340E-03   20.78528    
  3.9939927E-03   20.10942    
  4.0540546E-03   19.45969    
  4.1141133E-03   18.83475    
  4.1741752E-03   18.23417    
  4.2342339E-03   17.65847    
  4.2942925E-03   17.10822    
  4.3543545E-03   16.58345    
  4.4144131E-03   16.08337    
  4.4744750E-03   15.60633    
  4.5345337E-03   15.15052    
  4.5945956E-03   14.71448    
  4.6546543E-03   14.29748    
  4.7147162E-03   13.89935    
  4.7747721E-03   13.52033    
  4.8348340E-03   13.16000    
  4.8948927E-03   12.81720    
  4.9549546E-03   12.48965    
  5.0150165E-03   12.17455    
  5.0750752E-03   11.86918    
  5.1351371E-03   11.57144    
  5.1951958E-03   11.28068    
  5.2552545E-03   10.99720    
  5.3153131E-03   10.72195    
  5.3753750E-03   10.45572    
  5.4354337E-03   10.19872    
  5.4954956E-03   9.950303    
  5.5555543E-03   9.709396    
  5.6156162E-03   9.474876    
  5.6756781E-03   9.246444    
  5.7357335E-03   9.024590    
  5.7957955E-03   8.810513    
  5.8558546E-03   8.605485    
  5.9159161E-03   8.410210    
  5.9759752E-03   8.224408    
  6.0360371E-03   8.046591    
  6.0960958E-03   7.874633    
  6.1561577E-03   7.706329    
  6.2162131E-03   7.540155    
  6.2762750E-03   7.375499    
  6.3363337E-03   7.212714    
  6.3963956E-03   7.052707    
  6.4564575E-03   6.896341    
  6.5165162E-03   6.744175    
  6.5765781E-03   6.596208    
  6.6366368E-03   6.452291    
  6.6966987E-03   6.312393    
  6.7567541E-03   6.176966    
  6.8168161E-03   6.046896    
  6.8768747E-03   5.923346    
  6.9369366E-03   5.807198    
  6.9969958E-03   5.698615    
  7.0570577E-03   5.596842    
  7.1171192E-03   5.500378    
  7.1771783E-03   5.407447    
  7.2372369E-03   5.316483    
  7.2972956E-03   5.226694    
  7.3573575E-03   5.138051    
  7.4174162E-03   5.051117    
  7.4774781E-03   4.966652    
  7.5375368E-03   4.885057    
  7.5975987E-03   4.806204    
  7.6576574E-03   4.729503    
  7.7177160E-03   4.654055    
  7.7777780E-03   4.579175    
  7.8378366E-03   4.504598    
  7.8978986E-03   4.430465    
  7.9579577E-03   4.357278    
  8.0180196E-03   4.285470    
  8.0780778E-03   4.215282    
  8.1381397E-03   4.146576    
  8.1981951E-03   4.079110    
  8.2582571E-03   4.012738    
  8.3183162E-03   3.947658    
  8.3783781E-03   3.884475    
  8.4384400E-03   3.824003    
  8.4984982E-03   3.766945    
  8.5585602E-03   3.713513    
  8.6186193E-03   3.663285    
  8.6786784E-03   3.615287    
  8.7387366E-03   3.568337    
  8.7987985E-03   3.521455    
  8.8588577E-03   3.474237    
  8.9189196E-03   3.426994    
  8.9789778E-03   3.380519    
  9.0390397E-03   3.335790    
  9.0990989E-03   3.293466    
  9.1591571E-03   3.253661    
  9.2192190E-03   3.215907    
  9.2792781E-03   3.179361    
  9.3393400E-03   3.143180    
  9.3993982E-03   3.106731    
  9.4594602E-03   3.069843    
  9.5195193E-03   3.032623    
  9.5795812E-03   2.995308    
  9.6396366E-03   2.958047    
  9.6996985E-03   2.920700    
  9.7597577E-03   2.883025    
  9.8198196E-03   2.844733    
  9.8798815E-03   2.805742    
  9.9399397E-03   2.766281    
  1.0000002E-02   2.726849    
  1.0060061E-02   2.688030    
  1.0120119E-02   2.650187    
  1.0180178E-02   2.613373    
  1.0240240E-02   2.577211    
  1.0300298E-02   2.541177    
  1.0360360E-02   2.504725    
  1.0420419E-02   2.467625    
  1.0480481E-02   2.429992    
  1.0540543E-02   2.392235    
  1.0600599E-02   2.354846    
  1.0660660E-02   2.318207    
  1.0720720E-02   2.282354    
  1.0780781E-02   2.247121    
  1.0840840E-02   2.212207    
  1.0900902E-02   2.177484    
  1.0960961E-02   2.143082    
  1.1021023E-02   2.109472    
  1.1081078E-02   2.077283    
  1.1141140E-02   2.047027    
  1.1201198E-02   2.018929    
  1.1261260E-02   1.992808    
  1.1321322E-02   1.968131    
  1.1381381E-02   1.944253    
  1.1441443E-02   1.920667    
  1.1501501E-02   1.897178    
  1.1561563E-02   1.873906    
  1.1621619E-02   1.851168    
  1.1681681E-02   1.829269    
  1.1741740E-02   1.808357    
  1.1801802E-02   1.788356    
  1.1861861E-02   1.769053    
  1.1921923E-02   1.750325    
  1.1981984E-02   1.732232    
  1.2042043E-02   1.715057    
  1.2102102E-02   1.699224    
  1.2162160E-02   1.685029    
  1.2222222E-02   1.672421    
  1.2282281E-02   1.660837    
  1.2342343E-02   1.649359    
  1.2402401E-02   1.636917    
  1.2462463E-02   1.622604    
  1.2522522E-02   1.606002    
  1.2582581E-02   1.587276    
  1.2642642E-02   1.567058    
  1.2702702E-02   1.546212    
  1.2762764E-02   1.525508    
  1.2822822E-02   1.505446    
  1.2882884E-02   1.486108    
  1.2942943E-02   1.467366    
  1.3003005E-02   1.449025    
  1.3063060E-02   1.431013    
  1.3123122E-02   1.413475    
  1.3183181E-02   1.396703    
  1.3243243E-02   1.380966    
  1.3303301E-02   1.366324    
  1.3363363E-02   1.352585    
  1.3423425E-02   1.339324    
  1.3483484E-02   1.326072    
  1.3543542E-02   1.312541    
  1.3603602E-02   1.298711    
  1.3663664E-02   1.284860    
  1.3723722E-02   1.271490    
  1.3783784E-02   1.259041    
  1.3843843E-02   1.247791    
  1.3903905E-02   1.237715    
  1.3963963E-02   1.228576    
  1.4024022E-02   1.220019    
  1.4084084E-02   1.211818    
  1.4144143E-02   1.203873    
  1.4204205E-02   1.196278    
  1.4264263E-02   1.189178    
  1.4324325E-02   1.182638    
  1.4384384E-02   1.176544    
  1.4444446E-02   1.170601    
  1.4504502E-02   1.164414    
  1.4564564E-02   1.157685    
  1.4624622E-02   1.150293    
  1.4684684E-02   1.142370    
  1.4744746E-02   1.134211    
  1.4804805E-02   1.126164    
  1.4864867E-02   1.118429    
  1.4924925E-02   1.111023    
  1.4984984E-02   1.103821    
  1.5045043E-02   1.096613    
  1.5105105E-02   1.089273    
  1.5165163E-02   1.081847    
  1.5225225E-02   1.074529    
  1.5285284E-02   1.067561    
  1.5345346E-02   1.061090    
  1.5405404E-02   1.055060    
  1.5465464E-02   1.049173    
  1.5525525E-02   1.043046    
  1.5585584E-02   1.036303    
  1.5645646E-02   1.028814    
  1.5705705E-02   1.020697    
  1.5765766E-02   1.012289    
  1.5825825E-02   1.004023    
  1.5885888E-02  0.9962209    
  1.5945943E-02  0.9889873    
  1.6006004E-02  0.9821751    
  1.6066063E-02  0.9754777    
  1.6126124E-02  0.9686154    
  1.6186187E-02  0.9614285    
  1.6246246E-02  0.9539707    
  1.6306307E-02  0.9464551    
  1.6366366E-02  0.9391145    
  1.6426429E-02  0.9320657    
  1.6486485E-02  0.9252338    
  1.6546546E-02  0.9184046    
  1.6606605E-02  0.9113031    
  1.6666666E-02  0.9037471    
  1.6726725E-02  0.8957828    
  1.6786788E-02  0.8876358    
  1.6846849E-02  0.8796530    
  1.6906908E-02  0.8721281    
  1.6966967E-02  0.8651976    
  1.7027024E-02  0.8587809    
  1.7087087E-02  0.8526419    
  1.7147146E-02  0.8465375    
  1.7207207E-02  0.8403732    
  1.7267266E-02  0.8341980    
  1.7327327E-02  0.8282427    
  1.7387386E-02  0.8227256    
  1.7447446E-02  0.8177298    
  1.7507505E-02  0.8130834    
  1.7567566E-02  0.8083844    
  1.7627629E-02  0.8031219    
  1.7687688E-02  0.7968796    
  1.7747749E-02  0.7895201    
  1.7807808E-02  0.7812133    
  1.7867869E-02  0.7724171    
  1.7927924E-02  0.7636539    
  1.7987987E-02  0.7553345    
  1.8048046E-02  0.7476403    
  1.8108107E-02  0.7404335    
  1.8168166E-02  0.7334541    
  1.8228227E-02  0.7264187    
  1.8288290E-02  0.7192162    
  1.8348349E-02  0.7119790    
  1.8408408E-02  0.7049654    
  1.8468466E-02  0.6985006    
  1.8528529E-02  0.6927410    
  1.8588588E-02  0.6876789    
  1.8648649E-02  0.6830643    
  1.8708708E-02  0.6785750    
  1.8768769E-02  0.6739717    
  1.8828828E-02  0.6691958    
  1.8888887E-02  0.6644012    
  1.8948948E-02  0.6598569    
  1.9009007E-02  0.6557902    
  1.9069070E-02  0.6523057    
  1.9129127E-02  0.6492543    
  1.9189190E-02  0.6463696    
  1.9249249E-02  0.6433641    
  1.9309310E-02  0.6400842    
  1.9369366E-02  0.6366251    
  1.9429429E-02  0.6332647    
  1.9489488E-02  0.6303621    
  1.9549549E-02  0.6281534    
  1.9609608E-02  0.6266931    
  1.9669669E-02  0.6257415    
  1.9729732E-02  0.6249126    
  1.9789791E-02  0.6238111    
  1.9849848E-02  0.6221719    
  1.9909907E-02  0.6200115    
  1.9969970E-02  0.6175220    
  2.0030027E-02  0.6149936    
  2.0090090E-02  0.6126518    
  2.0150149E-02  0.6105312    
  2.0210210E-02  0.6084554    
  2.0270269E-02  0.6061428    
  2.0330328E-02  0.6033385    
  2.0390389E-02  0.5999207    
  2.0450449E-02  0.5960063    
  2.0510510E-02  0.5918273    
  2.0570569E-02  0.5876992    
  2.0630632E-02  0.5837847    
  2.0690691E-02  0.5801091    
  2.0750752E-02  0.5765110    
  2.0810807E-02  0.5727756    
  2.0870870E-02  0.5687780    
  2.0930927E-02  0.5645482    
  2.0990990E-02  0.5603067    
  2.1051051E-02  0.5563818    
  2.1111110E-02  0.5530358    
  2.1171173E-02  0.5503896    
  2.1231230E-02  0.5483438    
  2.1291289E-02  0.5466235    
  2.1351349E-02  0.5449039    
  2.1411410E-02  0.5429593    
  2.1471469E-02  0.5407494    
  2.1531532E-02  0.5383687    
  2.1591591E-02  0.5360165    
  2.1651652E-02  0.5338219    
  2.1711711E-02  0.5317765    
  2.1771770E-02  0.5297055    
  2.1831831E-02  0.5273329    
  2.1891890E-02  0.5244263    
  2.1951951E-02  0.5209180    
  2.2012010E-02  0.5169420    
  2.2072073E-02  0.5127982    
  2.2132130E-02  0.5088227    
  2.2192193E-02  0.5052638    
  2.2252252E-02  0.5021567    
  2.2312310E-02  0.4993454    
  2.2372369E-02  0.4965790    
  2.2432432E-02  0.4936234    
  2.2492493E-02  0.4903871    
  2.2552552E-02  0.4869640    
  2.2612613E-02  0.4835262    
  2.2672672E-02  0.4802713    
  2.2732735E-02  0.4772450    
  2.2792790E-02  0.4743139    
  2.2852851E-02  0.4712041    
  2.2912910E-02  0.4675925    
  2.2972973E-02  0.4632948    
  2.3033030E-02  0.4583451    
  2.3093093E-02  0.4529824    
  2.3153152E-02  0.4475998    
  2.3213213E-02  0.4425830    
  2.3273276E-02  0.4381773    
  2.3333332E-02  0.4344159    
  2.3393393E-02  0.4311662    
  2.3453455E-02  0.4282303    
  2.3513511E-02  0.4254628    
  2.3573572E-02  0.4228810    
  2.3633635E-02  0.4206079    
  2.3693690E-02  0.4188294    
  2.3753751E-02  0.4176430    
  2.3813814E-02  0.4169894    
  2.3873875E-02  0.4166385    
  2.3933938E-02  0.4162412    
  2.3993993E-02  0.4154960    
  2.4054054E-02  0.4142539    
  2.4114110E-02  0.4125700    
  2.4174172E-02  0.4106833    
  2.4234233E-02  0.4088772    
  2.4294296E-02  0.4073777    
  2.4354352E-02  0.4062322    
  2.4414413E-02  0.4052990    
  2.4474468E-02  0.4043650    
  2.4534537E-02  0.4032272    
  2.4594592E-02  0.4018317    
  2.4654655E-02  0.4002937    
  2.4714710E-02  0.3988725    
  2.4774779E-02  0.3978097    
  2.4834834E-02  0.3972613    
  2.4894895E-02  0.3971907    
  2.4954952E-02  0.3973935    
  2.5015013E-02  0.3975988    
  2.5075076E-02  0.3975823    
  2.5135132E-02  0.3972609    
  2.5195193E-02  0.3967143    
  2.5255255E-02  0.3961247    
  2.5315316E-02  0.3956469    
  2.5375372E-02  0.3953342    
  2.5435435E-02  0.3950758    
  2.5495496E-02  0.3946778    
  2.5555551E-02  0.3939081    
  2.5615614E-02  0.3926688    
  2.5675675E-02  0.3910276    
  2.5735738E-02  0.3892178    
  2.5795793E-02  0.3875402    
  2.5855854E-02  0.3862210    
  2.5915917E-02  0.3853246    
  2.5975972E-02  0.3847153    
  2.6036033E-02  0.3841113    
  2.6096096E-02  0.3832161    
  2.6156157E-02  0.3818335    
  2.6216213E-02  0.3799453    
  2.6276276E-02  0.3776999    
  2.6336337E-02  0.3753313    
  2.6396392E-02  0.3730481    
  2.6456455E-02  0.3709418    
  2.6516510E-02  0.3689659    
  2.6576579E-02  0.3669849    
  2.6636634E-02  0.3648630    
  2.6696695E-02  0.3625408    
  2.6756758E-02  0.3600770    
  2.6816819E-02  0.3576130    
  2.6876874E-02  0.3552801    
  2.6936932E-02  0.3531360    
  2.6996998E-02  0.3510995    
  2.7057055E-02  0.3489937    
  2.7117116E-02  0.3466102    
  2.7177172E-02  0.3438181    
  2.7237240E-02  0.3406353    
  2.7297296E-02  0.3372238    
  2.7357351E-02  0.3338348    
  2.7417419E-02  0.3306882    
  2.7477475E-02  0.3279020    
  2.7537538E-02  0.3254365    
  2.7597593E-02  0.3231489    
  2.7657662E-02  0.3208468    
  2.7717717E-02  0.3184333    
  2.7777778E-02  0.3159136    
  2.7837833E-02  0.3134189    
  2.7897896E-02  0.3111286    
  2.7957957E-02  0.3091701    
  2.8018013E-02  0.3075566    
  2.8078081E-02  0.3061731    
  2.8138136E-02  0.3048055    
  2.8198199E-02  0.3032686    
  2.8258255E-02  0.3014541    
  2.8318323E-02  0.2993885    
  2.8378379E-02  0.2972224    
  2.8438434E-02  0.2951055    
  2.8498495E-02  0.2931600    
  2.8558558E-02  0.2913882    
  2.8618619E-02  0.2896801    
  2.8678674E-02  0.2879180    
  2.8738743E-02  0.2860112    
  2.8798798E-02  0.2840044    
  2.8858854E-02  0.2820554    
  2.8918916E-02  0.2804025    
  2.8978977E-02  0.2792588    
  2.9039040E-02  0.2787205    
  2.9099096E-02  0.2787227    
  2.9159158E-02  0.2790751    
  2.9219219E-02  0.2795423    
  2.9279280E-02  0.2799140    
  2.9339338E-02  0.2801096    
  2.9399393E-02  0.2801576    
  2.9459462E-02  0.2801590    
  2.9519517E-02  0.2802006    
  2.9579578E-02  0.2802800    
  2.9639641E-02  0.2803033    
  2.9699702E-02  0.2801153    
  2.9759757E-02  0.2795763    
  2.9819813E-02  0.2786541    
  2.9879881E-02  0.2774469    
  2.9939936E-02  0.2761452    
  2.9999999E-02  0.2749724    
