 -2.9999999E-02  0.2170327    
 -2.9939940E-02  0.2173240    
 -2.9879877E-02  0.2177041    
 -2.9819820E-02  0.2181476    
 -2.9759757E-02  0.2186207    
 -2.9699698E-02  0.2191075    
 -2.9639637E-02  0.2195673    
 -2.9579578E-02  0.2199835    
 -2.9519519E-02  0.2203587    
 -2.9459458E-02  0.2207161    
 -2.9399399E-02  0.2211111    
 -2.9339338E-02  0.2216139    
 -2.9279279E-02  0.2222726    
 -2.9219219E-02  0.2230998    
 -2.9159158E-02  0.2240808    
 -2.9099099E-02  0.2251595    
 -2.9039036E-02  0.2262867    
 -2.8978977E-02  0.2274007    
 -2.8918916E-02  0.2285120    
 -2.8858857E-02  0.2296443    
 -2.8798798E-02  0.2308562    
 -2.8738737E-02  0.2321869    
 -2.8678678E-02  0.2336517    
 -2.8618617E-02  0.2352232    
 -2.8558558E-02  0.2368503    
 -2.8498499E-02  0.2384898    
 -2.8438438E-02  0.2401306    
 -2.8378379E-02  0.2418092    
 -2.8318316E-02  0.2436073    
 -2.8258258E-02  0.2456279    
 -2.8198196E-02  0.2479471    
 -2.8138136E-02  0.2505756    
 -2.8078077E-02  0.2534660    
 -2.8018016E-02  0.2564970    
 -2.7957957E-02  0.2595388    
 -2.7897896E-02  0.2624696    
 -2.7837837E-02  0.2652096    
 -2.7777778E-02  0.2677465    
 -2.7717717E-02  0.2700999    
 -2.7657658E-02  0.2723096    
 -2.7597595E-02  0.2744101    
 -2.7537538E-02  0.2764039    
 -2.7477475E-02  0.2783172    
 -2.7417416E-02  0.2801372    
 -2.7357358E-02  0.2818974    
 -2.7297296E-02  0.2836546    
 -2.7237236E-02  0.2854566    
 -2.7177176E-02  0.2873472    
 -2.7117116E-02  0.2893412    
 -2.7057055E-02  0.2913967    
 -2.6996996E-02  0.2934530    
 -2.6936937E-02  0.2954414    
 -2.6876874E-02  0.2973121    
 -2.6816817E-02  0.2990521    
 -2.6756754E-02  0.3006887    
 -2.6696695E-02  0.3022605    
 -2.6636634E-02  0.3037906    
 -2.6576575E-02  0.3052769    
 -2.6516516E-02  0.3066882    
 -2.6456455E-02  0.3079871    
 -2.6396396E-02  0.3091648    
 -2.6336335E-02  0.3102617    
 -2.6276276E-02  0.3113662    
 -2.6216215E-02  0.3125933    
 -2.6156155E-02  0.3140348    
 -2.6096096E-02  0.3157205    
 -2.6036033E-02  0.3175905    
 -2.5975976E-02  0.3195170    
 -2.5915915E-02  0.3213386    
 -2.5855854E-02  0.3229281    
 -2.5795795E-02  0.3242282    
 -2.5735734E-02  0.3252876    
 -2.5675675E-02  0.3262048    
 -2.5615616E-02  0.3271106    
 -2.5555555E-02  0.3280815    
 -2.5495494E-02  0.3291293    
 -2.5435435E-02  0.3301924    
 -2.5375376E-02  0.3311813    
 -2.5315313E-02  0.3320188    
 -2.5255255E-02  0.3327035    
 -2.5195194E-02  0.3333113    
 -2.5135133E-02  0.3339503    
 -2.5075074E-02  0.3347357    
 -2.5015013E-02  0.3356918    
 -2.4954954E-02  0.3367701    
 -2.4894895E-02  0.3378340    
 -2.4834834E-02  0.3386868    
 -2.4774773E-02  0.3391851    
 -2.4714714E-02  0.3392584    
 -2.4654653E-02  0.3389345    
 -2.4594592E-02  0.3383299    
 -2.4534535E-02  0.3376144    
 -2.4474474E-02  0.3369058    
 -2.4414413E-02  0.3362947    
 -2.4354354E-02  0.3358092    
 -2.4294293E-02  0.3354466    
 -2.4234233E-02  0.3351969    
 -2.4174174E-02  0.3351021    
 -2.4114113E-02  0.3352178    
 -2.4054052E-02  0.3356046    
 -2.3993993E-02  0.3363006    
 -2.3933932E-02  0.3372644    
 -2.3873873E-02  0.3383982    
 -2.3813814E-02  0.3395780    
 -2.3753753E-02  0.3407050    
 -2.3693692E-02  0.3417337    
 -2.3633633E-02  0.3427166    
 -2.3573572E-02  0.3437673    
 -2.3513513E-02  0.3449919    
 -2.3453454E-02  0.3464788    
 -2.3393393E-02  0.3482147    
 -2.3333333E-02  0.3501281    
 -2.3273272E-02  0.3521038    
 -2.3213211E-02  0.3540801    
 -2.3153152E-02  0.3560460    
 -2.3093093E-02  0.3580864    
 -2.3033030E-02  0.3603153    
 -2.2972973E-02  0.3628431    
 -2.2912912E-02  0.3656923    
 -2.2852851E-02  0.3687571    
 -2.2792792E-02  0.3718898    
 -2.2732731E-02  0.3748799    
 -2.2672672E-02  0.3776127    
 -2.2612613E-02  0.3801169    
 -2.2552552E-02  0.3825469    
 -2.2492493E-02  0.3851555    
 -2.2432432E-02  0.3881818    
 -2.2372372E-02  0.3917785    
 -2.2312310E-02  0.3959264    
 -2.2252252E-02  0.4004591    
 -2.2192191E-02  0.4051141    
 -2.2132130E-02  0.4096326    
 -2.2072071E-02  0.4138384    
 -2.2012010E-02  0.4176849    
 -2.1951951E-02  0.4212197    
 -2.1891892E-02  0.4245599    
 -2.1831831E-02  0.4277620    
 -2.1771770E-02  0.4308446    
 -2.1711711E-02  0.4337796    
 -2.1651652E-02  0.4365223    
 -2.1591591E-02  0.4391143    
 -2.1531532E-02  0.4416968    
 -2.1471471E-02  0.4445120    
 -2.1411410E-02  0.4478457    
 -2.1351350E-02  0.4518770    
 -2.1291289E-02  0.4566323    
 -2.1231230E-02  0.4619009    
 -2.1171171E-02  0.4673090    
 -2.1111110E-02  0.4723851    
 -2.1051051E-02  0.4767525    
 -2.0990990E-02  0.4802008    
 -2.0930931E-02  0.4827711    
 -2.0870870E-02  0.4847332    
 -2.0810811E-02  0.4864670    
 -2.0750750E-02  0.4883670    
 -2.0690691E-02  0.4906791    
 -2.0630630E-02  0.4934953    
 -2.0570569E-02  0.4966915    
 -2.0510510E-02  0.5000799    
 -2.0450450E-02  0.5034296    
 -2.0390389E-02  0.5065826    
 -2.0330330E-02  0.5094671    
 -2.0270269E-02  0.5121328    
 -2.0210210E-02  0.5146565    
 -2.0150149E-02  0.5171597    
 -2.0090090E-02  0.5197177    
 -2.0030027E-02  0.5223960    
 -1.9969970E-02  0.5252500    
 -1.9909909E-02  0.5283430    
 -1.9849848E-02  0.5317456    
 -1.9789791E-02  0.5355704    
 -1.9729730E-02  0.5398725    
 -1.9669669E-02  0.5446714    
 -1.9609608E-02  0.5499262    
 -1.9549549E-02  0.5555005    
 -1.9489488E-02  0.5612399    
 -1.9429429E-02  0.5669484    
 -1.9369369E-02  0.5724810    
 -1.9309307E-02  0.5777078    
 -1.9249249E-02  0.5825732    
 -1.9189188E-02  0.5870545    
 -1.9129127E-02  0.5911670    
 -1.9069070E-02  0.5949420    
 -1.9009007E-02  0.5984459    
 -1.8948948E-02  0.6017717    
 -1.8888887E-02  0.6050432    
 -1.8828828E-02  0.6084319    
 -1.8768767E-02  0.6120999    
 -1.8708708E-02  0.6162042    
 -1.8648649E-02  0.6208416    
 -1.8588588E-02  0.6259965    
 -1.8528529E-02  0.6315718    
 -1.8468468E-02  0.6373721    
 -1.8408408E-02  0.6431264    
 -1.8348349E-02  0.6485881    
 -1.8288286E-02  0.6535812    
 -1.8228227E-02  0.6580302    
 -1.8168166E-02  0.6619649    
 -1.8108107E-02  0.6655394    
 -1.8048048E-02  0.6689421    
 -1.7987987E-02  0.6723474    
 -1.7927926E-02  0.6758143    
 -1.7867867E-02  0.6792819    
 -1.7807808E-02  0.6825393    
 -1.7747747E-02  0.6852843    
 -1.7687688E-02  0.6872532    
 -1.7627629E-02  0.6883119    
 -1.7567566E-02  0.6885495    
 -1.7507508E-02  0.6883139    
 -1.7447446E-02  0.6881263    
 -1.7387386E-02  0.6886051    
 -1.7327327E-02  0.6902598    
 -1.7267266E-02  0.6933753    
 -1.7207205E-02  0.6979508    
 -1.7147146E-02  0.7036856    
 -1.7087087E-02  0.7101383    
 -1.7027026E-02  0.7168573    
 -1.6966967E-02  0.7235613    
 -1.6906908E-02  0.7301989    
 -1.6846845E-02  0.7369111    
 -1.6786788E-02  0.7439355    
 -1.6726725E-02  0.7514506    
 -1.6666666E-02  0.7594570    
 -1.6606607E-02  0.7676913    
 -1.6546546E-02  0.7757838    
 -1.6486485E-02  0.7833602    
 -1.6426425E-02  0.7901886    
 -1.6366364E-02  0.7963763    
 -1.6306305E-02  0.8023033    
 -1.6246246E-02  0.8085449    
 -1.6186185E-02  0.8156894    
 -1.6126124E-02  0.8240694    
 -1.6066065E-02  0.8337265    
 -1.6006006E-02  0.8443369    
 -1.5945945E-02  0.8553675    
 -1.5885886E-02  0.8662586    
 -1.5825825E-02  0.8766097    
 -1.5765766E-02  0.8862973    
 -1.5705707E-02  0.8954778    
 -1.5645644E-02  0.9044471    
 -1.5585584E-02  0.9135329    
 -1.5525525E-02  0.9229228    
 -1.5465464E-02  0.9326128    
 -1.5405404E-02  0.9424708    
 -1.5345344E-02  0.9522954    
 -1.5285285E-02  0.9619756    
 -1.5225225E-02  0.9715655    
 -1.5165165E-02  0.9812490    
 -1.5105105E-02  0.9912645    
 -1.5045046E-02   1.001804    
 -1.4984986E-02   1.012883    
 -1.4924924E-02   1.024326    
 -1.4864863E-02   1.035766    
 -1.4804805E-02   1.046798    
 -1.4744745E-02   1.057055    
 -1.4684684E-02   1.066312    
 -1.4624624E-02   1.074514    
 -1.4564564E-02   1.081811    
 -1.4504504E-02   1.088415    
 -1.4444444E-02   1.094585    
 -1.4384384E-02   1.100600    
 -1.4324325E-02   1.106727    
 -1.4264263E-02   1.113218    
 -1.4204203E-02   1.120323    
 -1.4144143E-02   1.128218    
 -1.4084082E-02   1.137024    
 -1.4024024E-02   1.146620    
 -1.3963963E-02   1.156790    
 -1.3903903E-02   1.167105    
 -1.3843843E-02   1.177098    
 -1.3783784E-02   1.186380    
 -1.3723724E-02   1.194740    
 -1.3663664E-02   1.202180    
 -1.3603603E-02   1.208928    
 -1.3543542E-02   1.215367    
 -1.3483482E-02   1.221843    
 -1.3423422E-02   1.228652    
 -1.3363361E-02   1.235936    
 -1.3303303E-02   1.243739    
 -1.3243243E-02   1.252055    
 -1.3183182E-02   1.260898    
 -1.3123122E-02   1.270414    
 -1.3063064E-02   1.280776    
 -1.3003003E-02   1.292151    
 -1.2942943E-02   1.304654    
 -1.2882883E-02   1.318238    
 -1.2822822E-02   1.332750    
 -1.2762762E-02   1.347886    
 -1.2702702E-02   1.363425    
 -1.2642642E-02   1.379226    
 -1.2582582E-02   1.395288    
 -1.2522522E-02   1.411838    
 -1.2462462E-02   1.429133    
 -1.2402401E-02   1.447477    
 -1.2342343E-02   1.467052    
 -1.2282282E-02   1.487920    
 -1.2222222E-02   1.509970    
 -1.2162160E-02   1.532946    
 -1.2102102E-02   1.556529    
 -1.2042041E-02   1.580330    
 -1.1981981E-02   1.603985    
 -1.1921921E-02   1.627107    
 -1.1861862E-02   1.649420    
 -1.1801802E-02   1.670656    
 -1.1741742E-02   1.690739    
 -1.1681681E-02   1.709657    
 -1.1621622E-02   1.727568    
 -1.1561562E-02   1.744684    
 -1.1501501E-02   1.761281    
 -1.1441439E-02   1.777611    
 -1.1381381E-02   1.793855    
 -1.1321321E-02   1.810224    
 -1.1261260E-02   1.826895    
 -1.1201200E-02   1.844112    
 -1.1141141E-02   1.862189    
 -1.1081081E-02   1.881435    
 -1.1021021E-02   1.902125    
 -1.0960961E-02   1.924294    
 -1.0900902E-02   1.947837    
 -1.0840842E-02   1.972360    
 -1.0780780E-02   1.997479    
 -1.0720720E-02   2.022910    
 -1.0660660E-02   2.048629    
 -1.0600600E-02   2.074988    
 -1.0540539E-02   2.102591    
 -1.0480479E-02   2.132155    
 -1.0420421E-02   2.164168    
 -1.0360360E-02   2.198726    
 -1.0300300E-02   2.235442    
 -1.0240240E-02   2.273503    
 -1.0180181E-02   2.311954    
 -1.0120121E-02   2.349994    
 -1.0060059E-02   2.387197    
 -9.9999988E-03   2.423614    
 -9.9399397E-03   2.459639    
 -9.8798797E-03   2.495811    
 -9.8198196E-03   2.532565    
 -9.7597586E-03   2.570061    
 -9.6997004E-03   2.608257    
 -9.6396394E-03   2.647004    
 -9.5795793E-03   2.686357    
 -9.5195193E-03   2.726592    
 -9.4594602E-03   2.768358    
 -9.3994001E-03   2.812261    
 -9.3393382E-03   2.858658    
 -9.2792781E-03   2.907379    
 -9.2192180E-03   2.957563    
 -9.1591589E-03   3.007840    
 -9.0990989E-03   3.056794    
 -9.0390379E-03   3.103288    
 -8.9789778E-03   3.147042    
 -8.9189196E-03   3.188594    
 -8.8588586E-03   3.229243    
 -8.7987985E-03   3.270503    
 -8.7387385E-03   3.313611    
 -8.6786784E-03   3.359167    
 -8.6186174E-03   3.406955    
 -8.5585574E-03   3.456182    
 -8.4984973E-03   3.505857    
 -8.4384382E-03   3.555340    
 -8.3783781E-03   3.604583    
 -8.3183181E-03   3.654144    
 -8.2582571E-03   3.705013    
 -8.1981989E-03   3.758210    
 -8.1381388E-03   3.814328    
 -8.0780778E-03   3.873493    
 -8.0180177E-03   3.935365    
 -7.9579577E-03   3.999476    
 -7.8978967E-03   4.065589    
 -7.8378366E-03   4.133972    
 -7.7777766E-03   4.205386    
 -7.7177179E-03   4.280828    
 -7.6576574E-03   4.361135    
 -7.5975973E-03   4.446517    
 -7.5375368E-03   4.536428    
 -7.4774781E-03   4.629567    
 -7.4174176E-03   4.724246    
 -7.3573575E-03   4.818828    
 -7.2972970E-03   4.912304    
 -7.2372369E-03   5.004532    
 -7.1771764E-03   5.096253    
 -7.1171164E-03   5.188905    
 -7.0570558E-03   5.284175    
 -6.9969972E-03   5.383661    
 -6.9369366E-03   5.488626    
 -6.8768766E-03   5.599766    
 -6.8168161E-03   5.717414    
 -6.7567574E-03   5.841445    
 -6.6966973E-03   5.971580    
 -6.6366368E-03   6.107423    
 -6.5765749E-03   6.248447    
 -6.5165162E-03   6.394065    
 -6.4564561E-03   6.543703    
 -6.3963956E-03   6.696797    
 -6.3363351E-03   6.853037    
 -6.2762764E-03   7.012514    
 -6.2162164E-03   7.175680    
 -6.1561558E-03   7.343514    
 -6.0960958E-03   7.517180    
 -6.0360371E-03   7.697929    
 -5.9759766E-03   7.886737    
 -5.9159161E-03   8.084139    
 -5.8558546E-03   8.290096    
 -5.7957955E-03   8.503990    
 -5.7357354E-03   8.724907    
 -5.6756749E-03   8.951840    
 -5.6156148E-03   9.183918    
 -5.5555562E-03   9.420682    
 -5.4954956E-03   9.662157    
 -5.4354356E-03   9.908814    
 -5.3753750E-03   10.16143    
 -5.3153164E-03   10.42085    
 -5.2552558E-03   10.68799    
 -5.1951958E-03   10.96365    
 -5.1351339E-03   11.24851    
 -5.0750752E-03   11.54336    
 -5.0150147E-03   11.84946    
 -4.9549546E-03   12.16845    
 -4.8948941E-03   12.50247    
 -4.8348354E-03   12.85372    
 -4.7747749E-03   13.22446    
 -4.7147148E-03   13.61625    
 -4.6546543E-03   14.02979    
 -4.5945956E-03   14.46485    
 -4.5345356E-03   14.92057    
 -4.4744737E-03   15.39594    
 -4.4144131E-03   15.89052    
 -4.3543545E-03   16.40491    
 -4.2942939E-03   16.94082    
 -4.2342339E-03   17.50077    
 -4.1741733E-03   18.08759    
 -4.1141147E-03   18.70359    
 -4.0540546E-03   19.35015    
 -3.9939941E-03   20.02757    
 -3.9339340E-03   20.73561    
 -3.8738735E-03   21.47418    
 -3.8138148E-03   22.24422    
 -3.7537529E-03   23.04811    
 -3.6936926E-03   23.88960    
 -3.6336323E-03   24.77335    
 -3.5735737E-03   25.70382    
 -3.5135134E-03   26.68488    
 -3.4534528E-03   27.71935    
 -3.3933925E-03   28.80938    
 -3.3333339E-03   29.95772    
 -3.2732720E-03   31.16862    
 -3.2132133E-03   32.44843    
 -3.1531546E-03   33.80601    
 -3.0930927E-03   35.25141    
 -3.0330308E-03   36.79446    
 -2.9729721E-03   38.44327    
 -2.9129132E-03   40.20348    
 -2.8528513E-03   42.07830    
 -2.7927926E-03   44.06938    
 -2.7327307E-03   46.17944    
 -2.6726720E-03   48.41345    
 -2.6126101E-03   50.78026    
 -2.5525515E-03   53.29204    
 -2.4924928E-03   55.96375    
 -2.4324339E-03   58.81071    
 -2.3723720E-03   61.84749    
 -2.3123133E-03   65.08621    
 -2.2522514E-03   68.53789    
 -2.1921927E-03   72.21226    
 -2.1321308E-03   76.12068    
 -2.0720721E-03   80.27571    
 -2.0120135E-03   84.69198    
 -1.9519514E-03   89.38445    
 -1.8918928E-03   94.36500    
 -1.8318308E-03   99.64174    
 -1.7717720E-03   105.2147    
 -1.7117102E-03   111.0765    
 -1.6516515E-03   117.2092    
 -1.5915895E-03   123.5861    
 -1.5315340E-03   130.1670    
 -1.4714721E-03   136.9003    
 -1.4114134E-03   143.7145    
 -1.3513515E-03   150.5219    
 -1.2912896E-03   157.2171    
 -1.2312309E-03   163.6846    
 -1.1711690E-03   169.8120    
 -1.1111102E-03   175.5034    
 -1.0510515E-03   180.6996    
 -9.9099276E-04   185.3906    
 -9.3093090E-04   189.6223    
 -8.7087217E-04   193.4920    
 -8.1081025E-04   197.1342    
 -7.5075153E-04   200.6941    
 -6.9068966E-04   204.3004    
 -6.3062774E-04   208.0379    
 -5.7057216E-04   211.9300    
 -5.1051029E-04   215.9355    
 -4.5045157E-04   219.9543    
 -3.9038967E-04   223.8485    
 -3.3033092E-04   227.4657    
 -2.7026903E-04   230.6646    
 -2.1021030E-04   233.3287    
 -1.5014841E-04   235.3776    
 -9.0092843E-05   236.7623    
 -3.0030948E-05   237.4595    
  3.0027781E-05   237.4586    
  9.0089678E-05   236.7629    
  1.5015158E-04   235.3775    
  2.1021030E-04   233.3287    
  2.7027220E-04   230.6642    
  3.3033092E-04   227.4658    
  3.9038967E-04   223.8486    
  4.5044839E-04   219.9545    
  5.1051029E-04   215.9355    
  5.7056901E-04   211.9303    
  6.3063094E-04   208.0376    
  6.9068966E-04   204.3004    
  7.5075153E-04   200.6941    
  8.1081345E-04   197.1341    
  8.7086897E-04   193.4922    
  9.3093090E-04   189.6223    
  9.9098962E-04   185.3907    
  1.0510515E-03   180.6996    
  1.1111102E-03   175.5034    
  1.1711721E-03   169.8117    
  1.2312309E-03   163.6846    
  1.2912927E-03   157.2167    
  1.3513484E-03   150.5222    
  1.4114103E-03   143.7148    
  1.4714721E-03   136.9003    
  1.5315309E-03   130.1675    
  1.5915928E-03   123.5858    
  1.6516515E-03   117.2092    
  1.7117134E-03   111.0762    
  1.7717720E-03   105.2147    
  1.8318340E-03   99.64141    
  1.8918896E-03   94.36526    
  1.9519514E-03   89.38445    
  2.0120102E-03   84.69220    
  2.0720721E-03   80.27571    
  2.1321308E-03   76.12070    
  2.1921927E-03   72.21226    
  2.2522546E-03   68.53771    
  2.3123133E-03   65.08621    
  2.3723720E-03   61.84750    
  2.4324309E-03   58.81086    
  2.4924928E-03   55.96375    
  2.5525515E-03   53.29204    
  2.6126134E-03   50.78013    
  2.6726720E-03   48.41343    
  2.7327340E-03   46.17934    
  2.7927926E-03   44.06937    
  2.8528513E-03   42.07829    
  2.9129132E-03   40.20348    
  2.9729721E-03   38.44327    
  3.0330338E-03   36.79438    
  3.0930927E-03   35.25140    
  3.1531546E-03   33.80600    
  3.2132133E-03   32.44844    
  3.2732752E-03   31.16852    
  3.3333306E-03   29.95775    
  3.3933925E-03   28.80938    
  3.4534514E-03   27.71937    
  3.5135134E-03   26.68488    
  3.5735751E-03   25.70380    
  3.6336340E-03   24.77333    
  3.6936959E-03   23.88958    
  3.7537545E-03   23.04807    
  3.8138132E-03   22.24424    
  3.8738719E-03   21.47422    
  3.9339340E-03   20.73561    
  3.9939927E-03   20.02758    
  4.0540546E-03   19.35015    
  4.1141133E-03   18.70362    
  4.1741752E-03   18.08759    
  4.2342339E-03   17.50077    
  4.2942925E-03   16.94084    
  4.3543545E-03   16.40491    
  4.4144131E-03   15.89052    
  4.4744750E-03   15.39592    
  4.5345337E-03   14.92058    
  4.5945956E-03   14.46485    
  4.6546543E-03   14.02979    
  4.7147162E-03   13.61626    
  4.7747721E-03   13.22448    
  4.8348340E-03   12.85374    
  4.8948927E-03   12.50246    
  4.9549546E-03   12.16845    
  5.0150165E-03   11.84945    
  5.0750752E-03   11.54336    
  5.1351371E-03   11.24846    
  5.1951958E-03   10.96365    
  5.2552545E-03   10.68802    
  5.3153131E-03   10.42086    
  5.3753750E-03   10.16143    
  5.4354337E-03   9.908822    
  5.4954956E-03   9.662158    
  5.5555543E-03   9.420691    
  5.6156162E-03   9.183921    
  5.6756781E-03   8.951831    
  5.7357335E-03   8.724914    
  5.7957955E-03   8.503989    
  5.8558546E-03   8.290094    
  5.9159161E-03   8.084137    
  5.9759752E-03   7.886753    
  6.0360371E-03   7.697929    
  6.0960958E-03   7.517178    
  6.1561577E-03   7.343513    
  6.2162131E-03   7.175689    
  6.2762750E-03   7.012505    
  6.3363337E-03   6.853052    
  6.3963956E-03   6.696797    
  6.4564575E-03   6.543706    
  6.5165162E-03   6.394064    
  6.5765781E-03   6.248435    
  6.6366368E-03   6.107422    
  6.6966987E-03   5.971578    
  6.7567541E-03   5.841448    
  6.8168161E-03   5.717413    
  6.8768747E-03   5.599778    
  6.9369366E-03   5.488628    
  6.9969958E-03   5.383655    
  7.0570577E-03   5.284167    
  7.1171192E-03   5.188897    
  7.1771783E-03   5.096264    
  7.2372369E-03   5.004530    
  7.2972956E-03   4.912307    
  7.3573575E-03   4.818827    
  7.4174162E-03   4.724234    
  7.4774781E-03   4.629567    
  7.5375368E-03   4.536426    
  7.5975987E-03   4.446516    
  7.6576574E-03   4.361132    
  7.7177160E-03   4.280832    
  7.7777780E-03   4.205381    
  7.8378366E-03   4.133971    
  7.8978986E-03   4.065579    
  7.9579577E-03   3.999476    
  8.0180196E-03   3.935364    
  8.0780778E-03   3.873491    
  8.1381397E-03   3.814339    
  8.1981951E-03   3.758215    
  8.2582571E-03   3.705012    
  8.3183162E-03   3.654147    
  8.3783781E-03   3.604584    
  8.4384400E-03   3.555355    
  8.4984982E-03   3.505854    
  8.5585602E-03   3.456170    
  8.6186193E-03   3.406948    
  8.6786784E-03   3.359166    
  8.7387366E-03   3.313611    
  8.7987985E-03   3.270500    
  8.8588577E-03   3.229236    
  8.9189196E-03   3.188593    
  8.9789778E-03   3.147042    
  9.0390397E-03   3.103283    
  9.0990989E-03   3.056793    
  9.1591571E-03   3.007848    
  9.2192190E-03   2.957567    
  9.2792781E-03   2.907380    
  9.3393400E-03   2.858663    
  9.3993982E-03   2.812261    
  9.4594602E-03   2.768357    
  9.5195193E-03   2.726591    
  9.5795812E-03   2.686351    
  9.6396366E-03   2.647013    
  9.6996985E-03   2.608250    
  9.7597577E-03   2.570067    
  9.8198196E-03   2.532566    
  9.8798815E-03   2.495809    
  9.9399397E-03   2.459639    
  1.0000002E-02   2.423603    
  1.0060061E-02   2.387196    
  1.0120119E-02   2.349993    
  1.0180178E-02   2.311965    
  1.0240240E-02   2.273503    
  1.0300298E-02   2.235445    
  1.0360360E-02   2.198729    
  1.0420419E-02   2.164174    
  1.0480481E-02   2.132150    
  1.0540543E-02   2.102587    
  1.0600599E-02   2.074988    
  1.0660660E-02   2.048631    
  1.0720720E-02   2.022912    
  1.0780781E-02   1.997484    
  1.0840840E-02   1.972360    
  1.0900902E-02   1.947837    
  1.0960961E-02   1.924294    
  1.1021023E-02   1.902119    
  1.1081078E-02   1.881436    
  1.1141140E-02   1.862190    
  1.1201198E-02   1.844106    
  1.1261260E-02   1.826895    
  1.1321322E-02   1.810225    
  1.1381381E-02   1.793855    
  1.1441443E-02   1.777605    
  1.1501501E-02   1.761281    
  1.1561563E-02   1.744687    
  1.1621619E-02   1.727574    
  1.1681681E-02   1.709657    
  1.1741740E-02   1.690743    
  1.1801802E-02   1.670656    
  1.1861861E-02   1.649414    
  1.1921923E-02   1.627114    
  1.1981984E-02   1.603981    
  1.2042043E-02   1.580333    
  1.2102102E-02   1.556528    
  1.2162160E-02   1.532945    
  1.2222222E-02   1.509970    
  1.2282281E-02   1.487914    
  1.2342343E-02   1.467051    
  1.2402401E-02   1.447476    
  1.2462463E-02   1.429128    
  1.2522522E-02   1.411838    
  1.2582581E-02   1.395301    
  1.2642642E-02   1.379223    
  1.2702702E-02   1.363425    
  1.2762764E-02   1.347894    
  1.2822822E-02   1.332750    
  1.2882884E-02   1.318243    
  1.2942943E-02   1.304654    
  1.3003005E-02   1.292157    
  1.3063060E-02   1.280772    
  1.3123122E-02   1.270415    
  1.3183181E-02   1.260906    
  1.3243243E-02   1.252056    
  1.3303301E-02   1.243743    
  1.3363363E-02   1.235933    
  1.3423425E-02   1.228652    
  1.3483484E-02   1.221839    
  1.3543542E-02   1.215367    
  1.3603602E-02   1.208935    
  1.3663664E-02   1.202180    
  1.3723722E-02   1.194743    
  1.3783784E-02   1.186382    
  1.3843843E-02   1.177099    
  1.3903905E-02   1.167100    
  1.3963963E-02   1.156791    
  1.4024022E-02   1.146622    
  1.4084084E-02   1.137020    
  1.4144143E-02   1.128218    
  1.4204205E-02   1.120312    
  1.4264263E-02   1.113217    
  1.4324325E-02   1.106727    
  1.4384384E-02   1.100599    
  1.4444446E-02   1.094590    
  1.4504502E-02   1.088419    
  1.4564564E-02   1.081811    
  1.4624622E-02   1.074514    
  1.4684684E-02   1.066313    
  1.4744746E-02   1.057051    
  1.4804805E-02   1.046799    
  1.4864867E-02   1.035763    
  1.4924925E-02   1.024319    
  1.4984984E-02   1.012884    
  1.5045043E-02   1.001806    
  1.5105105E-02  0.9912647    
  1.5165163E-02  0.9812540    
  1.5225225E-02  0.9715663    
  1.5285284E-02  0.9619833    
  1.5345346E-02  0.9522942    
  1.5405404E-02  0.9424713    
  1.5465464E-02  0.9326217    
  1.5525525E-02  0.9229236    
  1.5585584E-02  0.9135330    
  1.5645646E-02  0.9044483    
  1.5705705E-02  0.8954759    
  1.5765766E-02  0.8862983    
  1.5825825E-02  0.8766096    
  1.5885888E-02  0.8662532    
  1.5945943E-02  0.8553634    
  1.6006004E-02  0.8443357    
  1.6066063E-02  0.8337250    
  1.6126124E-02  0.8240690    
  1.6186187E-02  0.8156854    
  1.6246246E-02  0.8085450    
  1.6306307E-02  0.8023002    
  1.6366366E-02  0.7963779    
  1.6426429E-02  0.7901904    
  1.6486485E-02  0.7833570    
  1.6546546E-02  0.7757829    
  1.6606605E-02  0.7676930    
  1.6666666E-02  0.7594573    
  1.6726725E-02  0.7514512    
  1.6786788E-02  0.7439354    
  1.6846849E-02  0.7369073    
  1.6906908E-02  0.7301986    
  1.6966967E-02  0.7235606    
  1.7027024E-02  0.7168568    
  1.7087087E-02  0.7101372    
  1.7147146E-02  0.7036855    
  1.7207207E-02  0.6979508    
  1.7267266E-02  0.6933753    
  1.7327327E-02  0.6902615    
  1.7387386E-02  0.6886050    
  1.7447446E-02  0.6881263    
  1.7507505E-02  0.6883126    
  1.7567566E-02  0.6885503    
  1.7627629E-02  0.6883117    
  1.7687688E-02  0.6872522    
  1.7747749E-02  0.6852848    
  1.7807808E-02  0.6825391    
  1.7867869E-02  0.6792875    
  1.7927924E-02  0.6758187    
  1.7987987E-02  0.6723479    
  1.8048046E-02  0.6689488    
  1.8108107E-02  0.6655401    
  1.8168166E-02  0.6619654    
  1.8228227E-02  0.6580310    
  1.8288290E-02  0.6535813    
  1.8348349E-02  0.6485888    
  1.8408408E-02  0.6431268    
  1.8468466E-02  0.6373698    
  1.8528529E-02  0.6315721    
  1.8588588E-02  0.6259973    
  1.8648649E-02  0.6208421    
  1.8708708E-02  0.6162048    
  1.8768769E-02  0.6120980    
  1.8828828E-02  0.6084319    
  1.8888887E-02  0.6050444    
  1.8948948E-02  0.6017730    
  1.9009007E-02  0.5984457    
  1.9069070E-02  0.5949427    
  1.9129127E-02  0.5911673    
  1.9189190E-02  0.5870556    
  1.9249249E-02  0.5825737    
  1.9309310E-02  0.5777069    
  1.9369366E-02  0.5724875    
  1.9429429E-02  0.5669487    
  1.9489488E-02  0.5612344    
  1.9549549E-02  0.5555007    
  1.9609608E-02  0.5499263    
  1.9669669E-02  0.5446715    
  1.9729732E-02  0.5398700    
  1.9789791E-02  0.5355710    
  1.9849848E-02  0.5317455    
  1.9909907E-02  0.5283434    
  1.9969970E-02  0.5252489    
  2.0030027E-02  0.5223962    
  2.0090090E-02  0.5197176    
  2.0150149E-02  0.5171595    
  2.0210210E-02  0.5146563    
  2.0270269E-02  0.5121334    
  2.0330328E-02  0.5094690    
  2.0390389E-02  0.5065827    
  2.0450449E-02  0.5034288    
  2.0510510E-02  0.5000792    
  2.0570569E-02  0.4966908    
  2.0630632E-02  0.4934847    
  2.0690691E-02  0.4906780    
  2.0750752E-02  0.4883659    
  2.0810807E-02  0.4864673    
  2.0870870E-02  0.4847325    
  2.0930927E-02  0.4827728    
  2.0990990E-02  0.4802003    
  2.1051051E-02  0.4767497    
  2.1111110E-02  0.4723842    
  2.1171173E-02  0.4673066    
  2.1231230E-02  0.4618995    
  2.1291289E-02  0.4566316    
  2.1351349E-02  0.4518770    
  2.1411410E-02  0.4478455    
  2.1471469E-02  0.4445181    
  2.1531532E-02  0.4416966    
  2.1591591E-02  0.4391143    
  2.1651652E-02  0.4365216    
  2.1711711E-02  0.4337793    
  2.1771770E-02  0.4308461    
  2.1831831E-02  0.4277621    
  2.1891890E-02  0.4245594    
  2.1951951E-02  0.4212195    
  2.2012010E-02  0.4176852    
  2.2072073E-02  0.4138385    
  2.2132130E-02  0.4096323    
  2.2192193E-02  0.4051149    
  2.2252252E-02  0.4004588    
  2.2312310E-02  0.3959259    
  2.2372369E-02  0.3917787    
  2.2432432E-02  0.3881815    
  2.2492493E-02  0.3851559    
  2.2552552E-02  0.3825471    
  2.2612613E-02  0.3801226    
  2.2672672E-02  0.3776132    
  2.2732735E-02  0.3748761    
  2.2792790E-02  0.3718897    
  2.2852851E-02  0.3687575    
  2.2912910E-02  0.3656897    
  2.2972973E-02  0.3628437    
  2.3033030E-02  0.3603157    
  2.3093093E-02  0.3580874    
  2.3153152E-02  0.3560461    
  2.3213213E-02  0.3540816    
  2.3273276E-02  0.3521065    
  2.3333332E-02  0.3501209    
  2.3393393E-02  0.3482152    
  2.3453455E-02  0.3464743    
  2.3513511E-02  0.3449939    
  2.3573572E-02  0.3437679    
  2.3633635E-02  0.3427172    
  2.3693690E-02  0.3417372    
  2.3753751E-02  0.3407058    
  2.3813814E-02  0.3395783    
  2.3873875E-02  0.3383972    
  2.3933938E-02  0.3372612    
  2.3993993E-02  0.3363001    
  2.4054054E-02  0.3356050    
  2.4114110E-02  0.3352147    
  2.4174172E-02  0.3350988    
  2.4234233E-02  0.3351972    
  2.4294296E-02  0.3354490    
  2.4354352E-02  0.3358121    
  2.4414413E-02  0.3362947    
  2.4474468E-02  0.3369063    
  2.4534537E-02  0.3376119    
  2.4594592E-02  0.3383297    
  2.4654655E-02  0.3389364    
  2.4714710E-02  0.3392560    
  2.4774779E-02  0.3391859    
  2.4834834E-02  0.3386864    
  2.4894895E-02  0.3378376    
  2.4954952E-02  0.3367710    
  2.5015013E-02  0.3356916    
  2.5075076E-02  0.3347336    
  2.5135132E-02  0.3339523    
  2.5195193E-02  0.3333106    
  2.5255255E-02  0.3327032    
  2.5315316E-02  0.3320179    
  2.5375372E-02  0.3311779    
  2.5435435E-02  0.3301915    
  2.5495496E-02  0.3291294    
  2.5555551E-02  0.3280783    
  2.5615614E-02  0.3271088    
  2.5675675E-02  0.3262047    
  2.5735738E-02  0.3252870    
  2.5795793E-02  0.3242279    
  2.5855854E-02  0.3229277    
  2.5915917E-02  0.3213381    
  2.5975972E-02  0.3195174    
  2.6036033E-02  0.3175916    
  2.6096096E-02  0.3157212    
  2.6156157E-02  0.3140350    
  2.6216213E-02  0.3125934    
  2.6276276E-02  0.3113663    
  2.6336337E-02  0.3102618    
  2.6396392E-02  0.3091646    
  2.6456455E-02  0.3079869    
  2.6516510E-02  0.3066865    
  2.6576579E-02  0.3052767    
  2.6636634E-02  0.3037904    
  2.6696695E-02  0.3022604    
  2.6756758E-02  0.3006935    
  2.6816819E-02  0.2990544    
  2.6876874E-02  0.2973119    
  2.6936932E-02  0.2954420    
  2.6996998E-02  0.2934511    
  2.7057055E-02  0.2913967    
  2.7117116E-02  0.2893412    
  2.7177172E-02  0.2873508    
  2.7237240E-02  0.2854583    
  2.7297296E-02  0.2836544    
  2.7357351E-02  0.2819014    
  2.7417419E-02  0.2801344    
  2.7477475E-02  0.2783172    
  2.7537538E-02  0.2764037    
  2.7597593E-02  0.2744044    
  2.7657662E-02  0.2723119    
  2.7717717E-02  0.2700997    
  2.7777778E-02  0.2677461    
  2.7837833E-02  0.2652080    
  2.7897896E-02  0.2624693    
  2.7957957E-02  0.2595388    
  2.8018013E-02  0.2564970    
  2.8078081E-02  0.2534685    
  2.8138136E-02  0.2505756    
  2.8198199E-02  0.2479443    
  2.8258255E-02  0.2456315    
  2.8318323E-02  0.2436086    
  2.8378379E-02  0.2418090    
  2.8438434E-02  0.2401311    
  2.8498495E-02  0.2384920    
  2.8558558E-02  0.2368503    
  2.8618619E-02  0.2352232    
  2.8678674E-02  0.2336492    
  2.8738743E-02  0.2321867    
  2.8798798E-02  0.2308562    
  2.8858854E-02  0.2296453    
  2.8918916E-02  0.2285118    
  2.8978977E-02  0.2274004    
  2.9039040E-02  0.2262811    
  2.9099096E-02  0.2251610    
  2.9159158E-02  0.2240812    
  2.9219219E-02  0.2231004    
  2.9279280E-02  0.2222701    
  2.9339338E-02  0.2216143    
  2.9399393E-02  0.2211161    
  2.9459462E-02  0.2207197    
  2.9519517E-02  0.2203586    
  2.9579578E-02  0.2199834    
  2.9639641E-02  0.2195636    
  2.9699702E-02  0.2191054    
  2.9759757E-02  0.2186210    
  2.9819813E-02  0.2181463    
  2.9879881E-02  0.2177064    
  2.9939936E-02  0.2173247    
  2.9999999E-02  0.2170330    
