 -2.9999999E-02  0.4897591    
 -2.9939940E-02  0.4916322    
 -2.9879877E-02  0.4934429    
 -2.9819820E-02  0.4951801    
 -2.9759757E-02  0.4968404    
 -2.9699698E-02  0.4984485    
 -2.9639637E-02  0.5000176    
 -2.9579578E-02  0.5015817    
 -2.9519519E-02  0.5031622    
 -2.9459458E-02  0.5047793    
 -2.9399399E-02  0.5064570    
 -2.9339338E-02  0.5081953    
 -2.9279279E-02  0.5099849    
 -2.9219219E-02  0.5118211    
 -2.9159158E-02  0.5136830    
 -2.9099099E-02  0.5155421    
 -2.9039036E-02  0.5174125    
 -2.8978977E-02  0.5192700    
 -2.8918916E-02  0.5211192    
 -2.8858857E-02  0.5229717    
 -2.8798798E-02  0.5248223    
 -2.8738737E-02  0.5266840    
 -2.8678678E-02  0.5285475    
 -2.8618617E-02  0.5304074    
 -2.8558558E-02  0.5322388    
 -2.8498499E-02  0.5340286    
 -2.8438438E-02  0.5357490    
 -2.8378379E-02  0.5373855    
 -2.8318316E-02  0.5389200    
 -2.8258258E-02  0.5403738    
 -2.8198196E-02  0.5417635    
 -2.8138136E-02  0.5431268    
 -2.8078077E-02  0.5445087    
 -2.8018016E-02  0.5459613    
 -2.7957957E-02  0.5475376    
 -2.7897896E-02  0.5492728    
 -2.7837837E-02  0.5511940    
 -2.7777778E-02  0.5533102    
 -2.7717717E-02  0.5556215    
 -2.7657658E-02  0.5581042    
 -2.7597595E-02  0.5607432    
 -2.7537538E-02  0.5635104    
 -2.7477475E-02  0.5663792    
 -2.7417416E-02  0.5693378    
 -2.7357358E-02  0.5723832    
 -2.7297296E-02  0.5755098    
 -2.7237236E-02  0.5787218    
 -2.7177176E-02  0.5820236    
 -2.7117116E-02  0.5854123    
 -2.7057055E-02  0.5888795    
 -2.6996996E-02  0.5924125    
 -2.6936937E-02  0.5959913    
 -2.6876874E-02  0.5995979    
 -2.6816817E-02  0.6032161    
 -2.6756754E-02  0.6068233    
 -2.6696695E-02  0.6104210    
 -2.6636634E-02  0.6140119    
 -2.6576575E-02  0.6176097    
 -2.6516516E-02  0.6212270    
 -2.6456455E-02  0.6248856    
 -2.6396396E-02  0.6285831    
 -2.6336335E-02  0.6323175    
 -2.6276276E-02  0.6360884    
 -2.6216215E-02  0.6398560    
 -2.6156155E-02  0.6435898    
 -2.6096096E-02  0.6472637    
 -2.6036033E-02  0.6508339    
 -2.5975976E-02  0.6542876    
 -2.5915915E-02  0.6576084    
 -2.5855854E-02  0.6608105    
 -2.5795795E-02  0.6639009    
 -2.5735734E-02  0.6669245    
 -2.5675675E-02  0.6699183    
 -2.5615616E-02  0.6729102    
 -2.5555555E-02  0.6759357    
 -2.5495494E-02  0.6790183    
 -2.5435435E-02  0.6821682    
 -2.5375376E-02  0.6853900    
 -2.5315313E-02  0.6886685    
 -2.5255255E-02  0.6919992    
 -2.5195194E-02  0.6953741    
 -2.5135133E-02  0.6987879    
 -2.5075074E-02  0.7022389    
 -2.5015013E-02  0.7057266    
 -2.4954954E-02  0.7092626    
 -2.4894895E-02  0.7128507    
 -2.4834834E-02  0.7164940    
 -2.4774773E-02  0.7201924    
 -2.4714714E-02  0.7239394    
 -2.4654653E-02  0.7277147    
 -2.4594592E-02  0.7315207    
 -2.4534535E-02  0.7353337    
 -2.4474474E-02  0.7391548    
 -2.4414413E-02  0.7429894    
 -2.4354354E-02  0.7468581    
 -2.4294293E-02  0.7507822    
 -2.4234233E-02  0.7547916    
 -2.4174174E-02  0.7589107    
 -2.4114113E-02  0.7631629    
 -2.4054052E-02  0.7675527    
 -2.3993993E-02  0.7720806    
 -2.3933932E-02  0.7767269    
 -2.3873873E-02  0.7814533    
 -2.3813814E-02  0.7862234    
 -2.3753753E-02  0.7909960    
 -2.3693692E-02  0.7957485    
 -2.3633633E-02  0.8004552    
 -2.3573572E-02  0.8051074    
 -2.3513513E-02  0.8097288    
 -2.3453454E-02  0.8143301    
 -2.3393393E-02  0.8189470    
 -2.3333333E-02  0.8236154    
 -2.3273272E-02  0.8283522    
 -2.3213211E-02  0.8331797    
 -2.3153152E-02  0.8381016    
 -2.3093093E-02  0.8431051    
 -2.3033030E-02  0.8481841    
 -2.2972973E-02  0.8533093    
 -2.2912912E-02  0.8584582    
 -2.2852851E-02  0.8636210    
 -2.2792792E-02  0.8687949    
 -2.2732731E-02  0.8739787    
 -2.2672672E-02  0.8791739    
 -2.2612613E-02  0.8844000    
 -2.2552552E-02  0.8896602    
 -2.2492493E-02  0.8949574    
 -2.2432432E-02  0.9002942    
 -2.2372372E-02  0.9056653    
 -2.2312310E-02  0.9110497    
 -2.2252252E-02  0.9164470    
 -2.2192191E-02  0.9218456    
 -2.2132130E-02  0.9272411    
 -2.2072071E-02  0.9326622    
 -2.2012010E-02  0.9381191    
 -2.1951951E-02  0.9436476    
 -2.1891892E-02  0.9492905    
 -2.1831831E-02  0.9550700    
 -2.1771770E-02  0.9610204    
 -2.1711711E-02  0.9671440    
 -2.1651652E-02  0.9734402    
 -2.1591591E-02  0.9798877    
 -2.1531532E-02  0.9864567    
 -2.1471471E-02  0.9931108    
 -2.1411410E-02  0.9998083    
 -2.1351350E-02   1.006519    
 -2.1291289E-02   1.013227    
 -2.1231230E-02   1.019915    
 -2.1171171E-02   1.026602    
 -2.1111110E-02   1.033280    
 -2.1051051E-02   1.039964    
 -2.0990990E-02   1.046673    
 -2.0930931E-02   1.053393    
 -2.0870870E-02   1.060131    
 -2.0810811E-02   1.066865    
 -2.0750750E-02   1.073588    
 -2.0690691E-02   1.080271    
 -2.0630630E-02   1.086899    
 -2.0570569E-02   1.093473    
 -2.0510510E-02   1.099992    
 -2.0450450E-02   1.106469    
 -2.0390389E-02   1.112928    
 -2.0330330E-02   1.119394    
 -2.0270269E-02   1.125895    
 -2.0210210E-02   1.132438    
 -2.0150149E-02   1.139036    
 -2.0090090E-02   1.145682    
 -2.0030027E-02   1.152366    
 -1.9969970E-02   1.159078    
 -1.9909909E-02   1.165806    
 -1.9849848E-02   1.172551    
 -1.9789791E-02   1.179316    
 -1.9729730E-02   1.186138    
 -1.9669669E-02   1.193054    
 -1.9609608E-02   1.200095    
 -1.9549549E-02   1.207321    
 -1.9489488E-02   1.214748    
 -1.9429429E-02   1.222409    
 -1.9369369E-02   1.230298    
 -1.9309307E-02   1.238397    
 -1.9249249E-02   1.246672    
 -1.9189188E-02   1.255079    
 -1.9129127E-02   1.263578    
 -1.9069070E-02   1.272127    
 -1.9009007E-02   1.280695    
 -1.8948948E-02   1.289287    
 -1.8888887E-02   1.297898    
 -1.8828828E-02   1.306548    
 -1.8768767E-02   1.315266    
 -1.8708708E-02   1.324079    
 -1.8648649E-02   1.333002    
 -1.8588588E-02   1.342053    
 -1.8528529E-02   1.351230    
 -1.8468468E-02   1.360503    
 -1.8408408E-02   1.369884    
 -1.8348349E-02   1.379321    
 -1.8288286E-02   1.388833    
 -1.8228227E-02   1.398410    
 -1.8168166E-02   1.408060    
 -1.8108107E-02   1.417792    
 -1.8048048E-02   1.427635    
 -1.7987987E-02   1.437611    
 -1.7927926E-02   1.447727    
 -1.7867867E-02   1.457960    
 -1.7807808E-02   1.468315    
 -1.7747747E-02   1.478749    
 -1.7687688E-02   1.489207    
 -1.7627629E-02   1.499659    
 -1.7567566E-02   1.510061    
 -1.7507508E-02   1.520395    
 -1.7447446E-02   1.530658    
 -1.7387386E-02   1.540866    
 -1.7327327E-02   1.551046    
 -1.7267266E-02   1.561260    
 -1.7207205E-02   1.571540    
 -1.7147146E-02   1.581928    
 -1.7087087E-02   1.592464    
 -1.7027026E-02   1.603154    
 -1.6966967E-02   1.614008    
 -1.6906908E-02   1.625015    
 -1.6846845E-02   1.636153    
 -1.6786788E-02   1.647439    
 -1.6726725E-02   1.658869    
 -1.6666666E-02   1.670467    
 -1.6606607E-02   1.682290    
 -1.6546546E-02   1.694364    
 -1.6486485E-02   1.706762    
 -1.6426425E-02   1.719538    
 -1.6366364E-02   1.732727    
 -1.6306305E-02   1.746337    
 -1.6246246E-02   1.760381    
 -1.6186185E-02   1.774837    
 -1.6126124E-02   1.789659    
 -1.6066065E-02   1.804825    
 -1.6006006E-02   1.820287    
 -1.5945945E-02   1.836029    
 -1.5885886E-02   1.852034    
 -1.5825825E-02   1.868322    
 -1.5765766E-02   1.884911    
 -1.5705707E-02   1.901793    
 -1.5645644E-02   1.919007    
 -1.5585584E-02   1.936538    
 -1.5525525E-02   1.954346    
 -1.5465464E-02   1.972388    
 -1.5405404E-02   1.990600    
 -1.5345344E-02   2.008900    
 -1.5285285E-02   2.027196    
 -1.5225225E-02   2.045424    
 -1.5165165E-02   2.063538    
 -1.5105105E-02   2.081529    
 -1.5045046E-02   2.099404    
 -1.4984986E-02   2.117195    
 -1.4924924E-02   2.134986    
 -1.4864863E-02   2.152808    
 -1.4804805E-02   2.170750    
 -1.4744745E-02   2.188854    
 -1.4684684E-02   2.207163    
 -1.4624624E-02   2.225686    
 -1.4564564E-02   2.244440    
 -1.4504504E-02   2.263433    
 -1.4444444E-02   2.282679    
 -1.4384384E-02   2.302182    
 -1.4324325E-02   2.321999    
 -1.4264263E-02   2.342164    
 -1.4204203E-02   2.362736    
 -1.4144143E-02   2.383772    
 -1.4084082E-02   2.405324    
 -1.4024024E-02   2.427430    
 -1.3963963E-02   2.450097    
 -1.3903903E-02   2.473326    
 -1.3843843E-02   2.497096    
 -1.3783784E-02   2.521374    
 -1.3723724E-02   2.546118    
 -1.3663664E-02   2.571300    
 -1.3603603E-02   2.596919    
 -1.3543542E-02   2.622955    
 -1.3483482E-02   2.649429    
 -1.3423422E-02   2.676371    
 -1.3363361E-02   2.703782    
 -1.3303303E-02   2.731690    
 -1.3243243E-02   2.760088    
 -1.3183182E-02   2.788937    
 -1.3123122E-02   2.818205    
 -1.3063064E-02   2.847841    
 -1.3003003E-02   2.877771    
 -1.2942943E-02   2.907989    
 -1.2882883E-02   2.938464    
 -1.2822822E-02   2.969203    
 -1.2762762E-02   3.000273    
 -1.2702702E-02   3.031723    
 -1.2642642E-02   3.063652    
 -1.2582582E-02   3.096140    
 -1.2522522E-02   3.129278    
 -1.2462462E-02   3.163105    
 -1.2402401E-02   3.197662    
 -1.2342343E-02   3.232944    
 -1.2282282E-02   3.268925    
 -1.2222222E-02   3.305546    
 -1.2162160E-02   3.342762    
 -1.2102102E-02   3.380547    
 -1.2042041E-02   3.418877    
 -1.1981981E-02   3.457750    
 -1.1921921E-02   3.497215    
 -1.1861862E-02   3.537311    
 -1.1801802E-02   3.578092    
 -1.1741742E-02   3.619645    
 -1.1681681E-02   3.661991    
 -1.1621622E-02   3.705174    
 -1.1561562E-02   3.749225    
 -1.1501501E-02   3.794143    
 -1.1441439E-02   3.839936    
 -1.1381381E-02   3.886600    
 -1.1321321E-02   3.934154    
 -1.1261260E-02   3.982611    
 -1.1201200E-02   4.032012    
 -1.1141141E-02   4.082386    
 -1.1081081E-02   4.133764    
 -1.1021021E-02   4.186145    
 -1.0960961E-02   4.239513    
 -1.0900902E-02   4.293825    
 -1.0840842E-02   4.348977    
 -1.0780780E-02   4.404869    
 -1.0720720E-02   4.461375    
 -1.0660660E-02   4.518385    
 -1.0600600E-02   4.575809    
 -1.0540539E-02   4.633599    
 -1.0480479E-02   4.691748    
 -1.0420421E-02   4.750308    
 -1.0360360E-02   4.809359    
 -1.0300300E-02   4.869020    
 -1.0240240E-02   4.929409    
 -1.0180181E-02   4.990632    
 -1.0120121E-02   5.052814    
 -1.0060059E-02   5.116004    
 -9.9999988E-03   5.180262    
 -9.9399397E-03   5.245622    
 -9.8798797E-03   5.312125    
 -9.8198196E-03   5.379795    
 -9.7597586E-03   5.448686    
 -9.6997004E-03   5.518884    
 -9.6396394E-03   5.590498    
 -9.5795793E-03   5.663691    
 -9.5195193E-03   5.738551    
 -9.4594602E-03   5.815274    
 -9.3994001E-03   5.893923    
 -9.3393382E-03   5.974620    
 -9.2792781E-03   6.057411    
 -9.2192180E-03   6.142323    
 -9.1591589E-03   6.229375    
 -9.0990989E-03   6.318539    
 -9.0390379E-03   6.409859    
 -8.9789778E-03   6.503364    
 -8.9189196E-03   6.599132    
 -8.8588586E-03   6.697226    
 -8.7987985E-03   6.797812    
 -8.7387385E-03   6.900992    
 -8.6786784E-03   7.006922    
 -8.6186174E-03   7.115685    
 -8.5585574E-03   7.227367    
 -8.4984973E-03   7.342002    
 -8.4384382E-03   7.459589    
 -8.3783781E-03   7.580104    
 -8.3183181E-03   7.703487    
 -8.2582571E-03   7.829718    
 -8.1981989E-03   7.958725    
 -8.1381388E-03   8.090531    
 -8.0780778E-03   8.225147    
 -8.0180177E-03   8.362581    
 -7.9579577E-03   8.502870    
 -7.8978967E-03   8.646049    
 -7.8378366E-03   8.792201    
 -7.7777766E-03   8.941274    
 -7.7177179E-03   9.093315    
 -7.6576574E-03   9.248358    
 -7.5975973E-03   9.406392    
 -7.5375368E-03   9.567474    
 -7.4774781E-03   9.731647    
 -7.4174176E-03   9.899085    
 -7.3573575E-03   10.06992    
 -7.2972970E-03   10.24432    
 -7.2372369E-03   10.42253    
 -7.1771764E-03   10.60473    
 -7.1171164E-03   10.79113    
 -7.0570558E-03   10.98191    
 -6.9969972E-03   11.17717    
 -6.9369366E-03   11.37710    
 -6.8768766E-03   11.58178    
 -6.8168161E-03   11.79136    
 -6.7567574E-03   12.00602    
 -6.6966973E-03   12.22599    
 -6.6366368E-03   12.45157    
 -6.5765749E-03   12.68310    
 -6.5165162E-03   12.92096    
 -6.4564561E-03   13.16562    
 -6.3963956E-03   13.41748    
 -6.3363351E-03   13.67698    
 -6.2762764E-03   13.94444    
 -6.2162164E-03   14.22017    
 -6.1561558E-03   14.50445    
 -6.0960958E-03   14.79740    
 -6.0360371E-03   15.09926    
 -5.9759766E-03   15.41021    
 -5.9159161E-03   15.73044    
 -5.8558546E-03   16.06017    
 -5.7957955E-03   16.39975    
 -5.7357354E-03   16.74951    
 -5.6756749E-03   17.10981    
 -5.6156148E-03   17.48110    
 -5.5555562E-03   17.86369    
 -5.4954956E-03   18.25810    
 -5.4354356E-03   18.66461    
 -5.3753750E-03   19.08366    
 -5.3153164E-03   19.51556    
 -5.2552558E-03   19.96078    
 -5.1951958E-03   20.41976    
 -5.1351339E-03   20.89302    
 -5.0750752E-03   21.38112    
 -5.0150147E-03   21.88482    
 -4.9549546E-03   22.40472    
 -4.8948941E-03   22.94171    
 -4.8348354E-03   23.49644    
 -4.7747749E-03   24.06965    
 -4.7147148E-03   24.66205    
 -4.6546543E-03   25.27425    
 -4.5945956E-03   25.90682    
 -4.5345356E-03   26.56051    
 -4.4744737E-03   27.23592    
 -4.4144131E-03   27.93381    
 -4.3543545E-03   28.65510    
 -4.2942939E-03   29.40093    
 -4.2342339E-03   30.17244    
 -4.1741733E-03   30.97102    
 -4.1141147E-03   31.79811    
 -4.0540546E-03   32.65530    
 -3.9939941E-03   33.54398    
 -3.9339340E-03   34.46572    
 -3.8738735E-03   35.42198    
 -3.8138148E-03   36.41409    
 -3.7537529E-03   37.44360    
 -3.6936926E-03   38.51172    
 -3.6336323E-03   39.62002    
 -3.5735737E-03   40.76993    
 -3.5135134E-03   41.96317    
 -3.4534528E-03   43.20160    
 -3.3933925E-03   44.48701    
 -3.3333339E-03   45.82142    
 -3.2732720E-03   47.20704    
 -3.2132133E-03   48.64573    
 -3.1531546E-03   50.13970    
 -3.0930927E-03   51.69105    
 -3.0330308E-03   53.30175    
 -2.9729721E-03   54.97387    
 -2.9129132E-03   56.70941    
 -2.8528513E-03   58.51086    
 -2.7927926E-03   60.38009    
 -2.7327307E-03   62.31977    
 -2.6726720E-03   64.33199    
 -2.6126101E-03   66.41928    
 -2.5525515E-03   68.58353    
 -2.4924928E-03   70.82663    
 -2.4324339E-03   73.14987    
 -2.3723720E-03   75.55419    
 -2.3123133E-03   78.03926    
 -2.2522514E-03   80.60478    
 -2.1921927E-03   83.24908    
 -2.1321308E-03   85.97018    
 -2.0720721E-03   88.76492    
 -2.0120135E-03   91.62955    
 -1.9519514E-03   94.55983    
 -1.8918928E-03   97.54964    
 -1.8318308E-03   100.5923    
 -1.7717720E-03   103.6788    
 -1.7117102E-03   106.7988    
 -1.6516515E-03   109.9382    
 -1.5915895E-03   113.0812    
 -1.5315340E-03   116.2075    
 -1.4714721E-03   119.2946    
 -1.4114134E-03   122.3153    
 -1.3513515E-03   125.2403    
 -1.2912896E-03   128.0374    
 -1.2312309E-03   130.6733    
 -1.1711690E-03   133.1146    
 -1.1111102E-03   135.3292    
 -1.0510515E-03   137.2881    
 -9.9099276E-04   138.9668    
 -9.3093090E-04   140.3476    
 -8.7087217E-04   141.4198    
 -8.1081025E-04   142.1821    
 -7.5075153E-04   142.6422    
 -6.9068966E-04   142.8180    
 -6.3062774E-04   142.7361    
 -5.7057216E-04   142.4325    
 -5.1051029E-04   141.9501    
 -4.5045157E-04   141.3373    
 -3.9038967E-04   140.6461    
 -3.3033092E-04   139.9294    
 -2.7026903E-04   139.2388    
 -2.1021030E-04   138.6220    
 -1.5014841E-04   138.1201    
 -9.0092843E-05   137.7665    
 -3.0030948E-05   137.5827    
  3.0027781E-05   137.5771    
  9.0089678E-05   137.7667    
  1.5015158E-04   138.1202    
  2.1021030E-04   138.6220    
  2.7027220E-04   139.2388    
  3.3033092E-04   139.9294    
  3.9038967E-04   140.6461    
  4.5044839E-04   141.3373    
  5.1051029E-04   141.9501    
  5.7056901E-04   142.4325    
  6.3063094E-04   142.7362    
  6.9068966E-04   142.8179    
  7.5075153E-04   142.6422    
  8.1081345E-04   142.1820    
  8.7086897E-04   141.4199    
  9.3093090E-04   140.3476    
  9.9098962E-04   138.9668    
  1.0510515E-03   137.2880    
  1.1111102E-03   135.3292    
  1.1711721E-03   133.1145    
  1.2312309E-03   130.6733    
  1.2912927E-03   128.0373    
  1.3513484E-03   125.2404    
  1.4114103E-03   122.3153    
  1.4714721E-03   119.2946    
  1.5315309E-03   116.2076    
  1.5915928E-03   113.0810    
  1.6516515E-03   109.9381    
  1.7117134E-03   106.7985    
  1.7717720E-03   103.6788    
  1.8318340E-03   100.5921    
  1.8918896E-03   97.54980    
  1.9519514E-03   94.55982    
  2.0120102E-03   91.62965    
  2.0720721E-03   88.76493    
  2.1321308E-03   85.97021    
  2.1921927E-03   83.24908    
  2.2522546E-03   80.60464    
  2.3123133E-03   78.03926    
  2.3723720E-03   75.55419    
  2.4324309E-03   73.15001    
  2.4924928E-03   70.82663    
  2.5525515E-03   68.58353    
  2.6126134E-03   66.41917    
  2.6726720E-03   64.33199    
  2.7327340E-03   62.31964    
  2.7927926E-03   60.38008    
  2.8528513E-03   58.51086    
  2.9129132E-03   56.70941    
  2.9729721E-03   54.97386    
  3.0330338E-03   53.30173    
  3.0930927E-03   51.69106    
  3.1531546E-03   50.13970    
  3.2132133E-03   48.64573    
  3.2732752E-03   47.20692    
  3.3333306E-03   45.82150    
  3.3933925E-03   44.48701    
  3.4534514E-03   43.20161    
  3.5135134E-03   41.96317    
  3.5735751E-03   40.76990    
  3.6336340E-03   39.61997    
  3.6936959E-03   38.51167    
  3.7537545E-03   37.44359    
  3.8138132E-03   36.41414    
  3.8738719E-03   35.42201    
  3.9339340E-03   34.46572    
  3.9939927E-03   33.54400    
  4.0540546E-03   32.65530    
  4.1141133E-03   31.79814    
  4.1741752E-03   30.97102    
  4.2342339E-03   30.17244    
  4.2942925E-03   29.40096    
  4.3543545E-03   28.65510    
  4.4144131E-03   27.93381    
  4.4744750E-03   27.23589    
  4.5345337E-03   26.56050    
  4.5945956E-03   25.90682    
  4.6546543E-03   25.27425    
  4.7147162E-03   24.66203    
  4.7747721E-03   24.06970    
  4.8348340E-03   23.49644    
  4.8948927E-03   22.94171    
  4.9549546E-03   22.40472    
  5.0150165E-03   21.88479    
  5.0750752E-03   21.38112    
  5.1351371E-03   20.89300    
  5.1951958E-03   20.41976    
  5.2552545E-03   19.96079    
  5.3153131E-03   19.51558    
  5.3753750E-03   19.08366    
  5.4354337E-03   18.66463    
  5.4954956E-03   18.25809    
  5.5555543E-03   17.86370    
  5.6156162E-03   17.48106    
  5.6756781E-03   17.10979    
  5.7357335E-03   16.74953    
  5.7957955E-03   16.39975    
  5.8558546E-03   16.06018    
  5.9159161E-03   15.73044    
  5.9759752E-03   15.41023    
  6.0360371E-03   15.09926    
  6.0960958E-03   14.79740    
  6.1561577E-03   14.50444    
  6.2162131E-03   14.22019    
  6.2762750E-03   13.94445    
  6.3363337E-03   13.67698    
  6.3963956E-03   13.41748    
  6.4564575E-03   13.16562    
  6.5165162E-03   12.92096    
  6.5765781E-03   12.68308    
  6.6366368E-03   12.45157    
  6.6966987E-03   12.22599    
  6.7567541E-03   12.00604    
  6.8168161E-03   11.79136    
  6.8768747E-03   11.58178    
  6.9369366E-03   11.37710    
  6.9969958E-03   11.17717    
  7.0570577E-03   10.98190    
  7.1171192E-03   10.79112    
  7.1771783E-03   10.60473    
  7.2372369E-03   10.42253    
  7.2972956E-03   10.24433    
  7.3573575E-03   10.06992    
  7.4174162E-03   9.899103    
  7.4774781E-03   9.731647    
  7.5375368E-03   9.567475    
  7.5975987E-03   9.406388    
  7.6576574E-03   9.248358    
  7.7177160E-03   9.093333    
  7.7777780E-03   8.941265    
  7.8378366E-03   8.792200    
  7.8978986E-03   8.646066    
  7.9579577E-03   8.502868    
  8.0180196E-03   8.362572    
  8.0780778E-03   8.225148    
  8.1381397E-03   8.090541    
  8.1981951E-03   7.958733    
  8.2582571E-03   7.829718    
  8.3183162E-03   7.703492    
  8.3783781E-03   7.580103    
  8.4384400E-03   7.459579    
  8.4984982E-03   7.341999    
  8.5585602E-03   7.227362    
  8.6186193E-03   7.115675    
  8.6786784E-03   7.006918    
  8.7387366E-03   6.900997    
  8.7987985E-03   6.797811    
  8.8588577E-03   6.697239    
  8.9189196E-03   6.599131    
  8.9789778E-03   6.503363    
  9.0390397E-03   6.409862    
  9.0990989E-03   6.318537    
  9.1591571E-03   6.229373    
  9.2192190E-03   6.142318    
  9.2792781E-03   6.057412    
  9.3393400E-03   5.974616    
  9.3993982E-03   5.893924    
  9.4594602E-03   5.815276    
  9.5195193E-03   5.738552    
  9.5795812E-03   5.663683    
  9.6396366E-03   5.590513    
  9.6996985E-03   5.518879    
  9.7597577E-03   5.448692    
  9.8198196E-03   5.379794    
  9.8798815E-03   5.312128    
  9.9399397E-03   5.245620    
  1.0000002E-02   5.180264    
  1.0060061E-02   5.115993    
  1.0120119E-02   5.052810    
  1.0180178E-02   4.990641    
  1.0240240E-02   4.929408    
  1.0300298E-02   4.869026    
  1.0360360E-02   4.809360    
  1.0420419E-02   4.750312    
  1.0480481E-02   4.691748    
  1.0540543E-02   4.633596    
  1.0600599E-02   4.575808    
  1.0660660E-02   4.518384    
  1.0720720E-02   4.461375    
  1.0780781E-02   4.404862    
  1.0840840E-02   4.348976    
  1.0900902E-02   4.293824    
  1.0960961E-02   4.239514    
  1.1021023E-02   4.186146    
  1.1081078E-02   4.133766    
  1.1141140E-02   4.082392    
  1.1201198E-02   4.032018    
  1.1261260E-02   3.982612    
  1.1321322E-02   3.934150    
  1.1381381E-02   3.886600    
  1.1441443E-02   3.839938    
  1.1501501E-02   3.794144    
  1.1561563E-02   3.749224    
  1.1621619E-02   3.705177    
  1.1681681E-02   3.661992    
  1.1741740E-02   3.619641    
  1.1801802E-02   3.578091    
  1.1861861E-02   3.537304    
  1.1921923E-02   3.497213    
  1.1981984E-02   3.457751    
  1.2042043E-02   3.418875    
  1.2102102E-02   3.380548    
  1.2162160E-02   3.342762    
  1.2222222E-02   3.305546    
  1.2282281E-02   3.268926    
  1.2342343E-02   3.232944    
  1.2402401E-02   3.197663    
  1.2462463E-02   3.163102    
  1.2522522E-02   3.129277    
  1.2582581E-02   3.096144    
  1.2642642E-02   3.063653    
  1.2702702E-02   3.031723    
  1.2762764E-02   3.000270    
  1.2822822E-02   2.969204    
  1.2882884E-02   2.938467    
  1.2942943E-02   2.907988    
  1.3003005E-02   2.877767    
  1.3063060E-02   2.847831    
  1.3123122E-02   2.818205    
  1.3183181E-02   2.788934    
  1.3243243E-02   2.760088    
  1.3303301E-02   2.731691    
  1.3363363E-02   2.703781    
  1.3423425E-02   2.676360    
  1.3483484E-02   2.649425    
  1.3543542E-02   2.622955    
  1.3603602E-02   2.596915    
  1.3663664E-02   2.571300    
  1.3723722E-02   2.546115    
  1.3783784E-02   2.521373    
  1.3843843E-02   2.497097    
  1.3903905E-02   2.473326    
  1.3963963E-02   2.450096    
  1.4024022E-02   2.427424    
  1.4084084E-02   2.405325    
  1.4144143E-02   2.383773    
  1.4204205E-02   2.362734    
  1.4264263E-02   2.342163    
  1.4324325E-02   2.321998    
  1.4384384E-02   2.302182    
  1.4444446E-02   2.282679    
  1.4504502E-02   2.263435    
  1.4564564E-02   2.244440    
  1.4624622E-02   2.225686    
  1.4684684E-02   2.207163    
  1.4744746E-02   2.188853    
  1.4804805E-02   2.170751    
  1.4864867E-02   2.152816    
  1.4924925E-02   2.134984    
  1.4984984E-02   2.117201    
  1.5045043E-02   2.099403    
  1.5105105E-02   2.081529    
  1.5165163E-02   2.063536    
  1.5225225E-02   2.045423    
  1.5285284E-02   2.027191    
  1.5345346E-02   2.008893    
  1.5405404E-02   1.990600    
  1.5465464E-02   1.972394    
  1.5525525E-02   1.954346    
  1.5585584E-02   1.936538    
  1.5645646E-02   1.919003    
  1.5705705E-02   1.901793    
  1.5765766E-02   1.884911    
  1.5825825E-02   1.868322    
  1.5885888E-02   1.852038    
  1.5945943E-02   1.836028    
  1.6006004E-02   1.820293    
  1.6066063E-02   1.804824    
  1.6126124E-02   1.789659    
  1.6186187E-02   1.774835    
  1.6246246E-02   1.760381    
  1.6306307E-02   1.746338    
  1.6366366E-02   1.732720    
  1.6426429E-02   1.719538    
  1.6486485E-02   1.706766    
  1.6546546E-02   1.694364    
  1.6606605E-02   1.682287    
  1.6666666E-02   1.670466    
  1.6726725E-02   1.658869    
  1.6786788E-02   1.647437    
  1.6846849E-02   1.636155    
  1.6906908E-02   1.625014    
  1.6966967E-02   1.614009    
  1.7027024E-02   1.603164    
  1.7087087E-02   1.592465    
  1.7147146E-02   1.581928    
  1.7207207E-02   1.571536    
  1.7267266E-02   1.561260    
  1.7327327E-02   1.551053    
  1.7387386E-02   1.540866    
  1.7447446E-02   1.530658    
  1.7507505E-02   1.520393    
  1.7567566E-02   1.510062    
  1.7627629E-02   1.499660    
  1.7687688E-02   1.489207    
  1.7747749E-02   1.478745    
  1.7807808E-02   1.468316    
  1.7867869E-02   1.457963    
  1.7927924E-02   1.447727    
  1.7987987E-02   1.437611    
  1.8048046E-02   1.427635    
  1.8108107E-02   1.417792    
  1.8168166E-02   1.408059    
  1.8228227E-02   1.398410    
  1.8288290E-02   1.388836    
  1.8348349E-02   1.379321    
  1.8408408E-02   1.369884    
  1.8468466E-02   1.360509    
  1.8528529E-02   1.351230    
  1.8588588E-02   1.342053    
  1.8648649E-02   1.333001    
  1.8708708E-02   1.324079    
  1.8768769E-02   1.315266    
  1.8828828E-02   1.306548    
  1.8888887E-02   1.297898    
  1.8948948E-02   1.289287    
  1.9009007E-02   1.280696    
  1.9069070E-02   1.272127    
  1.9129127E-02   1.263578    
  1.9189190E-02   1.255082    
  1.9249249E-02   1.246673    
  1.9309310E-02   1.238395    
  1.9369366E-02   1.230295    
  1.9429429E-02   1.222409    
  1.9489488E-02   1.214749    
  1.9549549E-02   1.207321    
  1.9609608E-02   1.200095    
  1.9669669E-02   1.193053    
  1.9729732E-02   1.186138    
  1.9789791E-02   1.179316    
  1.9849848E-02   1.172550    
  1.9909907E-02   1.165809    
  1.9969970E-02   1.159077    
  2.0030027E-02   1.152366    
  2.0090090E-02   1.145681    
  2.0150149E-02   1.139035    
  2.0210210E-02   1.132438    
  2.0270269E-02   1.125896    
  2.0330328E-02   1.119398    
  2.0390389E-02   1.112927    
  2.0450449E-02   1.106464    
  2.0510510E-02   1.099992    
  2.0570569E-02   1.093473    
  2.0630632E-02   1.086904    
  2.0690691E-02   1.080270    
  2.0750752E-02   1.073588    
  2.0810807E-02   1.066869    
  2.0870870E-02   1.060132    
  2.0930927E-02   1.053388    
  2.0990990E-02   1.046672    
  2.1051051E-02   1.039963    
  2.1111110E-02   1.033281    
  2.1171173E-02   1.026599    
  2.1231230E-02   1.019916    
  2.1291289E-02   1.013228    
  2.1351349E-02   1.006524    
  2.1411410E-02  0.9998078    
  2.1471469E-02  0.9931078    
  2.1531532E-02  0.9864568    
  2.1591591E-02  0.9798868    
  2.1651652E-02  0.9734403    
  2.1711711E-02  0.9671440    
  2.1771770E-02  0.9610180    
  2.1831831E-02  0.9550695    
  2.1891890E-02  0.9492919    
  2.1951951E-02  0.9436473    
  2.2012010E-02  0.9381185    
  2.2072073E-02  0.9326612    
  2.2132130E-02  0.9272407    
  2.2192193E-02  0.9218443    
  2.2252252E-02  0.9164468    
  2.2312310E-02  0.9110494    
  2.2372369E-02  0.9056659    
  2.2432432E-02  0.9002950    
  2.2492493E-02  0.8949575    
  2.2552552E-02  0.8896602    
  2.2612613E-02  0.8843961    
  2.2672672E-02  0.8791744    
  2.2732735E-02  0.8739752    
  2.2792790E-02  0.8687919    
  2.2852851E-02  0.8636209    
  2.2912910E-02  0.8584563    
  2.2972973E-02  0.8533097    
  2.3033030E-02  0.8481840    
  2.3093093E-02  0.8431057    
  2.3153152E-02  0.8381017    
  2.3213213E-02  0.8331780    
  2.3273276E-02  0.8283527    
  2.3333332E-02  0.8236113    
  2.3393393E-02  0.8189469    
  2.3453455E-02  0.8143275    
  2.3513511E-02  0.8097265    
  2.3573572E-02  0.8051080    
  2.3633635E-02  0.8004532    
  2.3693690E-02  0.7957482    
  2.3753751E-02  0.7909994    
  2.3813814E-02  0.7862232    
  2.3873875E-02  0.7814540    
  2.3933938E-02  0.7767259    
  2.3993993E-02  0.7720809    
  2.4054054E-02  0.7675566    
  2.4114110E-02  0.7631620    
  2.4174172E-02  0.7589067    
  2.4234233E-02  0.7547920    
  2.4294296E-02  0.7507854    
  2.4354352E-02  0.7468601    
  2.4414413E-02  0.7429894    
  2.4474468E-02  0.7391565    
  2.4534537E-02  0.7353335    
  2.4594592E-02  0.7315205    
  2.4654655E-02  0.7277191    
  2.4714710E-02  0.7239388    
  2.4774779E-02  0.7201934    
  2.4834834E-02  0.7164944    
  2.4894895E-02  0.7128500    
  2.4954952E-02  0.7092654    
  2.5015013E-02  0.7057263    
  2.5075076E-02  0.7022372    
  2.5135132E-02  0.6987883    
  2.5195193E-02  0.6953731    
  2.5255255E-02  0.6919988    
  2.5315316E-02  0.6886724    
  2.5375372E-02  0.6853875    
  2.5435435E-02  0.6821680    
  2.5495496E-02  0.6790209    
  2.5555551E-02  0.6759325    
  2.5615614E-02  0.6729081    
  2.5675675E-02  0.6699178    
  2.5735738E-02  0.6669286    
  2.5795793E-02  0.6638983    
  2.5855854E-02  0.6608101    
  2.5915917E-02  0.6576104    
  2.5975972E-02  0.6542877    
  2.6036033E-02  0.6508340    
  2.6096096E-02  0.6472632    
  2.6156157E-02  0.6435905    
  2.6216213E-02  0.6398558    
  2.6276276E-02  0.6360888    
  2.6336337E-02  0.6323212    
  2.6396392E-02  0.6285838    
  2.6456455E-02  0.6248856    
  2.6516510E-02  0.6212313    
  2.6576579E-02  0.6176124    
  2.6636634E-02  0.6140120    
  2.6696695E-02  0.6104211    
  2.6756758E-02  0.6068231    
  2.6816819E-02  0.6032158    
  2.6876874E-02  0.5995982    
  2.6936932E-02  0.5959948    
  2.6996998E-02  0.5924100    
  2.7057055E-02  0.5888801    
  2.7117116E-02  0.5854124    
  2.7177172E-02  0.5820228    
  2.7237240E-02  0.5787244    
  2.7297296E-02  0.5755100    
  2.7357351E-02  0.5723839    
  2.7417419E-02  0.5693379    
  2.7477475E-02  0.5663793    
  2.7537538E-02  0.5635102    
  2.7597593E-02  0.5607460    
  2.7657662E-02  0.5581070    
  2.7717717E-02  0.5556219    
  2.7777778E-02  0.5533099    
  2.7837833E-02  0.5511912    
  2.7897896E-02  0.5492727    
  2.7957957E-02  0.5475379    
  2.8018013E-02  0.5459656    
  2.8078081E-02  0.5445091    
  2.8138136E-02  0.5431271    
  2.8198199E-02  0.5417677    
  2.8258255E-02  0.5403787    
  2.8318323E-02  0.5389218    
  2.8378379E-02  0.5373852    
  2.8438434E-02  0.5357515    
  2.8498495E-02  0.5340298    
  2.8558558E-02  0.5322386    
  2.8618619E-02  0.5304045    
  2.8678674E-02  0.5285490    
  2.8738743E-02  0.5266804    
  2.8798798E-02  0.5248221    
  2.8858854E-02  0.5229693    
  2.8918916E-02  0.5211188    
  2.8978977E-02  0.5192696    
  2.9039040E-02  0.5174144    
  2.9099096E-02  0.5155463    
  2.9159158E-02  0.5136827    
  2.9219219E-02  0.5118209    
  2.9279280E-02  0.5099887    
  2.9339338E-02  0.5081947    
  2.9399393E-02  0.5064574    
  2.9459462E-02  0.5047801    
  2.9519517E-02  0.5031604    
  2.9579578E-02  0.5015810    
  2.9639641E-02  0.5000173    
  2.9699702E-02  0.4984502    
  2.9759757E-02  0.4968403    
  2.9819813E-02  0.4951799    
  2.9879881E-02  0.4934432    
  2.9939936E-02  0.4916306    
  2.9999999E-02  0.4897588    
