           N LOWER =  3  N UPPER=  4  WAVELENGTH (angstroms)= 18756.27
                electronic density(1/cm**3)       1.000E+13
                conversion factor for wlengths=f0 5.808E-01
                wings factor                  =   1.018E-01

T(K)                2.500E+03                5.000E+03                1.000E+04
RO/Debye            2.637E-01                1.864E-01                1.318E-01
width Stark         2.073E-01                1.983E-01                1.808E-01
width incl.Dop.     6.999E-01                9.210E-01                1.259E+00

  0.000E+00  6.341E-01 ( 1.665E+00 )  4.891E-01 ( 1.743E+00 )  3.677E-01 ( 1.897E+00 )
  1.000E-02  6.340E-01 ( 1.660E+00 )  4.890E-01 ( 1.737E+00 )  3.677E-01 ( 1.890E+00 )
  1.585E-02  6.339E-01 ( 1.653E+00 )  4.890E-01 ( 1.728E+00 )  3.677E-01 ( 1.879E+00 )
  2.512E-02  6.335E-01 ( 1.636E+00 )  4.888E-01 ( 1.710E+00 )  3.676E-01 ( 1.853E+00 )
  3.981E-02  6.326E-01 ( 1.598E+00 )  4.884E-01 ( 1.666E+00 )  3.675E-01 ( 1.800E+00 )
  6.310E-02  6.303E-01 ( 1.510E+00 )  4.874E-01 ( 1.568E+00 )  3.671E-01 ( 1.676E+00 )
  1.000E-01  6.246E-01 ( 1.331E+00 )  4.850E-01 ( 1.369E+00 )  3.661E-01 ( 1.431E+00 )
  1.585E-01  6.104E-01 ( 1.028E+00 )  4.788E-01 ( 1.039E+00 )  3.636E-01 ( 1.050E+00 )
  2.512E-01  5.765E-01 ( 6.566E-01 )  4.638E-01 ( 6.485E-01 )  3.573E-01 ( 6.276E-01 )
  3.981E-01  5.001E-01 ( 3.422E-01 )  4.281E-01 ( 3.306E-01 )  3.422E-01 ( 3.088E-01 )
  6.310E-01  3.534E-01 ( 1.507E-01 )  3.509E-01 ( 1.433E-01 )  3.070E-01 ( 1.312E-01 )
  1.000E+00  1.588E-01 ( 5.835E-02 )  2.156E-01 ( 5.512E-02 )  2.342E-01 ( 5.022E-02 )
  1.585E+00  3.667E-02 ( 2.055E-02 )  7.055E-02 ( 1.945E-02 )  1.206E-01 ( 1.788E-02 )
  2.512E+00  8.234E-03 ( 6.829E-03 )  1.096E-02 ( 6.507E-03 )  2.650E-02 ( 6.066E-03 )
  3.981E+00  2.375E-03 ( 2.218E-03 )  2.457E-03 ( 2.121E-03 )  2.980E-03 ( 2.007E-03 )
  6.310E+00  7.388E-04 ( 7.203E-04 )  7.253E-04 ( 6.881E-04 )  7.328E-04 ( 6.554E-04 )
  1.000E+01  2.318E-04 ( 2.294E-04 )  2.216E-04 ( 2.167E-04 )  2.155E-04 ( 2.060E-04 )
  1.585E+01  7.616E-05 ( 7.588E-05 )  7.174E-05 ( 7.121E-05 )  6.822E-05 ( 6.718E-05 )
  2.512E+01  2.527E-05 ( 2.523E-05 )  2.364E-05 ( 2.356E-05 )  2.224E-05 ( 2.210E-05 )
  3.981E+01  8.396E-06 ( 8.391E-06 )  7.828E-06 ( 7.819E-06 )  7.319E-06 ( 7.302E-06 )
  6.310E+01  2.785E-06 ( 2.784E-06 )  2.598E-06 ( 2.597E-06 )  2.421E-06 ( 2.419E-06 )
  1.000E+02  9.209E-07 ( 9.208E-07 )  8.618E-07 ( 8.616E-07 )  8.030E-07 ( 8.027E-07 )
  1.585E+02  3.029E-07 ( 3.029E-07 )  2.853E-07 ( 2.853E-07 )  2.665E-07 ( 2.665E-07 )
  2.512E+02  9.905E-08 ( 9.905E-08 )  9.414E-08 ( 9.414E-08 )  8.838E-08 ( 8.838E-08 )
  3.981E+02  3.217E-08 ( 3.217E-08 )  3.093E-08 ( 3.093E-08 )  2.925E-08 ( 2.925E-08 )
  6.310E+02  1.037E-08 ( 1.037E-08 )  1.009E-08 ( 1.009E-08 )  9.641E-09 ( 9.641E-09 )
  1.000E+03  3.268E-09 ( 3.268E-09 )  3.275E-09 ( 3.275E-09 )  3.165E-09 ( 3.165E-09 )
  1.585E+03  1.042E-09 ( 1.042E-09 )  1.042E-09 ( 1.042E-09 )  1.034E-09 ( 1.034E-09 )
  2.512E+03                                                    3.371E-10 ( 3.371E-10 )
  3.981E+03                                                    1.079E-10 ( 1.079E-10 )
  6.310E+03                                                    3.519E-11 ( 3.519E-11 )

T(K)                1.995E+04                3.981E+04                7.943E+04
RO/Debye            9.333E-02                6.607E-02                4.678E-02
width Stark         1.559E-01                1.346E-01                1.108E-01
width incl.Dop.     1.727E+00                2.371E+00                3.337E+00

  0.000E+00  2.710E-01 ( 2.137E+00 )  1.968E-01 ( 2.502E+00 )  1.415E-01 ( 3.014E+00 )
  6.310E-03  2.710E-01 ( 2.133E+00 )  1.968E-01 ( 2.506E+00 )  1.415E-01 ( 3.009E+00 )
  1.000E-02  2.710E-01 ( 2.133E+00 )  1.968E-01 ( 2.489E+00 )  1.415E-01 ( 3.001E+00 )
  1.585E-02  2.710E-01 ( 2.114E+00 )  1.968E-01 ( 2.470E+00 )  1.415E-01 ( 2.960E+00 )
  2.512E-02  2.710E-01 ( 2.085E+00 )  1.968E-01 ( 2.417E+00 )  1.415E-01 ( 2.870E+00 )
  3.981E-02  2.709E-01 ( 2.005E+00 )  1.968E-01 ( 2.293E+00 )  1.415E-01 ( 2.656E+00 )
  6.310E-02  2.708E-01 ( 1.834E+00 )  1.967E-01 ( 2.035E+00 )  1.414E-01 ( 2.253E+00 )
  1.000E-01  2.704E-01 ( 1.511E+00 )  1.966E-01 ( 1.587E+00 )  1.414E-01 ( 1.630E+00 )
  1.585E-01  2.694E-01 ( 1.048E+00 )  1.962E-01 ( 1.022E+00 )  1.413E-01 ( 9.611E-01 )
  2.512E-01  2.669E-01 ( 5.907E-01 )  1.953E-01 ( 5.374E-01 )  1.409E-01 ( 4.711E-01 )
  3.981E-01  2.609E-01 ( 2.782E-01 )  1.930E-01 ( 2.419E-01 )  1.401E-01 ( 2.038E-01 )
  6.310E-01  2.463E-01 ( 1.156E-01 )  1.873E-01 ( 9.855E-02 )  1.379E-01 ( 8.170E-02 )
  1.000E+00  2.133E-01 ( 4.414E-02 )  1.738E-01 ( 3.759E-02 )  1.328E-01 ( 3.116E-02 )
  1.585E+00  1.489E-01 ( 1.591E-02 )  1.441E-01 ( 1.371E-02 )  1.206E-01 ( 1.149E-02 )
  2.512E+00  6.147E-02 ( 5.507E-03 )  9.021E-02 ( 4.845E-03 )  9.483E-02 ( 4.140E-03 )
  3.981E+00  8.332E-03 ( 1.860E-03 )  2.841E-02 ( 1.676E-03 )  5.193E-02 ( 1.464E-03 )
  6.310E+00  8.103E-04 ( 6.172E-04 )  2.197E-03 ( 5.685E-04 )  1.172E-02 ( 5.084E-04 )
  1.000E+01  2.207E-04 ( 2.027E-04 )  2.298E-04 ( 1.900E-04 )  4.949E-04 ( 1.737E-04 )
  1.585E+01  6.615E-05 ( 6.383E-05 )  6.702E-05 ( 6.275E-05 )  6.727E-05 ( 5.847E-05 )
  2.512E+01  2.111E-05 ( 2.086E-05 )  2.040E-05 ( 1.984E-05 )  2.045E-05 ( 1.943E-05 )
  3.981E+01  6.890E-06 ( 6.855E-06 )  6.545E-06 ( 6.482E-06 )  6.314E-06 ( 6.177E-06 )
  6.310E+01  2.266E-06 ( 2.262E-06 )  2.136E-06 ( 2.127E-06 )  2.031E-06 ( 2.016E-06 )
  1.000E+02  7.492E-07 ( 7.486E-07 )  7.020E-07 ( 7.009E-07 )  6.628E-07 ( 6.607E-07 )
  1.585E+02  2.482E-07 ( 2.482E-07 )  2.318E-07 ( 2.317E-07 )  2.176E-07 ( 2.173E-07 )
  2.512E+02  8.239E-08 ( 8.239E-08 )  7.676E-08 ( 7.676E-08 )  7.178E-08 ( 7.175E-08 )
  3.981E+02  2.736E-08 ( 2.736E-08 )  2.549E-08 ( 2.549E-08 )  2.377E-08 ( 2.377E-08 )
  6.310E+02  9.080E-09 ( 9.080E-09 )  8.476E-09 ( 8.476E-09 )  7.895E-09 ( 7.895E-09 )
  1.000E+03  3.007E-09 ( 3.007E-09 )  2.820E-09 ( 2.820E-09 )  2.628E-09 ( 2.628E-09 )
  1.585E+03  9.935E-10 ( 9.935E-10 )  9.389E-10 ( 9.389E-10 )  8.781E-10 ( 8.781E-10 )
  2.512E+03  3.273E-10 ( 3.273E-10 )  3.123E-10 ( 3.123E-10 )  2.939E-10 ( 2.939E-10 )
  3.981E+03  1.079E-10 ( 1.079E-10 )  1.040E-10 ( 1.040E-10 )  9.870E-11 ( 9.870E-11 )
  6.310E+03  3.519E-11 ( 3.519E-11 )  3.469E-11 ( 3.469E-11 )  3.325E-11 ( 3.325E-11 )
  1.000E+04                           1.168E-11 ( 1.168E-11 )  1.127E-11 ( 1.127E-11 )
  1.585E+04                           3.929E-12 ( 3.929E-12 )  3.877E-12 ( 3.877E-12 )
  2.512E+04                                                    1.357E-12 ( 1.357E-12 )
  3.981E+04                                                    4.809E-13 ( 4.809E-13 )

T(K)                1.585E+05                3.162E+05                6.310E+05
RO/Debye            3.311E-02                2.344E-02                1.660E-02
width Stark         8.909E-02                7.099E-02                5.538E-02
width incl.Dop.     4.710E+00                6.585E+00                9.240E+00

  0.000E+00  1.010E-01 ( 3.713E+00 )  7.187E-02 ( 4.658E+00 )  5.099E-02 ( 5.928E+00 )
  2.512E-03  1.010E-01 ( 3.710E+00 )  7.187E-02 ( 4.657E+00 )  5.099E-02 ( 5.912E+00 )
  3.981E-03  1.010E-01 ( 3.706E+00 )  7.187E-02 ( 4.655E+00 )  5.099E-02 ( 5.916E+00 )
  6.310E-03  1.010E-01 ( 3.696E+00 )  7.187E-02 ( 4.625E+00 )  5.099E-02 ( 5.860E+00 )
  1.000E-02  1.010E-01 ( 3.670E+00 )  7.187E-02 ( 4.580E+00 )  5.099E-02 ( 5.731E+00 )
  1.585E-02  1.010E-01 ( 3.597E+00 )  7.187E-02 ( 4.432E+00 )  5.099E-02 ( 5.468E+00 )
  2.512E-02  1.010E-01 ( 3.433E+00 )  7.186E-02 ( 4.126E+00 )  5.099E-02 ( 4.893E+00 )
  3.981E-02  1.010E-01 ( 3.075E+00 )  7.186E-02 ( 3.508E+00 )  5.099E-02 ( 3.855E+00 )
  6.310E-02  1.010E-01 ( 2.444E+00 )  7.186E-02 ( 2.551E+00 )  5.099E-02 ( 2.522E+00 )
  1.000E-01  1.009E-01 ( 1.610E+00 )  7.185E-02 ( 1.513E+00 )  5.098E-02 ( 1.347E+00 )
  1.585E-01  1.009E-01 ( 8.657E-01 )  7.184E-02 ( 7.467E-01 )  5.098E-02 ( 6.202E-01 )
  2.512E-01  1.008E-01 ( 3.986E-01 )  7.179E-02 ( 3.272E-01 )  5.096E-02 ( 2.622E-01 )
  3.981E-01  1.005E-01 ( 1.670E-01 )  7.168E-02 ( 1.340E-01 )  5.092E-02 ( 1.057E-01 )
  6.310E-01  9.969E-02 ( 6.622E-02 )  7.140E-02 ( 5.273E-02 )  5.082E-02 ( 4.144E-02 )
  1.000E+00  9.778E-02 ( 2.528E-02 )  7.071E-02 ( 2.018E-02 )  5.057E-02 ( 1.590E-02 )
  1.585E+00  9.314E-02 ( 9.415E-03 )  6.900E-02 ( 7.572E-03 )  4.995E-02 ( 6.001E-03 )
  2.512E+00  8.243E-02 ( 3.442E-03 )  6.487E-02 ( 2.801E-03 )  4.843E-02 ( 2.241E-03 )
  3.981E+00  6.067E-02 ( 1.240E-03 )  5.557E-02 ( 1.024E-03 )  4.480E-02 ( 8.291E-04 )
  6.310E+00  2.816E-02 ( 4.403E-04 )  3.768E-02 ( 3.704E-04 )  3.685E-02 ( 3.041E-04 )
  1.000E+01  4.215E-03 ( 1.540E-04 )  1.424E-02 ( 1.322E-04 )  2.255E-02 ( 1.103E-04 )
  1.585E+01  1.029E-04 ( 5.300E-05 )  1.281E-03 ( 4.650E-05 )  6.588E-03 ( 3.955E-05 )
  2.512E+01  1.997E-05 ( 1.797E-05 )  2.292E-05 ( 1.612E-05 )  3.155E-04 ( 1.381E-05 )
  3.981E+01  6.248E-06 ( 6.005E-06 )  5.965E-06 ( 5.504E-06 )  5.852E-06 ( 4.814E-06 )
  6.310E+01  1.958E-06 ( 1.925E-06 )  1.879E-06 ( 1.819E-06 )  1.761E-06 ( 1.654E-06 )
  1.000E+02  6.313E-07 ( 6.274E-07 )  6.083E-07 ( 6.009E-07 )  5.745E-07 ( 5.608E-07 )
  1.585E+02  2.059E-07 ( 2.054E-07 )  1.966E-07 ( 1.956E-07 )  1.898E-07 ( 1.879E-07 )
  2.512E+02  6.752E-08 ( 6.745E-08 )  6.404E-08 ( 6.392E-08 )  6.128E-08 ( 6.103E-08 )
  3.981E+02  2.226E-08 ( 2.226E-08 )  2.100E-08 ( 2.098E-08 )  1.996E-08 ( 1.993E-08 )
  6.310E+02  7.365E-09 ( 7.365E-09 )  6.919E-09 ( 6.919E-09 )  6.541E-09 ( 6.537E-09 )
  1.000E+03  2.448E-09 ( 2.448E-09 )  2.289E-09 ( 2.289E-09 )  2.156E-09 ( 2.156E-09 )
  1.585E+03  8.175E-10 ( 8.175E-10 )  7.638E-10 ( 7.638E-10 )  7.144E-10 ( 7.144E-10 )
  2.512E+03  2.738E-10 ( 2.738E-10 )  2.550E-10 ( 2.550E-10 )  2.382E-10 ( 2.382E-10 )
  3.981E+03  9.233E-11 ( 9.233E-11 )  8.587E-11 ( 8.587E-11 )  8.014E-11 ( 8.014E-11 )
  6.310E+03  3.133E-11 ( 3.133E-11 )  2.924E-11 ( 2.924E-11 )  2.717E-11 ( 2.717E-11 )
  1.000E+04  1.071E-11 ( 1.071E-11 )  1.003E-11 ( 1.003E-11 )  9.379E-12 ( 9.379E-12 )
  1.585E+04  3.715E-12 ( 3.715E-12 )  3.501E-12 ( 3.501E-12 )  3.264E-12 ( 3.264E-12 )
  2.512E+04  1.308E-12 ( 1.308E-12 )  1.245E-12 ( 1.245E-12 )  1.166E-12 ( 1.166E-12 )
  3.981E+04  4.710E-13 ( 4.710E-13 )  4.492E-13 ( 4.492E-13 )  4.198E-13 ( 4.198E-13 )

T(K)                1.259E+06
RO/Debye            1.175E-02
width Stark         4.273E-02
width incl.Dop.     1.313E+01

  0.000E+00  3.615E-02 ( 7.628E+00 )
  2.512E-03  3.615E-02 ( 7.611E+00 )
  3.981E-03  3.615E-02 ( 7.557E+00 )
  6.310E-03  3.615E-02 ( 7.476E+00 )
  1.000E-02  3.615E-02 ( 7.228E+00 )
  1.585E-02  3.615E-02 ( 6.683E+00 )
  2.512E-02  3.615E-02 ( 5.632E+00 )
  3.981E-02  3.615E-02 ( 4.024E+00 )
  6.310E-02  3.615E-02 ( 2.347E+00 )
  1.000E-01  3.615E-02 ( 1.144E+00 )
  1.585E-01  3.615E-02 ( 5.000E-01 )
  2.512E-01  3.614E-02 ( 2.059E-01 )
  3.981E-01  3.613E-02 ( 8.229E-02 )
  6.310E-01  3.609E-02 ( 3.219E-02 )
  1.000E+00  3.600E-02 ( 1.239E-02 )
  1.585E+00  3.578E-02 ( 4.704E-03 )
  2.512E+00  3.523E-02 ( 1.768E-03 )
  3.981E+00  3.388E-02 ( 6.602E-04 )
  6.310E+00  3.071E-02 ( 2.448E-04 )
  1.000E+01  2.400E-02 ( 9.003E-05 )
  1.585E+01  1.292E-02 ( 3.244E-05 )
  2.512E+01  2.734E-03 ( 1.166E-05 )
  3.981E+01  6.046E-05 ( 4.147E-06 )
  6.310E+01  1.661E-06 ( 1.455E-06 )
  1.000E+02  5.290E-07 ( 5.041E-07 )
  1.585E+02  1.756E-07 ( 1.723E-07 )
  2.512E+02  5.858E-08 ( 5.814E-08 )
  3.981E+02  1.946E-08 ( 1.940E-08 )
  6.310E+02  6.238E-09 ( 6.230E-09 )
  1.000E+03  2.040E-09 ( 2.039E-09 )
  1.585E+03  6.736E-10 ( 6.736E-10 )
  2.512E+03  2.235E-10 ( 2.235E-10 )
  3.981E+03  7.537E-11 ( 7.537E-11 )
  6.310E+03  2.532E-11 ( 2.532E-11 )
  1.000E+04  8.756E-12 ( 8.756E-12 )
  1.585E+04  3.023E-12 ( 3.023E-12 )
  2.512E+04  1.091E-12 ( 1.091E-12 )
  3.981E+04  3.915E-13 ( 3.915E-13 )
