           N LOWER =  3  N UPPER=  7  WAVELENGTH (angstroms)= 10052.19
                electronic density(1/cm**3)       3.162E+14
                conversion factor for wlengths=f0 5.808E+00
                wings factor                  =   4.001E-01

T(K)                2.500E+03                5.000E+03                1.000E+04
RO/Debye            4.689E-01                3.315E-01                2.344E-01
width Stark         1.225E+00                1.261E+00                1.271E+00
width incl.Dop.     1.225E+00                1.261E+00                1.271E+00

  0.000E+00  3.214E-01 ( 3.214E-01 )  3.142E-01 ( 3.142E-01 )  3.133E-01 ( 3.133E-01 )
  6.310E-02  3.208E-01 ( 3.208E-01 )  3.137E-01 ( 3.137E-01 )  3.131E-01 ( 3.131E-01 )
  1.000E-01  3.198E-01 ( 3.198E-01 )  3.130E-01 ( 3.130E-01 )  3.125E-01 ( 3.125E-01 )
  1.585E-01  3.174E-01 ( 3.174E-01 )  3.111E-01 ( 3.111E-01 )  3.109E-01 ( 3.109E-01 )
  2.512E-01  3.113E-01 ( 3.113E-01 )  3.058E-01 ( 3.058E-01 )  3.062E-01 ( 3.062E-01 )
  3.981E-01  2.957E-01 ( 2.957E-01 )  2.920E-01 ( 2.920E-01 )  2.929E-01 ( 2.929E-01 )
  6.310E-01  2.597E-01 ( 2.597E-01 )  2.583E-01 ( 2.583E-01 )  2.595E-01 ( 2.595E-01 )
  1.000E+00  1.931E-01 ( 1.931E-01 )  1.945E-01 ( 1.945E-01 )  1.959E-01 ( 1.959E-01 )
  1.585E+00  1.089E-01 ( 1.089E-01 )  1.108E-01 ( 1.108E-01 )  1.111E-01 ( 1.111E-01 )
  2.512E+00  4.481E-02 ( 4.481E-02 )  4.526E-02 ( 4.526E-02 )  4.464E-02 ( 4.464E-02 )
  3.981E+00  1.498E-02 ( 1.498E-02 )  1.495E-02 ( 1.495E-02 )  1.455E-02 ( 1.455E-02 )
  6.310E+00  4.683E-03 ( 4.683E-03 )  4.639E-03 ( 4.639E-03 )  4.504E-03 ( 4.504E-03 )
  1.000E+01  1.433E-03 ( 1.433E-03 )  1.423E-03 ( 1.423E-03 )  1.392E-03 ( 1.392E-03 )
  1.585E+01  4.190E-04 ( 4.190E-04 )  4.366E-04 ( 4.366E-04 )  4.320E-04 ( 4.320E-04 )
  2.512E+01  1.303E-04 ( 1.303E-04 )  1.353E-04 ( 1.353E-04 )  1.304E-04 ( 1.304E-04 )
  3.981E+01  4.077E-05 ( 4.077E-05 )  4.163E-05 ( 4.163E-05 )  4.081E-05 ( 4.081E-05 )
  6.310E+01  1.293E-05 ( 1.293E-05 )  1.316E-05 ( 1.316E-05 )  1.293E-05 ( 1.293E-05 )
  1.000E+02  4.122E-06 ( 4.122E-06 )  4.123E-06 ( 4.123E-06 )  4.123E-06 ( 4.123E-06 )
  1.585E+02                          1.323E-06 ( 1.323E-06 )

T(K)                1.995E+04                3.981E+04                7.943E+04
RO/Debye            1.660E-01                1.175E-01                8.318E-02
width Stark         1.260E+00                1.236E+00                1.201E+00
width incl.Dop.     1.260E+00                1.241E+00                1.212E+00

  0.000E+00  3.174E-01 ( 3.174E-01 )  3.246E-01 ( 3.250E-01 )  3.341E-01 ( 3.356E-01 )
  6.310E-02  3.172E-01 ( 3.172E-01 )  3.243E-01 ( 3.250E-01 )  3.336E-01 ( 3.357E-01 )
  1.000E-01  3.168E-01 ( 3.168E-01 )  3.237E-01 ( 3.247E-01 )  3.327E-01 ( 3.355E-01 )
  1.585E-01  3.154E-01 ( 3.154E-01 )  3.221E-01 ( 3.234E-01 )  3.305E-01 ( 3.343E-01 )
  2.512E-01  3.109E-01 ( 3.109E-01 )  3.170E-01 ( 3.188E-01 )  3.246E-01 ( 3.290E-01 )
  3.981E-01  2.972E-01 ( 2.972E-01 )  3.021E-01 ( 3.037E-01 )  3.087E-01 ( 3.117E-01 )
  6.310E-01  2.626E-01 ( 2.626E-01 )  2.661E-01 ( 2.667E-01 )  2.709E-01 ( 2.719E-01 )
  1.000E+00  1.973E-01 ( 1.973E-01 )  1.995E-01 ( 1.987E-01 )  2.009E-01 ( 2.000E-01 )
  1.585E+00  1.104E-01 ( 1.104E-01 )  1.093E-01 ( 1.088E-01 )  1.077E-01 ( 1.063E-01 )
  2.512E+00  4.333E-02 ( 4.333E-02 )  4.180E-02 ( 4.158E-02 )  3.999E-02 ( 3.948E-02 )
  3.981E+00  1.391E-02 ( 1.391E-02 )  1.317E-02 ( 1.313E-02 )  1.240E-02 ( 1.232E-02 )
  6.310E+00  4.297E-03 ( 4.297E-03 )  4.049E-03 ( 4.044E-03 )  3.790E-03 ( 3.781E-03 )
  1.000E+01  1.339E-03 ( 1.339E-03 )  1.270E-03 ( 1.269E-03 )  1.191E-03 ( 1.190E-03 )
  1.585E+01  4.212E-04 ( 4.212E-04 )  4.041E-04 ( 4.040E-04 )  3.829E-04 ( 3.827E-04 )
  2.512E+01  1.308E-04 ( 1.308E-04 )  1.276E-04 ( 1.276E-04 )  1.221E-04 ( 1.220E-04 )
  3.981E+01  4.081E-05 ( 4.081E-05 )  4.111E-05 ( 4.111E-05 )  3.981E-05 ( 3.981E-05 )
  6.310E+01  1.293E-05 ( 1.293E-05 )  1.293E-05 ( 1.293E-05 )  1.293E-05 ( 1.293E-05 )
  1.000E+02  4.123E-06 ( 4.123E-06 )  4.124E-06 ( 4.124E-06 )  4.124E-06 ( 4.124E-06 )

T(K)                1.585E+05                3.162E+05                6.310E+05
RO/Debye            5.889E-02                4.169E-02                2.951E-02
width Stark         1.157E+00                1.099E+00                1.018E+00
width incl.Dop.     1.186E+00                1.171E+00                1.184E+00

  0.000E+00  3.434E-01 ( 3.488E-01 )  3.499E-01 ( 3.654E-01 )  3.496E-01 ( 3.867E-01 )
  6.310E-02  3.427E-01 ( 3.491E-01 )  3.491E-01 ( 3.657E-01 )  3.488E-01 ( 3.873E-01 )
  1.000E-01  3.416E-01 ( 3.490E-01 )  3.479E-01 ( 3.657E-01 )  3.476E-01 ( 3.872E-01 )
  1.585E-01  3.389E-01 ( 3.477E-01 )  3.450E-01 ( 3.640E-01 )  3.447E-01 ( 3.847E-01 )
  2.512E-01  3.320E-01 ( 3.412E-01 )  3.376E-01 ( 3.557E-01 )  3.376E-01 ( 3.740E-01 )
  3.981E-01  3.150E-01 ( 3.211E-01 )  3.199E-01 ( 3.325E-01 )  3.204E-01 ( 3.471E-01 )
  6.310E-01  2.760E-01 ( 2.782E-01 )  2.801E-01 ( 2.857E-01 )  2.815E-01 ( 2.942E-01 )
  1.000E+00  2.023E-01 ( 2.008E-01 )  2.040E-01 ( 2.001E-01 )  2.064E-01 ( 1.969E-01 )
  1.585E+00  1.058E-01 ( 1.027E-01 )  1.046E-01 ( 9.777E-02 )  1.060E-01 ( 9.149E-02 )
  2.512E+00  3.822E-02 ( 3.720E-02 )  3.679E-02 ( 3.477E-02 )  3.612E-02 ( 3.213E-02 )
  3.981E+00  1.167E-02 ( 1.153E-02 )  1.107E-02 ( 1.078E-02 )  1.062E-02 ( 1.008E-02 )
  6.310E+00  3.547E-03 ( 3.530E-03 )  3.341E-03 ( 3.309E-03 )  3.171E-03 ( 3.109E-03 )
  1.000E+01  1.115E-03 ( 1.113E-03 )  1.005E-03 ( 1.001E-03 )  9.449E-04 ( 9.370E-04 )
  1.585E+01  3.586E-04 ( 3.584E-04 )  3.264E-04 ( 3.260E-04 )  3.047E-04 ( 3.039E-04 )
  2.512E+01  1.150E-04 ( 1.150E-04 )  1.074E-04 ( 1.074E-04 )  1.001E-04 ( 9.997E-05 )
  3.981E+01  3.787E-05 ( 3.787E-05 )  3.556E-05 ( 3.555E-05 )  3.315E-05 ( 3.313E-05 )
  6.310E+01  1.244E-05 ( 1.244E-05 )  1.178E-05 ( 1.178E-05 )  1.102E-05 ( 1.102E-05 )
  1.000E+02  4.076E-06 ( 4.076E-06 )  3.898E-06 ( 3.898E-06 )  3.672E-06 ( 3.672E-06 )
  1.585E+02  1.332E-06 ( 1.332E-06 )  1.289E-06 ( 1.289E-06 )  1.226E-06 ( 1.226E-06 )
  2.512E+02  4.283E-07 ( 4.283E-07 )  4.266E-07 ( 4.266E-07 )  4.100E-07 ( 4.100E-07 )
  3.981E+02  1.404E-07 ( 1.404E-07 )  1.419E-07 ( 1.419E-07 )  1.377E-07 ( 1.377E-07 )
  6.310E+02                           4.674E-08 ( 4.674E-08 )  4.669E-08 ( 4.669E-08 )
  1.000E+03                           1.589E-08 ( 1.589E-08 )  1.589E-08 ( 1.589E-08 )

T(K)                1.259E+06
RO/Debye            2.089E-02
width Stark         9.393E-01
width incl.Dop.     1.253E+00

  0.000E+00  3.357E-01 ( 4.162E-01 )
  3.981E-02  3.355E-01 ( 4.166E-01 )
  6.310E-02  3.351E-01 ( 4.168E-01 )
  1.000E-01  3.341E-01 ( 4.164E-01 )
  1.585E-01  3.316E-01 ( 4.125E-01 )
  2.512E-01  3.255E-01 ( 3.985E-01 )
  3.981E-01  3.107E-01 ( 3.664E-01 )
  6.310E-01  2.770E-01 ( 3.023E-01 )
  1.000E+00  2.098E-01 ( 1.899E-01 )
  1.585E+00  1.128E-01 ( 8.378E-02 )
  2.512E+00  3.757E-02 ( 2.934E-02 )
  3.981E+00  1.041E-02 ( 9.367E-03 )
  6.310E+00  3.044E-03 ( 2.925E-03 )
  1.000E+01  8.978E-04 ( 8.827E-04 )
  1.585E+01  2.861E-04 ( 2.846E-04 )
  2.512E+01  9.346E-05 ( 9.324E-05 )
  3.981E+01  3.087E-05 ( 3.084E-05 )
  6.310E+01  1.026E-05 ( 1.026E-05 )
  1.000E+02  3.430E-06 ( 3.430E-06 )
  1.585E+02  1.150E-06 ( 1.150E-06 )
  2.512E+02  3.873E-07 ( 3.873E-07 )
  3.981E+02  1.313E-07 ( 1.313E-07 )
  6.310E+02  4.491E-08 ( 4.491E-08 )
  1.000E+03  1.558E-08 ( 1.558E-08 )
  1.585E+03  5.505E-09 ( 5.505E-09 )
  2.512E+03  1.981E-09 ( 1.981E-09 )
  3.981E+03  7.268E-10 ( 7.268E-10 )
