           N LOWER =  2  N UPPER=  6  WAVELENGTH (angstroms)=  4102.94
                electronic density(1/cm**3)       3.162E+16
                conversion factor for wlengths=f0 1.251E+02
                wings factor                  =   1.944E-02

T(K)                                         5.000E+03                1.000E+04
RO/Debye                                     7.143E-01                5.051E-01
width Stark                                  1.667E-01                1.813E-01
width incl.Dop.                              1.667E-01                1.813E-01

  0.000E+00                           2.361E+00 ( 2.361E+00 )  2.221E+00 ( 2.221E+00 )
  2.512E-02                           2.314E+00 ( 2.314E+00 )  2.186E+00 ( 2.186E+00 )
  3.981E-02                           2.252E+00 ( 2.252E+00 )  2.139E+00 ( 2.139E+00 )
  6.310E-02                           2.106E+00 ( 2.106E+00 )  2.023E+00 ( 2.023E+00 )
  1.000E-01                           1.787E+00 ( 1.787E+00 )  1.756E+00 ( 1.756E+00 )
  1.585E-01                           1.235E+00 ( 1.235E+00 )  1.259E+00 ( 1.259E+00 )
  2.512E-01                           6.216E-01 ( 6.216E-01 )  6.548E-01 ( 6.548E-01 )
  3.981E-01                           2.309E-01 ( 2.309E-01 )  2.439E-01 ( 2.439E-01 )
  6.310E-01                           7.344E-02 ( 7.344E-02 )  7.626E-02 ( 7.626E-02 )
  1.000E+00                           2.292E-02 ( 2.292E-02 )  2.324E-02 ( 2.324E-02 )
  1.585E+00                           6.674E-03 ( 6.674E-03 )  6.712E-03 ( 6.712E-03 )
  2.512E+00                           2.082E-03 ( 2.082E-03 )  2.089E-03 ( 2.089E-03 )
  3.981E+00                           6.584E-04 ( 6.584E-04 )  6.596E-04 ( 6.596E-04 )
  6.310E+00                           2.135E-04 ( 2.135E-04 )  2.138E-04 ( 2.138E-04 )
  1.000E+01                           7.044E-05 ( 7.044E-05 )  7.049E-05 ( 7.049E-05 )
  1.585E+01                           2.372E-05 ( 2.372E-05 )  2.373E-05 ( 2.373E-05 )

T(K)                1.995E+04                3.981E+04                7.943E+04
RO/Debye            3.576E-01                2.531E-01                1.792E-01
width Stark         1.890E-01                1.916E-01                1.901E-01
width incl.Dop.     1.890E-01                1.916E-01                1.901E-01

  0.000E+00  2.146E+00 ( 2.146E+00 )  2.121E+00 ( 2.121E+00 )  2.136E+00 ( 2.136E+00 )
  1.000E-02  2.140E+00 ( 2.140E+00 )  2.116E+00 ( 2.116E+00 )  2.133E+00 ( 2.133E+00 )
  1.585E-02  2.134E+00 ( 2.134E+00 )  2.111E+00 ( 2.111E+00 )  2.128E+00 ( 2.128E+00 )
  2.512E-02  2.118E+00 ( 2.118E+00 )  2.097E+00 ( 2.097E+00 )  2.117E+00 ( 2.117E+00 )
  3.981E-02  2.079E+00 ( 2.079E+00 )  2.063E+00 ( 2.063E+00 )  2.084E+00 ( 2.084E+00 )
  6.310E-02  1.979E+00 ( 1.979E+00 )  1.968E+00 ( 1.968E+00 )  1.989E+00 ( 1.989E+00 )
  1.000E-01  1.737E+00 ( 1.737E+00 )  1.732E+00 ( 1.732E+00 )  1.744E+00 ( 1.744E+00 )
  1.585E-01  1.269E+00 ( 1.269E+00 )  1.273E+00 ( 1.273E+00 )  1.274E+00 ( 1.274E+00 )
  2.512E-01  6.728E-01 ( 6.728E-01 )  6.776E-01 ( 6.776E-01 )  6.705E-01 ( 6.705E-01 )
  3.981E-01  2.506E-01 ( 2.506E-01 )  2.511E-01 ( 2.511E-01 )  2.455E-01 ( 2.455E-01 )
  6.310E-01  7.760E-02 ( 7.760E-02 )  7.743E-02 ( 7.743E-02 )  7.561E-02 ( 7.561E-02 )
  1.000E+00  2.337E-02 ( 2.337E-02 )  2.326E-02 ( 2.326E-02 )  2.283E-02 ( 2.283E-02 )
  1.585E+00  6.734E-03 ( 6.734E-03 )  7.045E-03 ( 7.045E-03 )  6.985E-03 ( 6.985E-03 )
  2.512E+00  2.092E-03 ( 2.092E-03 )  2.095E-03 ( 2.095E-03 )  2.096E-03 ( 2.096E-03 )
  3.981E+00  6.602E-04 ( 6.602E-04 )  6.646E-04 ( 6.646E-04 )  6.607E-04 ( 6.607E-04 )
  6.310E+00  2.139E-04 ( 2.139E-04 )  2.140E-04 ( 2.140E-04 )  2.140E-04 ( 2.140E-04 )
  1.000E+01  7.053E-05 ( 7.053E-05 )  7.054E-05 ( 7.054E-05 )  7.056E-05 ( 7.056E-05 )
  1.585E+01  2.374E-05 ( 2.374E-05 )  2.375E-05 ( 2.375E-05 )  2.375E-05 ( 2.375E-05 )

T(K)                1.585E+05                3.162E+05                6.310E+05
RO/Debye            1.269E-01                8.982E-02                6.358E-02
width Stark         1.859E-01                1.798E-01                1.723E-01
width incl.Dop.     1.859E-01                1.798E-01                1.723E-01

  0.000E+00  2.181E+00 ( 2.181E+00 )  2.250E+00 ( 2.250E+00 )  2.336E+00 ( 2.336E+00 )
  1.000E-02  2.180E+00 ( 2.180E+00 )  2.250E+00 ( 2.250E+00 )  2.338E+00 ( 2.338E+00 )
  1.585E-02  2.176E+00 ( 2.176E+00 )  2.248E+00 ( 2.248E+00 )  2.338E+00 ( 2.338E+00 )
  2.512E-02  2.166E+00 ( 2.166E+00 )  2.240E+00 ( 2.240E+00 )  2.332E+00 ( 2.332E+00 )
  3.981E-02  2.134E+00 ( 2.134E+00 )  2.206E+00 ( 2.206E+00 )  2.292E+00 ( 2.292E+00 )
  6.310E-02  2.030E+00 ( 2.030E+00 )  2.086E+00 ( 2.086E+00 )  2.149E+00 ( 2.149E+00 )
  1.000E-01  1.764E+00 ( 1.764E+00 )  1.793E+00 ( 1.793E+00 )  1.827E+00 ( 1.827E+00 )
  1.585E-01  1.273E+00 ( 1.273E+00 )  1.271E+00 ( 1.271E+00 )  1.267E+00 ( 1.267E+00 )
  2.512E-01  6.562E-01 ( 6.562E-01 )  6.357E-01 ( 6.357E-01 )  6.107E-01 ( 6.107E-01 )
  3.981E-01  2.359E-01 ( 2.359E-01 )  2.234E-01 ( 2.234E-01 )  2.097E-01 ( 2.097E-01 )
  6.310E-01  7.244E-02 ( 7.244E-02 )  6.835E-02 ( 6.835E-02 )  6.388E-02 ( 6.388E-02 )
  1.000E+00  2.205E-02 ( 2.205E-02 )  2.095E-02 ( 2.095E-02 )  1.967E-02 ( 1.967E-02 )
  1.585E+00  6.832E-03 ( 6.832E-03 )  6.578E-03 ( 6.578E-03 )  6.251E-03 ( 6.251E-03 )
  2.512E+00  2.151E-03 ( 2.151E-03 )  2.098E-03 ( 2.098E-03 )  2.018E-03 ( 2.018E-03 )
  3.981E+00  6.607E-04 ( 6.607E-04 )  6.675E-04 ( 6.675E-04 )  6.490E-04 ( 6.490E-04 )
  6.310E+00  2.140E-04 ( 2.140E-04 )  2.140E-04 ( 2.140E-04 )
  1.000E+01  7.056E-05 ( 7.056E-05 )  7.056E-05 ( 7.056E-05 )
  1.585E+01  2.375E-05 ( 2.375E-05 )  2.375E-05 ( 2.375E-05 )

T(K)                1.259E+06
RO/Debye            4.501E-02
width Stark         1.634E-01
width incl.Dop.     1.634E-01

  0.000E+00  2.437E+00 ( 2.437E+00 )
  1.000E-02  2.442E+00 ( 2.442E+00 )
  1.585E-02  2.445E+00 ( 2.445E+00 )
  2.512E-02  2.440E+00 ( 2.440E+00 )
  3.981E-02  2.387E+00 ( 2.387E+00 )
  6.310E-02  2.216E+00 ( 2.216E+00 )
  1.000E-01  1.864E+00 ( 1.864E+00 )
  1.585E-01  1.258E+00 ( 1.258E+00 )
  2.512E-01  5.820E-01 ( 5.820E-01 )
  3.981E-01  1.956E-01 ( 1.956E-01 )
  6.310E-01  5.951E-02 ( 5.951E-02 )
  1.000E+00  1.839E-02 ( 1.839E-02 )
  1.585E+00  5.860E-03 ( 5.860E-03 )
  2.512E+00  1.906E-03 ( 1.906E-03 )
  3.981E+00  6.199E-04 ( 6.199E-04 )
  6.310E+00  2.072E-04 ( 2.072E-04 )
  1.000E+01  6.988E-05 ( 6.988E-05 )
  1.585E+01  2.387E-05 ( 2.387E-05 )
  2.512E+01  8.186E-06 ( 8.186E-06 )
  3.981E+01  2.897E-06 ( 2.897E-06 )
