 -1.0000000E-03   5.683236    
 -9.9799817E-04   5.500025    
 -9.9599606E-04   5.144389    
 -9.9399406E-04   4.905802    
 -9.9199207E-04   4.964159    
 -9.8999008E-04   5.294496    
 -9.8798808E-04   5.730781    
 -9.8598609E-04   6.059970    
 -9.8398409E-04   6.136868    
 -9.8198210E-04   5.924818    
 -9.7998010E-04   5.511126    
 -9.7797811E-04   5.082058    
 -9.7597600E-04   4.851373    
 -9.7397406E-04   4.972289    
 -9.7197207E-04   5.444149    
 -9.6997002E-04   6.099469    
 -9.6796808E-04   6.683427    
 -9.6596603E-04   6.999778    
 -9.6396403E-04   7.026783    
 -9.6196210E-04   6.898391    
 -9.5995999E-04   6.804089    
 -9.5795805E-04   6.835326    
 -9.5595611E-04   6.947251    
 -9.5395400E-04   7.031660    
 -9.5195207E-04   7.052629    
 -9.4995002E-04   7.118119    
 -9.4794802E-04   7.413694    
 -9.4594609E-04   8.056856    
 -9.4394403E-04   8.975842    
 -9.4194204E-04   9.918389    
 -9.3993999E-04   10.59388    
 -9.3793799E-04   10.84056    
 -9.3593606E-04   10.71468    
 -9.3393400E-04   10.42639    
 -9.3193201E-04   10.20953    
 -9.2993007E-04   10.19508    
 -9.2792802E-04   10.36691    
 -9.2592603E-04   10.62371    
 -9.2392397E-04   10.85436    
 -9.2192198E-04   11.00492    
 -9.1992004E-04   11.07058    
 -9.1791799E-04   11.08266    
 -9.1591600E-04   11.06369    
 -9.1391394E-04   11.03078    
 -9.1191201E-04   10.99202    
 -9.0991001E-04   10.96697    
 -9.0790796E-04   10.96476    
 -9.0590597E-04   10.97688    
 -9.0390403E-04   10.96332    
 -9.0190198E-04   10.85531    
 -8.9989998E-04   10.58984    
 -8.9789793E-04   10.14718    
 -8.9589600E-04   9.580821    
 -8.9389400E-04   8.994678    
 -8.9189195E-04   8.479897    
 -8.8988995E-04   8.068521    
 -8.8788802E-04   7.713469    
 -8.8588597E-04   7.351828    
 -8.8388397E-04   6.992655    
 -8.8188192E-04   6.772037    
 -8.7987998E-04   6.892033    
 -8.7787799E-04   7.503501    
 -8.7587594E-04   8.556545    
 -8.7387394E-04   9.768640    
 -8.7187201E-04   10.74809    
 -8.6986995E-04   11.18394    
 -8.6786796E-04   11.00481    
 -8.6586591E-04   10.38266    
 -8.6386397E-04   9.602381    
 -8.6186186E-04   8.893141    
 -8.5985992E-04   8.333523    
 -8.5785793E-04   7.883876    
 -8.5585588E-04   7.487060    
 -8.5385394E-04   7.137733    
 -8.5185195E-04   6.881383    
 -8.4984989E-04   6.757447    
 -8.4784796E-04   6.757558    
 -8.4584596E-04   6.856118    
 -8.4384391E-04   7.054106    
 -8.4184197E-04   7.400602    
 -8.3983986E-04   7.936312    
 -8.3783793E-04   8.628777    
 -8.3583593E-04   9.338650    
 -8.3383388E-04   9.877975    
 -8.3183195E-04   10.11326    
 -8.2982989E-04   10.04798    
 -8.2782790E-04   9.829682    
 -8.2582590E-04   9.644904    
 -8.2382391E-04   9.656669    
 -8.2182192E-04   9.930530    
 -8.1981992E-04   10.45957    
 -8.1781787E-04   11.16679    
 -8.1581593E-04   11.93091    
 -8.1381388E-04   12.59828    
 -8.1181189E-04   13.02320    
 -8.0980989E-04   13.12500    
 -8.0780784E-04   12.93954    
 -8.0580590E-04   12.60785    
 -8.0380391E-04   12.28866    
 -8.0180186E-04   12.05814    
 -7.9979986E-04   11.89556    
 -7.9779787E-04   11.74613    
 -7.9579587E-04   11.62177    
 -7.9379388E-04   11.65590    
 -7.9179183E-04   12.01544    
 -7.8978989E-04   12.76879    
 -7.8778784E-04   13.79192    
 -7.8578584E-04   14.82590    
 -7.8378391E-04   15.61857    
 -7.8178186E-04   16.09377    
 -7.7977986E-04   16.38121    
 -7.7777787E-04   16.68353    
 -7.7577581E-04   17.12164    
 -7.7377388E-04   17.62624    
 -7.7177183E-04   18.00315    
 -7.6976983E-04   18.08416    
 -7.6776784E-04   17.86277    
 -7.6576584E-04   17.51402    
 -7.6376385E-04   17.28184    
 -7.6176180E-04   17.32723    
 -7.5975980E-04   17.66692    
 -7.5775781E-04   18.18646    
 -7.5575581E-04   18.76087    
 -7.5375382E-04   19.35173    
 -7.5175177E-04   19.99703    
 -7.4974983E-04   20.72717    
 -7.4774784E-04   21.44899    
 -7.4574584E-04   21.90675    
 -7.4374385E-04   21.81272    
 -7.4174179E-04   21.06301    
 -7.3973980E-04   19.90918    
 -7.3773781E-04   18.91203    
 -7.3573581E-04   18.68229    
 -7.3373382E-04   19.47356    
 -7.3173176E-04   20.96735    
 -7.2972977E-04   22.40038    
 -7.2772783E-04   23.02296    
 -7.2572578E-04   22.59394    
 -7.2372379E-04   21.54747    
 -7.2172179E-04   20.69204    
 -7.1971974E-04   20.62697    
 -7.1771780E-04   21.32482    
 -7.1571581E-04   22.17230    
 -7.1371376E-04   22.47024    
 -7.1171182E-04   21.99608    
 -7.0970977E-04   21.17231    
 -7.0770778E-04   20.72578    
 -7.0570578E-04   21.12763    
 -7.0370373E-04   22.24019    
 -7.0170179E-04   23.48712    
 -6.9969974E-04   24.36199    
 -6.9769775E-04   24.82736    
 -6.9569581E-04   25.29881    
 -6.9369370E-04   26.22210    
 -6.9169176E-04   27.65853    
 -6.8968977E-04   29.22424    
 -6.8768772E-04   30.42670    
 -6.8568578E-04   31.07670    
 -6.8368373E-04   31.41005    
 -6.8168173E-04   31.84081    
 -6.7967980E-04   32.58319    
 -6.7767769E-04   33.52102    
 -6.7567575E-04   34.40167    
 -6.7367376E-04   35.13577    
 -6.7167170E-04   35.87535    
 -6.6966977E-04   36.77641    
 -6.6766771E-04   37.68412    
 -6.6566572E-04   38.10691    
 -6.6366373E-04   37.57748    
 -6.6166167E-04   36.10809    
 -6.5965974E-04   34.35152    
 -6.5765769E-04   33.22710    
 -6.5565569E-04   33.30672    
 -6.5365370E-04   34.44241    
 -6.5165170E-04   35.93777    
 -6.4964971E-04   37.10659    
 -6.4764777E-04   37.74091    
 -6.4564572E-04   38.09513    
 -6.4364373E-04   38.48243    
 -6.4164173E-04   38.89211    
 -6.3963968E-04   39.01024    
 -6.3763774E-04   38.62196    
 -6.3563569E-04   37.99825    
 -6.3363370E-04   37.82280    
 -6.3163170E-04   38.70942    
 -6.2962971E-04   40.67377    
 -6.2762771E-04   43.05818    
 -6.2562566E-04   45.00576    
 -6.2362367E-04   46.07124    
 -6.2162167E-04   46.48838    
 -6.1961968E-04   46.85545    
 -6.1761768E-04   47.58149    
 -6.1561569E-04   48.54328    
 -6.1361369E-04   49.29453    
 -6.1161170E-04   49.56142    
 -6.0960965E-04   49.58588    
 -6.0760765E-04   49.97821    
 -6.0560566E-04   51.23962    
 -6.0360366E-04   53.34995    
 -6.0160167E-04   55.80103    
 -5.9959962E-04   58.03064    
 -5.9759768E-04   59.84393    
 -5.9559563E-04   61.51394    
 -5.9359364E-04   63.46879    
 -5.9159164E-04   65.93950    
 -5.8958959E-04   68.73577    
 -5.8758765E-04   71.40218    
 -5.8558560E-04   73.46123    
 -5.8358361E-04   74.63428    
 -5.8158167E-04   74.90842    
 -5.7957962E-04   74.52237    
 -5.7757762E-04   73.97403    
 -5.7557563E-04   73.90735    
 -5.7357363E-04   74.83192    
 -5.7157158E-04   76.74166    
 -5.6956959E-04   78.93005    
 -5.6756765E-04   80.23885    
 -5.6556566E-04   79.71512    
 -5.6356360E-04   77.30348    
 -5.6156161E-04   73.95142    
 -5.5955962E-04   71.07748    
 -5.5755756E-04   69.68900    
 -5.5555563E-04   69.82965    
 -5.5355357E-04   70.76700    
 -5.5155164E-04   71.72103    
 -5.4954959E-04   72.48713    
 -5.4754759E-04   73.44298    
 -5.4554560E-04   74.97437    
 -5.4354360E-04   76.90357    
 -5.4154155E-04   78.42835    
 -5.3953961E-04   78.72301    
 -5.3753756E-04   77.57369    
 -5.3553557E-04   75.58387    
 -5.3353363E-04   73.69727    
 -5.3153158E-04   72.49606    
 -5.2952959E-04   71.90645    
 -5.2752759E-04   71.50935    
 -5.2552560E-04   71.12622    
 -5.2352354E-04   71.12840    
 -5.2152161E-04   72.14682    
 -5.1951956E-04   74.47131    
 -5.1751756E-04   77.71786    
 -5.1551557E-04   80.99717    
 -5.1351357E-04   83.48718    
 -5.1151158E-04   84.83247    
 -5.0950953E-04   85.11732    
 -5.0750753E-04   84.51908    
 -5.0550560E-04   83.09772    
 -5.0350348E-04   80.89771    
 -5.0150155E-04   78.25594    
 -4.9949955E-04   75.84505    
 -4.9749750E-04   74.33697    
 -4.9549557E-04   73.92786    
 -4.9349351E-04   74.23613    
 -4.9149158E-04   74.70964    
 -4.8948952E-04   75.28791    
 -4.8748756E-04   76.60298    
 -4.8548554E-04   79.47507    
 -4.8348351E-04   84.06338    
 -4.8148152E-04   89.40201    
 -4.7947955E-04   93.86650    
 -4.7747753E-04   96.24507    
 -4.7547551E-04   96.61622    
 -4.7347351E-04   96.29005    
 -4.7147155E-04   96.80208    
 -4.6946947E-04   98.83067    
 -4.6746750E-04   101.8064    
 -4.6546553E-04   104.5325    
 -4.6346348E-04   106.2267    
 -4.6146152E-04   107.1245    
 -4.5945949E-04   108.1993    
 -4.5745753E-04   110.3470    
 -4.5545548E-04   113.7098    
 -4.5345351E-04   117.6683    
 -4.5145149E-04   121.3616    
 -4.4944949E-04   124.2660    
 -4.4744747E-04   126.4460    
 -4.4544550E-04   128.3507    
 -4.4344345E-04   130.5874    
 -4.4144149E-04   133.6866    
 -4.3943946E-04   138.0061    
 -4.3743750E-04   143.5439    
 -4.3543545E-04   149.7854    
 -4.3343348E-04   155.7343    
 -4.3143152E-04   160.4394    
 -4.2942943E-04   163.6242    
 -4.2742747E-04   166.0223    
 -4.2542547E-04   169.0040    
 -4.2342345E-04   173.5842    
 -4.2142143E-04   179.7124    
 -4.1941946E-04   186.3470    
 -4.1741747E-04   192.3913    
 -4.1541544E-04   197.7067    
 -4.1341342E-04   203.3420    
 -4.1141146E-04   210.7039    
 -4.0940940E-04   220.3353    
 -4.0740744E-04   231.3706    
 -4.0540542E-04   242.1148    
 -4.0340348E-04   251.2745    
 -4.0140140E-04   258.8363    
 -3.9939943E-04   265.9463    
 -3.9739747E-04   273.9545    
 -3.9539541E-04   283.6167    
 -3.9339345E-04   294.9392    
 -3.9139143E-04   307.7889    
 -3.8938943E-04   322.3216    
 -3.8738741E-04   338.8669    
 -3.8538544E-04   357.4003    
 -3.8338342E-04   377.3049    
 -3.8138143E-04   397.8431    
 -3.7937940E-04   419.0442    
 -3.7737744E-04   441.9843    
 -3.7537538E-04   468.0390    
 -3.7337342E-04   497.5474    
 -3.7137140E-04   529.0897    
 -3.6936937E-04   560.2415    
 -3.6736741E-04   589.3798    
 -3.6536541E-04   617.1166    
 -3.6336345E-04   646.1612    
 -3.6136137E-04   679.5746    
 -3.5935940E-04   718.8035    
 -3.5735741E-04   763.0823    
 -3.5535538E-04   810.4824    
 -3.5335336E-04   859.6671    
 -3.5135139E-04   910.7162    
 -3.4934940E-04   964.5859    
 -3.4734738E-04   1021.887    
 -3.4534535E-04   1082.509    
 -3.4334339E-04   1146.423    
 -3.4134134E-04   1214.916    
 -3.3933937E-04   1290.708    
 -3.3733735E-04   1376.573    
 -3.3533535E-04   1473.518    
 -3.3333339E-04   1580.368    
 -3.3133136E-04   1695.436    
 -3.2932940E-04   1818.989    
 -3.2732735E-04   1954.388    
 -3.2532538E-04   2106.420    
 -3.2332336E-04   2278.146    
 -3.2132133E-04   2468.774    
 -3.1931934E-04   2674.638    
 -3.1731738E-04   2892.742    
 -3.1531529E-04   3124.104    
 -3.1331333E-04   3373.976    
 -3.1131133E-04   3648.949    
 -3.0930937E-04   3953.113    
 -3.0730729E-04   4286.659    
 -3.0530532E-04   4647.406    
 -3.0330333E-04   5033.003    
 -3.0130130E-04   5440.112    
 -2.9929934E-04   5859.455    
 -2.9729735E-04   6269.679    
 -2.9529538E-04   6635.319    
 -2.9329330E-04   6912.765    
 -2.9129133E-04   7063.077    
 -2.8928934E-04   7065.488    
 -2.8728732E-04   6924.283    
 -2.8528529E-04   6665.892    
 -2.8328333E-04   6327.859    
 -2.8128127E-04   5946.561    
 -2.7927931E-04   5549.309    
 -2.7727729E-04   5153.190    
 -2.7527532E-04   4768.518    
 -2.7327327E-04   4402.652    
 -2.7127130E-04   4061.558    
 -2.6926928E-04   3748.885    
 -2.6726729E-04   3464.837    
 -2.6526532E-04   3206.372    
 -2.6326330E-04   2968.984    
 -2.6126127E-04   2748.951    
 -2.5925928E-04   2544.472    
 -2.5725731E-04   2355.359    
 -2.5525529E-04   2181.922    
 -2.5325327E-04   2023.984    
 -2.5125127E-04   1880.607    
 -2.4924931E-04   1750.354    
 -2.4724723E-04   1631.609    
 -2.4524526E-04   1523.005    
 -2.4324325E-04   1423.588    
 -2.4124124E-04   1332.912    
 -2.3923923E-04   1250.908    
 -2.3723727E-04   1177.351    
 -2.3523530E-04   1111.288    
 -2.3323324E-04   1050.817    
 -2.3123127E-04   993.6824    
 -2.2922926E-04   938.2868    
 -2.2722724E-04   884.5129    
 -2.2522523E-04   833.6646    
 -2.2322327E-04   787.3995    
 -2.2122126E-04   746.4589    
 -2.1921925E-04   710.0743    
 -2.1721722E-04   676.4511    
 -2.1521526E-04   643.9524    
 -2.1321321E-04   611.9721    
 -2.1121124E-04   580.9244    
 -2.0920922E-04   551.4243    
 -2.0720721E-04   523.4865    
 -2.0520520E-04   496.4336    
 -2.0320324E-04   469.5448    
 -2.0120127E-04   442.8154    
 -1.9919920E-04   417.1511    
 -1.9719724E-04   393.8731    
 -1.9519523E-04   373.8011    
 -1.9319321E-04   356.7631    
 -1.9119120E-04   341.8709    
 -1.8918923E-04   328.2250    
 -1.8718716E-04   315.5327    
 -1.8518520E-04   304.1649    
 -1.8318319E-04   294.5826    
 -1.8118123E-04   286.7751    
 -1.7917916E-04   279.9786    
 -1.7717719E-04   273.0453    
 -1.7517518E-04   265.0776    
 -1.7317318E-04   255.9912    
 -1.7117115E-04   246.4936    
 -1.6916920E-04   237.7076    
 -1.6716713E-04   230.3221    
 -1.6516517E-04   224.2146    
 -1.6316320E-04   218.4279    
 -1.6116124E-04   211.8637    
 -1.5915917E-04   204.0278    
 -1.5715721E-04   195.5451    
 -1.5515515E-04   187.8211    
 -1.5315319E-04   182.2049    
 -1.5115112E-04   178.9823    
 -1.4914916E-04   177.1863    
 -1.4714719E-04   175.0585    
 -1.4514512E-04   171.2695    
 -1.4314307E-04   165.7193    
 -1.4114119E-04   159.5625    
 -1.3913914E-04   154.3127    
 -1.3713718E-04   150.7227    
 -1.3513521E-04   148.3188    
 -1.3313314E-04   145.8646    
 -1.3113118E-04   142.4363    
 -1.2912911E-04   138.1684    
 -1.2712716E-04   134.1823    
 -1.2512520E-04   131.7431    
 -1.2312313E-04   131.2870    
 -1.2112106E-04   132.1980    
 -1.1911920E-04   133.2108    
 -1.1711713E-04   133.3397    
 -1.1511507E-04   132.3951    
 -1.1311311E-04   130.8946    
 -1.1111114E-04   129.5978    
 -1.0910908E-04   128.8663    
 -1.0710712E-04   128.5737    
 -1.0510505E-04   128.1767    
 -1.0310319E-04   127.1577    
 -1.0110113E-04   125.1854    
 -9.9099059E-05   122.2415    
 -9.7097196E-05   118.6986    
 -9.5095129E-05   115.2982    
 -9.3093069E-05   112.8497    
 -9.1091104E-05   111.9151    
 -8.9089139E-05   112.3550    
 -8.7087079E-05   113.3597    
 -8.5085114E-05   113.8267    
 -8.3083047E-05   113.1536    
 -8.1081089E-05   111.7833    
 -7.9079124E-05   110.8592    
 -7.7077057E-05   111.5661    
 -7.5074997E-05   114.0865    
 -7.3073126E-05   117.3888    
 -7.1071066E-05   119.9862    
 -6.9069007E-05   120.8562    
 -6.7067136E-05   120.0989    
 -6.5065076E-05   118.6083    
 -6.3063111E-05   117.3044    
 -6.1061044E-05   116.2503    
 -5.9059083E-05   114.9933    
 -5.7057117E-05   113.1947    
 -5.5055058E-05   111.3740    
 -5.3052994E-05   110.7899    
 -5.1051127E-05   112.5319    
 -4.9049064E-05   116.6695    
 -4.7047000E-05   121.7268    
 -4.5045035E-05   125.8123    
 -4.3043074E-05   127.7389    
 -4.1041010E-05   127.8344    
 -3.9039045E-05   127.3686    
 -3.7036982E-05   127.6323    
 -3.5035016E-05   128.6821    
 -3.3033055E-05   129.4266    
 -3.1030992E-05   128.6185    
 -2.9029125E-05   126.0659    
 -2.7027061E-05   122.8197    
 -2.5024998E-05   120.9279    
 -2.3023034E-05   121.5953    
 -2.1021069E-05   124.8792    
 -1.9019006E-05   129.4750    
 -1.7017042E-05   133.8390    
 -1.5014979E-05   137.1160    
 -1.3013015E-05   139.3876    
 -1.1011050E-05   141.1028    
 -9.0089879E-06   143.1487    
 -7.0069245E-06   145.3084    
 -5.0050589E-06   147.4513    
 -3.0029958E-06   148.9439    
 -1.0009326E-06   150.1114    
  1.0009326E-06   150.1144    
  3.0029958E-06   148.9394    
  5.0050589E-06   147.4905    
  7.0070232E-06   145.3012    
  9.0089879E-06   143.1429    
  1.1010952E-05   141.1168    
  1.3013015E-05   139.4226    
  1.5015078E-05   137.1555    
  1.7016944E-05   133.9377    
  1.9019006E-05   129.4760    
  2.1021069E-05   124.8881    
  2.3023034E-05   121.5736    
  2.5024998E-05   120.9153    
  2.7027061E-05   122.8131    
  2.9029026E-05   126.0445    
  3.1030992E-05   128.6239    
  3.3033055E-05   129.4058    
  3.5035016E-05   128.6745    
  3.7037080E-05   127.6128    
  3.9039045E-05   127.3769    
  4.1041010E-05   127.8466    
  4.3043074E-05   127.7428    
  4.5045035E-05   125.8054    
  4.7047000E-05   121.7395    
  4.9049064E-05   116.6646    
  5.1051029E-05   112.5574    
  5.3053092E-05   110.7653    
  5.5055058E-05   111.3788    
  5.7057019E-05   113.1963    
  5.9059083E-05   114.9967    
  6.1061146E-05   116.2467    
  6.3063009E-05   117.2951    
  6.5065076E-05   118.6157    
  6.7067136E-05   120.0944    
  6.9069007E-05   120.8627    
  7.1071066E-05   119.9881    
  7.3073126E-05   117.3828    
  7.5075091E-05   114.0899    
  7.7077057E-05   111.5679    
  7.9079124E-05   110.8583    
  8.1081089E-05   111.7917    
  8.3083149E-05   113.1467    
  8.5085012E-05   113.8228    
  8.7087079E-05   113.3511    
  8.9089139E-05   112.3442    
  9.1091104E-05   111.9081    
  9.3093069E-05   112.8467    
  9.5095129E-05   115.2988    
  9.7097094E-05   118.7052    
  9.9099059E-05   122.2318    
  1.0110113E-04   125.1836    
  1.0310309E-04   127.1649    
  1.0510515E-04   128.1775    
  1.0710712E-04   128.5685    
  1.0910908E-04   128.8690    
  1.1111114E-04   129.5924    
  1.1311321E-04   130.8992    
  1.1511507E-04   132.3899    
  1.1711713E-04   133.3471    
  1.1911910E-04   133.2113    
  1.2112116E-04   132.1888    
  1.2312313E-04   131.2852    
  1.2512509E-04   131.7324    
  1.2712716E-04   134.1841    
  1.2912921E-04   138.1702    
  1.3113108E-04   142.4327    
  1.3313314E-04   145.8595    
  1.3513521E-04   148.3175    
  1.3713707E-04   150.7327    
  1.3913914E-04   154.3097    
  1.4114119E-04   159.5660    
  1.4314316E-04   165.7111    
  1.4514512E-04   171.2684    
  1.4714719E-04   175.0579    
  1.4914916E-04   177.1874    
  1.5115122E-04   178.9795    
  1.5315319E-04   182.1963    
  1.5515515E-04   187.8158    
  1.5715721E-04   195.5452    
  1.5915917E-04   204.0221    
  1.6116114E-04   211.8524    
  1.6316320E-04   218.4267    
  1.6516517E-04   224.2142    
  1.6716713E-04   230.3270    
  1.6916920E-04   237.7094    
  1.7117115E-04   246.4906    
  1.7317322E-04   255.9816    
  1.7517518E-04   265.0768    
  1.7717715E-04   273.0447    
  1.7917922E-04   279.9721    
  1.8118128E-04   286.7684    
  1.8318315E-04   294.5775    
  1.8518520E-04   304.1678    
  1.8718727E-04   315.5415    
  1.8918923E-04   328.2289    
  1.9119120E-04   341.8727    
  1.9319316E-04   356.7589    
  1.9519523E-04   373.7969    
  1.9719728E-04   393.8764    
  1.9919916E-04   417.1499    
  2.0120121E-04   442.8072    
  2.0320328E-04   469.5489    
  2.0520514E-04   496.4365    
  2.0720721E-04   523.4845    
  2.0920928E-04   551.4241    
  2.1121124E-04   580.9267    
  2.1321321E-04   611.9714    
  2.1521526E-04   643.9524    
  2.1721722E-04   676.4492    
  2.1921929E-04   710.0750    
  2.2122126E-04   746.4589    
  2.2322322E-04   787.3958    
  2.2522529E-04   833.6603    
  2.2722724E-04   884.5165    
  2.2922920E-04   938.2873    
  2.3123127E-04   993.6857    
  2.3323324E-04   1050.815    
  2.3523520E-04   1111.280    
  2.3723727E-04   1177.352    
  2.3923923E-04   1250.908    
  2.4124129E-04   1332.916    
  2.4324325E-04   1423.587    
  2.4524523E-04   1523.002    
  2.4724728E-04   1631.610    
  2.4924934E-04   1750.355    
  2.5125121E-04   1880.610    
  2.5325327E-04   2023.982    
  2.5525535E-04   2181.927    
  2.5725731E-04   2355.364    
  2.5925928E-04   2544.476    
  2.6126133E-04   2748.959    
  2.6326330E-04   2968.985    
  2.6526526E-04   3206.370    
  2.6726723E-04   3464.844    
  2.6926928E-04   3748.886    
  2.7127136E-04   4061.566    
  2.7327321E-04   4402.642    
  2.7527529E-04   4768.520    
  2.7727734E-04   5153.204    
  2.7927931E-04   5549.316    
  2.8128127E-04   5946.557    
  2.8328333E-04   6327.860    
  2.8528529E-04   6665.890    
  2.8728737E-04   6924.283    
  2.8928934E-04   7065.493    
  2.9129130E-04   7063.088    
  2.9329336E-04   6912.767    
  2.9529541E-04   6635.311    
  2.9729729E-04   6269.698    
  2.9929934E-04   5859.456    
  3.0130130E-04   5440.119    
  3.0330327E-04   5033.017    
  3.0530532E-04   4647.409    
  3.0730729E-04   4286.661    
  3.0930937E-04   3953.112    
  3.1131133E-04   3648.948    
  3.1331330E-04   3373.990    
  3.1531535E-04   3124.093    
  3.1731740E-04   2892.734    
  3.1931928E-04   2674.643    
  3.2132133E-04   2468.776    
  3.2332342E-04   2278.144    
  3.2532538E-04   2106.417    
  3.2732735E-04   1954.384    
  3.2932940E-04   1818.989    
  3.3133136E-04   1695.433    
  3.3333333E-04   1580.370    
  3.3533538E-04   1473.512    
  3.3733735E-04   1376.568    
  3.3933943E-04   1290.705    
  3.4134128E-04   1214.918    
  3.4334336E-04   1146.425    
  3.4534541E-04   1082.506    
  3.4734738E-04   1021.885    
  3.4934934E-04   964.5840    
  3.5135139E-04   910.7152    
  3.5335336E-04   859.6649    
  3.5535544E-04   810.4802    
  3.5735741E-04   763.0831    
  3.5935937E-04   718.8033    
  3.6136142E-04   679.5721    
  3.6336348E-04   646.1597    
  3.6536535E-04   617.1136    
  3.6736741E-04   589.3778    
  3.6936949E-04   560.2434    
  3.7137134E-04   529.0897    
  3.7337342E-04   497.5470    
  3.7537538E-04   468.0379    
  3.7737744E-04   441.9845    
  3.7937940E-04   419.0456    
  3.8138137E-04   397.8445    
  3.8338342E-04   377.3042    
  3.8538550E-04   357.4039    
  3.8738735E-04   338.8670    
  3.8938943E-04   322.3204    
  3.9139148E-04   307.7908    
  3.9339345E-04   294.9384    
  3.9539541E-04   283.6147    
  3.9739747E-04   273.9545    
  3.9939943E-04   265.9448    
  4.0140140E-04   258.8369    
  4.0340348E-04   251.2751    
  4.0540542E-04   242.1175    
  4.0740750E-04   231.3719    
  4.0940935E-04   220.3331    
  4.1141143E-04   210.7039    
  4.1341348E-04   203.3433    
  4.1541544E-04   197.7065    
  4.1741741E-04   192.3931    
  4.1941946E-04   186.3487    
  4.2142143E-04   179.7133    
  4.2342351E-04   173.5831    
  4.2542547E-04   169.0038    
  4.2742744E-04   166.0266    
  4.2942949E-04   163.6197    
  4.3143146E-04   160.4383    
  4.3343342E-04   155.7373    
  4.3543548E-04   149.7852    
  4.3743756E-04   143.5451    
  4.3943941E-04   138.0031    
  4.4144149E-04   133.6864    
  4.4344354E-04   130.5869    
  4.4544550E-04   128.3522    
  4.4744747E-04   126.4450    
  4.4944944E-04   124.2671    
  4.5145149E-04   121.3605    
  4.5345357E-04   117.6682    
  4.5545542E-04   113.7112    
  4.5745750E-04   110.3434    
  4.5945955E-04   108.2013    
  4.6146152E-04   107.1237    
  4.6346348E-04   106.2250    
  4.6546553E-04   104.5326    
  4.6746750E-04   101.8051    
  4.6946947E-04   98.83183    
  4.7147155E-04   96.80208    
  4.7347351E-04   96.29123    
  4.7547556E-04   96.61848    
  4.7747753E-04   96.24515    
  4.7947949E-04   93.86604    
  4.8148155E-04   89.40236    
  4.8348351E-04   84.06450    
  4.8548548E-04   79.47639    
  4.8748756E-04   76.60414    
  4.8948952E-04   75.28771    
  4.9149158E-04   74.70844    
  4.9349351E-04   74.23446    
  4.9549551E-04   73.92821    
  4.9749756E-04   74.33867    
  4.9949955E-04   75.84746    
  5.0150149E-04   78.25804    
  5.0350354E-04   80.89870    
  5.0550560E-04   83.09725    
  5.0750747E-04   84.51935    
  5.0950953E-04   85.11650    
  5.1151164E-04   84.83327    
  5.1351357E-04   83.48749    
  5.1551557E-04   80.99842    
  5.1751762E-04   77.71788    
  5.1951956E-04   74.47101    
  5.2152161E-04   72.14725    
  5.2352349E-04   71.12985    
  5.2552554E-04   71.12788    
  5.2752765E-04   71.50728    
  5.2952947E-04   71.90642    
  5.3153158E-04   72.49549    
  5.3353363E-04   73.69590    
  5.3553557E-04   75.58474    
  5.3753756E-04   77.57411    
  5.3953961E-04   78.72387    
  5.4154155E-04   78.42866    
  5.4354366E-04   76.90379    
  5.4554560E-04   74.97430    
  5.4754753E-04   73.44212    
  5.4954964E-04   72.48653    
  5.5155170E-04   71.72071    
  5.5355357E-04   70.76544    
  5.5555563E-04   69.82859    
  5.5755756E-04   69.68833    
  5.5955962E-04   71.07664    
  5.6156161E-04   73.95106    
  5.6356355E-04   77.30479    
  5.6556566E-04   79.71522    
  5.6756759E-04   80.23882    
  5.6956959E-04   78.93203    
  5.7157164E-04   76.74210    
  5.7357369E-04   74.83264    
  5.7557557E-04   73.90962    
  5.7757762E-04   73.97453    
  5.7957968E-04   74.52104    
  5.8158167E-04   74.90711    
  5.8358361E-04   74.63570    
  5.8558566E-04   73.46140    
  5.8758765E-04   71.40127    
  5.8958970E-04   68.73638    
  5.9159164E-04   65.93968    
  5.9359364E-04   63.47034    
  5.9559569E-04   61.51111    
  5.9759757E-04   59.84466    
  5.9959962E-04   58.03122    
  6.0160167E-04   55.80155    
  6.0360366E-04   53.35023    
  6.0560560E-04   51.24070    
  6.0760765E-04   49.98060    
  6.0960965E-04   49.58524    
  6.1161170E-04   49.56289    
  6.1361369E-04   49.29567    
  6.1561563E-04   48.54469    
  6.1761768E-04   47.58333    
  6.1961974E-04   46.85663    
  6.2162161E-04   46.48605    
  6.2362367E-04   46.07190    
  6.2562578E-04   45.00780    
  6.2762771E-04   43.05824    
  6.2962971E-04   40.67349    
  6.3163164E-04   38.70948    
  6.3363370E-04   37.82349    
  6.3563569E-04   37.99839    
  6.3763763E-04   38.62409    
  6.3963968E-04   39.00950    
  6.4164179E-04   38.89167    
  6.4364361E-04   38.48238    
  6.4564572E-04   38.09428    
  6.4764777E-04   37.74100    
  6.4964971E-04   37.10672    
  6.5165170E-04   35.93666    
  6.5365375E-04   34.44290    
  6.5565569E-04   33.30725    
  6.5765780E-04   33.22728    
  6.5965974E-04   34.35148    
  6.6166167E-04   36.10826    
  6.6366378E-04   37.57481    
  6.6566584E-04   38.10622    
  6.6766771E-04   37.68307    
  6.6966977E-04   36.77682    
  6.7167165E-04   35.87620    
  6.7367370E-04   35.13601    
  6.7567575E-04   34.40063    
  6.7767763E-04   33.52226    
  6.7967968E-04   32.58410    
  6.8168173E-04   31.83966    
  6.8368379E-04   31.41106    
  6.8568566E-04   31.07751    
  6.8768772E-04   30.42721    
  6.8968977E-04   29.22371    
  6.9169188E-04   27.65803    
  6.9369370E-04   26.22135    
  6.9569581E-04   25.29910    
  6.9769786E-04   24.82801    
  6.9969974E-04   24.36210    
  7.0170179E-04   23.48693    
  7.0370367E-04   22.24051    
  7.0570572E-04   21.12794    
  7.0770778E-04   20.72618    
  7.0970983E-04   21.17095    
  7.1171188E-04   21.99584    
  7.1371393E-04   22.47153    
  7.1571564E-04   22.17037    
  7.1771769E-04   21.32567    
  7.1971974E-04   20.62772    
  7.2172179E-04   20.69325    
  7.2372390E-04   21.54704    
  7.2572572E-04   22.59459    
  7.2772783E-04   23.02137    
  7.2972965E-04   22.39777    
  7.3173176E-04   20.96659    
  7.3373382E-04   19.47414    
  7.3573587E-04   18.68254    
  7.3773775E-04   18.91374    
  7.3973980E-04   19.90968    
  7.4174185E-04   21.06372    
  7.4374391E-04   21.81236    
  7.4574578E-04   21.90545    
  7.4774784E-04   21.44962    
  7.4974971E-04   20.72996    
  7.5175177E-04   19.99657    
  7.5375382E-04   19.35089    
  7.5575593E-04   18.76015    
  7.5775798E-04   18.18564    
  7.5975963E-04   17.66711    
  7.6176168E-04   17.32967    
  7.6376373E-04   17.28130    
  7.6576584E-04   17.51454    
  7.6776790E-04   17.86384    
  7.6976995E-04   18.08364    
  7.7177183E-04   18.00291    
  7.7377388E-04   17.62663    
  7.7577576E-04   17.12201    
  7.7777781E-04   16.68262    
  7.7977986E-04   16.37988    
  7.8178191E-04   16.09366    
  7.8378379E-04   15.61753    
  7.8578584E-04   14.82587    
  7.8778790E-04   13.79179    
  7.8979001E-04   12.76712    
  7.9179183E-04   12.01527    
  7.9379370E-04   11.65647    
  7.9579576E-04   11.62328    
  7.9779787E-04   11.74598    
  7.9979992E-04   11.89544    
  8.0180197E-04   12.05721    
  8.0380403E-04   12.28762    
  8.0580573E-04   12.61020    
  8.0780778E-04   12.93952    
  8.0980983E-04   13.12519    
  8.1181189E-04   13.02378    
  8.1381394E-04   12.59973    
  8.1581599E-04   11.93012    
  8.1781787E-04   11.16563    
  8.1981992E-04   10.45887    
  8.2182180E-04   9.929396    
  8.2382385E-04   9.654308    
  8.2582596E-04   9.645562    
  8.2782801E-04   9.829809    
  8.2982989E-04   10.04983    
  8.3183195E-04   10.11374    
  8.3383400E-04   9.877188    
  8.3583588E-04   9.338876    
  8.3783793E-04   8.628613    
  8.3983981E-04   7.935565    
  8.4184186E-04   7.400941    
  8.4384391E-04   7.053226    
  8.4584596E-04   6.856963    
  8.4784802E-04   6.756804    
  8.4985013E-04   6.757417    
  8.5185177E-04   6.882761    
  8.5385382E-04   7.137362    
  8.5585588E-04   7.486646    
  8.5785793E-04   7.883032    
  8.5986004E-04   8.332093    
  8.6186209E-04   8.893620    
  8.6386397E-04   9.602470    
  8.6586579E-04   10.38222    
  8.6786790E-04   11.00612    
  8.6986995E-04   11.18401    
  8.7187201E-04   10.74826    
  8.7387388E-04   9.770288    
  8.7587594E-04   8.556438    
  8.7787799E-04   7.503680    
  8.7988004E-04   6.891587    
  8.8188192E-04   6.771719    
  8.8388397E-04   6.992799    
  8.8588585E-04   7.352907    
  8.8788790E-04   7.713673    
  8.8988995E-04   8.068301    
  8.9189206E-04   8.479287    
  8.9389412E-04   8.994811    
  8.9589617E-04   9.581945    
  8.9789781E-04   10.14706    
  8.9989993E-04   10.58998    
  9.0190198E-04   10.85527    
  9.0390403E-04   10.96370    
  9.0590608E-04   10.97789    
  9.0790796E-04   10.96534    
  9.0991001E-04   10.96673    
  9.1191189E-04   10.99213    
  9.1391394E-04   11.03071    
  9.1591600E-04   11.06459    
  9.1791805E-04   11.08298    
  9.1991993E-04   11.07057    
  9.2192198E-04   11.00532    
  9.2392409E-04   10.85468    
  9.2592614E-04   10.62286    
  9.2792802E-04   10.36687    
  9.2993007E-04   10.19560    
  9.3193189E-04   10.21115    
  9.3393400E-04   10.42668    
  9.3593606E-04   10.71604    
  9.3793811E-04   10.84200    
  9.3994016E-04   10.59246    
  9.4194186E-04   9.918135    
  9.4394392E-04   8.975387    
  9.4594597E-04   8.056848    
  9.4794802E-04   7.414436    
  9.4995007E-04   7.118299    
  9.5195218E-04   7.053476    
  9.5395400E-04   7.032505    
  9.5595611E-04   6.947432    
  9.5795793E-04   6.835087    
  9.5995999E-04   6.804147    
  9.6196210E-04   6.899133    
  9.6396415E-04   7.025198    
  9.6596603E-04   7.000131    
  9.6796808E-04   6.682971    
  9.6997013E-04   6.098236    
  9.7197201E-04   5.443355    
  9.7397406E-04   4.972023    
  9.7597612E-04   4.852332    
  9.7797799E-04   5.080639    
  9.7998010E-04   5.510843    
  9.8198210E-04   5.923584    
  9.8398421E-04   6.136534    
  9.8598620E-04   6.061398    
  9.8798797E-04   5.730724    
  9.8998996E-04   5.294634    
  9.9199207E-04   4.963641    
  9.9399406E-04   4.905498    
  9.9599618E-04   5.144386    
  9.9799817E-04   5.499969    
  1.0000000E-03   5.683393    
