 -1.0000000E-03   5.000389    
 -9.9799817E-04   3.945493    
 -9.9599606E-04   3.319752    
 -9.9399406E-04   3.273611    
 -9.9199207E-04   3.579756    
 -9.8999008E-04   3.821992    
 -9.8798808E-04   3.784803    
 -9.8598609E-04   3.671970    
 -9.8398409E-04   3.923095    
 -9.8198210E-04   4.765655    
 -9.7998010E-04   5.913826    
 -9.7797811E-04   6.714067    
 -9.7597600E-04   6.648666    
 -9.7397406E-04   5.765080    
 -9.7197207E-04   4.658942    
 -9.6997002E-04   4.018583    
 -9.6796808E-04   4.125102    
 -9.6596603E-04   4.716179    
 -9.6396403E-04   5.291922    
 -9.6196210E-04   5.549447    
 -9.5995999E-04   5.561683    
 -9.5795805E-04   5.595325    
 -9.5595611E-04   5.793580    
 -9.5395400E-04   6.056062    
 -9.5195207E-04   6.194807    
 -9.4995002E-04   6.167891    
 -9.4794802E-04   6.119505    
 -9.4594609E-04   6.190361    
 -9.4394403E-04   6.314674    
 -9.4194204E-04   6.259480    
 -9.3993999E-04   5.884937    
 -9.3793799E-04   5.362913    
 -9.3593606E-04   5.090993    
 -9.3393400E-04   5.342290    
 -9.3193201E-04   5.980790    
 -9.2993007E-04   6.551132    
 -9.2792802E-04   6.696318    
 -9.2592603E-04   6.528842    
 -9.2392397E-04   6.567014    
 -9.2192198E-04   7.253617    
 -9.1992004E-04   8.477998    
 -9.1791799E-04   9.568995    
 -9.1591600E-04   9.820929    
 -9.1391394E-04   9.117758    
 -9.1191201E-04   8.101290    
 -9.0991001E-04   7.702250    
 -9.0790796E-04   8.420205    
 -9.0590597E-04   9.955510    
 -9.0390403E-04   11.49703    
 -9.0190198E-04   12.38257    
 -8.9989998E-04   12.56568    
 -8.9789793E-04   12.50367    
 -8.9589600E-04   12.63918    
 -8.9389400E-04   12.98197    
 -8.9189195E-04   13.16784    
 -8.8988995E-04   12.89186    
 -8.8788802E-04   12.26573    
 -8.8588597E-04   11.74179    
 -8.8388397E-04   11.68432    
 -8.8188192E-04   12.01077    
 -8.7987998E-04   12.26087    
 -8.7787799E-04   12.02340    
 -8.7587594E-04   11.32279    
 -8.7387394E-04   10.60257    
 -8.7187201E-04   10.33386    
 -8.6986995E-04   10.63284    
 -8.6786796E-04   11.23165    
 -8.6586591E-04   11.80196    
 -8.6386397E-04   12.28842    
 -8.6186186E-04   12.91352    
 -8.5985992E-04   13.87164    
 -8.5785793E-04   15.03618    
 -8.5585588E-04   16.00328    
 -8.5385394E-04   16.44947    
 -8.5185195E-04   16.45370    
 -8.4984989E-04   16.45923    
 -8.4784796E-04   16.88274    
 -8.4584596E-04   17.72989    
 -8.4384391E-04   18.57613    
 -8.4184197E-04   18.93289    
 -8.3983986E-04   18.65190    
 -8.3783793E-04   18.00085    
 -8.3583593E-04   17.35550    
 -8.3383388E-04   16.82986    
 -8.3183195E-04   16.20868    
 -8.2982989E-04   15.24935    
 -8.2782790E-04   14.03976    
 -8.2582590E-04   13.03589    
 -8.2382391E-04   12.71230    
 -8.2182192E-04   13.12386    
 -8.1981992E-04   13.79500    
 -8.1781787E-04   14.05690    
 -8.1581593E-04   13.55629    
 -8.1381388E-04   12.51176    
 -8.1181189E-04   11.53092    
 -8.0980989E-04   11.16441    
 -8.0780784E-04   11.57218    
 -8.0580590E-04   12.52553    
 -8.0380391E-04   13.64302    
 -8.0180186E-04   14.61400    
 -7.9979986E-04   15.26274    
 -7.9779787E-04   15.51149    
 -7.9579587E-04   15.39827    
 -7.9379388E-04   15.15346    
 -7.9179183E-04   15.19045    
 -7.8978989E-04   15.88407    
 -7.8778784E-04   17.24942    
 -7.8578584E-04   18.80347    
 -7.8378391E-04   19.82659    
 -7.8178186E-04   19.87114    
 -7.7977986E-04   19.11180    
 -7.7777787E-04   18.19770    
 -7.7577581E-04   17.68978    
 -7.7377388E-04   17.56714    
 -7.7177183E-04   17.25348    
 -7.6976983E-04   16.16220    
 -7.6776784E-04   14.28137    
 -7.6576584E-04   12.25134    
 -7.6376385E-04   10.84268    
 -7.6176180E-04   10.28795    
 -7.5975980E-04   10.09143    
 -7.5775781E-04   9.508580    
 -7.5575581E-04   8.270906    
 -7.5375382E-04   6.903151    
 -7.5175177E-04   6.314601    
 -7.4974983E-04   7.027999    
 -7.4774784E-04   8.716591    
 -7.4574584E-04   10.47347    
 -7.4374385E-04   11.56020    
 -7.4174179E-04   11.96691    
 -7.3973980E-04   12.30263    
 -7.3773781E-04   13.15554    
 -7.3573581E-04   14.52244    
 -7.3373382E-04   15.82274    
 -7.3173176E-04   16.44444    
 -7.2972977E-04   16.29510    
 -7.2772783E-04   15.84519    
 -7.2572578E-04   15.66748    
 -7.2372379E-04   15.93208    
 -7.2172179E-04   16.33398    
 -7.1971974E-04   16.47235    
 -7.1771780E-04   16.26401    
 -7.1571581E-04   15.96111    
 -7.1371376E-04   15.76299    
 -7.1171182E-04   15.46212    
 -7.0970977E-04   14.53609    
 -7.0770778E-04   12.66790    
 -7.0570578E-04   10.21565    
 -7.0370373E-04   8.136310    
 -7.0170179E-04   7.351317    
 -6.9969974E-04   8.062027    
 -6.9769775E-04   9.602896    
 -6.9569581E-04   10.96338    
 -6.9369370E-04   11.52296    
 -6.9169176E-04   11.39199    
 -6.8968977E-04   11.10264    
 -6.8768772E-04   10.99867    
 -6.8568578E-04   10.89305    
 -6.8368373E-04   10.29232    
 -6.8168173E-04   8.934169    
 -6.7967980E-04   7.122089    
 -6.7767769E-04   5.546996    
 -6.7567575E-04   4.794527    
 -6.7367376E-04   4.979711    
 -6.7167170E-04   5.809807    
 -6.6966977E-04   6.946084    
 -6.6766771E-04   8.275966    
 -6.6566572E-04   9.853621    
 -6.6366373E-04   11.63164    
 -6.6166167E-04   13.31813    
 -6.5965974E-04   14.54160    
 -6.5765769E-04   15.16328    
 -6.5565569E-04   15.39943    
 -6.5365370E-04   15.60300    
 -6.5165170E-04   15.91450    
 -6.4964971E-04   16.12922    
 -6.4764777E-04   15.95049    
 -6.4564572E-04   15.37798    
 -6.4364373E-04   14.83086    
 -6.4164173E-04   14.84603    
 -6.3963968E-04   15.59069    
 -6.3763774E-04   16.65968    
 -6.3563569E-04   17.37872    
 -6.3363370E-04   17.36090    
 -6.3163170E-04   16.82509    
 -6.2962971E-04   16.37675    
 -6.2762771E-04   16.45057    
 -6.2562566E-04   16.91485    
 -6.2362367E-04   17.20416    
 -6.2162167E-04   16.83489    
 -6.1961968E-04   15.83717    
 -6.1761768E-04   14.70648    
 -6.1561569E-04   13.95297    
 -6.1361369E-04   13.69007    
 -6.1161170E-04   13.64810    
 -6.0960965E-04   13.57723    
 -6.0760765E-04   13.60944    
 -6.0560566E-04   14.20148    
 -6.0360366E-04   15.68411    
 -6.0160167E-04   17.82756    
 -5.9959962E-04   19.87155    
 -5.9759768E-04   21.02403    
 -5.9559563E-04   21.02166    
 -5.9359364E-04   20.28311    
 -5.9159164E-04   19.54260    
 -5.8958959E-04   19.29350    
 -5.8758765E-04   19.50952    
 -5.8558560E-04   19.82847    
 -5.8358361E-04   19.95558    
 -5.8158167E-04   19.90212    
 -5.7957962E-04   19.85544    
 -5.7757762E-04   19.87384    
 -5.7557563E-04   19.72840    
 -5.7357363E-04   19.07249    
 -5.7157158E-04   17.76949    
 -5.6956959E-04   16.07329    
 -5.6756765E-04   14.49946    
 -5.6556566E-04   13.48349    
 -5.6356360E-04   13.12181    
 -5.6156161E-04   13.14969    
 -5.5955962E-04   13.12170    
 -5.5755756E-04   12.61720    
 -5.5555563E-04   11.36109    
 -5.5355357E-04   9.292440    
 -5.5155164E-04   6.634081    
 -5.4954959E-04   3.932220    
 -5.4754759E-04   1.944917    
 -5.4554560E-04   1.321969    
 -5.4354360E-04   2.238104    
 -5.4154155E-04   4.260695    
 -5.3953961E-04   6.612353    
 -5.3753756E-04   8.676037    
 -5.3553557E-04   10.35536    
 -5.3353363E-04   11.98865    
 -5.3153158E-04   13.89197    
 -5.2952959E-04   15.93752    
 -5.2752759E-04   17.55932    
 -5.2552560E-04   18.21942    
 -5.2352354E-04   17.92570    
 -5.2152161E-04   17.34580    
 -5.1951956E-04   17.35651    
 -5.1751756E-04   18.40014    
 -5.1551557E-04   20.16194    
 -5.1351357E-04   21.85729    
 -5.1151158E-04   22.89516    
 -5.0950953E-04   23.36932    
 -5.0750753E-04   23.97642    
 -5.0550560E-04   25.41206    
 -5.0350348E-04   27.72616    
 -5.0150155E-04   30.15203    
 -4.9949955E-04   31.55316    
 -4.9749750E-04   31.18269    
 -4.9549557E-04   29.21759    
 -4.9349351E-04   26.69564    
 -4.9149158E-04   24.89357    
 -4.8948952E-04   24.54932    
 -4.8748756E-04   25.42453    
 -4.8548554E-04   26.50163    
 -4.8348351E-04   26.70355    
 -4.8148152E-04   25.68699    
 -4.7947955E-04   24.17555    
 -4.7747753E-04   23.55832    
 -4.7547551E-04   24.95849    
 -4.7347351E-04   28.39185    
 -4.7147155E-04   32.63296    
 -4.6946947E-04   35.96234    
 -4.6746750E-04   37.34383    
 -4.6546553E-04   37.17146    
 -4.6346348E-04   37.01180    
 -4.6146152E-04   38.46815    
 -4.5945949E-04   41.99453    
 -4.5745753E-04   46.53338    
 -4.5545548E-04   50.26903    
 -4.5345351E-04   51.90482    
 -4.5145149E-04   51.48485    
 -4.4944949E-04   50.18361    
 -4.4744747E-04   49.29750    
 -4.4544550E-04   49.29967    
 -4.4344345E-04   49.66445    
 -4.4144149E-04   49.49889    
 -4.3943946E-04   48.33408    
 -4.3743750E-04   46.43496    
 -4.3543545E-04   44.45451    
 -4.3343348E-04   42.88223    
 -4.3143152E-04   41.79018    
 -4.2942943E-04   41.01863    
 -4.2742747E-04   40.45895    
 -4.2542547E-04   40.05750    
 -4.2342345E-04   39.57627    
 -4.2142143E-04   38.49096    
 -4.1941946E-04   36.33327    
 -4.1741747E-04   33.27809    
 -4.1541544E-04   30.39287    
 -4.1341342E-04   29.12360    
 -4.1141146E-04   30.28600    
 -4.0940940E-04   33.38453    
 -4.0740744E-04   36.89490    
 -4.0540542E-04   39.38310    
 -4.0340348E-04   40.53075    
 -4.0140140E-04   41.18873    
 -3.9939943E-04   42.39014    
 -3.9739747E-04   44.22595    
 -3.9539541E-04   45.61862    
 -3.9339345E-04   45.26221    
 -3.9139143E-04   42.90076    
 -3.8938943E-04   39.76866    
 -3.8738741E-04   37.72418    
 -3.8538544E-04   37.78765    
 -3.8338342E-04   39.33758    
 -3.8138143E-04   40.68289    
 -3.7937940E-04   40.51708    
 -3.7737744E-04   38.98693    
 -3.7537538E-04   37.49234    
 -3.7337342E-04   37.44406    
 -3.7137140E-04   39.13430    
 -3.6936937E-04   41.67726    
 -3.6736741E-04   43.98678    
 -3.6536541E-04   45.80194    
 -3.6336345E-04   47.80993    
 -3.6136137E-04   50.77844    
 -3.5935940E-04   54.57028    
 -3.5735741E-04   58.02052    
 -3.5535538E-04   59.79652    
 -3.5335336E-04   59.49648    
 -3.5135139E-04   57.98274    
 -3.4934940E-04   56.67396    
 -3.4734738E-04   56.42824    
 -3.4534535E-04   56.98935    
 -3.4334339E-04   57.38798    
 -3.4134134E-04   56.88629    
 -3.3933937E-04   55.62590    
 -3.3733735E-04   54.50206    
 -3.3533535E-04   54.50403    
 -3.3333339E-04   56.11231    
 -3.3133136E-04   59.16518    
 -3.2932940E-04   63.08223    
 -3.2732735E-04   67.11704    
 -3.2532538E-04   70.47450    
 -3.2332336E-04   72.44446    
 -3.2132133E-04   72.69354    
 -3.1931934E-04   71.59128    
 -3.1731738E-04   70.19112    
 -3.1531529E-04   69.66621    
 -3.1331333E-04   70.53603    
 -3.1131133E-04   72.28796    
 -3.0930937E-04   73.80932    
 -3.0730729E-04   74.29534    
 -3.0530532E-04   73.86414    
 -3.0330333E-04   73.33916    
 -3.0130130E-04   73.40948    
 -2.9929934E-04   73.99316    
 -2.9729735E-04   74.41529    
 -2.9529538E-04   74.20961    
 -2.9329330E-04   73.71887    
 -2.9129133E-04   73.81853    
 -2.8928934E-04   74.98271    
 -2.8728732E-04   76.62054    
 -2.8528529E-04   77.43314    
 -2.8328333E-04   76.59856    
 -2.8128127E-04   74.71233    
 -2.7927931E-04   73.55424    
 -2.7727729E-04   74.79724    
 -2.7527532E-04   78.74964    
 -2.7327327E-04   84.22415    
 -2.7127130E-04   89.60665    
 -2.6926928E-04   94.04888    
 -2.6726729E-04   97.74152    
 -2.6526532E-04   101.0672    
 -2.6326330E-04   103.7045    
 -2.6126127E-04   104.7123    
 -2.5925928E-04   103.6421    
 -2.5725731E-04   101.5490    
 -2.5525529E-04   100.6680    
 -2.5325327E-04   102.8036    
 -2.5125127E-04   107.7404    
 -2.4924931E-04   113.2384    
 -2.4724723E-04   116.7503    
 -2.4524526E-04   117.4511    
 -2.4324325E-04   116.7634    
 -2.4124124E-04   116.9337    
 -2.3923923E-04   118.9993    
 -2.3723727E-04   122.0865    
 -2.3523530E-04   124.7049    
 -2.3323324E-04   126.7198    
 -2.3123127E-04   129.9587    
 -2.2922926E-04   136.6237    
 -2.2722724E-04   146.8694    
 -2.2522523E-04   157.8691    
 -2.2322327E-04   165.5369    
 -2.2122126E-04   167.6092    
 -2.1921925E-04   165.5074    
 -2.1721722E-04   163.2810    
 -2.1521526E-04   164.5365    
 -2.1321321E-04   169.9627    
 -2.1121124E-04   177.4602    
 -2.0920922E-04   184.4869    
 -2.0720721E-04   190.2655    
 -2.0520520E-04   195.8496    
 -2.0320324E-04   202.2416    
 -2.0120127E-04   208.7487    
 -1.9919920E-04   213.4701    
 -1.9719724E-04   215.5964    
 -1.9519523E-04   217.1973    
 -1.9319321E-04   222.3780    
 -1.9119120E-04   234.1597    
 -1.8918923E-04   251.7243    
 -1.8718716E-04   270.6196    
 -1.8518520E-04   285.9735    
 -1.8318319E-04   296.0752    
 -1.8118123E-04   303.2701    
 -1.7917916E-04   311.5093    
 -1.7717719E-04   322.9135    
 -1.7517518E-04   336.4335    
 -1.7317318E-04   349.6661    
 -1.7117115E-04   361.8059    
 -1.6916920E-04   374.7184    
 -1.6716713E-04   391.0721    
 -1.6516517E-04   411.3349    
 -1.6316320E-04   432.7409    
 -1.6116124E-04   451.4079    
 -1.5915917E-04   465.7257    
 -1.5715721E-04   477.8235    
 -1.5515515E-04   491.5958    
 -1.5315319E-04   509.1016    
 -1.5115112E-04   528.7823    
 -1.4914916E-04   547.1592    
 -1.4714719E-04   562.5320    
 -1.4514512E-04   577.0325    
 -1.4314307E-04   595.0659    
 -1.4114119E-04   619.5606    
 -1.3913914E-04   649.6116    
 -1.3713718E-04   681.8221    
 -1.3513521E-04   714.0730    
 -1.3313314E-04   747.9734    
 -1.3113118E-04   787.3771    
 -1.2912911E-04   834.1951    
 -1.2712716E-04   885.4203    
 -1.2512520E-04   934.5300    
 -1.2312313E-04   976.3528    
 -1.2112106E-04   1011.328    
 -1.1911920E-04   1045.415    
 -1.1711713E-04   1085.836    
 -1.1511507E-04   1136.390    
 -1.1311311E-04   1196.269    
 -1.1111114E-04   1262.751    
 -1.0910908E-04   1334.363    
 -1.0710712E-04   1411.182    
 -1.0510505E-04   1492.114    
 -1.0310319E-04   1572.708    
 -1.0110113E-04   1647.105    
 -9.9099059E-05   1713.415    
 -9.7097196E-05   1777.879    
 -9.5095129E-05   1852.985    
 -9.3093069E-05   1949.481    
 -9.1091104E-05   2068.004    
 -8.9089139E-05   2197.243    
 -8.7087079E-05   2320.788    
 -8.5085114E-05   2427.886    
 -8.3083047E-05   2520.070    
 -8.1081089E-05   2609.047    
 -7.9079124E-05   2708.184    
 -7.7077057E-05   2824.691    
 -7.5074997E-05   2957.771    
 -7.3073126E-05   3102.306    
 -7.1071066E-05   3253.017    
 -6.9069007E-05   3404.687    
 -6.7067136E-05   3549.737    
 -6.5065076E-05   3677.699    
 -6.3063111E-05   3779.663    
 -6.1061044E-05   3855.533    
 -5.9059083E-05   3916.907    
 -5.7057117E-05   3981.304    
 -5.5055058E-05   4060.078    
 -5.3052994E-05   4149.207    
 -5.1051127E-05   4231.139    
 -4.9049064E-05   4287.605    
 -4.7047000E-05   4314.349    
 -4.5045035E-05   4326.538    
 -4.3043074E-05   4350.465    
 -4.1041010E-05   4407.325    
 -3.9039045E-05   4500.984    
 -3.7036982E-05   4617.650    
 -3.5035016E-05   4736.170    
 -3.3033055E-05   4840.214    
 -3.1030992E-05   4923.782    
 -2.9029125E-05   4988.318    
 -2.7027061E-05   5037.000    
 -2.5024998E-05   5072.592    
 -2.3023034E-05   5100.366    
 -2.1021069E-05   5131.892    
 -1.9019006E-05   5183.481    
 -1.7017042E-05   5268.465    
 -1.5014979E-05   5387.917    
 -1.3013015E-05   5526.579    
 -1.1011050E-05   5658.503    
 -9.0089879E-06   5758.666    
 -7.0069245E-06   5814.323    
 -5.0050589E-06   5829.765    
 -3.0029958E-06   5822.021    
 -1.0009326E-06   5811.703    
  1.0009326E-06   5811.696    
  3.0029958E-06   5822.025    
  5.0050589E-06   5829.754    
  7.0070232E-06   5814.311    
  9.0089879E-06   5758.660    
  1.1010952E-05   5658.503    
  1.3013015E-05   5526.582    
  1.5015078E-05   5387.888    
  1.7016944E-05   5268.467    
  1.9019006E-05   5183.483    
  2.1021069E-05   5131.887    
  2.3023034E-05   5100.366    
  2.5024998E-05   5072.590    
  2.7027061E-05   5037.004    
  2.9029026E-05   4988.322    
  3.1030992E-05   4923.784    
  3.3033055E-05   4840.220    
  3.5035016E-05   4736.168    
  3.7037080E-05   4617.640    
  3.9039045E-05   4500.981    
  4.1041010E-05   4407.326    
  4.3043074E-05   4350.462    
  4.5045035E-05   4326.537    
  4.7047000E-05   4314.354    
  4.9049064E-05   4287.606    
  5.1051029E-05   4231.143    
  5.3053092E-05   4149.207    
  5.5055058E-05   4060.079    
  5.7057019E-05   3981.314    
  5.9059083E-05   3916.907    
  6.1061146E-05   3855.527    
  6.3063009E-05   3779.672    
  6.5065076E-05   3677.700    
  6.7067136E-05   3549.737    
  6.9069007E-05   3404.688    
  7.1071066E-05   3253.020    
  7.3073126E-05   3102.309    
  7.5075091E-05   2957.768    
  7.7077057E-05   2824.693    
  7.9079124E-05   2708.184    
  8.1081089E-05   2609.046    
  8.3083149E-05   2520.065    
  8.5085012E-05   2427.888    
  8.7087079E-05   2320.789    
  8.9089139E-05   2197.243    
  9.1091104E-05   2068.005    
  9.3093069E-05   1949.480    
  9.5095129E-05   1852.984    
  9.7097094E-05   1777.880    
  9.9099059E-05   1713.415    
  1.0110113E-04   1647.105    
  1.0310309E-04   1572.713    
  1.0510515E-04   1492.111    
  1.0710712E-04   1411.183    
  1.0910908E-04   1334.364    
  1.1111114E-04   1262.751    
  1.1311321E-04   1196.267    
  1.1511507E-04   1136.391    
  1.1711713E-04   1085.835    
  1.1911910E-04   1045.419    
  1.2112116E-04   1011.327    
  1.2312313E-04   976.3533    
  1.2512509E-04   934.5331    
  1.2712716E-04   885.4196    
  1.2912921E-04   834.1912    
  1.3113108E-04   787.3782    
  1.3313314E-04   747.9730    
  1.3513521E-04   714.0738    
  1.3713707E-04   681.8246    
  1.3913914E-04   649.6121    
  1.4114119E-04   619.5609    
  1.4314316E-04   595.0663    
  1.4514512E-04   577.0318    
  1.4714719E-04   562.5334    
  1.4914916E-04   547.1593    
  1.5115122E-04   528.7825    
  1.5315319E-04   509.1024    
  1.5515515E-04   491.5951    
  1.5715721E-04   477.8235    
  1.5915917E-04   465.7252    
  1.6116114E-04   451.4091    
  1.6316320E-04   432.7406    
  1.6516517E-04   411.3357    
  1.6716713E-04   391.0716    
  1.6916920E-04   374.7190    
  1.7117115E-04   361.8061    
  1.7317322E-04   349.6668    
  1.7517518E-04   336.4343    
  1.7717715E-04   322.9132    
  1.7917922E-04   311.5086    
  1.8118128E-04   303.2704    
  1.8318315E-04   296.0765    
  1.8518520E-04   285.9738    
  1.8718727E-04   270.6190    
  1.8918923E-04   251.7242    
  1.9119120E-04   234.1595    
  1.9319316E-04   222.3781    
  1.9519523E-04   217.1983    
  1.9719728E-04   215.5963    
  1.9919916E-04   213.4705    
  2.0120121E-04   208.7484    
  2.0320328E-04   202.2414    
  2.0520514E-04   195.8496    
  2.0720721E-04   190.2655    
  2.0920928E-04   184.4868    
  2.1121124E-04   177.4602    
  2.1321321E-04   169.9629    
  2.1521526E-04   164.5363    
  2.1721722E-04   163.2807    
  2.1921929E-04   165.5086    
  2.2122126E-04   167.6088    
  2.2322322E-04   165.5358    
  2.2522529E-04   157.8688    
  2.2722724E-04   146.8692    
  2.2922920E-04   136.6237    
  2.3123127E-04   129.9587    
  2.3323324E-04   126.7197    
  2.3523520E-04   124.7044    
  2.3723727E-04   122.0861    
  2.3923923E-04   118.9989    
  2.4124129E-04   116.9337    
  2.4324325E-04   116.7632    
  2.4524523E-04   117.4507    
  2.4724728E-04   116.7500    
  2.4924934E-04   113.2374    
  2.5125121E-04   107.7406    
  2.5325327E-04   102.8036    
  2.5525535E-04   100.6684    
  2.5725731E-04   101.5489    
  2.5925928E-04   103.6422    
  2.6126133E-04   104.7112    
  2.6326330E-04   103.7040    
  2.6526526E-04   101.0667    
  2.6726723E-04   97.74116    
  2.6926928E-04   94.04887    
  2.7127136E-04   89.60643    
  2.7327321E-04   84.22639    
  2.7527529E-04   78.74934    
  2.7727734E-04   74.79800    
  2.7927931E-04   73.55419    
  2.8128127E-04   74.71267    
  2.8328333E-04   76.59841    
  2.8528529E-04   77.43307    
  2.8728737E-04   76.62136    
  2.8928934E-04   74.98315    
  2.9129130E-04   73.81815    
  2.9329336E-04   73.71885    
  2.9529541E-04   74.21008    
  2.9729729E-04   74.41442    
  2.9929934E-04   73.99310    
  3.0130130E-04   73.40953    
  3.0330327E-04   73.33952    
  3.0530532E-04   73.86436    
  3.0730729E-04   74.29555    
  3.0930937E-04   73.80903    
  3.1131133E-04   72.28783    
  3.1331330E-04   70.53539    
  3.1531535E-04   69.66632    
  3.1731740E-04   70.19039    
  3.1931928E-04   71.59163    
  3.2132133E-04   72.69352    
  3.2332342E-04   72.44515    
  3.2532538E-04   70.47453    
  3.2732735E-04   67.11659    
  3.2932940E-04   63.08238    
  3.3133136E-04   59.16524    
  3.3333333E-04   56.11270    
  3.3533538E-04   54.50401    
  3.3733735E-04   54.50226    
  3.3933943E-04   55.62522    
  3.4134128E-04   56.88620    
  3.4334336E-04   57.38779    
  3.4534541E-04   56.98899    
  3.4734738E-04   56.42803    
  3.4934934E-04   56.67290    
  3.5135139E-04   57.98253    
  3.5335336E-04   59.49669    
  3.5535544E-04   59.79684    
  3.5735741E-04   58.02047    
  3.5935937E-04   54.57018    
  3.6136142E-04   50.77794    
  3.6336348E-04   47.81060    
  3.6536535E-04   45.80187    
  3.6736741E-04   43.98682    
  3.6936949E-04   41.67776    
  3.7137134E-04   39.13506    
  3.7337342E-04   37.44423    
  3.7537538E-04   37.49248    
  3.7737744E-04   38.98708    
  3.7937940E-04   40.51719    
  3.8138137E-04   40.68314    
  3.8338342E-04   39.33769    
  3.8538550E-04   37.78893    
  3.8738735E-04   37.72489    
  3.8938943E-04   39.76881    
  3.9139148E-04   42.90098    
  3.9339345E-04   45.26213    
  3.9539541E-04   45.61848    
  3.9739747E-04   44.22578    
  3.9939943E-04   42.38993    
  4.0140140E-04   41.18842    
  4.0340348E-04   40.53021    
  4.0540542E-04   39.38292    
  4.0740750E-04   36.89451    
  4.0940935E-04   33.38448    
  4.1141143E-04   30.28662    
  4.1341348E-04   29.12339    
  4.1541544E-04   30.39301    
  4.1741741E-04   33.27745    
  4.1941946E-04   36.33345    
  4.2142143E-04   38.49132    
  4.2342351E-04   39.57640    
  4.2542547E-04   40.05763    
  4.2742744E-04   40.45875    
  4.2942949E-04   41.01908    
  4.3143146E-04   41.79016    
  4.3343342E-04   42.88248    
  4.3543548E-04   44.45492    
  4.3743756E-04   46.43585    
  4.3943941E-04   48.33470    
  4.4144149E-04   49.49903    
  4.4344354E-04   49.66550    
  4.4544550E-04   49.29988    
  4.4744747E-04   49.29733    
  4.4944944E-04   50.18303    
  4.5145149E-04   51.48489    
  4.5345357E-04   51.90427    
  4.5545542E-04   50.26882    
  4.5745750E-04   46.53293    
  4.5945955E-04   41.99437    
  4.6146152E-04   38.46814    
  4.6346348E-04   37.01180    
  4.6546553E-04   37.17173    
  4.6746750E-04   37.34401    
  4.6946947E-04   35.96245    
  4.7147155E-04   32.63308    
  4.7347351E-04   28.39182    
  4.7547556E-04   24.95863    
  4.7747753E-04   23.55841    
  4.7947949E-04   24.17551    
  4.8148155E-04   25.68702    
  4.8348351E-04   26.70342    
  4.8548548E-04   26.50189    
  4.8748756E-04   25.42429    
  4.8948952E-04   24.54911    
  4.9149158E-04   24.89328    
  4.9349351E-04   26.69560    
  4.9549551E-04   29.21765    
  4.9749756E-04   31.18262    
  4.9949955E-04   31.55262    
  5.0150149E-04   30.15181    
  5.0350354E-04   27.72625    
  5.0550560E-04   25.41190    
  5.0750747E-04   23.97671    
  5.0950953E-04   23.36938    
  5.1151164E-04   22.89513    
  5.1351357E-04   21.85727    
  5.1551557E-04   20.16199    
  5.1751762E-04   18.39994    
  5.1951956E-04   17.35644    
  5.2152161E-04   17.34575    
  5.2352349E-04   17.92608    
  5.2552554E-04   18.21955    
  5.2752765E-04   17.55991    
  5.2952947E-04   15.93682    
  5.3153158E-04   13.89188    
  5.3353363E-04   11.98859    
  5.3553557E-04   10.35522    
  5.3753756E-04   8.676016    
  5.3953961E-04   6.612266    
  5.4154155E-04   4.260719    
  5.4354366E-04   2.238380    
  5.4554560E-04   1.321824    
  5.4754753E-04   1.944690    
  5.4954964E-04   3.932081    
  5.5155170E-04   6.634038    
  5.5355357E-04   9.292596    
  5.5555563E-04   11.36126    
  5.5755756E-04   12.61727    
  5.5955962E-04   13.12182    
  5.6156161E-04   13.14988    
  5.6356355E-04   13.12160    
  5.6556566E-04   13.48377    
  5.6756759E-04   14.49967    
  5.6956959E-04   16.07372    
  5.7157164E-04   17.76928    
  5.7357369E-04   19.07250    
  5.7557557E-04   19.72789    
  5.7757762E-04   19.87381    
  5.7957968E-04   19.85554    
  5.8158167E-04   19.90215    
  5.8358361E-04   19.95549    
  5.8558566E-04   19.82825    
  5.8758765E-04   19.50949    
  5.8958970E-04   19.29339    
  5.9159164E-04   19.54264    
  5.9359364E-04   20.28312    
  5.9559569E-04   21.02169    
  5.9759757E-04   21.02407    
  5.9959962E-04   19.87144    
  6.0160167E-04   17.82749    
  6.0360366E-04   15.68410    
  6.0560560E-04   14.20206    
  6.0760765E-04   13.60942    
  6.0960965E-04   13.57714    
  6.1161170E-04   13.64816    
  6.1361369E-04   13.69000    
  6.1561563E-04   13.95320    
  6.1761768E-04   14.70665    
  6.1961974E-04   15.83704    
  6.2162161E-04   16.83498    
  6.2362367E-04   17.20412    
  6.2562578E-04   16.91544    
  6.2762771E-04   16.45065    
  6.2962971E-04   16.37671    
  6.3163164E-04   16.82502    
  6.3363370E-04   17.36091    
  6.3563569E-04   17.37886    
  6.3763763E-04   16.66006    
  6.3963968E-04   15.59068    
  6.4164179E-04   14.84604    
  6.4364361E-04   14.83108    
  6.4564572E-04   15.37794    
  6.4764777E-04   15.95059    
  6.4964971E-04   16.12924    
  6.5165170E-04   15.91458    
  6.5365375E-04   15.60290    
  6.5565569E-04   15.39941    
  6.5765780E-04   15.16335    
  6.5965974E-04   14.54158    
  6.6166167E-04   13.31787    
  6.6366378E-04   11.63171    
  6.6566584E-04   9.853292    
  6.6766771E-04   8.276045    
  6.6966977E-04   6.946209    
  6.7167165E-04   5.809899    
  6.7367370E-04   4.979955    
  6.7567575E-04   4.794545    
  6.7767763E-04   5.546822    
  6.7967968E-04   7.121755    
  6.8168173E-04   8.934374    
  6.8368379E-04   10.29236    
  6.8568566E-04   10.89287    
  6.8768772E-04   10.99874    
  6.8968977E-04   11.10268    
  6.9169188E-04   11.39170    
  6.9369370E-04   11.52300    
  6.9569581E-04   10.96336    
  6.9769786E-04   9.603029    
  6.9969974E-04   8.062141    
  7.0170179E-04   7.351457    
  7.0370367E-04   8.136395    
  7.0570572E-04   10.21528    
  7.0770778E-04   12.66796    
  7.0970983E-04   14.53604    
  7.1171188E-04   15.46217    
  7.1371393E-04   15.76282    
  7.1571564E-04   15.96101    
  7.1771769E-04   16.26377    
  7.1971974E-04   16.47232    
  7.2172179E-04   16.33381    
  7.2372390E-04   15.93200    
  7.2572572E-04   15.66724    
  7.2772783E-04   15.84508    
  7.2972965E-04   16.29507    
  7.3173176E-04   16.44410    
  7.3373382E-04   15.82258    
  7.3573587E-04   14.52241    
  7.3773775E-04   13.15565    
  7.3973980E-04   12.30257    
  7.4174185E-04   11.96676    
  7.4374391E-04   11.56044    
  7.4574578E-04   10.47361    
  7.4774784E-04   8.716749    
  7.4974971E-04   7.028271    
  7.5175177E-04   6.314781    
  7.5375382E-04   6.903137    
  7.5575593E-04   8.270844    
  7.5775798E-04   9.508588    
  7.5975963E-04   10.09163    
  7.6176168E-04   10.28797    
  7.6376373E-04   10.84293    
  7.6576584E-04   12.25132    
  7.6776790E-04   14.28125    
  7.6976995E-04   16.16196    
  7.7177183E-04   17.25347    
  7.7377388E-04   17.56728    
  7.7577576E-04   17.68942    
  7.7777781E-04   18.19740    
  7.7977986E-04   19.11179    
  7.8178191E-04   19.87103    
  7.8378379E-04   19.82672    
  7.8578584E-04   18.80356    
  7.8778790E-04   17.24938    
  7.8979001E-04   15.88414    
  7.9179183E-04   15.19056    
  7.9379370E-04   15.15372    
  7.9579576E-04   15.39826    
  7.9779787E-04   15.51160    
  7.9979992E-04   15.26302    
  8.0180197E-04   14.61415    
  8.0380403E-04   13.64266    
  8.0580573E-04   12.52551    
  8.0780778E-04   11.57221    
  8.0980983E-04   11.16453    
  8.1181189E-04   11.53076    
  8.1381394E-04   12.51161    
  8.1581599E-04   13.55619    
  8.1781787E-04   14.05692    
  8.1981992E-04   13.79482    
  8.2182180E-04   13.12351    
  8.2382385E-04   12.71251    
  8.2582596E-04   13.03622    
  8.2782801E-04   14.03968    
  8.2982989E-04   15.24950    
  8.3183195E-04   16.20864    
  8.3383400E-04   16.82999    
  8.3583588E-04   17.35564    
  8.3783793E-04   18.00094    
  8.3983981E-04   18.65203    
  8.4184186E-04   18.93304    
  8.4384391E-04   18.57604    
  8.4584596E-04   17.72990    
  8.4784802E-04   16.88250    
  8.4985013E-04   16.45928    
  8.5185177E-04   16.45346    
  8.5385382E-04   16.44938    
  8.5585588E-04   16.00323    
  8.5785793E-04   15.03606    
  8.5986004E-04   13.87138    
  8.6186209E-04   12.91342    
  8.6386397E-04   12.28843    
  8.6586579E-04   11.80210    
  8.6786790E-04   11.23186    
  8.6986995E-04   10.63272    
  8.7187201E-04   10.33388    
  8.7387388E-04   10.60250    
  8.7587594E-04   11.32274    
  8.7787799E-04   12.02338    
  8.7988004E-04   12.26115    
  8.8188192E-04   12.01073    
  8.8388397E-04   11.68440    
  8.8588585E-04   11.74190    
  8.8788790E-04   12.26591    
  8.8988995E-04   12.89191    
  8.9189206E-04   13.16777    
  8.9389412E-04   12.98202    
  8.9589617E-04   12.63902    
  8.9789781E-04   12.50361    
  8.9989993E-04   12.56574    
  9.0190198E-04   12.38256    
  9.0390403E-04   11.49709    
  9.0590608E-04   9.955778    
  9.0790796E-04   8.420199    
  9.0991001E-04   7.702199    
  9.1191189E-04   8.101108    
  9.1391394E-04   9.117647    
  9.1591600E-04   9.820764    
  9.1791805E-04   9.569354    
  9.1991993E-04   8.478374    
  9.2192198E-04   7.253598    
  9.2392409E-04   6.566633    
  9.2592614E-04   6.528666    
  9.2792802E-04   6.696288    
  9.2993007E-04   6.551053    
  9.3193189E-04   5.980731    
  9.3393400E-04   5.342209    
  9.3593606E-04   5.090970    
  9.3793811E-04   5.363011    
  9.3994016E-04   5.885231    
  9.4194186E-04   6.259421    
  9.4394392E-04   6.314651    
  9.4594597E-04   6.190168    
  9.4794802E-04   6.119647    
  9.4995007E-04   6.167875    
  9.5195218E-04   6.194844    
  9.5395400E-04   6.056031    
  9.5595611E-04   5.793515    
  9.5795793E-04   5.594927    
  9.5995999E-04   5.561709    
  9.6196210E-04   5.549376    
  9.6396415E-04   5.292047    
  9.6596603E-04   4.716251    
  9.6796808E-04   4.125166    
  9.6997013E-04   4.018558    
  9.7197201E-04   4.659208    
  9.7397406E-04   5.765068    
  9.7597612E-04   6.648654    
  9.7797799E-04   6.714079    
  9.7998010E-04   5.913635    
  9.8198210E-04   4.765534    
  9.8398421E-04   3.922951    
  9.8598620E-04   3.671795    
  9.8798797E-04   3.784924    
  9.8998996E-04   3.822063    
  9.9199207E-04   3.579638    
  9.9399406E-04   3.273520    
  9.9599618E-04   3.319618    
  9.9799817E-04   3.945319    
  1.0000000E-03   5.000443    
