 -1.0000000E-03   5.791711    
 -9.9799817E-04   5.822423    
 -9.9599606E-04   5.887638    
 -9.9399406E-04   5.959103    
 -9.9199207E-04   6.024268    
 -9.8999008E-04   6.105733    
 -9.8798808E-04   6.244129    
 -9.8598609E-04   6.423749    
 -9.8398409E-04   6.541104    
 -9.8198210E-04   6.447176    
 -9.7998010E-04   6.069868    
 -9.7797811E-04   5.493345    
 -9.7597600E-04   4.933538    
 -9.7397406E-04   4.608710    
 -9.7197207E-04   4.599648    
 -9.6997002E-04   4.798836    
 -9.6796808E-04   5.005059    
 -9.6596603E-04   5.065154    
 -9.6396403E-04   4.975074    
 -9.6196210E-04   4.851018    
 -9.5995999E-04   4.818200    
 -9.5795805E-04   4.902581    
 -9.5595611E-04   5.019453    
 -9.5395400E-04   5.061985    
 -9.5195207E-04   5.001207    
 -9.4995002E-04   4.932749    
 -9.4794802E-04   5.020234    
 -9.4594609E-04   5.378752    
 -9.4394403E-04   5.982838    
 -9.4194204E-04   6.665152    
 -9.3993999E-04   7.201875    
 -9.3793799E-04   7.433710    
 -9.3593606E-04   7.347057    
 -9.3393400E-04   7.072744    
 -9.3193201E-04   6.796266    
 -9.2993007E-04   6.652724    
 -9.2792802E-04   6.652993    
 -9.2592603E-04   6.704130    
 -9.2392397E-04   6.685839    
 -9.2192198E-04   6.538569    
 -9.1992004E-04   6.299011    
 -9.1791799E-04   6.058163    
 -9.1591600E-04   5.890699    
 -9.1391394E-04   5.807055    
 -9.1191201E-04   5.774630    
 -9.0991001E-04   5.774982    
 -9.0790796E-04   5.847880    
 -9.0590597E-04   6.065084    
 -9.0390403E-04   6.458473    
 -9.0190198E-04   6.969044    
 -8.9989998E-04   7.464437    
 -8.9789793E-04   7.831796    
 -8.9589600E-04   8.053223    
 -8.9389400E-04   8.212908    
 -8.9189195E-04   8.408433    
 -8.8988995E-04   8.648433    
 -8.8788802E-04   8.835669    
 -8.8588597E-04   8.849974    
 -8.8388397E-04   8.677778    
 -8.8188192E-04   8.458808    
 -8.7987998E-04   8.416059    
 -8.7787799E-04   8.703184    
 -8.7587594E-04   9.286994    
 -8.7387394E-04   9.960112    
 -8.7187201E-04   10.47152    
 -8.6986995E-04   10.67143    
 -8.6786796E-04   10.55935    
 -8.6586591E-04   10.24204    
 -8.6386397E-04   9.825644    
 -8.6186186E-04   9.369339    
 -8.5985992E-04   8.901983    
 -8.5785793E-04   8.470592    
 -8.5585588E-04   8.142605    
 -8.5385394E-04   7.951783    
 -8.5185195E-04   7.846062    
 -8.4984989E-04   7.693628    
 -8.4784796E-04   7.378276    
 -8.4584596E-04   6.902261    
 -8.4384391E-04   6.417574    
 -8.4184197E-04   6.145766    
 -8.3983986E-04   6.234320    
 -8.3783793E-04   6.663119    
 -8.3583593E-04   7.250348    
 -8.3383388E-04   7.769912    
 -8.3183195E-04   8.081779    
 -8.2982989E-04   8.188541    
 -8.2782790E-04   8.210379    
 -8.2582590E-04   8.290953    
 -8.2382391E-04   8.525517    
 -8.2182192E-04   8.924696    
 -8.1981992E-04   9.426735    
 -8.1781787E-04   9.940211    
 -8.1581593E-04   10.37282    
 -8.1381388E-04   10.66079    
 -8.1181189E-04   10.78669    
 -8.0980989E-04   10.77324    
 -8.0780784E-04   10.66846    
 -8.0580590E-04   10.52224    
 -8.0380391E-04   10.36389    
 -8.0180186E-04   10.20727    
 -7.9979986E-04   10.06225    
 -7.9779787E-04   9.948318    
 -7.9579587E-04   9.896824    
 -7.9379388E-04   9.943331    
 -7.9179183E-04   10.12118    
 -7.8978989E-04   10.46256    
 -7.8778784E-04   10.98197    
 -7.8578584E-04   11.64966    
 -7.8378391E-04   12.36605    
 -7.8178186E-04   12.96753    
 -7.7977986E-04   13.29319    
 -7.7777787E-04   13.28401    
 -7.7577581E-04   13.02839    
 -7.7377388E-04   12.72965    
 -7.7177183E-04   12.56293    
 -7.6976983E-04   12.56411    
 -7.6776784E-04   12.59777    
 -7.6576584E-04   12.46630    
 -7.6376385E-04   12.06397    
 -7.6176180E-04   11.46354    
 -7.5975980E-04   10.87281    
 -7.5775781E-04   10.49633    
 -7.5575581E-04   10.44680    
 -7.5375382E-04   10.72686    
 -7.5175177E-04   11.28950    
 -7.4974983E-04   12.07948    
 -7.4774784E-04   12.99170    
 -7.4574584E-04   13.82762    
 -7.4374385E-04   14.33409    
 -7.4174179E-04   14.36246    
 -7.3973980E-04   14.03578    
 -7.3773781E-04   13.74784    
 -7.3573581E-04   13.94693    
 -7.3373382E-04   14.79538    
 -7.3173176E-04   15.99677    
 -7.2972977E-04   16.95359    
 -7.2772783E-04   17.16082    
 -7.2572578E-04   16.57266    
 -7.2372379E-04   15.61810    
 -7.2172179E-04   14.88127    
 -7.1971974E-04   14.67743    
 -7.1771780E-04   14.87417    
 -7.1571581E-04   15.08280    
 -7.1371376E-04   15.03307    
 -7.1171182E-04   14.80248    
 -7.0970977E-04   14.70831    
 -7.0770778E-04   14.98763    
 -7.0570578E-04   15.55981    
 -7.0370373E-04   16.11370    
 -7.0170179E-04   16.41187    
 -6.9969974E-04   16.53621    
 -6.9769775E-04   16.82215    
 -6.9569581E-04   17.54428    
 -6.9369370E-04   18.62936    
 -6.9169176E-04   19.67901    
 -6.8968977E-04   20.29767    
 -6.8768772E-04   20.42359    
 -6.8568578E-04   20.38262    
 -6.8368373E-04   20.58479    
 -6.8168173E-04   21.16975    
 -6.7967980E-04   21.88713    
 -6.7767769E-04   22.34444    
 -6.7567575E-04   22.37894    
 -6.7367376E-04   22.21104    
 -6.7167170E-04   22.23260    
 -6.6966977E-04   22.61979    
 -6.6766771E-04   23.13243    
 -6.6566572E-04   23.29946    
 -6.6366373E-04   22.84965    
 -6.6166167E-04   22.00346    
 -6.5965974E-04   21.37267    
 -6.5765769E-04   21.52447    
 -6.5565569E-04   22.56871    
 -6.5365370E-04   24.09281    
 -6.5165170E-04   25.47878    
 -6.4964971E-04   26.33030    
 -6.4764777E-04   26.66781    
 -6.4564572E-04   26.77451    
 -6.4364373E-04   26.89076    
 -6.4164173E-04   27.02188    
 -6.3963968E-04   27.01318    
 -6.3763774E-04   26.76996    
 -6.3563569E-04   26.41714    
 -6.3363370E-04   26.23137    
 -6.3163170E-04   26.45939    
 -6.2962971E-04   27.15360    
 -6.2762771E-04   28.18164    
 -6.2562566E-04   29.33807    
 -6.2362367E-04   30.44255    
 -6.2162167E-04   31.35727    
 -6.1961968E-04   31.94356    
 -6.1761768E-04   32.07432    
 -6.1561569E-04   31.73305    
 -6.1361369E-04   31.09790    
 -6.1161170E-04   30.51922    
 -6.0960965E-04   30.36716    
 -6.0760765E-04   30.83108    
 -6.0560566E-04   31.84863    
 -6.0360366E-04   33.15203    
 -6.0160167E-04   34.43276    
 -5.9959962E-04   35.44860    
 -5.9759768E-04   36.07685    
 -5.9559563E-04   36.31641    
 -5.9359364E-04   36.32026    
 -5.9159164E-04   36.40162    
 -5.8958959E-04   36.94370    
 -5.8758765E-04   38.18405    
 -5.8558560E-04   39.98677    
 -5.8358361E-04   41.82188    
 -5.8158167E-04   43.04469    
 -5.7957962E-04   43.32717    
 -5.7757762E-04   42.92042    
 -5.7557563E-04   42.48941    
 -5.7357363E-04   42.61703    
 -5.7157158E-04   43.31024    
 -5.6956959E-04   43.96566    
 -5.6756765E-04   43.81402    
 -5.6556566E-04   42.53624    
 -5.6356360E-04   40.57005    
 -5.6156161E-04   38.83463    
 -5.5955962E-04   38.10227    
 -5.5755756E-04   38.51894    
 -5.5555563E-04   39.61281    
 -5.5355357E-04   40.76070    
 -5.5155164E-04   41.67961    
 -5.4954959E-04   42.54548    
 -5.4754759E-04   43.68562    
 -5.4554560E-04   45.15768    
 -5.4354360E-04   46.61006    
 -5.4154155E-04   47.53098    
 -5.3953961E-04   47.66119    
 -5.3753756E-04   47.18778    
 -5.3553557E-04   46.57381    
 -5.3353363E-04   46.20824    
 -5.3153158E-04   46.18907    
 -5.2952959E-04   46.41068    
 -5.2752759E-04   46.81314    
 -5.2552560E-04   47.52507    
 -5.2352354E-04   48.74377    
 -5.2152161E-04   50.46110    
 -5.1951956E-04   52.35488    
 -5.1751756E-04   53.93985    
 -5.1551557E-04   54.89226    
 -5.1351357E-04   55.23524    
 -5.1151158E-04   55.23355    
 -5.0950953E-04   55.07730    
 -5.0750753E-04   54.68170    
 -5.0550560E-04   53.79507    
 -5.0350348E-04   52.33500    
 -5.0150155E-04   50.64248    
 -4.9949955E-04   49.39558    
 -4.9749750E-04   49.18319    
 -4.9549557E-04   50.09698    
 -4.9349351E-04   51.63595    
 -4.9149158E-04   53.03588    
 -4.8948952E-04   53.78466    
 -4.8748756E-04   53.92743    
 -4.8548554E-04   53.98537    
 -4.8348351E-04   54.56792    
 -4.8148152E-04   55.95983    
 -4.7947955E-04   57.96968    
 -4.7747753E-04   60.08010    
 -4.7547551E-04   61.76455    
 -4.7347351E-04   62.76266    
 -4.7147155E-04   63.18422    
 -4.6946947E-04   63.43275    
 -4.6746750E-04   64.00418    
 -4.6546553E-04   65.25742    
 -4.6346348E-04   67.25373    
 -4.6146152E-04   69.73585    
 -4.5945949E-04   72.26691    
 -4.5745753E-04   74.46606    
 -4.5545548E-04   76.17188    
 -4.5345351E-04   77.45606    
 -4.5145149E-04   78.46287    
 -4.4944949E-04   79.24026    
 -4.4744747E-04   79.75977    
 -4.4544550E-04   80.09754    
 -4.4344345E-04   80.62761    
 -4.4144149E-04   81.94753    
 -4.3943946E-04   84.53558    
 -4.3743750E-04   88.32835    
 -4.3543545E-04   92.59595    
 -4.3343348E-04   96.30239    
 -4.3143152E-04   98.75491    
 -4.2942943E-04   100.0732    
 -4.2742747E-04   101.1070    
 -4.2542547E-04   102.8453    
 -4.2342345E-04   105.7614    
 -4.2142143E-04   109.5886    
 -4.1941946E-04   113.6859    
 -4.1741747E-04   117.6354    
 -4.1541544E-04   121.5811    
 -4.1341342E-04   126.0111    
 -4.1141146E-04   131.2322    
 -4.0940940E-04   137.0094    
 -4.0740744E-04   142.7010    
 -4.0540542E-04   147.7984    
 -4.0340348E-04   152.3642    
 -4.0140140E-04   157.0189    
 -3.9939943E-04   162.4449    
 -3.9739747E-04   168.8847    
 -3.9539541E-04   176.0132    
 -3.9339345E-04   183.2973    
 -3.9139143E-04   190.4830    
 -3.8938943E-04   197.7680    
 -3.8738741E-04   205.5698    
 -3.8538544E-04   214.1232    
 -3.8338342E-04   223.3485    
 -3.8138143E-04   233.1141    
 -3.7937940E-04   243.6094    
 -3.7737744E-04   255.4193    
 -3.7537538E-04   269.0863    
 -3.7337342E-04   284.5072    
 -3.7137140E-04   300.7235    
 -3.6936937E-04   316.3705    
 -3.6736741E-04   330.5908    
 -3.6536541E-04   343.7067    
 -3.6336345E-04   357.1500    
 -3.6136137E-04   372.6133    
 -3.5935940E-04   391.0496    
 -3.5735741E-04   412.2294    
 -3.5535538E-04   435.1152    
 -3.5335336E-04   458.7683    
 -3.5135139E-04   483.0630    
 -3.4934940E-04   508.7660    
 -3.4734738E-04   536.9998    
 -3.4534535E-04   568.5416    
 -3.4334339E-04   603.5314    
 -3.4134134E-04   641.6346    
 -3.3933937E-04   682.5464    
 -3.3733735E-04   726.3986    
 -3.3533535E-04   773.9154    
 -3.3333339E-04   826.2556    
 -3.3133136E-04   884.7411    
 -3.2932940E-04   950.4978    
 -3.2732735E-04   1024.142    
 -3.2532538E-04   1105.515    
 -3.2332336E-04   1193.776    
 -3.2132133E-04   1287.844    
 -3.1931934E-04   1387.179    
 -3.1731738E-04   1492.395    
 -3.1531529E-04   1605.325    
 -3.1331333E-04   1728.330    
 -3.1131133E-04   1863.421    
 -3.0930937E-04   2011.723    
 -3.0730729E-04   2173.758    
 -3.0530532E-04   2350.035    
 -3.0330333E-04   2541.039    
 -3.0130130E-04   2745.757    
 -2.9929934E-04   2958.977    
 -2.9729735E-04   3169.019    
 -2.9529538E-04   3357.571    
 -2.9329330E-04   3502.981    
 -2.9129133E-04   3585.978    
 -2.8928934E-04   3595.697    
 -2.8728732E-04   3532.916    
 -2.8528529E-04   3409.187    
 -2.8328333E-04   3242.331    
 -2.8128127E-04   3050.690    
 -2.7927931E-04   2848.850    
 -2.7727729E-04   2646.173    
 -2.7527532E-04   2448.027    
 -2.7327327E-04   2257.971    
 -2.7127130E-04   2079.376    
 -2.6926928E-04   1915.534    
 -2.6726729E-04   1768.817    
 -2.6526532E-04   1639.708    
 -2.6326330E-04   1526.526    
 -2.6126127E-04   1426.119    
 -2.5925928E-04   1335.009    
 -2.5725731E-04   1250.451    
 -2.5525529E-04   1170.955    
 -2.5325327E-04   1096.216    
 -2.5125127E-04   1026.593    
 -2.4924931E-04   962.4493    
 -2.4724723E-04   903.6492    
 -2.4524526E-04   849.4717    
 -2.4324325E-04   798.8650    
 -2.4124124E-04   750.9989    
 -2.3923923E-04   705.6900    
 -2.3723727E-04   663.5270    
 -2.3523530E-04   625.4766    
 -2.3323324E-04   592.2618    
 -2.3123127E-04   563.8667    
 -2.2922926E-04   539.4294    
 -2.2722724E-04   517.5483    
 -2.2522523E-04   496.8122    
 -2.2322327E-04   476.2407    
 -2.2122126E-04   455.4637    
 -2.1921925E-04   434.7233    
 -2.1721722E-04   414.7214    
 -2.1521526E-04   396.3620    
 -2.1321321E-04   380.4029    
 -2.1121124E-04   367.0764    
 -2.0920922E-04   355.8222    
 -2.0720721E-04   345.4715    
 -2.0520520E-04   334.7837    
 -2.0320324E-04   323.2017    
 -2.0120127E-04   311.2209    
 -1.9919920E-04   300.1081    
 -1.9719724E-04   291.0309    
 -1.9519523E-04   284.2031    
 -1.9319321E-04   278.6469    
 -1.9119120E-04   272.8239    
 -1.8918923E-04   265.7360    
 -1.8718716E-04   257.7233    
 -1.8518520E-04   250.3626    
 -1.8318319E-04   245.5713    
 -1.8118123E-04   244.4363    
 -1.7917916E-04   246.5465    
 -1.7717719E-04   250.2280    
 -1.7517518E-04   253.4362    
 -1.7317318E-04   254.7142    
 -1.7117115E-04   253.7486    
 -1.6916920E-04   251.2544    
 -1.6716713E-04   248.5155    
 -1.6516517E-04   246.7377    
 -1.6316320E-04   246.6391    
 -1.6116124E-04   248.2773    
 -1.5915917E-04   251.1275    
 -1.5715721E-04   254.3587    
 -1.5515515E-04   257.2521    
 -1.5315319E-04   259.4687    
 -1.5115112E-04   261.1651    
 -1.4914916E-04   262.7682    
 -1.4714719E-04   264.6069    
 -1.4514512E-04   266.7518    
 -1.4314307E-04   269.1256    
 -1.4114119E-04   271.8338    
 -1.3913914E-04   275.3606    
 -1.3713718E-04   280.3917    
 -1.3513521E-04   287.3463    
 -1.3313314E-04   295.9719    
 -1.3113118E-04   305.4694    
 -1.2912911E-04   315.0312    
 -1.2712716E-04   324.4762    
 -1.2512520E-04   334.3703    
 -1.2312313E-04   345.4921    
 -1.2112106E-04   358.0989    
 -1.1911920E-04   371.4846    
 -1.1711713E-04   384.5130    
 -1.1511507E-04   396.4771    
 -1.1311311E-04   407.8400    
 -1.1111114E-04   420.0996    
 -1.0910908E-04   434.8002    
 -1.0710712E-04   452.4404    
 -1.0510505E-04   472.2055    
 -1.0310319E-04   492.6315    
 -1.0110113E-04   512.8469    
 -9.9099059E-05   533.3922    
 -9.7097196E-05   555.9778    
 -9.5095129E-05   582.3845    
 -9.3093069E-05   613.2556    
 -9.1091104E-05   647.6149    
 -8.9089139E-05   683.4760    
 -8.7087079E-05   718.9822    
 -8.5085114E-05   753.3652    
 -8.3083047E-05   787.1678    
 -8.1081089E-05   821.7277    
 -7.9079124E-05   858.3000    
 -7.7077057E-05   897.3773    
 -7.5074997E-05   938.5886    
 -7.3073126E-05   981.1406    
 -7.1071066E-05   1024.619    
 -6.9069007E-05   1069.506    
 -6.7067136E-05   1117.448    
 -6.5065076E-05   1170.530    
 -6.3063111E-05   1230.360    
 -6.1061044E-05   1297.034    
 -5.9059083E-05   1369.020    
 -5.7057117E-05   1444.100    
 -5.5055058E-05   1521.037    
 -5.3052994E-05   1600.668    
 -5.1051127E-05   1685.676    
 -4.9049064E-05   1778.836    
 -4.7047000E-05   1880.823    
 -4.5045035E-05   1989.398    
 -4.3043074E-05   2100.822    
 -4.1041010E-05   2212.662    
 -3.9039045E-05   2326.283    
 -3.7036982E-05   2446.706    
 -3.5035016E-05   2579.665    
 -3.3033055E-05   2727.755    
 -3.1030992E-05   2887.993    
 -2.9029125E-05   3053.044    
 -2.7027061E-05   3215.362    
 -2.5024998E-05   3371.115    
 -2.3023034E-05   3522.058    
 -2.1021069E-05   3673.287    
 -1.9019006E-05   3829.371    
 -1.7017042E-05   3991.083    
 -1.5014979E-05   4155.546    
 -1.3013015E-05   4318.406    
 -1.1011050E-05   4476.274    
 -9.0089879E-06   4626.863    
 -7.0069245E-06   4766.780    
 -5.0050589E-06   4888.662    
 -3.0029958E-06   4980.873    
 -1.0009326E-06   5031.365    
  1.0009326E-06   5031.366    
  3.0029958E-06   4980.897    
  5.0050589E-06   4888.684    
  7.0070232E-06   4766.782    
  9.0089879E-06   4626.867    
  1.1010952E-05   4476.268    
  1.3013015E-05   4318.407    
  1.5015078E-05   4155.545    
  1.7016944E-05   3991.072    
  1.9019006E-05   3829.365    
  2.1021069E-05   3673.275    
  2.3023034E-05   3522.064    
  2.5024998E-05   3371.114    
  2.7027061E-05   3215.347    
  2.9029026E-05   3053.044    
  3.1030992E-05   2887.992    
  3.3033055E-05   2727.738    
  3.5035016E-05   2579.660    
  3.7037080E-05   2446.705    
  3.9039045E-05   2326.279    
  4.1041010E-05   2212.673    
  4.3043074E-05   2100.831    
  4.5045035E-05   1989.408    
  4.7047000E-05   1880.818    
  4.9049064E-05   1778.842    
  5.1051029E-05   1685.681    
  5.3053092E-05   1600.663    
  5.5055058E-05   1521.044    
  5.7057019E-05   1444.101    
  5.9059083E-05   1369.020    
  6.1061146E-05   1297.027    
  6.3063009E-05   1230.365    
  6.5065076E-05   1170.532    
  6.7067136E-05   1117.444    
  6.9069007E-05   1069.512    
  7.1071066E-05   1024.623    
  7.3073126E-05   981.1407    
  7.5075091E-05   938.5837    
  7.7077057E-05   897.3748    
  7.9079124E-05   858.3018    
  8.1081089E-05   821.7274    
  8.3083149E-05   787.1611    
  8.5085012E-05   753.3637    
  8.7087079E-05   718.9771    
  8.9089139E-05   683.4721    
  9.1091104E-05   647.6153    
  9.3093069E-05   613.2532    
  9.5095129E-05   582.3882    
  9.7097094E-05   555.9756    
  9.9099059E-05   533.3909    
  1.0110113E-04   512.8458    
  1.0310309E-04   492.6343    
  1.0510515E-04   472.2090    
  1.0710712E-04   452.4400    
  1.0910908E-04   434.8000    
  1.1111114E-04   420.0971    
  1.1311321E-04   407.8439    
  1.1511507E-04   396.4766    
  1.1711713E-04   384.5164    
  1.1911910E-04   371.4872    
  1.2112116E-04   358.0898    
  1.2312313E-04   345.4917    
  1.2512509E-04   334.3672    
  1.2712716E-04   324.4792    
  1.2912921E-04   315.0390    
  1.3113108E-04   305.4702    
  1.3313314E-04   295.9698    
  1.3513521E-04   287.3469    
  1.3713707E-04   280.3954    
  1.3913914E-04   275.3618    
  1.4114119E-04   271.8356    
  1.4314316E-04   269.1243    
  1.4514512E-04   266.7489    
  1.4714719E-04   264.6071    
  1.4914916E-04   262.7689    
  1.5115122E-04   261.1618    
  1.5315319E-04   259.4651    
  1.5515515E-04   257.2507    
  1.5715721E-04   254.3595    
  1.5915917E-04   251.1270    
  1.6116114E-04   248.2807    
  1.6316320E-04   246.6380    
  1.6516517E-04   246.7377    
  1.6716713E-04   248.5176    
  1.6916920E-04   251.2549    
  1.7117115E-04   253.7470    
  1.7317322E-04   254.7155    
  1.7517518E-04   253.4359    
  1.7717715E-04   250.2319    
  1.7917922E-04   246.5494    
  1.8118128E-04   244.4346    
  1.8318315E-04   245.5749    
  1.8518520E-04   250.3621    
  1.8718727E-04   257.7237    
  1.8918923E-04   265.7357    
  1.9119120E-04   272.8252    
  1.9319316E-04   278.6454    
  1.9519523E-04   284.2009    
  1.9719728E-04   291.0281    
  1.9919916E-04   300.1041    
  2.0120121E-04   311.2176    
  2.0320328E-04   323.2013    
  2.0520514E-04   334.7851    
  2.0720721E-04   345.4717    
  2.0920928E-04   355.8226    
  2.1121124E-04   367.0750    
  2.1321321E-04   380.4039    
  2.1521526E-04   396.3613    
  2.1721722E-04   414.7213    
  2.1921929E-04   434.7221    
  2.2122126E-04   455.4640    
  2.2322322E-04   476.2415    
  2.2522529E-04   496.8138    
  2.2722724E-04   517.5496    
  2.2922920E-04   539.4288    
  2.3123127E-04   563.8682    
  2.3323324E-04   592.2608    
  2.3523520E-04   625.4731    
  2.3723727E-04   663.5275    
  2.3923923E-04   705.6890    
  2.4124129E-04   750.9947    
  2.4324325E-04   798.8649    
  2.4524523E-04   849.4697    
  2.4724728E-04   903.6481    
  2.4924934E-04   962.4497    
  2.5125121E-04   1026.591    
  2.5325327E-04   1096.215    
  2.5525535E-04   1170.956    
  2.5725731E-04   1250.451    
  2.5925928E-04   1335.011    
  2.6126133E-04   1426.124    
  2.6326330E-04   1526.526    
  2.6526526E-04   1639.706    
  2.6726723E-04   1768.815    
  2.6926928E-04   1915.532    
  2.7127136E-04   2079.381    
  2.7327321E-04   2257.970    
  2.7527529E-04   2448.027    
  2.7727734E-04   2646.181    
  2.7927931E-04   2848.853    
  2.8128127E-04   3050.691    
  2.8328333E-04   3242.334    
  2.8528529E-04   3409.189    
  2.8728737E-04   3532.923    
  2.8928934E-04   3595.699    
  2.9129130E-04   3585.982    
  2.9329336E-04   3502.982    
  2.9529541E-04   3357.571    
  2.9729729E-04   3169.024    
  2.9929934E-04   2958.977    
  3.0130130E-04   2745.756    
  3.0330327E-04   2541.047    
  3.0530532E-04   2350.035    
  3.0730729E-04   2173.758    
  3.0930937E-04   2011.723    
  3.1131133E-04   1863.421    
  3.1331330E-04   1728.334    
  3.1531535E-04   1605.323    
  3.1731740E-04   1492.392    
  3.1931928E-04   1387.180    
  3.2132133E-04   1287.845    
  3.2332342E-04   1193.773    
  3.2532538E-04   1105.515    
  3.2732735E-04   1024.139    
  3.2932940E-04   950.4978    
  3.3133136E-04   884.7432    
  3.3333333E-04   826.2573    
  3.3533538E-04   773.9125    
  3.3733735E-04   726.3987    
  3.3933943E-04   682.5424    
  3.4134128E-04   641.6379    
  3.4334336E-04   603.5340    
  3.4534541E-04   568.5428    
  3.4734738E-04   536.9980    
  3.4934934E-04   508.7677    
  3.5135139E-04   483.0624    
  3.5335336E-04   458.7691    
  3.5535544E-04   435.1162    
  3.5735741E-04   412.2297    
  3.5935937E-04   391.0491    
  3.6136142E-04   372.6121    
  3.6336348E-04   357.1490    
  3.6536535E-04   343.7069    
  3.6736741E-04   330.5904    
  3.6936949E-04   316.3694    
  3.7137134E-04   300.7232    
  3.7337342E-04   284.5068    
  3.7537538E-04   269.0851    
  3.7737744E-04   255.4191    
  3.7937940E-04   243.6098    
  3.8138137E-04   233.1125    
  3.8338342E-04   223.3480    
  3.8538550E-04   214.1231    
  3.8738735E-04   205.5694    
  3.8938943E-04   197.7673    
  3.9139148E-04   190.4829    
  3.9339345E-04   183.2968    
  3.9539541E-04   176.0119    
  3.9739747E-04   168.8837    
  3.9939943E-04   162.4444    
  4.0140140E-04   157.0181    
  4.0340348E-04   152.3654    
  4.0540542E-04   147.7992    
  4.0740750E-04   142.7015    
  4.0940935E-04   137.0092    
  4.1141143E-04   131.2326    
  4.1341348E-04   126.0106    
  4.1541544E-04   121.5812    
  4.1741741E-04   117.6363    
  4.1941946E-04   113.6869    
  4.2142143E-04   109.5889    
  4.2342351E-04   105.7610    
  4.2542547E-04   102.8460    
  4.2742744E-04   101.1077    
  4.2942949E-04   100.0732    
  4.3143146E-04   98.75317    
  4.3343342E-04   96.30154    
  4.3543548E-04   92.59537    
  4.3743756E-04   88.32852    
  4.3943941E-04   84.53581    
  4.4144149E-04   81.94699    
  4.4344354E-04   80.62684    
  4.4544550E-04   80.09814    
  4.4744747E-04   79.75987    
  4.4944944E-04   79.24081    
  4.5145149E-04   78.46188    
  4.5345357E-04   77.45677    
  4.5545542E-04   76.17114    
  4.5745750E-04   74.46510    
  4.5945955E-04   72.26630    
  4.6146152E-04   69.73511    
  4.6346348E-04   67.25261    
  4.6546553E-04   65.25699    
  4.6746750E-04   64.00378    
  4.6946947E-04   63.43299    
  4.7147155E-04   63.18452    
  4.7347351E-04   62.76268    
  4.7547556E-04   61.76438    
  4.7747753E-04   60.08006    
  4.7947949E-04   57.96802    
  4.8148155E-04   55.95990    
  4.8348351E-04   54.56820    
  4.8548548E-04   53.98621    
  4.8748756E-04   53.92793    
  4.8948952E-04   53.78445    
  4.9149158E-04   53.03625    
  4.9349351E-04   51.63507    
  4.9549551E-04   50.09630    
  4.9749756E-04   49.18312    
  4.9949955E-04   49.39482    
  5.0150149E-04   50.64383    
  5.0350354E-04   52.33401    
  5.0550560E-04   53.79502    
  5.0750747E-04   54.68238    
  5.0950953E-04   55.07700    
  5.1151164E-04   55.23230    
  5.1351357E-04   55.23483    
  5.1551557E-04   54.89195    
  5.1751762E-04   53.94037    
  5.1951956E-04   52.35465    
  5.2152161E-04   50.46145    
  5.2352349E-04   48.74294    
  5.2552554E-04   47.52594    
  5.2752765E-04   46.81308    
  5.2952947E-04   46.40916    
  5.3153158E-04   46.18834    
  5.3353363E-04   46.20760    
  5.3553557E-04   46.57321    
  5.3753756E-04   47.18791    
  5.3953961E-04   47.66127    
  5.4154155E-04   47.53106    
  5.4354366E-04   46.60832    
  5.4554560E-04   45.15789    
  5.4754753E-04   43.68644    
  5.4954964E-04   42.54557    
  5.5155170E-04   41.67923    
  5.5355357E-04   40.75990    
  5.5555563E-04   39.61285    
  5.5755756E-04   38.51826    
  5.5955962E-04   38.10249    
  5.6156161E-04   38.83416    
  5.6356355E-04   40.57148    
  5.6556566E-04   42.53666    
  5.6756759E-04   43.81290    
  5.6956959E-04   43.96698    
  5.7157164E-04   43.31087    
  5.7357369E-04   42.61657    
  5.7557557E-04   42.49022    
  5.7757762E-04   42.92113    
  5.7957968E-04   43.32726    
  5.8158167E-04   43.04420    
  5.8358361E-04   41.82224    
  5.8558566E-04   39.98628    
  5.8758765E-04   38.18371    
  5.8958970E-04   36.94458    
  5.9159164E-04   36.40111    
  5.9359364E-04   36.32057    
  5.9559569E-04   36.31715    
  5.9759757E-04   36.07672    
  5.9959962E-04   35.44899    
  6.0160167E-04   34.43290    
  6.0360366E-04   33.15255    
  6.0560560E-04   31.84876    
  6.0760765E-04   30.83173    
  6.0960965E-04   30.36759    
  6.1161170E-04   30.51986    
  6.1361369E-04   31.09826    
  6.1561563E-04   31.73301    
  6.1761768E-04   32.07457    
  6.1961974E-04   31.94296    
  6.2162161E-04   31.35761    
  6.2362367E-04   30.44254    
  6.2562578E-04   29.33744    
  6.2762771E-04   28.18105    
  6.2962971E-04   27.15343    
  6.3163164E-04   26.45970    
  6.3363370E-04   26.23203    
  6.3563569E-04   26.41699    
  6.3763763E-04   26.77096    
  6.3963968E-04   27.01290    
  6.4164179E-04   27.02300    
  6.4364361E-04   26.89130    
  6.4564572E-04   26.77450    
  6.4764777E-04   26.66786    
  6.4964971E-04   26.33026    
  6.5165170E-04   25.47846    
  6.5365375E-04   24.09205    
  6.5565569E-04   22.56874    
  6.5765780E-04   21.52546    
  6.5965974E-04   21.37245    
  6.6166167E-04   22.00345    
  6.6366378E-04   22.84926    
  6.6566584E-04   23.29830    
  6.6766771E-04   23.13174    
  6.6966977E-04   22.61980    
  6.7167165E-04   22.23285    
  6.7367370E-04   22.21135    
  6.7567575E-04   22.37833    
  6.7767763E-04   22.34412    
  6.7967968E-04   21.88557    
  6.8168173E-04   21.16937    
  6.8368379E-04   20.58486    
  6.8568566E-04   20.38268    
  6.8768772E-04   20.42395    
  6.8968977E-04   20.29803    
  6.9169188E-04   19.67923    
  6.9369370E-04   18.62907    
  6.9569581E-04   17.54499    
  6.9769786E-04   16.82281    
  6.9969974E-04   16.53600    
  7.0170179E-04   16.41192    
  7.0370367E-04   16.11365    
  7.0570572E-04   15.56046    
  7.0770778E-04   14.98808    
  7.0970983E-04   14.70927    
  7.1171188E-04   14.80169    
  7.1371393E-04   15.03288    
  7.1571564E-04   15.08240    
  7.1771769E-04   14.87441    
  7.1971974E-04   14.67766    
  7.2172179E-04   14.88221    
  7.2372390E-04   15.61827    
  7.2572572E-04   16.57310    
  7.2772783E-04   17.16073    
  7.2972965E-04   16.95280    
  7.3173176E-04   15.99655    
  7.3373382E-04   14.79573    
  7.3573587E-04   13.94711    
  7.3773775E-04   13.74910    
  7.3973980E-04   14.03570    
  7.4174185E-04   14.36272    
  7.4374391E-04   14.33517    
  7.4574578E-04   13.82726    
  7.4774784E-04   12.99180    
  7.4974971E-04   12.07907    
  7.5175177E-04   11.28930    
  7.5375382E-04   10.72646    
  7.5575593E-04   10.44664    
  7.5775798E-04   10.49661    
  7.5975963E-04   10.87233    
  7.6176168E-04   11.46416    
  7.6376373E-04   12.06347    
  7.6576584E-04   12.46681    
  7.6776790E-04   12.59819    
  7.6976995E-04   12.56420    
  7.7177183E-04   12.56265    
  7.7377388E-04   12.72937    
  7.7577576E-04   13.02843    
  7.7777781E-04   13.28375    
  7.7977986E-04   13.29396    
  7.8178191E-04   12.96839    
  7.8378379E-04   12.36662    
  7.8578584E-04   11.64950    
  7.8778790E-04   10.98132    
  7.8979001E-04   10.46186    
  7.9179183E-04   10.12123    
  7.9379370E-04   9.942753    
  7.9579576E-04   9.896777    
  7.9779787E-04   9.948138    
  7.9979992E-04   10.06217    
  8.0180197E-04   10.20699    
  8.0380403E-04   10.36403    
  8.0580573E-04   10.52210    
  8.0780778E-04   10.66822    
  8.0980983E-04   10.77308    
  8.1181189E-04   10.78692    
  8.1381394E-04   10.66091    
  8.1581599E-04   10.37215    
  8.1781787E-04   9.939971    
  8.1981992E-04   9.427215    
  8.2182180E-04   8.924221    
  8.2382385E-04   8.524745    
  8.2582596E-04   8.290881    
  8.2782801E-04   8.209952    
  8.2982989E-04   8.188952    
  8.3183195E-04   8.081750    
  8.3383400E-04   7.770302    
  8.3583588E-04   7.249882    
  8.3783793E-04   6.663060    
  8.3983981E-04   6.234372    
  8.4184186E-04   6.144830    
  8.4384391E-04   6.417281    
  8.4584596E-04   6.902491    
  8.4784802E-04   7.378805    
  8.4985013E-04   7.693947    
  8.5185177E-04   7.845767    
  8.5385382E-04   7.951476    
  8.5585588E-04   8.142732    
  8.5785793E-04   8.470187    
  8.5986004E-04   8.901585    
  8.6186209E-04   9.369661    
  8.6386397E-04   9.825835    
  8.6586579E-04   10.24235    
  8.6786790E-04   10.55938    
  8.6986995E-04   10.67161    
  8.7187201E-04   10.47140    
  8.7387388E-04   9.960664    
  8.7587594E-04   9.286870    
  8.7787799E-04   8.703771    
  8.7988004E-04   8.416347    
  8.8188192E-04   8.458755    
  8.8388397E-04   8.677835    
  8.8588585E-04   8.850249    
  8.8788790E-04   8.835779    
  8.8988995E-04   8.648417    
  8.9189206E-04   8.407990    
  8.9389412E-04   8.213346    
  8.9589617E-04   8.053636    
  8.9789781E-04   7.831947    
  8.9989993E-04   7.464632    
  9.0190198E-04   6.968843    
  9.0390403E-04   6.458457    
  9.0590608E-04   6.065097    
  9.0790796E-04   5.847869    
  9.0991001E-04   5.775052    
  9.1191189E-04   5.774812    
  9.1391394E-04   5.806972    
  9.1591600E-04   5.891063    
  9.1791805E-04   6.058291    
  9.1991993E-04   6.299291    
  9.2192198E-04   6.538325    
  9.2392409E-04   6.686584    
  9.2592614E-04   6.704140    
  9.2792802E-04   6.653367    
  9.2993007E-04   6.652893    
  9.3193189E-04   6.796101    
  9.3393400E-04   7.073120    
  9.3593606E-04   7.347331    
  9.3793811E-04   7.433804    
  9.3994016E-04   7.201935    
  9.4194186E-04   6.665330    
  9.4394392E-04   5.982067    
  9.4594597E-04   5.378324    
  9.4794802E-04   5.020649    
  9.4995007E-04   4.933004    
  9.5195218E-04   5.001102    
  9.5395400E-04   5.062227    
  9.5595611E-04   5.019808    
  9.5795793E-04   4.902495    
  9.5995999E-04   4.818208    
  9.6196210E-04   4.851197    
  9.6396415E-04   4.974430    
  9.6596603E-04   5.064820    
  9.6796808E-04   5.004629    
  9.6997013E-04   4.798684    
  9.7197201E-04   4.599946    
  9.7397406E-04   4.609032    
  9.7597612E-04   4.932926    
  9.7797799E-04   5.492692    
  9.7998010E-04   6.069815    
  9.8198210E-04   6.446433    
  9.8398421E-04   6.540379    
  9.8598620E-04   6.424223    
  9.8798797E-04   6.244414    
  9.8998996E-04   6.105728    
  9.9199207E-04   6.024055    
  9.9399406E-04   5.959291    
  9.9599618E-04   5.886897    
  9.9799817E-04   5.822874    
  1.0000000E-03   5.791898    
