 -2.0000001E-03   2.113606    
 -1.9959963E-03   2.087338    
 -1.9919921E-03   2.030200    
 -1.9879881E-03   1.905571    
 -1.9839841E-03   1.756623    
 -1.9799802E-03   1.645184    
 -1.9759762E-03   1.575141    
 -1.9719722E-03   1.511613    
 -1.9679682E-03   1.458842    
 -1.9639642E-03   1.472882    
 -1.9599602E-03   1.583897    
 -1.9559562E-03   1.741640    
 -1.9519520E-03   1.868648    
 -1.9479481E-03   1.943880    
 -1.9439441E-03   2.001896    
 -1.9399400E-03   2.055971    
 -1.9359362E-03   2.066084    
 -1.9319321E-03   1.999901    
 -1.9279281E-03   1.897470    
 -1.9239242E-03   1.844797    
 -1.9199200E-03   1.891741    
 -1.9159161E-03   2.016174    
 -1.9119122E-03   2.160126    
 -1.9079080E-03   2.274611    
 -1.9039041E-03   2.326102    
 -1.8999000E-03   2.293681    
 -1.8958960E-03   2.184935    
 -1.8918922E-03   2.043245    
 -1.8878881E-03   1.917909    
 -1.8838841E-03   1.832018    
 -1.8798800E-03   1.793150    
 -1.8758760E-03   1.824376    
 -1.8718721E-03   1.948542    
 -1.8678680E-03   2.133009    
 -1.8638640E-03   2.287986    
 -1.8598601E-03   2.349095    
 -1.8558560E-03   2.348374    
 -1.8518521E-03   2.364646    
 -1.8478479E-03   2.410426    
 -1.8438440E-03   2.411476    
 -1.8398401E-03   2.316923    
 -1.8358360E-03   2.188677    
 -1.8318320E-03   2.136330    
 -1.8278279E-03   2.180483    
 -1.8238240E-03   2.235956    
 -1.8198200E-03   2.239380    
 -1.8158159E-03   2.243509    
 -1.8118119E-03   2.344613    
 -1.8078081E-03   2.547169    
 -1.8038040E-03   2.752769    
 -1.7998000E-03   2.875817    
 -1.7957959E-03   2.917754    
 -1.7917920E-03   2.910018    
 -1.7877880E-03   2.841165    
 -1.7837839E-03   2.692302    
 -1.7797799E-03   2.518867    
 -1.7757760E-03   2.427995    
 -1.7717719E-03   2.459394    
 -1.7677679E-03   2.532349    
 -1.7637638E-03   2.546604    
 -1.7597600E-03   2.499408    
 -1.7557560E-03   2.466919    
 -1.7517519E-03   2.483747    
 -1.7477479E-03   2.496291    
 -1.7437440E-03   2.449929    
 -1.7397399E-03   2.378652    
 -1.7357359E-03   2.371844    
 -1.7317318E-03   2.461700    
 -1.7277279E-03   2.572926    
 -1.7237237E-03   2.589840    
 -1.7197198E-03   2.460349    
 -1.7157159E-03   2.237319    
 -1.7117118E-03   2.034463    
 -1.7077079E-03   1.941972    
 -1.7037039E-03   1.966339    
 -1.6996998E-03   2.047769    
 -1.6956959E-03   2.138513    
 -1.6916919E-03   2.256427    
 -1.6876878E-03   2.439226    
 -1.6836839E-03   2.652380    
 -1.6796797E-03   2.786975    
 -1.6756759E-03   2.779969    
 -1.6716719E-03   2.709231    
 -1.6676678E-03   2.719619    
 -1.6636639E-03   2.857400    
 -1.6596598E-03   3.025621    
 -1.6556558E-03   3.117378    
 -1.6516518E-03   3.144279    
 -1.6476478E-03   3.188038    
 -1.6436438E-03   3.255386    
 -1.6396398E-03   3.247960    
 -1.6356357E-03   3.087139    
 -1.6316319E-03   2.823233    
 -1.6276278E-03   2.589943    
 -1.6236238E-03   2.479960    
 -1.6196198E-03   2.489058    
 -1.6156157E-03   2.558064    
 -1.6116118E-03   2.627136    
 -1.6076078E-03   2.658712    
 -1.6036037E-03   2.658323    
 -1.5995997E-03   2.684762    
 -1.5955957E-03   2.808522    
 -1.5915917E-03   3.032650    
 -1.5875878E-03   3.278895    
 -1.5835837E-03   3.472854    
 -1.5795798E-03   3.619528    
 -1.5755757E-03   3.764000    
 -1.5715717E-03   3.892428    
 -1.5675678E-03   3.920387    
 -1.5635637E-03   3.793050    
 -1.5595597E-03   3.563405    
 -1.5555557E-03   3.349478    
 -1.5515516E-03   3.240701    
 -1.5475478E-03   3.260058    
 -1.5435437E-03   3.387929    
 -1.5395397E-03   3.574133    
 -1.5355357E-03   3.733729    
 -1.5315317E-03   3.784486    
 -1.5275277E-03   3.722975    
 -1.5235236E-03   3.640189    
 -1.5195196E-03   3.636140    
 -1.5155156E-03   3.726208    
 -1.5115116E-03   3.844443    
 -1.5075076E-03   3.932970    
 -1.5035035E-03   3.999821    
 -1.4994997E-03   4.085694    
 -1.4954957E-03   4.194526    
 -1.4914917E-03   4.267519    
 -1.4874877E-03   4.227736    
 -1.4834836E-03   4.057697    
 -1.4794796E-03   3.839563    
 -1.4754756E-03   3.701155    
 -1.4714716E-03   3.688565    
 -1.4674676E-03   3.688435    
 -1.4634635E-03   3.516851    
 -1.4594595E-03   3.117133    
 -1.4554557E-03   2.653493    
 -1.4514516E-03   2.376436    
 -1.4474476E-03   2.404596    
 -1.4434436E-03   2.663779    
 -1.4394395E-03   3.011366    
 -1.4354356E-03   3.353576    
 -1.4314316E-03   3.625504    
 -1.4274275E-03   3.738235    
 -1.4234236E-03   3.633085    
 -1.4194195E-03   3.379883    
 -1.4154156E-03   3.149110    
 -1.4114116E-03   3.060929    
 -1.4074075E-03   3.097706    
 -1.4034036E-03   3.178666    
 -1.3993995E-03   3.272096    
 -1.3953955E-03   3.388477    
 -1.3913916E-03   3.505073    
 -1.3873874E-03   3.568463    
 -1.3833835E-03   3.571062    
 -1.3793795E-03   3.564943    
 -1.3753754E-03   3.581245    
 -1.3713716E-03   3.591458    
 -1.3673675E-03   3.590017    
 -1.3633635E-03   3.672303    
 -1.3593596E-03   3.954621    
 -1.3553554E-03   4.417709    
 -1.3513515E-03   4.888267    
 -1.3473475E-03   5.202475    
 -1.3433434E-03   5.354671    
 -1.3393395E-03   5.454820    
 -1.3353354E-03   5.574521    
 -1.3313314E-03   5.683849    
 -1.3273275E-03   5.733599    
 -1.3233233E-03   5.752120    
 -1.3193195E-03   5.828108    
 -1.3153154E-03   6.010245    
 -1.3113114E-03   6.238157    
 -1.3073074E-03   6.373808    
 -1.3033034E-03   6.308348    
 -1.2992994E-03   6.060182    
 -1.2952955E-03   5.770590    
 -1.2912914E-03   5.576304    
 -1.2872875E-03   5.469255    
 -1.2832835E-03   5.307910    
 -1.2792794E-03   4.992289    
 -1.2752755E-03   4.608935    
 -1.2712714E-03   4.359400    
 -1.2672674E-03   4.343209    
 -1.2632634E-03   4.462652    
 -1.2592594E-03   4.562505    
 -1.2552554E-03   4.614031    
 -1.2512513E-03   4.702785    
 -1.2472473E-03   4.858295    
 -1.2432433E-03   4.984156    
 -1.2392394E-03   4.996953    
 -1.2352354E-03   4.974928    
 -1.2312314E-03   5.087936    
 -1.2272274E-03   5.373431    
 -1.2232234E-03   5.654812    
 -1.2192193E-03   5.725690    
 -1.2152153E-03   5.587854    
 -1.2112113E-03   5.450806    
 -1.2072073E-03   5.501742    
 -1.2032033E-03   5.728623    
 -1.1991992E-03   5.990096    
 -1.1951954E-03   6.206353    
 -1.1911913E-03   6.410171    
 -1.1871873E-03   6.626781    
 -1.1831833E-03   6.789668    
 -1.1791792E-03   6.831153    
 -1.1751753E-03   6.806324    
 -1.1711712E-03   6.844534    
 -1.1671672E-03   6.973807    
 -1.1631633E-03   7.078553    
 -1.1591592E-03   7.077456    
 -1.1551552E-03   7.078859    
 -1.1511513E-03   7.259009    
 -1.1471473E-03   7.589764    
 -1.1431432E-03   7.786378    
 -1.1391392E-03   7.590577    
 -1.1351353E-03   7.066807    
 -1.1311313E-03   6.546999    
 -1.1271272E-03   6.299545    
 -1.1231232E-03   6.304136    
 -1.1191192E-03   6.357531    
 -1.1151151E-03   6.319317    
 -1.1111113E-03   6.209734    
 -1.1071071E-03   6.111326    
 -1.1031033E-03   6.051219    
 -1.0990992E-03   5.995253    
 -1.0950952E-03   5.917633    
 -1.0910912E-03   5.854940    
 -1.0870872E-03   5.892275    
 -1.0830831E-03   6.083910    
 -1.0790792E-03   6.368378    
 -1.0750751E-03   6.590399    
 -1.0710711E-03   6.655705    
 -1.0670673E-03   6.662979    
 -1.0630632E-03   6.819512    
 -1.0590592E-03   7.192933    
 -1.0550552E-03   7.604594    
 -1.0510512E-03   7.825089    
 -1.0470471E-03   7.834444    
 -1.0430432E-03   7.805027    
 -1.0390391E-03   7.857405    
 -1.0350351E-03   7.944644    
 -1.0310311E-03   8.004452    
 -1.0270271E-03   8.093659    
 -1.0230232E-03   8.261598    
 -1.0190191E-03   8.375110    
 -1.0150151E-03   8.240343    
 -1.0110112E-03   7.912640    
 -1.0070070E-03   7.734330    
 -1.0030031E-03   7.965457    
 -9.9899911E-04   8.466866    
 -9.9499500E-04   8.859203    
 -9.9099113E-04   8.947682    
 -9.8698703E-04   8.868762    
 -9.8298315E-04   8.836743    
 -9.7897905E-04   8.900661    
 -9.7497512E-04   9.006085    
 -9.7097107E-04   9.154427    
 -9.6696703E-04   9.367930    
 -9.6296304E-04   9.557623    
 -9.5895911E-04   9.581478    
 -9.5495506E-04   9.449352    
 -9.5095101E-04   9.340934    
 -9.4694702E-04   9.370072    
 -9.4294309E-04   9.422427    
 -9.3893893E-04   9.314650    
 -9.3493500E-04   9.053276    
 -9.3093107E-04   8.825978    
 -9.2692696E-04   8.758965    
 -9.2292303E-04   8.783840    
 -9.1891899E-04   8.765617    
 -9.1491506E-04   8.678299    
 -9.1091095E-04   8.606180    
 -9.0690702E-04   8.641963    
 -9.0290298E-04   8.838310    
 -8.9889899E-04   9.201097    
 -8.9489494E-04   9.648295    
 -8.9089101E-04   10.01321    
 -8.8688690E-04   10.19274    
 -8.8288297E-04   10.30470    
 -8.7887893E-04   10.59349    
 -8.7487500E-04   11.13213    
 -8.7087089E-04   11.69327    
 -8.6686696E-04   12.00950    
 -8.6286303E-04   12.11643    
 -8.5885887E-04   12.33343    
 -8.5485494E-04   12.89645    
 -8.5085095E-04   13.70525    
 -8.4684690E-04   14.47994    
 -8.4284286E-04   15.08410    
 -8.3883893E-04   15.60228    
 -8.3483494E-04   16.13383    
 -8.3083089E-04   16.61944    
 -8.2682684E-04   16.92441    
 -8.2282291E-04   17.03410    
 -8.1881881E-04   17.10397    
 -8.1481488E-04   17.30706    
 -8.1081083E-04   17.67175    
 -8.0680696E-04   18.06807    
 -8.0280280E-04   18.33884    
 -7.9879886E-04   18.43000    
 -7.9479493E-04   18.41391    
 -7.9079083E-04   18.39333    
 -7.8678690E-04   18.39617    
 -7.8278285E-04   18.37242    
 -7.7877886E-04   18.30039    
 -7.7477482E-04   18.27175    
 -7.7077089E-04   18.43926    
 -7.6676684E-04   18.85809    
 -7.6276285E-04   19.38535    
 -7.5875880E-04   19.76722    
 -7.5475487E-04   19.84082    
 -7.5075077E-04   19.66908    
 -7.4674684E-04   19.48429    
 -7.4274279E-04   19.52327    
 -7.3873874E-04   19.89882    
 -7.3473481E-04   20.59950    
 -7.3073083E-04   21.53858    
 -7.2672690E-04   22.55519    
 -7.2272273E-04   23.40562    
 -7.1871880E-04   23.85285    
 -7.1471481E-04   23.85276    
 -7.1071077E-04   23.62737    
 -7.0670672E-04   23.47580    
 -7.0270279E-04   23.47031    
 -6.9869880E-04   23.39758    
 -6.9469475E-04   23.04737    
 -6.9069071E-04   22.52999    
 -6.8668678E-04   22.23682    
 -6.8268267E-04   22.48478    
 -6.7867874E-04   23.24876    
 -6.7467469E-04   24.23924    
 -6.7067071E-04   25.17984    
 -6.6666678E-04   25.98154    
 -6.6266273E-04   26.72169    
 -6.5865880E-04   27.52259    
 -6.5465469E-04   28.40708    
 -6.5065076E-04   29.19821    
 -6.4664672E-04   29.59565    
 -6.4264267E-04   29.46949    
 -6.3863868E-04   29.09155    
 -6.3463475E-04   28.96471    
 -6.3063059E-04   29.34970    
 -6.2662666E-04   30.03853    
 -6.2262267E-04   30.67147    
 -6.1861874E-04   31.18769    
 -6.1461458E-04   31.82019    
 -6.1061064E-04   32.66638    
 -6.0660666E-04   33.46460    
 -6.0260261E-04   33.86753    
 -5.9859868E-04   33.81761    
 -5.9459469E-04   33.55037    
 -5.9059076E-04   33.33147    
 -5.8658660E-04   33.32935    
 -5.8258267E-04   33.65697    
 -5.7857868E-04   34.31160    
 -5.7457463E-04   35.05439    
 -5.7057058E-04   35.57225    
 -5.6656665E-04   35.89626    
 -5.6256255E-04   36.51712    
 -5.5855862E-04   37.89285    
 -5.5455457E-04   39.89528    
 -5.5055064E-04   41.91573    
 -5.4654654E-04   43.49459    
 -5.4254261E-04   44.65861    
 -5.3853856E-04   45.63081    
 -5.3453457E-04   46.45176    
 -5.3053064E-04   47.04802    
 -5.2652659E-04   47.51736    
 -5.2252255E-04   48.11374    
 -5.1851856E-04   48.96954    
 -5.1451463E-04   50.00149    
 -5.1051058E-04   51.07486    
 -5.0650653E-04   52.06746    
 -5.0250255E-04   52.78034    
 -4.9849862E-04   53.03394    
 -4.9449445E-04   52.98504    
 -4.9049052E-04   53.15335    
 -4.8648650E-04   53.93250    
 -4.8248249E-04   55.18138    
 -4.7847847E-04   56.52655    
 -4.7447454E-04   57.95246    
 -4.7047061E-04   59.76876    
 -4.6646647E-04   61.95023    
 -4.6246254E-04   63.89545    
 -4.5845853E-04   65.10575    
 -4.5445448E-04   65.85976    
 -4.5045046E-04   66.90560    
 -4.4644653E-04   68.57190    
 -4.4244251E-04   70.54674    
 -4.3843850E-04   72.51426    
 -4.3443445E-04   74.57536    
 -4.3043052E-04   76.85100    
 -4.2642641E-04   79.03151    
 -4.2242248E-04   80.72840    
 -4.1841844E-04   82.13821    
 -4.1441442E-04   83.92416    
 -4.1041040E-04   86.39629    
 -4.0640647E-04   89.14693    
 -4.0240254E-04   91.64248    
 -3.9839841E-04   93.88013    
 -3.9439448E-04   96.23701    
 -3.9039046E-04   98.91219    
 -3.8638641E-04   101.8455    
 -3.8238239E-04   105.0404    
 -3.7837846E-04   108.5705    
 -3.7437433E-04   112.2326    
 -3.7037040E-04   115.5892    
 -3.6636638E-04   118.5631    
 -3.6236245E-04   121.6553    
 -3.5835832E-04   125.2373    
 -3.5435439E-04   128.7858    
 -3.5035037E-04   131.2335    
 -3.4634635E-04   132.1555    
 -3.4234230E-04   132.3207    
 -3.3833840E-04   132.9927    
 -3.3433427E-04   134.9129    
 -3.3033034E-04   138.0686    
 -3.2632641E-04   142.1505    
 -3.2232248E-04   146.8531    
 -3.1831834E-04   151.8484    
 -3.1431441E-04   156.8623    
 -3.1031031E-04   161.9772    
 -3.0630638E-04   167.6803    
 -3.0230224E-04   174.4837    
 -2.9829831E-04   182.5865    
 -2.9429438E-04   191.9671    
 -2.9029025E-04   202.6204    
 -2.8628614E-04   214.4618    
 -2.8228239E-04   227.0895    
 -2.7827828E-04   239.9049    
 -2.7427435E-04   252.5820    
 -2.7027042E-04   265.3331    
 -2.6626629E-04   278.5685    
 -2.6226236E-04   292.3482    
 -2.5825822E-04   306.2265    
 -2.5425432E-04   319.6663    
 -2.5025039E-04   332.5795    
 -2.4624626E-04   345.4082    
 -2.4224212E-04   358.6418    
 -2.3823840E-04   372.2974    
 -2.3423426E-04   386.0707    
 -2.3023014E-04   400.0963    
 -2.2622621E-04   415.2842    
 -2.2222228E-04   432.5568    
 -2.1821816E-04   451.8064    
 -2.1421423E-04   472.1384    
 -2.1021010E-04   493.3702    
 -2.0620637E-04   516.6007    
 -2.0220225E-04   542.6904    
 -1.9819812E-04   570.5217    
 -1.9419439E-04   598.0024    
 -1.9019026E-04   625.1384    
 -1.8618614E-04   654.9788    
 -1.8218221E-04   690.4514    
 -1.7817828E-04   730.6531    
 -1.7417416E-04   771.5419    
 -1.7017023E-04   810.4386    
 -1.6616609E-04   848.5656    
 -1.6216218E-04   888.4721    
 -1.5815825E-04   930.3229    
 -1.5415411E-04   972.3907    
 -1.5014999E-04   1014.886    
 -1.4614625E-04   1061.322    
 -1.4214213E-04   1114.986    
 -1.3813801E-04   1175.233    
 -1.3413427E-04   1238.831    
 -1.3013015E-04   1304.707    
 -1.2612622E-04   1375.708    
 -1.2212209E-04   1455.127    
 -1.1811817E-04   1542.284    
 -1.1411423E-04   1632.605    
 -1.1011012E-04   1721.802    
 -1.0610599E-04   1809.326    
 -1.0210225E-04   1897.852    
 -9.8098128E-05   1990.087    
 -9.4094001E-05   2086.431    
 -9.0090070E-05   2185.527    
 -8.6086147E-05   2286.533    
 -8.2082021E-05   2390.510    
 -7.8078090E-05   2499.230    
 -7.4073963E-05   2612.603    
 -7.0070033E-05   2727.571    
 -6.6066110E-05   2840.285    
 -6.2061983E-05   2949.168    
 -5.8058249E-05   3054.963    
 -5.4054122E-05   3158.193    
 -5.0049995E-05   3257.613    
 -4.6046069E-05   3352.291    
 -4.2042138E-05   3443.844    
 -3.8038012E-05   3534.646    
 -3.4034085E-05   3623.798    
 -3.0029958E-05   3707.029    
 -2.6026029E-05   3781.532    
 -2.2022101E-05   3849.298    
 -1.8017976E-05   3913.434    
 -1.4013849E-05   3971.969    
 -1.0010118E-05   4017.895    
 -6.0059915E-06   4046.123    
 -2.0018651E-06   4058.147    
  2.0018651E-06   4058.147    
  6.0059915E-06   4046.122    
  1.0010118E-05   4017.896    
  1.4014046E-05   3971.965    
  1.8017976E-05   3913.433    
  2.2021904E-05   3849.301    
  2.6026029E-05   3781.532    
  3.0030156E-05   3707.025    
  3.4033888E-05   3623.796    
  3.8038012E-05   3534.645    
  4.2042138E-05   3443.844    
  4.6046069E-05   3352.290    
  5.0049995E-05   3257.613    
  5.4054122E-05   3158.194    
  5.8058053E-05   3054.964    
  6.2061983E-05   2949.167    
  6.6066110E-05   2840.287    
  7.0070033E-05   2727.570    
  7.4074160E-05   2612.598    
  7.8078090E-05   2499.229    
  8.2082021E-05   2390.509    
  8.6086147E-05   2286.533    
  9.0090070E-05   2185.527    
  9.4094001E-05   2086.431    
  9.8098128E-05   1990.087    
  1.0210206E-04   1897.857    
  1.0610618E-04   1809.322    
  1.1011012E-04   1721.802    
  1.1411404E-04   1632.611    
  1.1811817E-04   1542.285    
  1.2212229E-04   1455.124    
  1.2612602E-04   1375.713    
  1.3013015E-04   1304.708    
  1.3413427E-04   1238.832    
  1.3813801E-04   1175.233    
  1.4214213E-04   1114.986    
  1.4614625E-04   1061.321    
  1.5015018E-04   1014.884    
  1.5415411E-04   972.3907    
  1.5815825E-04   930.3230    
  1.6216218E-04   888.4720    
  1.6616630E-04   848.5623    
  1.7017002E-04   810.4409    
  1.7417416E-04   771.5422    
  1.7817828E-04   730.6533    
  1.8218221E-04   690.4517    
  1.8618614E-04   654.9788    
  1.9019026E-04   625.1385    
  1.9419419E-04   598.0027    
  1.9819812E-04   570.5219    
  2.0220225E-04   542.6906    
  2.0620618E-04   516.6017    
  2.1021030E-04   493.3680    
  2.1421423E-04   472.1386    
  2.1821816E-04   451.8065    
  2.2222228E-04   432.5567    
  2.2622642E-04   415.2827    
  2.3023014E-04   400.0962    
  2.3423426E-04   386.0707    
  2.3823819E-04   372.2963    
  2.4224233E-04   358.6410    
  2.4624626E-04   345.4082    
  2.5025019E-04   332.5794    
  2.5425432E-04   319.6662    
  2.5825843E-04   306.2253    
  2.6226215E-04   292.3487    
  2.6626629E-04   278.5685    
  2.7027042E-04   265.3330    
  2.7427415E-04   252.5832    
  2.7827828E-04   239.9048    
  2.8228239E-04   227.0897    
  2.8628632E-04   214.4607    
  2.9029025E-04   202.6203    
  2.9429438E-04   191.9669    
  2.9829831E-04   182.5866    
  3.0230245E-04   174.4838    
  3.0630638E-04   167.6804    
  3.1031031E-04   161.9772    
  3.1431441E-04   156.8622    
  3.1831834E-04   151.8484    
  3.2232227E-04   146.8530    
  3.2632641E-04   142.1504    
  3.3033034E-04   138.0685    
  3.3433427E-04   134.9129    
  3.3833840E-04   132.9929    
  3.4234230E-04   132.3207    
  3.4634644E-04   132.1552    
  3.5035037E-04   131.2336    
  3.5435430E-04   128.7855    
  3.5835843E-04   125.2375    
  3.6236257E-04   121.6558    
  3.6636629E-04   118.5632    
  3.7037040E-04   115.5892    
  3.7437453E-04   112.2325    
  3.7837846E-04   108.5705    
  3.8238239E-04   105.0403    
  3.8638632E-04   101.8461    
  3.9039046E-04   98.91218    
  3.9439456E-04   96.23687    
  3.9839832E-04   93.87995    
  4.0240242E-04   91.64227    
  4.0640656E-04   89.14680    
  4.1041028E-04   86.39663    
  4.1441442E-04   83.92410    
  4.1841855E-04   82.13785    
  4.2242248E-04   80.72844    
  4.2642641E-04   79.03149    
  4.3043052E-04   76.85105    
  4.3443445E-04   74.57539    
  4.3843858E-04   72.51439    
  4.4244251E-04   70.54668    
  4.4644644E-04   68.57176    
  4.5045058E-04   66.90578    
  4.5445448E-04   65.85977    
  4.5845841E-04   65.10564    
  4.6246254E-04   63.89543    
  4.6646647E-04   61.95021    
  4.7047040E-04   59.76898    
  4.7447454E-04   57.95248    
  4.7847847E-04   56.52655    
  4.8248257E-04   55.18159    
  4.8648650E-04   53.93261    
  4.9049046E-04   53.15314    
  4.9449457E-04   52.98491    
  4.9849867E-04   53.03453    
  5.0250243E-04   52.78037    
  5.0650653E-04   52.06741    
  5.1051070E-04   51.07483    
  5.1451463E-04   50.00146    
  5.1851856E-04   48.96950    
  5.2252266E-04   48.11395    
  5.2652659E-04   47.51736    
  5.3053052E-04   47.04806    
  5.3453445E-04   46.45177    
  5.3853856E-04   45.63082    
  5.4254272E-04   44.65870    
  5.4654642E-04   43.49477    
  5.5055058E-04   41.91562    
  5.5455469E-04   39.89521    
  5.5855862E-04   37.89284    
  5.6256255E-04   36.51714    
  5.6656665E-04   35.89624    
  5.7057058E-04   35.57226    
  5.7457475E-04   35.05464    
  5.7857868E-04   34.31157    
  5.8258261E-04   33.65696    
  5.8658671E-04   33.32955    
  5.9059082E-04   33.33168    
  5.9459457E-04   33.55028    
  5.9859868E-04   33.81758    
  6.0260261E-04   33.86753    
  6.0660654E-04   33.46481    
  6.1061064E-04   32.66636    
  6.1461458E-04   31.82018    
  6.1861874E-04   31.18766    
  6.2262267E-04   30.67147    
  6.2662660E-04   30.03879    
  6.3063070E-04   29.34974    
  6.3463481E-04   28.96479    
  6.3863856E-04   29.09157    
  6.4264267E-04   29.46950    
  6.4664683E-04   29.59557    
  6.5065076E-04   29.19824    
  6.5465469E-04   28.40705    
  6.5865880E-04   27.52255    
  6.6266273E-04   26.72170    
  6.6666666E-04   25.98157    
  6.7067076E-04   25.17982    
  6.7467469E-04   24.23924    
  6.7867886E-04   23.24893    
  6.8268256E-04   22.48498    
  6.8668672E-04   22.23688    
  6.9069082E-04   22.53000    
  6.9469475E-04   23.04737    
  6.9869868E-04   23.39757    
  7.0270279E-04   23.47031    
  7.0670672E-04   23.47581    
  7.1071088E-04   23.62729    
  7.1471481E-04   23.85274    
  7.1871874E-04   23.85299    
  7.2272285E-04   23.40564    
  7.2672695E-04   22.55521    
  7.3073071E-04   21.53874    
  7.3473481E-04   20.59952    
  7.3873898E-04   19.89888    
  7.4274268E-04   19.52320    
  7.4674684E-04   19.48427    
  7.5075077E-04   19.66911    
  7.5475487E-04   19.84080    
  7.5875880E-04   19.76723    
  7.6276273E-04   19.38557    
  7.6676684E-04   18.85810    
  7.7077100E-04   18.43942    
  7.7477470E-04   18.27169    
  7.7877886E-04   18.30040    
  7.8278297E-04   18.37267    
  7.8678690E-04   18.39617    
  7.9079083E-04   18.39336    
  7.9479493E-04   18.41393    
  7.9879886E-04   18.43002    
  8.0280280E-04   18.33885    
  8.0680696E-04   18.06809    
  8.1081083E-04   17.67175    
  8.1481499E-04   17.30688    
  8.1881869E-04   17.10392    
  8.2282285E-04   17.03423    
  8.2682696E-04   16.92419    
  8.3083089E-04   16.61943    
  8.3483482E-04   16.13378    
  8.3883893E-04   15.60232    
  8.4284286E-04   15.08410    
  8.4684702E-04   14.47992    
  8.5085095E-04   13.70526    
  8.5485488E-04   12.89627    
  8.5885898E-04   12.33353    
  8.6286291E-04   12.11638    
  8.6686685E-04   12.00934    
  8.7087095E-04   11.69323    
  8.7487511E-04   11.13207    
  8.7887881E-04   10.59352    
  8.8288297E-04   10.30464    
  8.8688708E-04   10.19273    
  8.9089101E-04   10.01318    
  8.9489494E-04   9.648253    
  8.9889887E-04   9.201051    
  9.0290298E-04   8.838297    
  9.0690714E-04   8.641808    
  9.1091084E-04   8.606325    
  9.1491500E-04   8.678230    
  9.1891910E-04   8.765493    
  9.2292303E-04   8.783818    
  9.2692696E-04   8.758949    
  9.3093107E-04   8.825950    
  9.3493500E-04   9.053270    
  9.3893893E-04   9.314647    
  9.4294309E-04   9.422427    
  9.4694702E-04   9.370081    
  9.5095113E-04   9.340986    
  9.5495506E-04   9.449323    
  9.5895899E-04   9.581644    
  9.6296309E-04   9.557496    
  9.6696703E-04   9.367914    
  9.7097096E-04   9.154537    
  9.7497512E-04   9.006072    
  9.7897905E-04   8.900667    
  9.8298315E-04   8.836746    
  9.8698703E-04   8.868785    
  9.9099101E-04   8.947621    
  9.9499512E-04   8.859068    
  9.9899911E-04   8.466933    
  1.0030030E-03   7.965503    
  1.0070071E-03   7.734315    
  1.0110112E-03   7.912701    
  1.0150149E-03   8.240347    
  1.0190191E-03   8.375111    
  1.0230233E-03   8.261552    
  1.0270271E-03   8.093682    
  1.0310311E-03   8.004469    
  1.0350352E-03   7.944510    
  1.0390391E-03   7.857419    
  1.0430432E-03   7.805024    
  1.0470470E-03   7.834422    
  1.0510511E-03   7.825106    
  1.0550553E-03   7.604439    
  1.0590589E-03   7.193035    
  1.0630632E-03   6.819567    
  1.0670673E-03   6.662962    
  1.0710711E-03   6.655723    
  1.0750751E-03   6.590418    
  1.0790792E-03   6.368388    
  1.0830831E-03   6.083924    
  1.0870873E-03   5.892312    
  1.0910912E-03   5.854971    
  1.0950951E-03   5.917730    
  1.0990993E-03   5.995376    
  1.1031034E-03   6.051236    
  1.1071071E-03   6.111295    
  1.1111113E-03   6.209718    
  1.1151151E-03   6.319317    
  1.1191192E-03   6.357489    
  1.1231232E-03   6.304114    
  1.1271271E-03   6.299444    
  1.1311313E-03   6.546985    
  1.1351352E-03   7.066726    
  1.1391392E-03   7.590606    
  1.1431433E-03   7.786331    
  1.1471474E-03   7.589710    
  1.1511511E-03   7.258922    
  1.1551552E-03   7.078862    
  1.1591594E-03   7.077505    
  1.1631633E-03   7.078563    
  1.1671672E-03   6.973834    
  1.1711713E-03   6.844545    
  1.1751753E-03   6.806342    
  1.1791794E-03   6.831082    
  1.1831833E-03   6.789675    
  1.1871873E-03   6.626777    
  1.1911914E-03   6.410077    
  1.1951951E-03   6.206395    
  1.1991992E-03   5.990119    
  1.2032033E-03   5.728638    
  1.2072073E-03   5.501735    
  1.2112112E-03   5.450745    
  1.2152153E-03   5.587852    
  1.2192193E-03   5.725698    
  1.2232234E-03   5.654824    
  1.2272274E-03   5.373439    
  1.2312313E-03   5.087905    
  1.2352354E-03   4.974942    
  1.2392395E-03   4.996858    
  1.2432432E-03   4.984301    
  1.2472473E-03   4.858296    
  1.2512516E-03   4.702840    
  1.2552554E-03   4.614013    
  1.2592594E-03   4.562476    
  1.2632633E-03   4.462647    
  1.2672674E-03   4.343167    
  1.2712714E-03   4.359373    
  1.2752753E-03   4.608800    
  1.2792794E-03   4.992260    
  1.2832836E-03   5.307976    
  1.2872872E-03   5.469248    
  1.2912914E-03   5.576328    
  1.2952955E-03   5.770603    
  1.2992994E-03   6.060215    
  1.3033034E-03   6.308404    
  1.3073075E-03   6.373986    
  1.3113114E-03   6.238184    
  1.3153156E-03   6.010114    
  1.3193195E-03   5.828109    
  1.3233233E-03   5.752114    
  1.3273276E-03   5.733534    
  1.3313317E-03   5.683772    
  1.3353354E-03   5.574517    
  1.3393395E-03   5.454815    
  1.3433433E-03   5.354612    
  1.3473474E-03   5.202471    
  1.3513515E-03   4.888276    
  1.3553553E-03   4.417726    
  1.3593594E-03   3.954614    
  1.3633635E-03   3.672301    
  1.3673676E-03   3.590021    
  1.3713713E-03   3.591364    
  1.3753754E-03   3.581239    
  1.3793795E-03   3.564930    
  1.3833838E-03   3.571087    
  1.3873874E-03   3.568471    
  1.3913916E-03   3.505079    
  1.3953957E-03   3.388452    
  1.3993995E-03   3.272209    
  1.4034036E-03   3.178662    
  1.4074073E-03   3.097771    
  1.4114114E-03   3.060872    
  1.4154156E-03   3.149125    
  1.4194197E-03   3.379895    
  1.4234238E-03   3.633265    
  1.4274279E-03   3.738364    
  1.4314313E-03   3.625493    
  1.4354354E-03   3.353675    
  1.4394395E-03   3.011389    
  1.4434436E-03   2.663800    
  1.4474478E-03   2.404574    
  1.4514514E-03   2.376392    
  1.4554557E-03   2.653497    
  1.4594593E-03   3.117034    
  1.4634635E-03   3.516682    
  1.4674676E-03   3.688437    
  1.4714717E-03   3.688574    
  1.4754755E-03   3.701160    
  1.4794796E-03   3.839553    
  1.4834837E-03   4.057782    
  1.4874878E-03   4.227693    
  1.4914916E-03   4.267495    
  1.4954957E-03   4.194510    
  1.4994994E-03   4.085688    
  1.5035035E-03   3.999821    
  1.5075076E-03   3.932963    
  1.5115119E-03   3.844458    
  1.5155160E-03   3.726183    
  1.5195193E-03   3.636139    
  1.5235234E-03   3.640032    
  1.5275275E-03   3.723010    
  1.5315317E-03   3.784508    
  1.5355358E-03   3.733756    
  1.5395399E-03   3.574116    
  1.5435437E-03   3.387931    
  1.5475478E-03   3.260069    
  1.5515515E-03   3.240703    
  1.5555556E-03   3.349485    
  1.5595597E-03   3.563418    
  1.5635638E-03   3.793166    
  1.5675676E-03   3.920296    
  1.5715717E-03   3.892438    
  1.5755758E-03   3.763986    
  1.5795800E-03   3.619479    
  1.5835837E-03   3.472863    
  1.5875874E-03   3.279041    
  1.5915915E-03   3.032563    
  1.5955957E-03   2.808523    
  1.5995998E-03   2.684917    
  1.6036039E-03   2.658229    
  1.6076081E-03   2.658746    
  1.6116115E-03   2.627159    
  1.6156156E-03   2.558106    
  1.6196197E-03   2.489104    
  1.6236238E-03   2.479949    
  1.6276279E-03   2.590018    
  1.6316320E-03   2.823119    
  1.6356357E-03   3.087123    
  1.6396398E-03   3.247923    
  1.6436436E-03   3.255375    
  1.6476477E-03   3.187970    
  1.6516519E-03   3.144289    
  1.6556560E-03   3.117347    
  1.6596598E-03   3.025591    
  1.6636639E-03   2.857410    
  1.6676680E-03   2.719654    
  1.6716718E-03   2.709274    
  1.6756759E-03   2.779967    
  1.6796796E-03   2.786866    
  1.6836837E-03   2.652406    
  1.6876878E-03   2.439213    
  1.6916919E-03   2.256429    
  1.6956960E-03   2.138520    
  1.6997003E-03   2.047734    
  1.7037035E-03   1.966297    
  1.7077076E-03   1.941931    
  1.7117118E-03   2.034459    
  1.7157159E-03   2.237303    
  1.7197201E-03   2.460364    
  1.7237242E-03   2.589863    
  1.7277279E-03   2.572919    
  1.7317316E-03   2.461642    
  1.7357358E-03   2.371812    
  1.7397399E-03   2.378645    
  1.7437440E-03   2.449917    
  1.7477478E-03   2.496189    
  1.7517519E-03   2.483752    
  1.7557560E-03   2.466923    
  1.7597601E-03   2.499399    
  1.7637638E-03   2.546605    
  1.7677679E-03   2.532345    
  1.7717717E-03   2.459366    
  1.7757758E-03   2.428104    
  1.7797799E-03   2.518874    
  1.7837841E-03   2.692316    
  1.7877882E-03   2.841147    
  1.7917923E-03   2.910010    
  1.7957956E-03   2.917796    
  1.7997999E-03   2.875900    
  1.8038040E-03   2.752769    
  1.8078081E-03   2.547182    
  1.8118122E-03   2.344645    
  1.8158159E-03   2.243512    
  1.8198200E-03   2.239375    
  1.8238238E-03   2.235976    
  1.8278279E-03   2.180486    
  1.8318320E-03   2.136313    
  1.8358361E-03   2.188629    
  1.8398399E-03   2.316869    
  1.8438440E-03   2.411468    
  1.8478482E-03   2.410420    
  1.8518523E-03   2.364639    
  1.8558560E-03   2.348361    
  1.8598601E-03   2.349090    
  1.8638638E-03   2.287973    
  1.8678680E-03   2.133019    
  1.8718721E-03   1.948542    
  1.8758762E-03   1.824331    
  1.8798803E-03   1.793183    
  1.8838837E-03   1.831952    
  1.8878878E-03   1.917897    
  1.8918919E-03   2.043166    
  1.8958960E-03   2.184934    
  1.8999001E-03   2.293700    
  1.9039044E-03   2.326026    
  1.9079080E-03   2.274623    
  1.9119122E-03   2.160142    
  1.9159159E-03   2.016204    
  1.9199200E-03   1.891749    
  1.9239242E-03   1.844811    
  1.9279283E-03   1.897424    
  1.9319321E-03   1.999907    
  1.9359362E-03   2.066078    
  1.9399403E-03   2.056017    
  1.9439440E-03   2.001859    
  1.9479481E-03   1.943874    
  1.9519522E-03   1.868672    
  1.9559560E-03   1.741677    
  1.9599602E-03   1.583903    
  1.9639642E-03   1.472863    
  1.9679684E-03   1.458737    
  1.9719724E-03   1.511617    
  1.9759759E-03   1.575159    
  1.9799799E-03   1.645152    
  1.9839841E-03   1.756606    
  1.9879881E-03   1.905572    
  1.9919924E-03   2.030262    
  1.9959963E-03   2.087403    
  2.0000001E-03   2.113598    
