 -2.0000001E-03   5.032868    
 -1.9959963E-03   5.088014    
 -1.9919921E-03   5.141680    
 -1.9879881E-03   5.193654    
 -1.9839841E-03   5.241355    
 -1.9799802E-03   5.280313    
 -1.9759762E-03   5.306969    
 -1.9719722E-03   5.319836    
 -1.9679682E-03   5.320961    
 -1.9639642E-03   5.314541    
 -1.9599602E-03   5.306319    
 -1.9559562E-03   5.301392    
 -1.9519520E-03   5.302746    
 -1.9479481E-03   5.310875    
 -1.9439441E-03   5.324056    
 -1.9399400E-03   5.339586    
 -1.9359362E-03   5.355761    
 -1.9319321E-03   5.373127    
 -1.9279281E-03   5.394061    
 -1.9239242E-03   5.421407    
 -1.9199200E-03   5.455190    
 -1.9159161E-03   5.491499    
 -1.9119122E-03   5.522240    
 -1.9079080E-03   5.539502    
 -1.9039041E-03   5.539397    
 -1.8999000E-03   5.524588    
 -1.8958960E-03   5.504077    
 -1.8918922E-03   5.489417    
 -1.8878881E-03   5.489547    
 -1.8838841E-03   5.507534    
 -1.8798800E-03   5.540661    
 -1.8758760E-03   5.583107    
 -1.8718721E-03   5.629476    
 -1.8678680E-03   5.677373    
 -1.8638640E-03   5.726352    
 -1.8598601E-03   5.775869    
 -1.8558560E-03   5.824234    
 -1.8518521E-03   5.868329    
 -1.8478479E-03   5.906397    
 -1.8438440E-03   5.939248    
 -1.8398401E-03   5.970677    
 -1.8358360E-03   6.005496    
 -1.8318320E-03   6.045971    
 -1.8278279E-03   6.089464    
 -1.8238240E-03   6.128642    
 -1.8198200E-03   6.154531    
 -1.8158159E-03   6.161203    
 -1.8118119E-03   6.149382    
 -1.8078081E-03   6.127123    
 -1.8038040E-03   6.106596    
 -1.7998000E-03   6.099641    
 -1.7957959E-03   6.112448    
 -1.7917920E-03   6.143286    
 -1.7877880E-03   6.184196    
 -1.7837839E-03   6.224521    
 -1.7797799E-03   6.255973    
 -1.7757760E-03   6.275415    
 -1.7717719E-03   6.284890    
 -1.7677679E-03   6.287986    
 -1.7637638E-03   6.287175    
 -1.7597600E-03   6.282123    
 -1.7557560E-03   6.272636    
 -1.7517519E-03   6.261551    
 -1.7477479E-03   6.257709    
 -1.7437440E-03   6.273671    
 -1.7397399E-03   6.319930    
 -1.7357359E-03   6.398249    
 -1.7317318E-03   6.498042    
 -1.7277279E-03   6.599427    
 -1.7237237E-03   6.681005    
 -1.7197198E-03   6.729456    
 -1.7157159E-03   6.744016    
 -1.7117118E-03   6.734941    
 -1.7077079E-03   6.716621    
 -1.7037039E-03   6.700048    
 -1.6996998E-03   6.688972    
 -1.6956959E-03   6.682116    
 -1.6916919E-03   6.677386    
 -1.6876878E-03   6.676323    
 -1.6836839E-03   6.684760    
 -1.6796797E-03   6.709186    
 -1.6756759E-03   6.754150    
 -1.6716719E-03   6.820146    
 -1.6676678E-03   6.904499    
 -1.6636639E-03   7.003442    
 -1.6596598E-03   7.112830    
 -1.6556558E-03   7.227045    
 -1.6516518E-03   7.337794    
 -1.6476478E-03   7.434651    
 -1.6436438E-03   7.508646    
 -1.6396398E-03   7.556458    
 -1.6356357E-03   7.582136    
 -1.6316319E-03   7.595415    
 -1.6276278E-03   7.605288    
 -1.6236238E-03   7.615016    
 -1.6196198E-03   7.621550    
 -1.6156157E-03   7.620167    
 -1.6116118E-03   7.611302    
 -1.6076078E-03   7.603327    
 -1.6036037E-03   7.610285    
 -1.5995997E-03   7.642962    
 -1.5955957E-03   7.701591    
 -1.5915917E-03   7.773288    
 -1.5875878E-03   7.838986    
 -1.5835837E-03   7.884442    
 -1.5795798E-03   7.909517    
 -1.5755757E-03   7.929164    
 -1.5715717E-03   7.965395    
 -1.5675678E-03   8.034936    
 -1.5635637E-03   8.140305    
 -1.5595597E-03   8.268476    
 -1.5555557E-03   8.398568    
 -1.5515516E-03   8.513108    
 -1.5475478E-03   8.606230    
 -1.5435437E-03   8.683887    
 -1.5395397E-03   8.758441    
 -1.5355357E-03   8.840261    
 -1.5315317E-03   8.931768    
 -1.5275277E-03   9.026888    
 -1.5235236E-03   9.116521    
 -1.5195196E-03   9.193403    
 -1.5155156E-03   9.257009    
 -1.5115116E-03   9.312130    
 -1.5075076E-03   9.365911    
 -1.5035035E-03   9.422992    
 -1.4994997E-03   9.481969    
 -1.4954957E-03   9.536995    
 -1.4914917E-03   9.580153    
 -1.4874877E-03   9.606539    
 -1.4834836E-03   9.616368    
 -1.4794796E-03   9.616542    
 -1.4754756E-03   9.617218    
 -1.4714716E-03   9.629416    
 -1.4674676E-03   9.660476    
 -1.4634635E-03   9.714817    
 -1.4594595E-03   9.792204    
 -1.4554557E-03   9.891080    
 -1.4514516E-03   10.00759    
 -1.4474476E-03   10.13580    
 -1.4434436E-03   10.26697    
 -1.4394395E-03   10.39029    
 -1.4354356E-03   10.49558    
 -1.4314316E-03   10.57722    
 -1.4274275E-03   10.63630    
 -1.4234236E-03   10.68053    
 -1.4194195E-03   10.71871    
 -1.4154156E-03   10.75641    
 -1.4114116E-03   10.79252    
 -1.4074075E-03   10.82175    
 -1.4034036E-03   10.84086    
 -1.3993995E-03   10.85457    
 -1.3953955E-03   10.87845    
 -1.3913916E-03   10.93298    
 -1.3873874E-03   11.03380    
 -1.3833835E-03   11.18242    
 -1.3793795E-03   11.36174    
 -1.3753754E-03   11.54313    
 -1.3713716E-03   11.69741    
 -1.3673675E-03   11.80734    
 -1.3633635E-03   11.87366    
 -1.3593596E-03   11.91294    
 -1.3553554E-03   11.94693    
 -1.3513515E-03   11.99233    
 -1.3473475E-03   12.05545    
 -1.3433434E-03   12.13372    
 -1.3393395E-03   12.22098    
 -1.3353354E-03   12.31511    
 -1.3313314E-03   12.41836    
 -1.3273275E-03   12.53541    
 -1.3233233E-03   12.66707    
 -1.3193195E-03   12.80785    
 -1.3153154E-03   12.94701    
 -1.3113114E-03   13.07599    
 -1.3073074E-03   13.19340    
 -1.3033034E-03   13.30802    
 -1.2992994E-03   13.43276    
 -1.2952955E-03   13.57638    
 -1.2912914E-03   13.73740    
 -1.2872875E-03   13.90180    
 -1.2832835E-03   14.05102    
 -1.2792794E-03   14.17332    
 -1.2752755E-03   14.27042    
 -1.2712714E-03   14.35855    
 -1.2672674E-03   14.45902    
 -1.2632634E-03   14.58716    
 -1.2592594E-03   14.74364    
 -1.2552554E-03   14.91638    
 -1.2512513E-03   15.08893    
 -1.2472473E-03   15.25288    
 -1.2432433E-03   15.41330    
 -1.2392394E-03   15.58629    
 -1.2352354E-03   15.78947    
 -1.2312314E-03   16.03087    
 -1.2272274E-03   16.30342    
 -1.2232234E-03   16.58902    
 -1.2192193E-03   16.86620    
 -1.2152153E-03   17.11922    
 -1.2112113E-03   17.34187    
 -1.2072073E-03   17.53634    
 -1.2032033E-03   17.70753    
 -1.1991992E-03   17.86213    
 -1.1951954E-03   18.00701    
 -1.1911913E-03   18.14982    
 -1.1871873E-03   18.29930    
 -1.1831833E-03   18.46107    
 -1.1791792E-03   18.63484    
 -1.1751753E-03   18.81178    
 -1.1711712E-03   18.97986    
 -1.1671672E-03   19.12944    
 -1.1631633E-03   19.26014    
 -1.1591592E-03   19.38026    
 -1.1551552E-03   19.50276    
 -1.1511513E-03   19.63701    
 -1.1471473E-03   19.78373    
 -1.1431432E-03   19.93643    
 -1.1391392E-03   20.08718    
 -1.1351353E-03   20.23082    
 -1.1311313E-03   20.36820    
 -1.1271272E-03   20.50196    
 -1.1231232E-03   20.63383    
 -1.1191192E-03   20.76395    
 -1.1151151E-03   20.89550    
 -1.1111113E-03   21.03920    
 -1.1071071E-03   21.21373    
 -1.1031033E-03   21.43808    
 -1.0990992E-03   21.72062    
 -1.0950952E-03   22.05060    
 -1.0910912E-03   22.40073    
 -1.0870872E-03   22.73963    
 -1.0830831E-03   23.04620    
 -1.0790792E-03   23.31820    
 -1.0750751E-03   23.56797    
 -1.0710711E-03   23.80895    
 -1.0670673E-03   24.04386    
 -1.0630632E-03   24.26243    
 -1.0590592E-03   24.45226    
 -1.0550552E-03   24.61200    
 -1.0510512E-03   24.76069    
 -1.0470471E-03   24.92986    
 -1.0430432E-03   25.14676    
 -1.0390391E-03   25.41853    
 -1.0350351E-03   25.72736    
 -1.0310311E-03   26.04244    
 -1.0270271E-03   26.33810    
 -1.0230232E-03   26.60758    
 -1.0190191E-03   26.86389    
 -1.0150151E-03   27.12683    
 -1.0110112E-03   27.40985    
 -1.0070070E-03   27.71448    
 -1.0030031E-03   28.03675    
 -9.9899911E-04   28.37755    
 -9.9499500E-04   28.74725    
 -9.9099113E-04   29.15844    
 -9.8698703E-04   29.61150    
 -9.8298315E-04   30.08490    
 -9.7897905E-04   30.54044    
 -9.7497512E-04   30.94266    
 -9.7097107E-04   31.28035    
 -9.6696703E-04   31.57687    
 -9.6296304E-04   31.88132    
 -9.5895911E-04   32.24385    
 -9.5495506E-04   32.69279    
 -9.5095101E-04   33.22382    
 -9.4694702E-04   33.80763    
 -9.4294309E-04   34.40891    
 -9.3893893E-04   35.00010    
 -9.3493500E-04   35.56695    
 -9.3093107E-04   36.10337    
 -9.2692696E-04   36.60412    
 -9.2292303E-04   37.06485    
 -9.1891899E-04   37.48851    
 -9.1491506E-04   37.89157    
 -9.1091095E-04   38.30077    
 -9.0690702E-04   38.74225    
 -9.0290298E-04   39.22959    
 -8.9889899E-04   39.75660    
 -8.9489494E-04   40.30612    
 -8.9089101E-04   40.86348    
 -8.8688690E-04   41.42936    
 -8.8288297E-04   42.01955    
 -8.7887893E-04   42.65195    
 -8.7487500E-04   43.33543    
 -8.7087089E-04   44.06400    
 -8.6686696E-04   44.82376    
 -8.6286303E-04   45.60595    
 -8.5885887E-04   46.41292    
 -8.5485494E-04   47.25311    
 -8.5085095E-04   48.12916    
 -8.4684690E-04   49.02533    
 -8.4284286E-04   49.91453    
 -8.3883893E-04   50.77444    
 -8.3483494E-04   51.60415    
 -8.3083089E-04   52.43013    
 -8.2682684E-04   53.29291    
 -8.2282291E-04   54.22332    
 -8.1881881E-04   55.22365    
 -8.1481488E-04   56.26940    
 -8.1081083E-04   57.32485    
 -8.0680696E-04   58.36750    
 -8.0280280E-04   59.39746    
 -7.9879886E-04   60.43027    
 -7.9479493E-04   61.48013    
 -7.9079083E-04   62.54324    
 -7.8678690E-04   63.59944    
 -7.8278285E-04   64.62815    
 -7.7877886E-04   65.62634    
 -7.7477482E-04   66.61781    
 -7.7077089E-04   67.64499    
 -7.6676684E-04   68.75163    
 -7.6276285E-04   69.96711    
 -7.5875880E-04   71.29896    
 -7.5475487E-04   72.73814    
 -7.5075077E-04   74.26355    
 -7.4674684E-04   75.84539    
 -7.4274279E-04   77.44801    
 -7.3873874E-04   79.03542    
 -7.3473481E-04   80.58583    
 -7.3073083E-04   82.10821    
 -7.2672690E-04   83.64862    
 -7.2272273E-04   85.27710    
 -7.1871880E-04   87.05740    
 -7.1471481E-04   89.01276    
 -7.1071077E-04   91.11452    
 -7.0670672E-04   93.29245    
 -7.0270279E-04   95.47366    
 -6.9869880E-04   97.61545    
 -6.9469475E-04   99.71735    
 -6.9069071E-04   101.8071    
 -6.8668678E-04   103.9106    
 -6.8268267E-04   106.0301    
 -6.7867874E-04   108.1453    
 -6.7467469E-04   110.2316    
 -6.7067071E-04   112.2856    
 -6.6666678E-04   114.3314    
 -6.6266273E-04   116.4110    
 -6.5865880E-04   118.5648    
 -6.5465469E-04   120.8176    
 -6.5065076E-04   123.1809    
 -6.4664672E-04   125.6631    
 -6.4264267E-04   128.2725    
 -6.3863868E-04   131.0108    
 -6.3463475E-04   133.8579    
 -6.3063059E-04   136.7673    
 -6.2662666E-04   139.6805    
 -6.2262267E-04   142.5611    
 -6.1861874E-04   145.4211    
 -6.1461458E-04   148.3213    
 -6.1061064E-04   151.3345    
 -6.0660666E-04   154.4953    
 -6.0260261E-04   157.7665    
 -5.9859868E-04   161.0440    
 -5.9459469E-04   164.2099    
 -5.9059076E-04   167.1933    
 -5.8658660E-04   170.0100    
 -5.8258267E-04   172.7513    
 -5.7857868E-04   175.5360    
 -5.7457463E-04   178.4476    
 -5.7057058E-04   181.5050    
 -5.6656665E-04   184.6631    
 -5.6256255E-04   187.8509    
 -5.5855862E-04   191.0128    
 -5.5455457E-04   194.1250    
 -5.5055064E-04   197.1925    
 -5.4654654E-04   200.2319    
 -5.4254261E-04   203.2647    
 -5.3853856E-04   206.3158    
 -5.3453457E-04   209.4252    
 -5.3053064E-04   212.6504    
 -5.2652659E-04   216.0511    
 -5.2252255E-04   219.6715    
 -5.1851856E-04   223.5246    
 -5.1451463E-04   227.5949    
 -5.1051058E-04   231.8586    
 -5.0650653E-04   236.3011    
 -5.0250255E-04   240.9300    
 -4.9849862E-04   245.7701    
 -4.9449445E-04   250.8473    
 -4.9049052E-04   256.1764    
 -4.8648650E-04   261.7679    
 -4.8248249E-04   267.6337    
 -4.7847847E-04   273.8023    
 -4.7447454E-04   280.3136    
 -4.7047061E-04   287.2041    
 -4.6646647E-04   294.4861    
 -4.6246254E-04   302.1390    
 -4.5845853E-04   310.1254    
 -4.5445448E-04   318.4144    
 -4.5045046E-04   327.0111    
 -4.4644653E-04   335.9702    
 -4.4244251E-04   345.3841    
 -4.3843850E-04   355.3521    
 -4.3443445E-04   365.9431    
 -4.3043052E-04   377.1727    
 -4.2642641E-04   389.0007    
 -4.2242248E-04   401.3464    
 -4.1841844E-04   414.1339    
 -4.1441442E-04   427.3152    
 -4.1041040E-04   440.9055    
 -4.0640647E-04   454.9697    
 -4.0240254E-04   469.6152    
 -3.9839841E-04   484.9549    
 -3.9439448E-04   501.0742    
 -3.9039046E-04   518.0319    
 -3.8638641E-04   535.8474    
 -3.8238239E-04   554.5199    
 -3.7837846E-04   574.0315    
 -3.7437433E-04   594.3546    
 -3.7037040E-04   615.4515    
 -3.6636638E-04   637.2773    
 -3.6236245E-04   659.8109    
 -3.5835832E-04   683.0721    
 -3.5435439E-04   707.1260    
 -3.5035037E-04   732.0677    
 -3.4634635E-04   757.9507    
 -3.4234230E-04   784.7148    
 -3.3833840E-04   812.1325    
 -3.3433427E-04   839.8372    
 -3.3033034E-04   867.3735    
 -3.2632641E-04   894.3138    
 -3.2232248E-04   920.3287    
 -3.1831834E-04   945.1824    
 -3.1431441E-04   968.6599    
 -3.1031031E-04   990.4609    
 -3.0630638E-04   1010.130    
 -3.0230224E-04   1027.086    
 -2.9829831E-04   1040.737    
 -2.9429438E-04   1050.644    
 -2.9029025E-04   1056.655    
 -2.8628614E-04   1058.938    
 -2.8228239E-04   1057.911    
 -2.7827828E-04   1054.091    
 -2.7427435E-04   1047.970    
 -2.7027042E-04   1039.931    
 -2.6626629E-04   1030.254    
 -2.6226236E-04   1019.180    
 -2.5825822E-04   1006.971    
 -2.5425432E-04   993.9485    
 -2.5025039E-04   980.4609    
 -2.4624626E-04   966.8541    
 -2.4224212E-04   953.4238    
 -2.3823840E-04   940.4023    
 -2.3423426E-04   927.9710    
 -2.3023014E-04   916.2742    
 -2.2622621E-04   905.4395    
 -2.2222228E-04   895.5624    
 -2.1821816E-04   886.7025    
 -2.1421423E-04   878.8795    
 -2.1021010E-04   872.0875    
 -2.0620637E-04   866.3182    
 -2.0220225E-04   861.5803    
 -1.9819812E-04   857.9002    
 -1.9419439E-04   855.3065    
 -1.9019026E-04   853.7974    
 -1.8618614E-04   853.3424    
 -1.8218221E-04   853.8892    
 -1.7817828E-04   855.3848    
 -1.7417416E-04   857.8135    
 -1.7017023E-04   861.1966    
 -1.6616609E-04   865.5908    
 -1.6216218E-04   871.0577    
 -1.5815825E-04   877.6515    
 -1.5415411E-04   885.4041    
 -1.5014999E-04   894.3256    
 -1.4614625E-04   904.4085    
 -1.4214213E-04   915.6304    
 -1.3813801E-04   927.9343    
 -1.3413427E-04   941.2274    
 -1.3013015E-04   955.4091    
 -1.2612622E-04   970.3746    
 -1.2212209E-04   986.0676    
 -1.1811817E-04   1002.483    
 -1.1411423E-04   1019.657    
 -1.1011012E-04   1037.635    
 -1.0610599E-04   1056.419    
 -1.0210225E-04   1075.956    
 -9.8098128E-05   1096.141    
 -9.4094001E-05   1116.841    
 -9.0090070E-05   1137.923    
 -8.6086147E-05   1159.254    
 -8.2082021E-05   1180.717    
 -7.8078090E-05   1202.176    
 -7.4073963E-05   1223.524    
 -7.0070033E-05   1244.691    
 -6.6066110E-05   1265.683    
 -6.2061983E-05   1286.600    
 -5.8058249E-05   1307.558    
 -5.4054122E-05   1328.637    
 -5.0049995E-05   1349.770    
 -4.6046069E-05   1370.733    
 -4.2042138E-05   1391.162    
 -3.8038012E-05   1410.670    
 -3.4034085E-05   1428.943    
 -3.0029958E-05   1445.816    
 -2.6026029E-05   1461.250    
 -2.2022101E-05   1475.274    
 -1.8017976E-05   1487.824    
 -1.4013849E-05   1498.694    
 -1.0010118E-05   1507.480    
 -6.0059915E-06   1513.745    
 -2.0018651E-06   1516.991    
  2.0018651E-06   1516.990    
  6.0059915E-06   1513.746    
  1.0010118E-05   1507.480    
  1.4014046E-05   1498.691    
  1.8017976E-05   1487.823    
  2.2021904E-05   1475.273    
  2.6026029E-05   1461.249    
  3.0030156E-05   1445.813    
  3.4033888E-05   1428.942    
  3.8038012E-05   1410.671    
  4.2042138E-05   1391.161    
  4.6046069E-05   1370.733    
  5.0049995E-05   1349.771    
  5.4054122E-05   1328.638    
  5.8058053E-05   1307.560    
  6.2061983E-05   1286.600    
  6.6066110E-05   1265.684    
  7.0070033E-05   1244.690    
  7.4074160E-05   1223.524    
  7.8078090E-05   1202.176    
  8.2082021E-05   1180.717    
  8.6086147E-05   1159.255    
  9.0090070E-05   1137.924    
  9.4094001E-05   1116.841    
  9.8098128E-05   1096.141    
  1.0210206E-04   1075.957    
  1.0610618E-04   1056.418    
  1.1011012E-04   1037.635    
  1.1411404E-04   1019.657    
  1.1811817E-04   1002.483    
  1.2212229E-04   986.0669    
  1.2612602E-04   970.3747    
  1.3013015E-04   955.4089    
  1.3413427E-04   941.2282    
  1.3813801E-04   927.9340    
  1.4214213E-04   915.6310    
  1.4614625E-04   904.4089    
  1.5015018E-04   894.3248    
  1.5415411E-04   885.4047    
  1.5815825E-04   877.6515    
  1.6216218E-04   871.0576    
  1.6616630E-04   865.5906    
  1.7017002E-04   861.1967    
  1.7417416E-04   857.8137    
  1.7817828E-04   855.3843    
  1.8218221E-04   853.8893    
  1.8618614E-04   853.3419    
  1.9019026E-04   853.7980    
  1.9419419E-04   855.3057    
  1.9819812E-04   857.9003    
  2.0220225E-04   861.5804    
  2.0620618E-04   866.3179    
  2.1021030E-04   872.0872    
  2.1421423E-04   878.8796    
  2.1821816E-04   886.7027    
  2.2222228E-04   895.5623    
  2.2622642E-04   905.4398    
  2.3023014E-04   916.2743    
  2.3423426E-04   927.9709    
  2.3823819E-04   940.4021    
  2.4224233E-04   953.4244    
  2.4624626E-04   966.8547    
  2.5025019E-04   980.4606    
  2.5425432E-04   993.9488    
  2.5825843E-04   1006.972    
  2.6226215E-04   1019.179    
  2.6626629E-04   1030.255    
  2.7027042E-04   1039.931    
  2.7427415E-04   1047.970    
  2.7827828E-04   1054.092    
  2.8228239E-04   1057.911    
  2.8628632E-04   1058.938    
  2.9029025E-04   1056.655    
  2.9429438E-04   1050.644    
  2.9829831E-04   1040.737    
  3.0230245E-04   1027.087    
  3.0630638E-04   1010.130    
  3.1031031E-04   990.4615    
  3.1431441E-04   968.6603    
  3.1831834E-04   945.1824    
  3.2232227E-04   920.3311    
  3.2632641E-04   894.3143    
  3.3033034E-04   867.3738    
  3.3433427E-04   839.8373    
  3.3833840E-04   812.1325    
  3.4234230E-04   784.7151    
  3.4634644E-04   757.9504    
  3.5035037E-04   732.0674    
  3.5435430E-04   707.1262    
  3.5835843E-04   683.0707    
  3.6236257E-04   659.8102    
  3.6636629E-04   637.2768    
  3.7037040E-04   615.4515    
  3.7437453E-04   594.3536    
  3.7837846E-04   574.0317    
  3.8238239E-04   554.5200    
  3.8638632E-04   535.8473    
  3.9039046E-04   518.0319    
  3.9439456E-04   501.0740    
  3.9839832E-04   484.9550    
  4.0240242E-04   469.6158    
  4.0640656E-04   454.9695    
  4.1041028E-04   440.9052    
  4.1441442E-04   427.3148    
  4.1841855E-04   414.1333    
  4.2242248E-04   401.3462    
  4.2642641E-04   389.0006    
  4.3043052E-04   377.1727    
  4.3443445E-04   365.9427    
  4.3843858E-04   355.3512    
  4.4244251E-04   345.3839    
  4.4644644E-04   335.9700    
  4.5045058E-04   327.0108    
  4.5445448E-04   318.4141    
  4.5845841E-04   310.1256    
  4.6246254E-04   302.1394    
  4.6646647E-04   294.4859    
  4.7047040E-04   287.2047    
  4.7447454E-04   280.3136    
  4.7847847E-04   273.8024    
  4.8248257E-04   267.6337    
  4.8648650E-04   261.7679    
  4.9049046E-04   256.1767    
  4.9449457E-04   250.8475    
  4.9849867E-04   245.7698    
  5.0250243E-04   240.9299    
  5.0650653E-04   236.3011    
  5.1051070E-04   231.8582    
  5.1451463E-04   227.5949    
  5.1851856E-04   223.5247    
  5.2252266E-04   219.6713    
  5.2652659E-04   216.0510    
  5.3053052E-04   212.6505    
  5.3453445E-04   209.4253    
  5.3853856E-04   206.3157    
  5.4254272E-04   203.2647    
  5.4654642E-04   200.2322    
  5.5055058E-04   197.1925    
  5.5455469E-04   194.1251    
  5.5855862E-04   191.0127    
  5.6256255E-04   187.8509    
  5.6656665E-04   184.6631    
  5.7057058E-04   181.5052    
  5.7457475E-04   178.4480    
  5.7857868E-04   175.5361    
  5.8258261E-04   172.7515    
  5.8658671E-04   170.0101    
  5.9059082E-04   167.1936    
  5.9459457E-04   164.2100    
  5.9859868E-04   161.0440    
  6.0260261E-04   157.7665    
  6.0660654E-04   154.4955    
  6.1061064E-04   151.3345    
  6.1461458E-04   148.3212    
  6.1861874E-04   145.4213    
  6.2262267E-04   142.5610    
  6.2662660E-04   139.6805    
  6.3063070E-04   136.7675    
  6.3463481E-04   133.8580    
  6.3863856E-04   131.0110    
  6.4264267E-04   128.2724    
  6.4664683E-04   125.6631    
  6.5065076E-04   123.1810    
  6.5465469E-04   120.8176    
  6.5865880E-04   118.5649    
  6.6266273E-04   116.4108    
  6.6666666E-04   114.3310    
  6.7067076E-04   112.2853    
  6.7467469E-04   110.2316    
  6.7867886E-04   108.1448    
  6.8268256E-04   106.0303    
  6.8668672E-04   103.9104    
  6.9069082E-04   101.8071    
  6.9469475E-04   99.71748    
  6.9869868E-04   97.61526    
  7.0270279E-04   95.47358    
  7.0670672E-04   93.29245    
  7.1071088E-04   91.11434    
  7.1471481E-04   89.01290    
  7.1871874E-04   87.05715    
  7.2272285E-04   85.27698    
  7.2672695E-04   83.64854    
  7.3073071E-04   82.10816    
  7.3473481E-04   80.58585    
  7.3873898E-04   79.03548    
  7.4274268E-04   77.44806    
  7.4674684E-04   75.84532    
  7.5075077E-04   74.26343    
  7.5475487E-04   72.73813    
  7.5875880E-04   71.29902    
  7.6276273E-04   69.96714    
  7.6676684E-04   68.75169    
  7.7077100E-04   67.64486    
  7.7477470E-04   66.61780    
  7.7877886E-04   65.62640    
  7.8278297E-04   64.62795    
  7.8678690E-04   63.59949    
  7.9079083E-04   62.54327    
  7.9479493E-04   61.48009    
  7.9879886E-04   60.43024    
  8.0280280E-04   59.39747    
  8.0680696E-04   58.36749    
  8.1081083E-04   57.32483    
  8.1481499E-04   56.26934    
  8.1881869E-04   55.22369    
  8.2282285E-04   54.22340    
  8.2682696E-04   53.29291    
  8.3083089E-04   52.43001    
  8.3483482E-04   51.60410    
  8.3883893E-04   50.77449    
  8.4284286E-04   49.91455    
  8.4684702E-04   49.02543    
  8.5085095E-04   48.12925    
  8.5485488E-04   47.25343    
  8.5885898E-04   46.41285    
  8.6286291E-04   45.60577    
  8.6686685E-04   44.82370    
  8.7087095E-04   44.06395    
  8.7487511E-04   43.33539    
  8.7887881E-04   42.65179    
  8.8288297E-04   42.01949    
  8.8688708E-04   41.42944    
  8.9089101E-04   40.86350    
  8.9489494E-04   40.30614    
  8.9889887E-04   39.75676    
  9.0290298E-04   39.22964    
  9.0690714E-04   38.74231    
  9.1091084E-04   38.30061    
  9.1491500E-04   37.89148    
  9.1891910E-04   37.48876    
  9.2292303E-04   37.06481    
  9.2692696E-04   36.60413    
  9.3093107E-04   36.10327    
  9.3493500E-04   35.56685    
  9.3893893E-04   34.99998    
  9.4294309E-04   34.40887    
  9.4694702E-04   33.80763    
  9.5095113E-04   33.22368    
  9.5495506E-04   32.69271    
  9.5895899E-04   32.24389    
  9.6296309E-04   31.88108    
  9.6696703E-04   31.57682    
  9.7097096E-04   31.28032    
  9.7497512E-04   30.94270    
  9.7897905E-04   30.54042    
  9.8298315E-04   30.08492    
  9.8698703E-04   29.61144    
  9.9099101E-04   29.15848    
  9.9499512E-04   28.74722    
  9.9899911E-04   28.37766    
  1.0030030E-03   28.03681    
  1.0070071E-03   27.71445    
  1.0110112E-03   27.40971    
  1.0150149E-03   27.12686    
  1.0190191E-03   26.86391    
  1.0230233E-03   26.60757    
  1.0270271E-03   26.33801    
  1.0310311E-03   26.04240    
  1.0350352E-03   25.72719    
  1.0390391E-03   25.41851    
  1.0430432E-03   25.14692    
  1.0470470E-03   24.92989    
  1.0510511E-03   24.76056    
  1.0550553E-03   24.61197    
  1.0590589E-03   24.45211    
  1.0630632E-03   24.26250    
  1.0670673E-03   24.04381    
  1.0710711E-03   23.80894    
  1.0750751E-03   23.56795    
  1.0790792E-03   23.31815    
  1.0830831E-03   23.04624    
  1.0870873E-03   22.73956    
  1.0910912E-03   22.40067    
  1.0950951E-03   22.05062    
  1.0990993E-03   21.72060    
  1.1031034E-03   21.43828    
  1.1071071E-03   21.21370    
  1.1111113E-03   21.03926    
  1.1151151E-03   20.89555    
  1.1191192E-03   20.76402    
  1.1231232E-03   20.63386    
  1.1271271E-03   20.50201    
  1.1311313E-03   20.36824    
  1.1351352E-03   20.23089    
  1.1391392E-03   20.08718    
  1.1431433E-03   19.93651    
  1.1471474E-03   19.78367    
  1.1511511E-03   19.63708    
  1.1551552E-03   19.50279    
  1.1591594E-03   19.38016    
  1.1631633E-03   19.26007    
  1.1671672E-03   19.12942    
  1.1711713E-03   18.97961    
  1.1751753E-03   18.81171    
  1.1791794E-03   18.63468    
  1.1831833E-03   18.46111    
  1.1871873E-03   18.29929    
  1.1911914E-03   18.14986    
  1.1951951E-03   18.00697    
  1.1991992E-03   17.86214    
  1.2032033E-03   17.70749    
  1.2072073E-03   17.53633    
  1.2112112E-03   17.34195    
  1.2152153E-03   17.11915    
  1.2192193E-03   16.86615    
  1.2232234E-03   16.58897    
  1.2272274E-03   16.30342    
  1.2312313E-03   16.03089    
  1.2352354E-03   15.78949    
  1.2392395E-03   15.58633    
  1.2432432E-03   15.41326    
  1.2472473E-03   15.25284    
  1.2512516E-03   15.08893    
  1.2552554E-03   14.91643    
  1.2592594E-03   14.74368    
  1.2632633E-03   14.58726    
  1.2672674E-03   14.45909    
  1.2712714E-03   14.35860    
  1.2752753E-03   14.27036    
  1.2792794E-03   14.17335    
  1.2832836E-03   14.05115    
  1.2872872E-03   13.90182    
  1.2912914E-03   13.73747    
  1.2952955E-03   13.57644    
  1.2992994E-03   13.43280    
  1.3033034E-03   13.30800    
  1.3073075E-03   13.19352    
  1.3113114E-03   13.07596    
  1.3153156E-03   12.94695    
  1.3193195E-03   12.80786    
  1.3233233E-03   12.66707    
  1.3273276E-03   12.53535    
  1.3313317E-03   12.41833    
  1.3353354E-03   12.31510    
  1.3393395E-03   12.22103    
  1.3433433E-03   12.13362    
  1.3473474E-03   12.05544    
  1.3513515E-03   11.99232    
  1.3553553E-03   11.94693    
  1.3593594E-03   11.91298    
  1.3633635E-03   11.87370    
  1.3673676E-03   11.80722    
  1.3713713E-03   11.69738    
  1.3753754E-03   11.54316    
  1.3793795E-03   11.36168    
  1.3833838E-03   11.18238    
  1.3873874E-03   11.03383    
  1.3913916E-03   10.93303    
  1.3953957E-03   10.87848    
  1.3993995E-03   10.85469    
  1.4034036E-03   10.84091    
  1.4074073E-03   10.82195    
  1.4114114E-03   10.79259    
  1.4154156E-03   10.75646    
  1.4194197E-03   10.71877    
  1.4234238E-03   10.68057    
  1.4274279E-03   10.63636    
  1.4314313E-03   10.57713    
  1.4354354E-03   10.49563    
  1.4394395E-03   10.39034    
  1.4434436E-03   10.26708    
  1.4474478E-03   10.13588    
  1.4514514E-03   10.00764    
  1.4554557E-03   9.891079    
  1.4594593E-03   9.792279    
  1.4634635E-03   9.714758    
  1.4674676E-03   9.660496    
  1.4714717E-03   9.629386    
  1.4754755E-03   9.617188    
  1.4794796E-03   9.616519    
  1.4834837E-03   9.616330    
  1.4874878E-03   9.606529    
  1.4914916E-03   9.580192    
  1.4954957E-03   9.536950    
  1.4994994E-03   9.481975    
  1.5035035E-03   9.422947    
  1.5075076E-03   9.365907    
  1.5115119E-03   9.312125    
  1.5155160E-03   9.256992    
  1.5195193E-03   9.193524    
  1.5235234E-03   9.116430    
  1.5275275E-03   9.026865    
  1.5315317E-03   8.931773    
  1.5355358E-03   8.840339    
  1.5395399E-03   8.758465    
  1.5435437E-03   8.683925    
  1.5475478E-03   8.606250    
  1.5515515E-03   8.513161    
  1.5555556E-03   8.398490    
  1.5595597E-03   8.268474    
  1.5635638E-03   8.140389    
  1.5675676E-03   8.034964    
  1.5715717E-03   7.965367    
  1.5755758E-03   7.929021    
  1.5795800E-03   7.909509    
  1.5835837E-03   7.884400    
  1.5875874E-03   7.838966    
  1.5915915E-03   7.773256    
  1.5955957E-03   7.701609    
  1.5995998E-03   7.643012    
  1.6036039E-03   7.610257    
  1.6076081E-03   7.603320    
  1.6116115E-03   7.611289    
  1.6156156E-03   7.620222    
  1.6196197E-03   7.621520    
  1.6236238E-03   7.615020    
  1.6276279E-03   7.605229    
  1.6316320E-03   7.595568    
  1.6356357E-03   7.582148    
  1.6396398E-03   7.556354    
  1.6436436E-03   7.508633    
  1.6476477E-03   7.434682    
  1.6516519E-03   7.337797    
  1.6556560E-03   7.227042    
  1.6596598E-03   7.112847    
  1.6636639E-03   7.003455    
  1.6676680E-03   6.904520    
  1.6716718E-03   6.820062    
  1.6756759E-03   6.754165    
  1.6796796E-03   6.709194    
  1.6836837E-03   6.684907    
  1.6876878E-03   6.676340    
  1.6916919E-03   6.677377    
  1.6956960E-03   6.682068    
  1.6997003E-03   6.688948    
  1.7037035E-03   6.699958    
  1.7077076E-03   6.716653    
  1.7117118E-03   6.734946    
  1.7157159E-03   6.744018    
  1.7197201E-03   6.729494    
  1.7237242E-03   6.681053    
  1.7277279E-03   6.599437    
  1.7317316E-03   6.498127    
  1.7357358E-03   6.398193    
  1.7397399E-03   6.319912    
  1.7437440E-03   6.273667    
  1.7477478E-03   6.257715    
  1.7517519E-03   6.261526    
  1.7557560E-03   6.272594    
  1.7597601E-03   6.282136    
  1.7637638E-03   6.287185    
  1.7677679E-03   6.287992    
  1.7717717E-03   6.284925    
  1.7757758E-03   6.275388    
  1.7797799E-03   6.255990    
  1.7837841E-03   6.224539    
  1.7877882E-03   6.184188    
  1.7917923E-03   6.143290    
  1.7957956E-03   6.112368    
  1.7997999E-03   6.099608    
  1.8038040E-03   6.106561    
  1.8078081E-03   6.127111    
  1.8118122E-03   6.149317    
  1.8158159E-03   6.161203    
  1.8198200E-03   6.154497    
  1.8238238E-03   6.128597    
  1.8278279E-03   6.089421    
  1.8318320E-03   6.046004    
  1.8358361E-03   6.005446    
  1.8398399E-03   5.970685    
  1.8438440E-03   5.939184    
  1.8478482E-03   5.906445    
  1.8518523E-03   5.868402    
  1.8558560E-03   5.824224    
  1.8598601E-03   5.775862    
  1.8638638E-03   5.726338    
  1.8678680E-03   5.677401    
  1.8718721E-03   5.629500    
  1.8758762E-03   5.583039    
  1.8798803E-03   5.540683    
  1.8838837E-03   5.507573    
  1.8878878E-03   5.489661    
  1.8918919E-03   5.489385    
  1.8958960E-03   5.504067    
  1.8999001E-03   5.524590    
  1.9039044E-03   5.539367    
  1.9079080E-03   5.539509    
  1.9119122E-03   5.522211    
  1.9159159E-03   5.491411    
  1.9199200E-03   5.455215    
  1.9239242E-03   5.421420    
  1.9279283E-03   5.394116    
  1.9319321E-03   5.373096    
  1.9359362E-03   5.355731    
  1.9399403E-03   5.339598    
  1.9439440E-03   5.324019    
  1.9479481E-03   5.310856    
  1.9519522E-03   5.302710    
  1.9559560E-03   5.301368    
  1.9599602E-03   5.306320    
  1.9639642E-03   5.314516    
  1.9679684E-03   5.320979    
  1.9719724E-03   5.319830    
  1.9759759E-03   5.306988    
  1.9799799E-03   5.280337    
  1.9839841E-03   5.241318    
  1.9879881E-03   5.193640    
  1.9919924E-03   5.141684    
  1.9959963E-03   5.088071    
  2.0000001E-03   5.032853    
