 -4.9999999E-03   1.982375    
 -4.9899900E-03   1.985714    
 -4.9799802E-03   1.988701    
 -4.9699699E-03   1.991451    
 -4.9599600E-03   1.994168    
 -4.9499501E-03   1.997227    
 -4.9399403E-03   2.000710    
 -4.9299300E-03   2.004721    
 -4.9199201E-03   2.009367    
 -4.9099098E-03   2.014539    
 -4.8998999E-03   2.020112    
 -4.8898896E-03   2.025932    
 -4.8798798E-03   2.032144    
 -4.8698699E-03   2.038874    
 -4.8598601E-03   2.046088    
 -4.8498502E-03   2.053782    
 -4.8398399E-03   2.062108    
 -4.8298300E-03   2.070985    
 -4.8198197E-03   2.080307    
 -4.8098098E-03   2.089833    
 -4.7997995E-03   2.099652    
 -4.7897897E-03   2.110013    
 -4.7797798E-03   2.120959    
 -4.7697700E-03   2.132560    
 -4.7597601E-03   2.144556    
 -4.7497498E-03   2.156772    
 -4.7397399E-03   2.169277    
 -4.7297296E-03   2.182185    
 -4.7197198E-03   2.195679    
 -4.7097094E-03   2.209749    
 -4.6996996E-03   2.224469    
 -4.6896897E-03   2.239864    
 -4.6796799E-03   2.255880    
 -4.6696700E-03   2.272338    
 -4.6596597E-03   2.289101    
 -4.6496498E-03   2.306087    
 -4.6396400E-03   2.323044    
 -4.6296297E-03   2.339434    
 -4.6196193E-03   2.354828    
 -4.6096095E-03   2.369053    
 -4.5995996E-03   2.382101    
 -4.5895898E-03   2.394186    
 -4.5795795E-03   2.405940    
 -4.5695696E-03   2.417902    
 -4.5595597E-03   2.430176    
 -4.5495499E-03   2.442389    
 -4.5395396E-03   2.454393    
 -4.5295293E-03   2.466408    
 -4.5195194E-03   2.478854    
 -4.5095095E-03   2.491899    
 -4.4994997E-03   2.505296    
 -4.4894894E-03   2.518880    
 -4.4794795E-03   2.532372    
 -4.4694697E-03   2.545405    
 -4.4594598E-03   2.557711    
 -4.4494495E-03   2.569258    
 -4.4394392E-03   2.580256    
 -4.4294293E-03   2.591132    
 -4.4194194E-03   2.602402    
 -4.4094096E-03   2.614424    
 -4.3993993E-03   2.627284    
 -4.3893894E-03   2.640902    
 -4.3793796E-03   2.655045    
 -4.3693697E-03   2.669212    
 -4.3593599E-03   2.683079    
 -4.3493495E-03   2.696603    
 -4.3393392E-03   2.709902    
 -4.3293294E-03   2.722921    
 -4.3193190E-03   2.735636    
 -4.3093092E-03   2.748116    
 -4.2992993E-03   2.760393    
 -4.2892895E-03   2.772259    
 -4.2792796E-03   2.783509    
 -4.2692693E-03   2.794315    
 -4.2592594E-03   2.805025    
 -4.2492491E-03   2.815822    
 -4.2392393E-03   2.826871    
 -4.2292294E-03   2.838408    
 -4.2192191E-03   2.850700    
 -4.2092092E-03   2.863794    
 -4.1991994E-03   2.877502    
 -4.1891895E-03   2.891516    
 -4.1791792E-03   2.905403    
 -4.1691693E-03   2.918653    
 -4.1591590E-03   2.930978    
 -4.1491492E-03   2.942781    
 -4.1391389E-03   2.954756    
 -4.1291290E-03   2.967324    
 -4.1191191E-03   2.980529    
 -4.1091093E-03   2.994425    
 -4.0990994E-03   3.009067    
 -4.0890891E-03   3.024364    
 -4.0790793E-03   3.040514    
 -4.0690694E-03   3.057701    
 -4.0590591E-03   3.075752    
 -4.0490492E-03   3.094134    
 -4.0390389E-03   3.112309    
 -4.0290290E-03   3.129871    
 -4.0190192E-03   3.146626    
 -4.0090089E-03   3.162960    
 -3.9989995E-03   3.179380    
 -3.9889892E-03   3.196321    
 -3.9789793E-03   3.213854    
 -3.9689690E-03   3.231676    
 -3.9589587E-03   3.249655    
 -3.9489488E-03   3.267642    
 -3.9389390E-03   3.285176    
 -3.9289291E-03   3.301641    
 -3.9189192E-03   3.316676    
 -3.9089089E-03   3.330223    
 -3.8988988E-03   3.342394    
 -3.8888890E-03   3.353326    
 -3.8788787E-03   3.363506    
 -3.8688693E-03   3.373552    
 -3.8588590E-03   3.383842    
 -3.8488489E-03   3.394391    
 -3.8388390E-03   3.405234    
 -3.8288287E-03   3.416651    
 -3.8188188E-03   3.428997    
 -3.8088090E-03   3.442968    
 -3.7987989E-03   3.458933    
 -3.7887890E-03   3.476889    
 -3.7787787E-03   3.496447    
 -3.7687689E-03   3.517324    
 -3.7587588E-03   3.539336    
 -3.7487489E-03   3.561894    
 -3.7387386E-03   3.584383    
 -3.7287287E-03   3.606512    
 -3.7187189E-03   3.628592    
 -3.7087088E-03   3.651041    
 -3.6986985E-03   3.674278    
 -3.6886886E-03   3.698593    
 -3.6786788E-03   3.723912    
 -3.6686689E-03   3.750101    
 -3.6586588E-03   3.776970    
 -3.6486485E-03   3.804376    
 -3.6386386E-03   3.832199    
 -3.6286288E-03   3.860283    
 -3.6186187E-03   3.888653    
 -3.6086084E-03   3.917254    
 -3.5985985E-03   3.946027    
 -3.5885887E-03   3.974632    
 -3.5785788E-03   4.002782    
 -3.5685685E-03   4.030161    
 -3.5585584E-03   4.056409    
 -3.5485486E-03   4.081199    
 -3.5385387E-03   4.104737    
 -3.5285288E-03   4.127821    
 -3.5185185E-03   4.151168    
 -3.5085084E-03   4.175429    
 -3.4984986E-03   4.200850    
 -3.4884887E-03   4.227539    
 -3.4784784E-03   4.255037    
 -3.4684683E-03   4.283004    
 -3.4584585E-03   4.311515    
 -3.4484486E-03   4.340654    
 -3.4384383E-03   4.370629    
 -3.4284284E-03   4.401616    
 -3.4184183E-03   4.434060    
 -3.4084085E-03   4.468289    
 -3.3983986E-03   4.504260    
 -3.3883883E-03   4.541335    
 -3.3783785E-03   4.579134    
 -3.3683684E-03   4.616991    
 -3.3583585E-03   4.654135    
 -3.3483487E-03   4.689908    
 -3.3383383E-03   4.724183    
 -3.3283283E-03   4.757198    
 -3.3183184E-03   4.788843    
 -3.3083083E-03   4.819225    
 -3.2982985E-03   4.848414    
 -3.2882884E-03   4.876674    
 -3.2782783E-03   4.904349    
 -3.2682684E-03   4.932047    
 -3.2582583E-03   4.960432    
 -3.2482482E-03   4.989831    
 -3.2382382E-03   5.020221    
 -3.2282281E-03   5.051345    
 -3.2182182E-03   5.082947    
 -3.2082084E-03   5.114621    
 -3.1981983E-03   5.145834    
 -3.1881882E-03   5.176693    
 -3.1781783E-03   5.207561    
 -3.1681682E-03   5.238916    
 -3.1581582E-03   5.270979    
 -3.1481483E-03   5.304052    
 -3.1381380E-03   5.338336    
 -3.1281281E-03   5.373971    
 -3.1181183E-03   5.410860    
 -3.1081082E-03   5.449142    
 -3.0980981E-03   5.488969    
 -3.0880882E-03   5.530130    
 -3.0780782E-03   5.572327    
 -3.0680681E-03   5.614745    
 -3.0580582E-03   5.656176    
 -3.0480481E-03   5.695658    
 -3.0380380E-03   5.732922    
 -3.0280282E-03   5.768681    
 -3.0180181E-03   5.803775    
 -3.0080082E-03   5.839072    
 -2.9979981E-03   5.875298    
 -2.9879878E-03   5.912668    
 -2.9779780E-03   5.951360    
 -2.9679681E-03   5.991444    
 -2.9579580E-03   6.033215    
 -2.9479479E-03   6.077141    
 -2.9379381E-03   6.123003    
 -2.9279280E-03   6.170010    
 -2.9179181E-03   6.217839    
 -2.9079081E-03   6.266546    
 -2.8978977E-03   6.316263    
 -2.8878879E-03   6.367066    
 -2.8778778E-03   6.418928    
 -2.8678679E-03   6.471562    
 -2.8578578E-03   6.524216    
 -2.8478478E-03   6.576151    
 -2.8378379E-03   6.626922    
 -2.8278281E-03   6.676477    
 -2.8178177E-03   6.724576    
 -2.8078076E-03   6.771541    
 -2.7977978E-03   6.817754    
 -2.7877877E-03   6.863910    
 -2.7777778E-03   6.910724    
 -2.7677678E-03   6.959165    
 -2.7577577E-03   7.010005    
 -2.7477478E-03   7.063159    
 -2.7377380E-03   7.117682    
 -2.7277276E-03   7.172886    
 -2.7177178E-03   7.228690    
 -2.7077077E-03   7.285198    
 -2.6976976E-03   7.342548    
 -2.6876878E-03   7.400882    
 -2.6776779E-03   7.460667    
 -2.6676676E-03   7.522229    
 -2.6576577E-03   7.586361    
 -2.6476476E-03   7.653633    
 -2.6376375E-03   7.724879    
 -2.6276277E-03   7.799721    
 -2.6176176E-03   7.877369    
 -2.6076075E-03   7.956929    
 -2.5975977E-03   8.037465    
 -2.5875878E-03   8.117800    
 -2.5775777E-03   8.196795    
 -2.5675676E-03   8.274268    
 -2.5575575E-03   8.350273    
 -2.5475475E-03   8.425250    
 -2.5375376E-03   8.499476    
 -2.5275275E-03   8.573221    
 -2.5175174E-03   8.646310    
 -2.5075076E-03   8.719042    
 -2.4974977E-03   8.792410    
 -2.4874876E-03   8.867804    
 -2.4774773E-03   8.945670    
 -2.4674674E-03   9.026276    
 -2.4574574E-03   9.109655    
 -2.4474475E-03   9.195741    
 -2.4374374E-03   9.284252    
 -2.4274273E-03   9.374494    
 -2.4174175E-03   9.466281    
 -2.4074076E-03   9.559132    
 -2.3973975E-03   9.651738    
 -2.3873874E-03   9.742315    
 -2.3773774E-03   9.829562    
 -2.3673673E-03   9.912934    
 -2.3573574E-03   9.992849    
 -2.3473476E-03   10.07007    
 -2.3373372E-03   10.14598    
 -2.3273274E-03   10.22198    
 -2.3173175E-03   10.29887    
 -2.3073072E-03   10.37727    
 -2.2972974E-03   10.45727    
 -2.2872873E-03   10.53854    
 -2.2772772E-03   10.62057    
 -2.2672673E-03   10.70409    
 -2.2572575E-03   10.79104    
 -2.2472474E-03   10.88336    
 -2.2372373E-03   10.98155    
 -2.2272274E-03   11.08485    
 -2.2172171E-03   11.19221    
 -2.2072073E-03   11.30262    
 -2.1971972E-03   11.41583    
 -2.1871871E-03   11.53139    
 -2.1771772E-03   11.64881    
 -2.1671674E-03   11.76763    
 -2.1571573E-03   11.88764    
 -2.1471472E-03   12.01023    
 -2.1371371E-03   12.13765    
 -2.1271270E-03   12.27228    
 -2.1171172E-03   12.41512    
 -2.1071073E-03   12.56623    
 -2.0970970E-03   12.72466    
 -2.0870871E-03   12.88942    
 -2.0770773E-03   13.05973    
 -2.0670672E-03   13.23512    
 -2.0570571E-03   13.41488    
 -2.0470468E-03   13.59784    
 -2.0370369E-03   13.78282    
 -2.0270271E-03   13.96861    
 -2.0170170E-03   14.15432    
 -2.0070069E-03   14.33904    
 -1.9969970E-03   14.52221    
 -1.9869870E-03   14.70337    
 -1.9769771E-03   14.88233    
 -1.9669670E-03   15.05891    
 -1.9569569E-03   15.23318    
 -1.9469468E-03   15.40556    
 -1.9369370E-03   15.57600    
 -1.9269269E-03   15.74455    
 -1.9169169E-03   15.91245    
 -1.9069071E-03   16.08188    
 -1.8968969E-03   16.25526    
 -1.8868870E-03   16.43483    
 -1.8768768E-03   16.62222    
 -1.8668667E-03   16.81764    
 -1.8568569E-03   17.02006    
 -1.8468469E-03   17.22849    
 -1.8368368E-03   17.44259    
 -1.8268268E-03   17.66236    
 -1.8168170E-03   17.88794    
 -1.8068068E-03   18.11975    
 -1.7967967E-03   18.35842    
 -1.7867868E-03   18.60416    
 -1.7767766E-03   18.85674    
 -1.7667668E-03   19.11554    
 -1.7567568E-03   19.37971    
 -1.7467467E-03   19.64797    
 -1.7367367E-03   19.91883    
 -1.7267269E-03   20.19160    
 -1.7167168E-03   20.46658    
 -1.7067066E-03   20.74455    
 -1.6966967E-03   21.02543    
 -1.6866866E-03   21.30898    
 -1.6766769E-03   21.59414    
 -1.6666666E-03   21.88094    
 -1.6566566E-03   22.16997    
 -1.6466468E-03   22.46410    
 -1.6366368E-03   22.76656    
 -1.6266268E-03   23.07957    
 -1.6166165E-03   23.40541    
 -1.6066066E-03   23.74528    
 -1.5965967E-03   24.09993    
 -1.5865864E-03   24.46792    
 -1.5765765E-03   24.84703    
 -1.5665665E-03   25.23538    
 -1.5565567E-03   25.63031    
 -1.5465467E-03   26.02924    
 -1.5365368E-03   26.42951    
 -1.5265265E-03   26.82979    
 -1.5165166E-03   27.23057    
 -1.5065067E-03   27.63379    
 -1.4964964E-03   28.04319    
 -1.4864864E-03   28.46340    
 -1.4764764E-03   28.89861    
 -1.4664661E-03   29.35098    
 -1.4564563E-03   29.82114    
 -1.4464463E-03   30.30853    
 -1.4364364E-03   30.81146    
 -1.4264265E-03   31.32749    
 -1.4164166E-03   31.85418    
 -1.4064063E-03   32.38978    
 -1.3963963E-03   32.93289    
 -1.3863865E-03   33.48294    
 -1.3763765E-03   34.04073    
 -1.3663666E-03   34.60828    
 -1.3563567E-03   35.18820    
 -1.3463463E-03   35.78241    
 -1.3363364E-03   36.39270    
 -1.3263260E-03   37.02034    
 -1.3163162E-03   37.66542    
 -1.3063062E-03   38.32775    
 -1.2962964E-03   39.00929    
 -1.2862860E-03   39.71240    
 -1.2762761E-03   40.43940    
 -1.2662662E-03   41.18974    
 -1.2562562E-03   41.96223    
 -1.2462464E-03   42.75552    
 -1.2362364E-03   43.56984    
 -1.2262261E-03   44.40560    
 -1.2162162E-03   45.26208    
 -1.2062063E-03   46.13831    
 -1.1961963E-03   47.03350    
 -1.1861864E-03   47.94801    
 -1.1761765E-03   48.88276    
 -1.1661662E-03   49.83752    
 -1.1561563E-03   50.81086    
 -1.1461460E-03   51.80279    
 -1.1361360E-03   52.81581    
 -1.1261262E-03   53.85540    
 -1.1161162E-03   54.92756    
 -1.1061059E-03   56.03566    
 -1.0960960E-03   57.17719    
 -1.0860860E-03   58.34710    
 -1.0760761E-03   59.54157    
 -1.0660662E-03   60.76102    
 -1.0560562E-03   62.00906    
 -1.0460459E-03   63.28905    
 -1.0360361E-03   64.60431    
 -1.0260261E-03   65.95750    
 -1.0160162E-03   67.35033    
 -1.0060063E-03   68.78545    
 -9.9599641E-04   70.26849    
 -9.8598609E-04   71.80776    
 -9.7597571E-04   73.41091    
 -9.6596580E-04   75.08259    
 -9.5595588E-04   76.82515    
 -9.4594597E-04   78.63995    
 -9.3593606E-04   80.52805    
 -9.2592573E-04   82.49076    
 -9.1591582E-04   84.52925    
 -9.0590591E-04   86.64308    
 -8.9589600E-04   88.83247    
 -8.8588602E-04   91.09740    
 -8.7587611E-04   93.43912    
 -8.6586579E-04   95.85943    
 -8.5585588E-04   98.35789    
 -8.4584596E-04   100.9362    
 -8.3583605E-04   103.5974    
 -8.2582614E-04   106.3465    
 -8.1581622E-04   109.1888    
 -8.0580550E-04   112.1305    
 -7.9579558E-04   115.1775    
 -7.8578567E-04   118.3372    
 -7.7577576E-04   121.6174    
 -7.6576584E-04   125.0258    
 -7.5575552E-04   128.5711    
 -7.4574561E-04   132.2626    
 -7.3573564E-04   136.1102    
 -7.2572572E-04   140.1235    
 -7.1571581E-04   144.3121    
 -7.0570590E-04   148.6849    
 -6.9569558E-04   153.2472    
 -6.8568566E-04   158.0053    
 -6.7567575E-04   162.9623    
 -6.6566584E-04   168.1257    
 -6.5565592E-04   173.5042    
 -6.4564601E-04   179.1105    
 -6.3563528E-04   184.9585    
 -6.2562537E-04   191.0602    
 -6.1561546E-04   197.4279    
 -6.0560554E-04   204.0718    
 -5.9559557E-04   210.9998    
 -5.8558566E-04   218.2180    
 -5.7557534E-04   225.7373    
 -5.6556542E-04   233.5707    
 -5.5555551E-04   241.7383    
 -5.4554560E-04   250.2629    
 -5.3553568E-04   259.1749    
 -5.2552577E-04   268.5090    
 -5.1551545E-04   278.2949    
 -5.0550554E-04   288.5454    
 -4.9549562E-04   299.2617    
 -4.8548568E-04   310.4448    
 -4.7547577E-04   322.1042    
 -4.6546545E-04   334.2660    
 -4.5545513E-04   346.9589    
 -4.4544521E-04   360.2044    
 -4.3543530E-04   374.0107    
 -4.2542536E-04   388.3785    
 -4.1541544E-04   403.3128    
 -4.0540553E-04   418.8205    
 -3.9539521E-04   434.9082    
 -3.8538530E-04   451.5717    
 -3.7537538E-04   468.8047    
 -3.6536544E-04   486.6052    
 -3.5535553E-04   504.9739    
 -3.4534562E-04   523.9109    
 -3.3533529E-04   543.4164    
 -3.2532538E-04   563.4794    
 -3.1531547E-04   584.0843    
 -3.0530553E-04   605.2094    
 -2.9529521E-04   626.8326    
 -2.8528529E-04   648.9134    
 -2.7527497E-04   671.3967    
 -2.6526506E-04   694.2047    
 -2.5525515E-04   717.2631    
 -2.4524523E-04   740.5131    
 -2.3523530E-04   763.9119    
 -2.2522538E-04   787.4273    
 -2.1521507E-04   811.0093    
 -2.0520514E-04   834.5987    
 -1.9519523E-04   858.1317    
 -1.8518530E-04   881.5463    
 -1.7517539E-04   904.7723    
 -1.6516546E-04   927.7161    
 -1.5515515E-04   950.2684    
 -1.4514523E-04   972.3071    
 -1.3513531E-04   993.7089    
 -1.2512499E-04   1014.360    
 -1.1511507E-04   1034.143    
 -1.0510515E-04   1052.928    
 -9.5094838E-05   1070.563    
 -8.5084917E-05   1086.890    
 -7.5074997E-05   1101.762    
 -6.5065076E-05   1115.066    
 -5.5055156E-05   1126.722    
 -4.5045235E-05   1136.651    
 -3.5034918E-05   1144.760    
 -2.5024998E-05   1150.943    
 -1.5015078E-05   1155.111    
 -5.0051581E-06   1157.195    
  5.0047620E-06   1157.201    
  1.5014683E-05   1155.111    
  2.5024998E-05   1150.943    
  3.5034918E-05   1144.760    
  4.5045235E-05   1136.651    
  5.5055156E-05   1126.722    
  6.5065076E-05   1115.066    
  7.5075390E-05   1101.761    
  8.5085310E-05   1086.889    
  9.5095231E-05   1070.562    
  1.0510515E-04   1052.927    
  1.1511507E-04   1034.143    
  1.2512499E-04   1014.360    
  1.3513531E-04   993.7089    
  1.4514523E-04   972.3069    
  1.5515515E-04   950.2685    
  1.6516507E-04   927.7175    
  1.7517500E-04   904.7731    
  1.8518491E-04   881.5477    
  1.9519523E-04   858.1317    
  2.0520514E-04   834.5988    
  2.1521546E-04   811.0085    
  2.2522538E-04   787.4272    
  2.3523530E-04   763.9119    
  2.4524523E-04   740.5130    
  2.5525552E-04   717.2623    
  2.6526547E-04   694.2039    
  2.7527538E-04   671.3963    
  2.8528529E-04   648.9134    
  2.9529521E-04   626.8326    
  3.0530515E-04   605.2100    
  3.1531547E-04   584.0842    
  3.2532538E-04   563.4793    
  3.3533529E-04   543.4164    
  3.4534521E-04   523.9113    
  3.5535512E-04   504.9745    
  3.6536506E-04   486.6058    
  3.7537538E-04   468.8047    
  3.8538568E-04   451.5707    
  3.9539562E-04   434.9077    
  4.0540553E-04   418.8205    
  4.1541544E-04   403.3128    
  4.2542536E-04   388.3785    
  4.3543568E-04   374.0099    
  4.4544559E-04   360.2039    
  4.5545553E-04   346.9582    
  4.6546545E-04   334.2660    
  4.7547536E-04   322.1047    
  4.8548527E-04   310.4450    
  4.9549562E-04   299.2617    
  5.0550554E-04   288.5454    
  5.1551545E-04   278.2949    
  5.2552536E-04   268.5094    
  5.3553528E-04   259.1751    
  5.4554519E-04   250.2632    
  5.5555592E-04   241.7381    
  5.6556583E-04   233.5706    
  5.7557574E-04   225.7371    
  5.8558566E-04   218.2180    
  5.9559557E-04   210.9998    
  6.0560554E-04   204.0718    
  6.1561581E-04   197.4277    
  6.2562578E-04   191.0600    
  6.3563569E-04   184.9583    
  6.4564560E-04   179.1106    
  6.5565552E-04   173.5045    
  6.6566543E-04   168.1261    
  6.7567575E-04   162.9623    
  6.8568566E-04   158.0053    
  6.9569558E-04   153.2473    
  7.0570549E-04   148.6850    
  7.1571540E-04   144.3122    
  7.2572572E-04   140.1235    
  7.3573604E-04   136.1100    
  7.4574596E-04   132.2625    
  7.5575593E-04   128.5709    
  7.6576584E-04   125.0258    
  7.7577576E-04   121.6174    
  7.8578567E-04   118.3372    
  7.9579599E-04   115.1774    
  8.0580590E-04   112.1304    
  8.1581582E-04   109.1889    
  8.2582573E-04   106.3468    
  8.3583564E-04   103.5975    
  8.4584556E-04   100.9364    
  8.5585588E-04   98.35790    
  8.6586579E-04   95.85942    
  8.7587576E-04   93.43926    
  8.8588567E-04   91.09747    
  8.9589600E-04   88.83244    
  9.0590632E-04   86.64310    
  9.1591623E-04   84.52907    
  9.2592614E-04   82.49077    
  9.3593606E-04   80.52804    
  9.4594597E-04   78.63991    
  9.5595588E-04   76.82513    
  9.6596620E-04   75.08248    
  9.7597612E-04   73.41082    
  9.8598609E-04   71.80780    
  9.9599594E-04   70.26853    
  1.0060059E-03   68.78555    
  1.0160158E-03   67.35039    
  1.0260261E-03   65.95752    
  1.0360361E-03   64.60430    
  1.0460459E-03   63.28904    
  1.0560559E-03   62.00900    
  1.0660662E-03   60.76101    
  1.0760761E-03   59.54157    
  1.0860864E-03   58.34696    
  1.0960964E-03   57.17722    
  1.1061063E-03   56.03563    
  1.1161162E-03   54.92758    
  1.1261262E-03   53.85540    
  1.1361360E-03   52.81582    
  1.1461463E-03   51.80283    
  1.1561563E-03   50.81086    
  1.1661662E-03   49.83752    
  1.1761761E-03   48.88283    
  1.1861860E-03   47.94818    
  1.1961960E-03   47.03351    
  1.2062063E-03   46.13831    
  1.2162162E-03   45.26208    
  1.2262261E-03   44.40558    
  1.2362364E-03   43.56984    
  1.2462464E-03   42.75551    
  1.2562562E-03   41.96223    
  1.2662666E-03   41.18980    
  1.2762765E-03   40.43937    
  1.2862864E-03   39.71250    
  1.2962964E-03   39.00929    
  1.3063062E-03   38.32776    
  1.3163162E-03   37.66541    
  1.3263265E-03   37.02031    
  1.3363364E-03   36.39272    
  1.3463463E-03   35.78241    
  1.3563563E-03   35.18817    
  1.3663662E-03   34.60847    
  1.3763761E-03   34.04063    
  1.3863865E-03   33.48294    
  1.3963963E-03   32.93290    
  1.4064066E-03   32.38973    
  1.4164166E-03   31.85419    
  1.4264265E-03   31.32750    
  1.4364364E-03   30.81147    
  1.4464468E-03   30.30858    
  1.4564566E-03   29.82118    
  1.4664666E-03   29.35088    
  1.4764764E-03   28.89860    
  1.4864864E-03   28.46340    
  1.4964964E-03   28.04319    
  1.5065067E-03   27.63379    
  1.5165166E-03   27.23055    
  1.5265265E-03   26.82980    
  1.5365364E-03   26.42951    
  1.5465464E-03   26.02931    
  1.5565562E-03   25.63030    
  1.5665665E-03   25.23537    
  1.5765765E-03   24.84704    
  1.5865868E-03   24.46791    
  1.5965967E-03   24.09994    
  1.6066066E-03   23.74527    
  1.6166165E-03   23.40541    
  1.6266268E-03   23.07957    
  1.6366368E-03   22.76657    
  1.6466463E-03   22.46412    
  1.6566566E-03   22.16997    
  1.6666669E-03   21.88086    
  1.6766764E-03   21.59425    
  1.6866868E-03   21.30896    
  1.6966963E-03   21.02552    
  1.7067066E-03   20.74456    
  1.7167169E-03   20.46659    
  1.7267264E-03   20.19162    
  1.7367367E-03   19.91883    
  1.7467464E-03   19.64795    
  1.7567567E-03   19.37964    
  1.7667669E-03   19.11551    
  1.7767772E-03   18.85672    
  1.7867868E-03   18.60416    
  1.7967972E-03   18.35840    
  1.8068067E-03   18.11984    
  1.8168170E-03   17.88794    
  1.8268273E-03   17.66240    
  1.8368368E-03   17.44259    
  1.8468471E-03   17.22848    
  1.8568566E-03   17.02003    
  1.8668670E-03   16.81759    
  1.8768765E-03   16.62224    
  1.8868868E-03   16.43487    
  1.8968971E-03   16.25529    
  1.9069066E-03   16.08189    
  1.9169169E-03   15.91246    
  1.9269264E-03   15.74453    
  1.9369368E-03   15.57598    
  1.9469471E-03   15.40553    
  1.9569567E-03   15.23323    
  1.9669670E-03   15.05891    
  1.9769764E-03   14.88239    
  1.9869867E-03   14.70343    
  1.9969963E-03   14.52219    
  2.0070074E-03   14.33903    
  2.0170177E-03   14.15425    
  2.0270273E-03   13.96852    
  2.0370376E-03   13.78278    
  2.0470470E-03   13.59786    
  2.0570573E-03   13.41489    
  2.0670677E-03   13.23514    
  2.0770773E-03   13.05973    
  2.0870876E-03   12.88940    
  2.0970970E-03   12.72466    
  2.1071073E-03   12.56623    
  2.1171169E-03   12.41516    
  2.1271273E-03   12.27226    
  2.1371376E-03   12.13771    
  2.1471470E-03   12.01021    
  2.1571573E-03   11.88768    
  2.1671669E-03   11.76768    
  2.1771772E-03   11.64882    
  2.1871876E-03   11.53135    
  2.1971972E-03   11.41581    
  2.2072075E-03   11.30268    
  2.2172169E-03   11.19218    
  2.2272272E-03   11.08487    
  2.2372368E-03   10.98155    
  2.2472471E-03   10.88340    
  2.2572575E-03   10.79103    
  2.2672669E-03   10.70410    
  2.2772772E-03   10.62056    
  2.2872868E-03   10.53850    
  2.2972971E-03   10.45727    
  2.3073074E-03   10.37727    
  2.3173168E-03   10.29891    
  2.3273272E-03   10.22195    
  2.3373368E-03   10.14597    
  2.3473478E-03   10.07004    
  2.3573574E-03   9.992848    
  2.3673677E-03   9.913010    
  2.3773781E-03   9.829550    
  2.3873874E-03   9.742318    
  2.3973978E-03   9.651694    
  2.4074074E-03   9.559116    
  2.4174177E-03   9.466339    
  2.4274280E-03   9.374496    
  2.4374374E-03   9.284261    
  2.4474477E-03   9.195803    
  2.4574574E-03   9.109663    
  2.4674677E-03   9.026238    
  2.4774773E-03   8.945681    
  2.4874876E-03   8.867802    
  2.4974979E-03   8.792471    
  2.5075073E-03   8.719080    
  2.5175177E-03   8.646358    
  2.5275273E-03   8.573174    
  2.5375376E-03   8.499476    
  2.5475479E-03   8.425192    
  2.5575573E-03   8.350306    
  2.5675676E-03   8.274275    
  2.5775773E-03   8.196796    
  2.5875876E-03   8.117722    
  2.5975970E-03   8.037430    
  2.6076073E-03   7.956932    
  2.6176176E-03   7.877367    
  2.6276272E-03   7.799725    
  2.6376375E-03   7.724876    
  2.6476469E-03   7.653617    
  2.6576573E-03   7.586338    
  2.6676676E-03   7.522228    
  2.6776772E-03   7.460674    
  2.6876875E-03   7.400905    
  2.6976978E-03   7.342576    
  2.7077082E-03   7.285207    
  2.7177185E-03   7.228684    
  2.7277281E-03   7.172828    
  2.7377382E-03   7.117655    
  2.7477478E-03   7.063159    
  2.7577581E-03   7.010024    
  2.7677678E-03   6.959229    
  2.7777781E-03   6.910737    
  2.7877884E-03   6.863947    
  2.7977978E-03   6.817752    
  2.8078081E-03   6.771486    
  2.8178177E-03   6.724577    
  2.8278281E-03   6.676478    
  2.8378384E-03   6.626958    
  2.8478478E-03   6.576143    
  2.8578581E-03   6.524185    
  2.8678677E-03   6.471560    
  2.8778780E-03   6.418926    
  2.8878874E-03   6.367043    
  2.8978977E-03   6.316258    
  2.9079081E-03   6.266549    
  2.9179177E-03   6.217789    
  2.9279280E-03   6.170016    
  2.9379374E-03   6.122989    
  2.9479477E-03   6.077147    
  2.9579580E-03   6.033199    
  2.9679677E-03   5.991446    
  2.9779780E-03   5.951365    
  2.9879876E-03   5.912686    
  2.9979979E-03   5.875278    
  3.0080073E-03   5.839075    
  3.0180176E-03   5.803776    
  3.0280279E-03   5.768669    
  3.0380383E-03   5.732894    
  3.0480486E-03   5.695633    
  3.0580582E-03   5.656180    
  3.0680685E-03   5.614741    
  3.0780789E-03   5.572339    
  3.0880882E-03   5.530133    
  3.0980986E-03   5.488964    
  3.1081082E-03   5.449145    
  3.1181185E-03   5.410856    
  3.1281279E-03   5.373937    
  3.1381382E-03   5.338353    
  3.1481485E-03   5.304065    
  3.1581582E-03   5.270983    
  3.1681685E-03   5.238898    
  3.1781779E-03   5.207569    
  3.1881882E-03   5.176687    
  3.1981985E-03   5.145875    
  3.2082081E-03   5.114586    
  3.2182185E-03   5.082942    
  3.2282281E-03   5.051311    
  3.2382382E-03   5.020223    
  3.2482478E-03   4.989872    
  3.2582581E-03   4.960450    
  3.2682684E-03   4.932043    
  3.2782780E-03   4.904351    
  3.2882884E-03   4.876671    
  3.2982978E-03   4.848432    
  3.3083081E-03   4.819213    
  3.3183184E-03   4.788846    
  3.3283280E-03   4.757177    
  3.3383383E-03   4.724184    
  3.3483477E-03   4.689872    
  3.3583581E-03   4.654092    
  3.3683677E-03   4.617021    
  3.3783787E-03   4.579143    
  3.3883890E-03   4.541351    
  3.3983986E-03   4.504266    
  3.4084090E-03   4.468328    
  3.4184183E-03   4.434060    
  3.4284287E-03   4.401571    
  3.4384390E-03   4.370647    
  3.4484486E-03   4.340654    
  3.4584589E-03   4.311500    
  3.4684683E-03   4.283007    
  3.4784786E-03   4.254970    
  3.4884890E-03   4.227543    
  3.4984986E-03   4.200846    
  3.5085089E-03   4.175412    
  3.5185185E-03   4.151164    
  3.5285288E-03   4.127818    
  3.5385382E-03   4.104758    
  3.5485486E-03   4.081197    
  3.5585589E-03   4.056386    
  3.5685685E-03   4.030162    
  3.5785788E-03   4.002780    
  3.5885882E-03   3.974649    
  3.5985985E-03   3.946032    
  3.6086089E-03   3.917284    
  3.6186185E-03   3.888636    
  3.6286288E-03   3.860287    
  3.6386382E-03   3.832206    
  3.6486485E-03   3.804377    
  3.6586581E-03   3.776979    
  3.6686684E-03   3.750139    
  3.6786788E-03   3.723916    
  3.6886882E-03   3.698548    
  3.6986985E-03   3.674288    
  3.7087081E-03   3.651023    
  3.7187191E-03   3.628571    
  3.7287294E-03   3.606527    
  3.7387391E-03   3.584344    
  3.7487494E-03   3.561885    
  3.7587588E-03   3.539332    
  3.7687691E-03   3.517323    
  3.7787787E-03   3.496439    
  3.7887890E-03   3.476882    
  3.7987994E-03   3.458935    
  3.8088090E-03   3.442965    
  3.8188193E-03   3.428986    
  3.8288287E-03   3.416650    
  3.8388390E-03   3.405229    
  3.8488493E-03   3.394361    
  3.8588590E-03   3.383840    
  3.8688693E-03   3.373550    
  3.8788787E-03   3.363503    
  3.8888890E-03   3.353324    
  3.8988986E-03   3.342356    
  3.9089089E-03   3.330221    
  3.9189192E-03   3.316676    
  3.9289286E-03   3.301651    
  3.9389390E-03   3.285173    
  3.9489483E-03   3.267664    
  3.9589587E-03   3.249657    
  3.9689690E-03   3.231679    
  3.9789788E-03   3.213859    
  3.9889892E-03   3.196326    
  3.9989986E-03   3.179364    
  4.0090089E-03   3.162965    
  4.0190183E-03   3.146627    
  4.0290286E-03   3.129861    
  4.0390389E-03   3.112310    
  4.0490488E-03   3.094163    
  4.0590595E-03   3.075735    
  4.0690694E-03   3.057704    
  4.0790793E-03   3.040514    
  4.0890896E-03   3.024362    
  4.0990994E-03   3.009061    
  4.1091098E-03   2.994428    
  4.1191191E-03   2.980536    
  4.1291295E-03   2.967315    
  4.1391389E-03   2.954759    
  4.1491492E-03   2.942787    
  4.1591595E-03   2.930988    
  4.1691693E-03   2.918652    
  4.1791797E-03   2.905418    
  4.1891891E-03   2.891516    
  4.1991994E-03   2.877512    
  4.2092097E-03   2.863831    
  4.2192191E-03   2.850705    
  4.2292294E-03   2.838407    
  4.2392388E-03   2.826871    
  4.2492491E-03   2.815821    
  4.2592590E-03   2.805042    
  4.2692693E-03   2.794319    
  4.2792796E-03   2.783511    
  4.2892890E-03   2.772261    
  4.2992993E-03   2.760387    
  4.3093087E-03   2.748137    
  4.3193190E-03   2.735635    
  4.3293294E-03   2.722920    
  4.3393392E-03   2.709891    
  4.3493495E-03   2.696603    
  4.3593589E-03   2.683097    
  4.3693692E-03   2.669216    
  4.3793786E-03   2.655035    
  4.3893890E-03   2.640917    
  4.3994002E-03   2.627280    
  4.4094096E-03   2.614420    
  4.4194199E-03   2.602415    
  4.4294293E-03   2.591135    
  4.4394396E-03   2.580256    
  4.4494499E-03   2.569274    
  4.4594598E-03   2.557714    
  4.4694701E-03   2.545398    
  4.4794795E-03   2.532375    
  4.4894898E-03   2.518907    
  4.4995002E-03   2.505301    
  4.5095095E-03   2.491901    
  4.5195199E-03   2.478862    
  4.5295293E-03   2.466410    
  4.5395396E-03   2.454393    
  4.5495494E-03   2.442410    
  4.5595597E-03   2.430177    
  4.5695701E-03   2.417896    
  4.5795795E-03   2.405942    
  4.5895898E-03   2.394187    
  4.5995992E-03   2.382091    
  4.6096095E-03   2.369055    
  4.6196198E-03   2.354826    
  4.6296297E-03   2.339417    
  4.6396400E-03   2.323045    
  4.6496494E-03   2.306093    
  4.6596597E-03   2.289099    
  4.6696691E-03   2.272309    
  4.6796794E-03   2.255900    
  4.6896897E-03   2.239865    
  4.6996991E-03   2.224458    
  4.7097094E-03   2.209749    
  4.7197193E-03   2.195680    
  4.7297296E-03   2.182172    
  4.7397404E-03   2.169264    
  4.7497503E-03   2.156781    
  4.7597606E-03   2.144516    
  4.7697700E-03   2.132565    
  4.7797803E-03   2.120955    
  4.7897897E-03   2.110013    
  4.7998000E-03   2.099694    
  4.8098103E-03   2.089843    
  4.8198197E-03   2.080310    
  4.8298300E-03   2.070992    
  4.8398399E-03   2.062104    
  4.8498502E-03   2.053779    
  4.8598605E-03   2.046064    
  4.8698699E-03   2.038871    
  4.8798802E-03   2.032149    
  4.8898896E-03   2.025930    
  4.8998999E-03   2.020112    
  4.9099098E-03   2.014537    
  4.9199201E-03   2.009368    
  4.9299304E-03   2.004730    
  4.9399398E-03   2.000725    
  4.9499501E-03   1.997226    
  4.9599595E-03   1.994181    
  4.9699699E-03   1.991450    
  4.9799802E-03   1.988701    
  4.9899896E-03   1.985710    
  4.9999999E-03   1.982372    
