 -4.9999999E-03  0.9962419    
 -4.9899900E-03   1.019217    
 -4.9799802E-03   1.040383    
 -4.9699699E-03   1.044311    
 -4.9599600E-03   1.024450    
 -4.9499501E-03  0.9960369    
 -4.9399403E-03  0.9777021    
 -4.9299300E-03  0.9617587    
 -4.9199201E-03  0.9239116    
 -4.9099098E-03  0.8637060    
 -4.8998999E-03  0.8097918    
 -4.8898896E-03  0.7809085    
 -4.8798798E-03  0.7676816    
 -4.8698699E-03  0.7604921    
 -4.8598601E-03  0.7684584    
 -4.8498502E-03  0.7977247    
 -4.8398399E-03  0.8337556    
 -4.8298300E-03  0.8594205    
 -4.8198197E-03  0.8731335    
 -4.8098098E-03  0.8791953    
 -4.7997995E-03  0.8763576    
 -4.7897897E-03  0.8655922    
 -4.7797798E-03  0.8536881    
 -4.7697700E-03  0.8438643    
 -4.7597601E-03  0.8361996    
 -4.7497498E-03  0.8386209    
 -4.7397399E-03  0.8591788    
 -4.7297296E-03  0.8886282    
 -4.7197198E-03  0.9104260    
 -4.7097094E-03  0.9275659    
 -4.6996996E-03  0.9564490    
 -4.6896897E-03  0.9949574    
 -4.6796799E-03   1.022253    
 -4.6696700E-03   1.032985    
 -4.6596597E-03   1.045808    
 -4.6496498E-03   1.072340    
 -4.6396400E-03   1.101961    
 -4.6296297E-03   1.124877    
 -4.6196193E-03   1.146016    
 -4.6096095E-03   1.165458    
 -4.5995996E-03   1.167835    
 -4.5895898E-03   1.146813    
 -4.5795795E-03   1.125058    
 -4.5695696E-03   1.133678    
 -4.5595597E-03   1.177868    
 -4.5495499E-03   1.233225    
 -4.5395396E-03   1.270776    
 -4.5295293E-03   1.278589    
 -4.5195194E-03   1.264458    
 -4.5095095E-03   1.247347    
 -4.4994997E-03   1.244927    
 -4.4894894E-03   1.263594    
 -4.4794795E-03   1.295614    
 -4.4694697E-03   1.326370    
 -4.4594598E-03   1.346853    
 -4.4494495E-03   1.359015    
 -4.4394392E-03   1.368679    
 -4.4294293E-03   1.373776    
 -4.4194194E-03   1.365249    
 -4.4094096E-03   1.342755    
 -4.3993993E-03   1.321611    
 -4.3893894E-03   1.318190    
 -4.3793796E-03   1.331213    
 -4.3693697E-03   1.345415    
 -4.3593599E-03   1.351472    
 -4.3493495E-03   1.356960    
 -4.3393392E-03   1.376195    
 -4.3293294E-03   1.413275    
 -4.3193190E-03   1.455210    
 -4.3093092E-03   1.483090    
 -4.2992993E-03   1.490327    
 -4.2892895E-03   1.487378    
 -4.2792796E-03   1.487477    
 -4.2692693E-03   1.492145    
 -4.2592594E-03   1.497858    
 -4.2492491E-03   1.507267    
 -4.2392393E-03   1.524132    
 -4.2292294E-03   1.543136    
 -4.2192191E-03   1.557754    
 -4.2092092E-03   1.574417    
 -4.1991994E-03   1.604674    
 -4.1891895E-03   1.645787    
 -4.1791792E-03   1.683347    
 -4.1691693E-03   1.711981    
 -4.1591590E-03   1.737333    
 -4.1491492E-03   1.757991    
 -4.1391389E-03   1.760688    
 -4.1291290E-03   1.736754    
 -4.1191191E-03   1.694173    
 -4.1091093E-03   1.650114    
 -4.0990994E-03   1.619032    
 -4.0890891E-03   1.607895    
 -4.0790793E-03   1.613300    
 -4.0690694E-03   1.620900    
 -4.0590591E-03   1.613939    
 -4.0490492E-03   1.586650    
 -4.0390389E-03   1.547710    
 -4.0290290E-03   1.512291    
 -4.0190192E-03   1.489311    
 -4.0090089E-03   1.473964    
 -3.9989995E-03   1.452685    
 -3.9889892E-03   1.422076    
 -3.9789793E-03   1.400596    
 -3.9689690E-03   1.411603    
 -3.9589587E-03   1.454023    
 -3.9489488E-03   1.499978    
 -3.9389390E-03   1.524896    
 -3.9289291E-03   1.531702    
 -3.9189192E-03   1.541644    
 -3.9089089E-03   1.569276    
 -3.8988988E-03   1.612062    
 -3.8888890E-03   1.659873    
 -3.8788787E-03   1.707746    
 -3.8688693E-03   1.756618    
 -3.8588590E-03   1.803109    
 -3.8488489E-03   1.837184    
 -3.8388390E-03   1.854036    
 -3.8288287E-03   1.864353    
 -3.8188188E-03   1.880830    
 -3.8088090E-03   1.900323    
 -3.7987989E-03   1.909255    
 -3.7887890E-03   1.902863    
 -3.7787787E-03   1.883640    
 -3.7687689E-03   1.847982    
 -3.7587588E-03   1.795812    
 -3.7487489E-03   1.752376    
 -3.7387386E-03   1.754404    
 -3.7287287E-03   1.809021    
 -3.7187189E-03   1.886586    
 -3.7087088E-03   1.957941    
 -3.6986985E-03   2.016508    
 -3.6886886E-03   2.059570    
 -3.6786788E-03   2.076785    
 -3.6686689E-03   2.070788    
 -3.6586588E-03   2.069337    
 -3.6486485E-03   2.097094    
 -3.6386386E-03   2.147422    
 -3.6286288E-03   2.194234    
 -3.6186187E-03   2.220812    
 -3.6086084E-03   2.229597    
 -3.5985985E-03   2.232475    
 -3.5885887E-03   2.242661    
 -3.5785788E-03   2.269495    
 -3.5685685E-03   2.313442    
 -3.5585584E-03   2.365510    
 -3.5485486E-03   2.414973    
 -3.5385387E-03   2.455092    
 -3.5285288E-03   2.483899    
 -3.5185185E-03   2.502401    
 -3.5085084E-03   2.512287    
 -3.4984986E-03   2.515575    
 -3.4884887E-03   2.519582    
 -3.4784784E-03   2.535009    
 -3.4684683E-03   2.559313    
 -3.4584585E-03   2.565489    
 -3.4484486E-03   2.527189    
 -3.4384383E-03   2.456585    
 -3.4284284E-03   2.398788    
 -3.4184183E-03   2.380259    
 -3.4084085E-03   2.380942    
 -3.3983986E-03   2.367169    
 -3.3883883E-03   2.338013    
 -3.3783785E-03   2.325187    
 -3.3683684E-03   2.354466    
 -3.3583585E-03   2.417005    
 -3.3483487E-03   2.476074    
 -3.3383383E-03   2.497133    
 -3.3283283E-03   2.477537    
 -3.3183184E-03   2.447767    
 -3.3083083E-03   2.441219    
 -3.2982985E-03   2.463111    
 -3.2882884E-03   2.493919    
 -3.2782783E-03   2.515157    
 -3.2682684E-03   2.519686    
 -3.2582583E-03   2.500395    
 -3.2482482E-03   2.449478    
 -3.2382382E-03   2.376001    
 -3.2282281E-03   2.311348    
 -3.2182182E-03   2.285522    
 -3.2082084E-03   2.298975    
 -3.1981983E-03   2.327278    
 -3.1881882E-03   2.351381    
 -3.1781783E-03   2.376770    
 -3.1681682E-03   2.417256    
 -3.1581582E-03   2.468892    
 -3.1481483E-03   2.514693    
 -3.1381380E-03   2.552194    
 -3.1281281E-03   2.596791    
 -3.1181183E-03   2.654829    
 -3.1081082E-03   2.711697    
 -3.0980981E-03   2.760671    
 -3.0880882E-03   2.819992    
 -3.0780782E-03   2.902123    
 -3.0680681E-03   2.983849    
 -3.0580582E-03   3.033397    
 -3.0480481E-03   3.054954    
 -3.0380380E-03   3.079800    
 -3.0280282E-03   3.121954    
 -3.0180181E-03   3.168620    
 -3.0080082E-03   3.211412    
 -2.9979981E-03   3.257410    
 -2.9879878E-03   3.307076    
 -2.9779780E-03   3.343448    
 -2.9679681E-03   3.348064    
 -2.9579580E-03   3.314255    
 -2.9479479E-03   3.245815    
 -2.9379381E-03   3.160765    
 -2.9279280E-03   3.095392    
 -2.9179181E-03   3.080856    
 -2.9079081E-03   3.110469    
 -2.8978977E-03   3.143746    
 -2.8878879E-03   3.149185    
 -2.8778778E-03   3.130581    
 -2.8678679E-03   3.107916    
 -2.8578578E-03   3.089591    
 -2.8478478E-03   3.077836    
 -2.8378379E-03   3.089613    
 -2.8278281E-03   3.147868    
 -2.8178177E-03   3.245156    
 -2.8078076E-03   3.334426    
 -2.7977978E-03   3.371712    
 -2.7877877E-03   3.361199    
 -2.7777778E-03   3.342092    
 -2.7677678E-03   3.339569    
 -2.7577577E-03   3.349452    
 -2.7477478E-03   3.365866    
 -2.7377380E-03   3.392894    
 -2.7277276E-03   3.424041    
 -2.7177178E-03   3.441042    
 -2.7077077E-03   3.445292    
 -2.6976976E-03   3.465009    
 -2.6876878E-03   3.515532    
 -2.6776779E-03   3.581869    
 -2.6676676E-03   3.654968    
 -2.6576577E-03   3.755416    
 -2.6476476E-03   3.895495    
 -2.6376375E-03   4.041203    
 -2.6276277E-03   4.140421    
 -2.6176176E-03   4.177071    
 -2.6076075E-03   4.176008    
 -2.5975977E-03   4.171380    
 -2.5875878E-03   4.187277    
 -2.5775777E-03   4.231423    
 -2.5675676E-03   4.290818    
 -2.5575575E-03   4.346787    
 -2.5475475E-03   4.405714    
 -2.5375376E-03   4.492428    
 -2.5275275E-03   4.601083    
 -2.5175174E-03   4.683519    
 -2.5075076E-03   4.706080    
 -2.4974977E-03   4.689316    
 -2.4874876E-03   4.672246    
 -2.4774773E-03   4.663051    
 -2.4674674E-03   4.652187    
 -2.4574574E-03   4.648551    
 -2.4474475E-03   4.667684    
 -2.4374374E-03   4.698652    
 -2.4274273E-03   4.712116    
 -2.4174175E-03   4.698513    
 -2.4074076E-03   4.678975    
 -2.3973975E-03   4.682302    
 -2.3873874E-03   4.716701    
 -2.3773774E-03   4.761397    
 -2.3673673E-03   4.786335    
 -2.3573574E-03   4.789713    
 -2.3473476E-03   4.806241    
 -2.3373372E-03   4.860958    
 -2.3273274E-03   4.932263    
 -2.3173175E-03   4.988802    
 -2.3073072E-03   5.047428    
 -2.2972974E-03   5.146410    
 -2.2872873E-03   5.274026    
 -2.2772772E-03   5.378881    
 -2.2672673E-03   5.448948    
 -2.2572575E-03   5.522803    
 -2.2472474E-03   5.613804    
 -2.2372373E-03   5.684651    
 -2.2272274E-03   5.710136    
 -2.2172171E-03   5.706323    
 -2.2072073E-03   5.677575    
 -2.1971972E-03   5.602669    
 -2.1871871E-03   5.503388    
 -2.1771772E-03   5.466150    
 -2.1671674E-03   5.549780    
 -2.1571573E-03   5.716374    
 -2.1471472E-03   5.891838    
 -2.1371371E-03   6.052390    
 -2.1271270E-03   6.211843    
 -2.1171172E-03   6.366607    
 -2.1071073E-03   6.503291    
 -2.0970970E-03   6.633211    
 -2.0870871E-03   6.774563    
 -2.0770773E-03   6.915174    
 -2.0670672E-03   7.027691    
 -2.0570571E-03   7.113949    
 -2.0470468E-03   7.208712    
 -2.0370369E-03   7.348473    
 -2.0270271E-03   7.545895    
 -2.0170170E-03   7.780921    
 -2.0070069E-03   8.012784    
 -1.9969970E-03   8.218790    
 -1.9869870E-03   8.419987    
 -1.9769771E-03   8.647170    
 -1.9669670E-03   8.884811    
 -1.9569569E-03   9.083055    
 -1.9469468E-03   9.219120    
 -1.9369370E-03   9.317313    
 -1.9269269E-03   9.408960    
 -1.9169169E-03   9.507239    
 -1.9069071E-03   9.611679    
 -1.8968969E-03   9.705353    
 -1.8868870E-03   9.763453    
 -1.8768768E-03   9.801038    
 -1.8668667E-03   9.889878    
 -1.8568569E-03   10.07249    
 -1.8468469E-03   10.28018    
 -1.8368368E-03   10.40449    
 -1.8268268E-03   10.43948    
 -1.8168170E-03   10.48135    
 -1.8068068E-03   10.58627    
 -1.7967967E-03   10.70957    
 -1.7867868E-03   10.80347    
 -1.7767766E-03   10.89788    
 -1.7667668E-03   11.04216    
 -1.7567568E-03   11.22170    
 -1.7467467E-03   11.38198    
 -1.7367367E-03   11.50757    
 -1.7267269E-03   11.63652    
 -1.7167168E-03   11.80949    
 -1.7067066E-03   12.02332    
 -1.6966967E-03   12.23624    
 -1.6866866E-03   12.41486    
 -1.6766769E-03   12.58574    
 -1.6666666E-03   12.82489    
 -1.6566566E-03   13.17395    
 -1.6466468E-03   13.57912    
 -1.6366368E-03   13.94094    
 -1.6266268E-03   14.21925    
 -1.6166165E-03   14.46006    
 -1.6066066E-03   14.72692    
 -1.5965967E-03   15.04162    
 -1.5865864E-03   15.38683    
 -1.5765765E-03   15.72618    
 -1.5665665E-03   16.01343    
 -1.5565567E-03   16.21644    
 -1.5465467E-03   16.34839    
 -1.5365368E-03   16.45577    
 -1.5265265E-03   16.56315    
 -1.5165166E-03   16.65516    
 -1.5065067E-03   16.72261    
 -1.4964964E-03   16.80224    
 -1.4864864E-03   16.94942    
 -1.4764764E-03   17.18846    
 -1.4664661E-03   17.50862    
 -1.4564563E-03   17.89904    
 -1.4464463E-03   18.36231    
 -1.4364364E-03   18.89298    
 -1.4264265E-03   19.46135    
 -1.4164166E-03   20.02263    
 -1.4064063E-03   20.53820    
 -1.3963963E-03   20.99218    
 -1.3863865E-03   21.40049    
 -1.3763765E-03   21.79932    
 -1.3663666E-03   22.21755    
 -1.3563567E-03   22.66711    
 -1.3463463E-03   23.16097    
 -1.3363364E-03   23.70969    
 -1.3263260E-03   24.27770    
 -1.3163162E-03   24.78601    
 -1.3063062E-03   25.20695    
 -1.2962964E-03   25.63634    
 -1.2862860E-03   26.20424    
 -1.2762761E-03   26.91987    
 -1.2662662E-03   27.66506    
 -1.2562562E-03   28.34725    
 -1.2462464E-03   28.98255    
 -1.2362364E-03   29.61355    
 -1.2262261E-03   30.22981    
 -1.2162162E-03   30.81734    
 -1.2062063E-03   31.42393    
 -1.1961963E-03   32.10863    
 -1.1861864E-03   32.85804    
 -1.1761765E-03   33.60547    
 -1.1661662E-03   34.31533    
 -1.1561563E-03   35.01448    
 -1.1461460E-03   35.74909    
 -1.1361360E-03   36.53825    
 -1.1261262E-03   37.35639    
 -1.1161162E-03   38.15420    
 -1.1061059E-03   38.91265    
 -1.0960960E-03   39.66574    
 -1.0860860E-03   40.43679    
 -1.0760761E-03   41.16393    
 -1.0660662E-03   41.74926    
 -1.0560562E-03   42.19876    
 -1.0460459E-03   42.65446    
 -1.0360361E-03   43.27001    
 -1.0260261E-03   44.09828    
 -1.0160162E-03   45.13191    
 -1.0060063E-03   46.39038    
 -9.9599641E-04   47.89938    
 -9.8598609E-04   49.59773    
 -9.7597571E-04   51.32127    
 -9.6596580E-04   52.90439    
 -9.5595588E-04   54.28520    
 -9.4594597E-04   55.51030    
 -9.3593606E-04   56.66083    
 -9.2592573E-04   57.79668    
 -9.1591582E-04   58.97083    
 -9.0590591E-04   60.27036    
 -8.9589600E-04   61.81002    
 -8.8588602E-04   63.68067    
 -8.7587611E-04   65.89828    
 -8.6586579E-04   68.38563    
 -8.5585588E-04   70.99507    
 -8.4584596E-04   73.58530    
 -8.3583605E-04   76.13654    
 -8.2582614E-04   78.80819    
 -8.1581622E-04   81.85434    
 -8.0580550E-04   85.42020    
 -7.9579558E-04   89.38370    
 -7.8578567E-04   93.39167    
 -7.7577576E-04   97.09926    
 -7.6576584E-04   100.4503    
 -7.5575552E-04   103.7406    
 -7.4574561E-04   107.3841    
 -7.3573564E-04   111.5906    
 -7.2572572E-04   116.2492    
 -7.1571581E-04   121.0790    
 -7.0570590E-04   125.8707    
 -6.9569558E-04   130.6305    
 -6.8568566E-04   135.5375    
 -6.7567575E-04   140.7264    
 -6.6566584E-04   146.0794    
 -6.5565592E-04   151.3154    
 -6.4564601E-04   156.3429    
 -6.3563528E-04   161.4254    
 -6.2562537E-04   166.9052    
 -6.1561546E-04   172.8761    
 -6.0560554E-04   179.2476    
 -5.9559557E-04   185.9991    
 -5.8558566E-04   193.1859    
 -5.7557534E-04   200.8028    
 -5.6556542E-04   208.8818    
 -5.5555551E-04   217.6828    
 -5.4554560E-04   227.5237    
 -5.3553568E-04   238.4160    
 -5.2552577E-04   250.0607    
 -5.1551545E-04   262.2199    
 -5.0550554E-04   274.8914    
 -4.9549562E-04   288.1060    
 -4.8548568E-04   301.7296    
 -4.7547577E-04   315.5574    
 -4.6546545E-04   329.5082    
 -4.5545513E-04   343.7328    
 -4.4544521E-04   358.5951    
 -4.3543530E-04   374.4650    
 -4.2542536E-04   391.3964    
 -4.1541544E-04   409.1219    
 -4.0540553E-04   427.4477    
 -3.9539521E-04   446.5291    
 -3.8538530E-04   466.5898    
 -3.7537538E-04   487.6053    
 -3.6536544E-04   509.4872    
 -3.5535553E-04   532.4391    
 -3.4534562E-04   556.7443    
 -3.3533529E-04   582.2135    
 -3.2532538E-04   608.1668    
 -3.1531547E-04   634.0449    
 -3.0530553E-04   659.8260    
 -2.9529521E-04   685.7725    
 -2.8528529E-04   711.9578    
 -2.7527497E-04   738.1878    
 -2.6526506E-04   764.3176    
 -2.5525515E-04   790.5421    
 -2.4524523E-04   817.2742    
 -2.3523530E-04   844.7352    
 -2.2522538E-04   872.6856    
 -2.1521507E-04   900.6271    
 -2.0520514E-04   928.2248    
 -1.9519523E-04   955.5198    
 -1.8518530E-04   982.7959    
 -1.7517539E-04   1010.332    
 -1.6516546E-04   1038.145    
 -1.5515515E-04   1065.814    
 -1.4514523E-04   1092.625    
 -1.3513531E-04   1118.053    
 -1.2512499E-04   1142.039    
 -1.1511507E-04   1164.732    
 -1.0510515E-04   1186.226    
 -9.5094838E-05   1206.573    
 -8.5084917E-05   1225.667    
 -7.5074997E-05   1242.844    
 -6.5065076E-05   1257.049    
 -5.5055156E-05   1267.871    
 -4.5045235E-05   1276.008    
 -3.5034918E-05   1282.332    
 -2.5024998E-05   1286.845    
 -1.5015078E-05   1289.246    
 -5.0051581E-06   1289.994    
  5.0047620E-06   1290.013    
  1.5014683E-05   1289.247    
  2.5024998E-05   1286.845    
  3.5034918E-05   1282.331    
  4.5045235E-05   1276.008    
  5.5055156E-05   1267.871    
  6.5065076E-05   1257.049    
  7.5075390E-05   1242.843    
  8.5085310E-05   1225.666    
  9.5095231E-05   1206.573    
  1.0510515E-04   1186.226    
  1.1511507E-04   1164.732    
  1.2512499E-04   1142.039    
  1.3513531E-04   1118.053    
  1.4514523E-04   1092.625    
  1.5515515E-04   1065.814    
  1.6516507E-04   1038.146    
  1.7517500E-04   1010.333    
  1.8518491E-04   982.7973    
  1.9519523E-04   955.5198    
  2.0520514E-04   928.2249    
  2.1521546E-04   900.6258    
  2.2522538E-04   872.6855    
  2.3523530E-04   844.7352    
  2.4524523E-04   817.2742    
  2.5525552E-04   790.5407    
  2.6526547E-04   764.3163    
  2.7527538E-04   738.1868    
  2.8528529E-04   711.9577    
  2.9529521E-04   685.7726    
  3.0530515E-04   659.8264    
  3.1531547E-04   634.0450    
  3.2532538E-04   608.1668    
  3.3533529E-04   582.2134    
  3.4534521E-04   556.7453    
  3.5535512E-04   532.4401    
  3.6536506E-04   509.4882    
  3.7537538E-04   487.6053    
  3.8538568E-04   466.5891    
  3.9539562E-04   446.5283    
  4.0540553E-04   427.4477    
  4.1541544E-04   409.1219    
  4.2542536E-04   391.3963    
  4.3543568E-04   374.4641    
  4.4544559E-04   358.5946    
  4.5545553E-04   343.7324    
  4.6546545E-04   329.5082    
  4.7547536E-04   315.5579    
  4.8548527E-04   301.7300    
  4.9549562E-04   288.1060    
  5.0550554E-04   274.8914    
  5.1551545E-04   262.2199    
  5.2552536E-04   250.0610    
  5.3553528E-04   238.4165    
  5.4554519E-04   227.5244    
  5.5555592E-04   217.6824    
  5.6556583E-04   208.8817    
  5.7557574E-04   200.8025    
  5.8558566E-04   193.1858    
  5.9559557E-04   185.9990    
  6.0560554E-04   179.2476    
  6.1561581E-04   172.8758    
  6.2562578E-04   166.9051    
  6.3563569E-04   161.4253    
  6.4564560E-04   156.3431    
  6.5565552E-04   151.3159    
  6.6566543E-04   146.0799    
  6.7567575E-04   140.7264    
  6.8568566E-04   135.5374    
  6.9569558E-04   130.6305    
  7.0570549E-04   125.8709    
  7.1571540E-04   121.0791    
  7.2572572E-04   116.2492    
  7.3573604E-04   111.5904    
  7.4574596E-04   107.3840    
  7.5575593E-04   103.7407    
  7.6576584E-04   100.4503    
  7.7577576E-04   97.09930    
  7.8578567E-04   93.39170    
  7.9579599E-04   89.38360    
  8.0580590E-04   85.41999    
  8.1581582E-04   81.85448    
  8.2582573E-04   78.80837    
  8.3583564E-04   76.13646    
  8.4584556E-04   73.58542    
  8.5585588E-04   70.99509    
  8.6586579E-04   68.38563    
  8.7587576E-04   65.89831    
  8.8588567E-04   63.68059    
  8.9589600E-04   61.81002    
  9.0590632E-04   60.27020    
  9.1591623E-04   58.97078    
  9.2592614E-04   57.79637    
  9.3593606E-04   56.66087    
  9.4594597E-04   55.51032    
  9.5595588E-04   54.28519    
  9.6596620E-04   52.90417    
  9.7597612E-04   51.32122    
  9.8598609E-04   49.59777    
  9.9599594E-04   47.89941    
  1.0060059E-03   46.39042    
  1.0160158E-03   45.13203    
  1.0260261E-03   44.09827    
  1.0360361E-03   43.27001    
  1.0460459E-03   42.65448    
  1.0560559E-03   42.19876    
  1.0660662E-03   41.74927    
  1.0760761E-03   41.16393    
  1.0860864E-03   40.43664    
  1.0960964E-03   39.66565    
  1.1061063E-03   38.91269    
  1.1161162E-03   38.15420    
  1.1261262E-03   37.35637    
  1.1361360E-03   36.53825    
  1.1461463E-03   35.74913    
  1.1561563E-03   35.01448    
  1.1661662E-03   34.31536    
  1.1761761E-03   33.60548    
  1.1861860E-03   32.85807    
  1.1961960E-03   32.10865    
  1.2062063E-03   31.42394    
  1.2162162E-03   30.81734    
  1.2262261E-03   30.22981    
  1.2362364E-03   29.61354    
  1.2462464E-03   28.98254    
  1.2562562E-03   28.34725    
  1.2662666E-03   27.66511    
  1.2762765E-03   26.91985    
  1.2862864E-03   26.20429    
  1.2962964E-03   25.63635    
  1.3063062E-03   25.20698    
  1.3163162E-03   24.78602    
  1.3263265E-03   24.27772    
  1.3363364E-03   23.70968    
  1.3463463E-03   23.16097    
  1.3563563E-03   22.66704    
  1.3663662E-03   22.21749    
  1.3763761E-03   21.79929    
  1.3863865E-03   21.40049    
  1.3963963E-03   20.99219    
  1.4064066E-03   20.53831    
  1.4164166E-03   20.02264    
  1.4264265E-03   19.46136    
  1.4364364E-03   18.89298    
  1.4464468E-03   18.36221    
  1.4564566E-03   17.89915    
  1.4664666E-03   17.50855    
  1.4764764E-03   17.18845    
  1.4864864E-03   16.94942    
  1.4964964E-03   16.80224    
  1.5065067E-03   16.72260    
  1.5165166E-03   16.65517    
  1.5265265E-03   16.56315    
  1.5365364E-03   16.45571    
  1.5465464E-03   16.34831    
  1.5565562E-03   16.21643    
  1.5665665E-03   16.01343    
  1.5765765E-03   15.72617    
  1.5865868E-03   15.38677    
  1.5965967E-03   15.04162    
  1.6066066E-03   14.72692    
  1.6166165E-03   14.46003    
  1.6266268E-03   14.21925    
  1.6366368E-03   13.94095    
  1.6466463E-03   13.57915    
  1.6566566E-03   13.17395    
  1.6666669E-03   12.82483    
  1.6766764E-03   12.58578    
  1.6866868E-03   12.41486    
  1.6966963E-03   12.23620    
  1.7067066E-03   12.02334    
  1.7167169E-03   11.80945    
  1.7267264E-03   11.63652    
  1.7367367E-03   11.50758    
  1.7467464E-03   11.38209    
  1.7567567E-03   11.22165    
  1.7667669E-03   11.04218    
  1.7767772E-03   10.89792    
  1.7867868E-03   10.80346    
  1.7967972E-03   10.70953    
  1.8068067E-03   10.58629    
  1.8168170E-03   10.48139    
  1.8268273E-03   10.43955    
  1.8368368E-03   10.40449    
  1.8468471E-03   10.28012    
  1.8568566E-03   10.07249    
  1.8668670E-03   9.890004    
  1.8768765E-03   9.801018    
  1.8868868E-03   9.763452    
  1.8968971E-03   9.705385    
  1.9069066E-03   9.611709    
  1.9169169E-03   9.507237    
  1.9269264E-03   9.408939    
  1.9369368E-03   9.317338    
  1.9469471E-03   9.219232    
  1.9569567E-03   9.082958    
  1.9669670E-03   8.884815    
  1.9769764E-03   8.647127    
  1.9869867E-03   8.420047    
  1.9969963E-03   8.218769    
  2.0070074E-03   8.012793    
  2.0170177E-03   7.781006    
  2.0270273E-03   7.545928    
  2.0370376E-03   7.348471    
  2.0470470E-03   7.208728    
  2.0570573E-03   7.113915    
  2.0670677E-03   7.027713    
  2.0770773E-03   6.915161    
  2.0870876E-03   6.774549    
  2.0970970E-03   6.633204    
  2.1071073E-03   6.503285    
  2.1171169E-03   6.366593    
  2.1271273E-03   6.211810    
  2.1371376E-03   6.052385    
  2.1471470E-03   5.891765    
  2.1571573E-03   5.716318    
  2.1671669E-03   5.549714    
  2.1771772E-03   5.466151    
  2.1871876E-03   5.503415    
  2.1971972E-03   5.602627    
  2.2072075E-03   5.677579    
  2.2172169E-03   5.706274    
  2.2272272E-03   5.710135    
  2.2372368E-03   5.684620    
  2.2472471E-03   5.613794    
  2.2572575E-03   5.522808    
  2.2672669E-03   5.448910    
  2.2772772E-03   5.378887    
  2.2872868E-03   5.274082    
  2.2972971E-03   5.146384    
  2.3073074E-03   5.047412    
  2.3173168E-03   4.988758    
  2.3273272E-03   4.932195    
  2.3373368E-03   4.860949    
  2.3473478E-03   4.806209    
  2.3573574E-03   4.789700    
  2.3673677E-03   4.786388    
  2.3773781E-03   4.761400    
  2.3873874E-03   4.716717    
  2.3973978E-03   4.682297    
  2.4074074E-03   4.678928    
  2.4174177E-03   4.698492    
  2.4274280E-03   4.712135    
  2.4374374E-03   4.698653    
  2.4474477E-03   4.667720    
  2.4574574E-03   4.648552    
  2.4674677E-03   4.652189    
  2.4774773E-03   4.662998    
  2.4874876E-03   4.672239    
  2.4974979E-03   4.689323    
  2.5075073E-03   4.706100    
  2.5175177E-03   4.683516    
  2.5275273E-03   4.601053    
  2.5375376E-03   4.492414    
  2.5475479E-03   4.405714    
  2.5575573E-03   4.346732    
  2.5675676E-03   4.290816    
  2.5775773E-03   4.231422    
  2.5875876E-03   4.187296    
  2.5975970E-03   4.171377    
  2.6076073E-03   4.175964    
  2.6176176E-03   4.177068    
  2.6276272E-03   4.140488    
  2.6376375E-03   4.041202    
  2.6476469E-03   3.895549    
  2.6576573E-03   3.755437    
  2.6676676E-03   3.654970    
  2.6776772E-03   3.581874    
  2.6876875E-03   3.515491    
  2.6976978E-03   3.464952    
  2.7077082E-03   3.445341    
  2.7177185E-03   3.441044    
  2.7277281E-03   3.424037    
  2.7377382E-03   3.392880    
  2.7477478E-03   3.365862    
  2.7577581E-03   3.349492    
  2.7677678E-03   3.339544    
  2.7777781E-03   3.342077    
  2.7877884E-03   3.361213    
  2.7977978E-03   3.371712    
  2.8078081E-03   3.334419    
  2.8178177E-03   3.245162    
  2.8278281E-03   3.147873    
  2.8378384E-03   3.089643    
  2.8478478E-03   3.077838    
  2.8578581E-03   3.089604    
  2.8678677E-03   3.107907    
  2.8778780E-03   3.130632    
  2.8878874E-03   3.149205    
  2.8978977E-03   3.143742    
  2.9079081E-03   3.110470    
  2.9179177E-03   3.080865    
  2.9279280E-03   3.095388    
  2.9379374E-03   3.160735    
  2.9479477E-03   3.245728    
  2.9579580E-03   3.314288    
  2.9679677E-03   3.348102    
  2.9779780E-03   3.343453    
  2.9879876E-03   3.307062    
  2.9979979E-03   3.257358    
  3.0080073E-03   3.211384    
  3.0180176E-03   3.168580    
  3.0280279E-03   3.121939    
  3.0380383E-03   3.079861    
  3.0480486E-03   3.054981    
  3.0580582E-03   3.033396    
  3.0680685E-03   2.983876    
  3.0780789E-03   2.902110    
  3.0880882E-03   2.819991    
  3.0980986E-03   2.760637    
  3.1081082E-03   2.711694    
  3.1181185E-03   2.654808    
  3.1281279E-03   2.596765    
  3.1381382E-03   2.552190    
  3.1481485E-03   2.514723    
  3.1581582E-03   2.468887    
  3.1681685E-03   2.417260    
  3.1781779E-03   2.376770    
  3.1881882E-03   2.351386    
  3.1981985E-03   2.327296    
  3.2082081E-03   2.298970    
  3.2182185E-03   2.285484    
  3.2282281E-03   2.311358    
  3.2382382E-03   2.376005    
  3.2482478E-03   2.449468    
  3.2582581E-03   2.500354    
  3.2682684E-03   2.519686    
  3.2782780E-03   2.515184    
  3.2882884E-03   2.493910    
  3.2982978E-03   2.463128    
  3.3083081E-03   2.441216    
  3.3183184E-03   2.447764    
  3.3283280E-03   2.477542    
  3.3383383E-03   2.497136    
  3.3483477E-03   2.476065    
  3.3583581E-03   2.417035    
  3.3683677E-03   2.354504    
  3.3783787E-03   2.325198    
  3.3883890E-03   2.338017    
  3.3983986E-03   2.367168    
  3.4084090E-03   2.380920    
  3.4184183E-03   2.380260    
  3.4284287E-03   2.398780    
  3.4384390E-03   2.456584    
  3.4484486E-03   2.527185    
  3.4584589E-03   2.565506    
  3.4684683E-03   2.559309    
  3.4784786E-03   2.534985    
  3.4884890E-03   2.519536    
  3.4984986E-03   2.515568    
  3.5085089E-03   2.512268    
  3.5185185E-03   2.502403    
  3.5285288E-03   2.483896    
  3.5385382E-03   2.455096    
  3.5485486E-03   2.414965    
  3.5585589E-03   2.365494    
  3.5685685E-03   2.313440    
  3.5785788E-03   2.269493    
  3.5885882E-03   2.242647    
  3.5985985E-03   2.232470    
  3.6086089E-03   2.229627    
  3.6186185E-03   2.220800    
  3.6286288E-03   2.194237    
  3.6386382E-03   2.147430    
  3.6486485E-03   2.097098    
  3.6586581E-03   2.069388    
  3.6686684E-03   2.070812    
  3.6786788E-03   2.076788    
  3.6886882E-03   2.059572    
  3.6986985E-03   2.016511    
  3.7087081E-03   1.957931    
  3.7187191E-03   1.886593    
  3.7287294E-03   1.809033    
  3.7387391E-03   1.754355    
  3.7487494E-03   1.752354    
  3.7587588E-03   1.795819    
  3.7687691E-03   1.848005    
  3.7787787E-03   1.883639    
  3.7887890E-03   1.902857    
  3.7987994E-03   1.909255    
  3.8088090E-03   1.900321    
  3.8188193E-03   1.880840    
  3.8288287E-03   1.864355    
  3.8388390E-03   1.854033    
  3.8488493E-03   1.837153    
  3.8588590E-03   1.803109    
  3.8688693E-03   1.756613    
  3.8788787E-03   1.707743    
  3.8888890E-03   1.659869    
  3.8988986E-03   1.612046    
  3.9089089E-03   1.569274    
  3.9189192E-03   1.541641    
  3.9289286E-03   1.531744    
  3.9389390E-03   1.524899    
  3.9489483E-03   1.499996    
  3.9589587E-03   1.454032    
  3.9689690E-03   1.411610    
  3.9789788E-03   1.400606    
  3.9889892E-03   1.422075    
  3.9989986E-03   1.452691    
  4.0090089E-03   1.473974    
  4.0190183E-03   1.489308    
  4.0290286E-03   1.512284    
  4.0390389E-03   1.547710    
  4.0490488E-03   1.586648    
  4.0590595E-03   1.613936    
  4.0690694E-03   1.620893    
  4.0790793E-03   1.613331    
  4.0890896E-03   1.607898    
  4.0990994E-03   1.619031    
  4.1091098E-03   1.650167    
  4.1191191E-03   1.694172    
  4.1291295E-03   1.736742    
  4.1391389E-03   1.760685    
  4.1491492E-03   1.757997    
  4.1591595E-03   1.737292    
  4.1691693E-03   1.711984    
  4.1791797E-03   1.683350    
  4.1891891E-03   1.645794    
  4.1991994E-03   1.604679    
  4.2092097E-03   1.574408    
  4.2192191E-03   1.557757    
  4.2292294E-03   1.543142    
  4.2392388E-03   1.524121    
  4.2492491E-03   1.507265    
  4.2592590E-03   1.497864    
  4.2692693E-03   1.492144    
  4.2792796E-03   1.487479    
  4.2892890E-03   1.487369    
  4.2992993E-03   1.490325    
  4.3093087E-03   1.483075    
  4.3193190E-03   1.455207    
  4.3293294E-03   1.413271    
  4.3393392E-03   1.376208    
  4.3493495E-03   1.356958    
  4.3593589E-03   1.351496    
  4.3693692E-03   1.345390    
  4.3793786E-03   1.331217    
  4.3893890E-03   1.318192    
  4.3994002E-03   1.321616    
  4.4094096E-03   1.342756    
  4.4194199E-03   1.365300    
  4.4294293E-03   1.373783    
  4.4394396E-03   1.368712    
  4.4494499E-03   1.359011    
  4.4594598E-03   1.346853    
  4.4694701E-03   1.326403    
  4.4794795E-03   1.295615    
  4.4894898E-03   1.263585    
  4.4995002E-03   1.244944    
  4.5095095E-03   1.247344    
  4.5195199E-03   1.264431    
  4.5295293E-03   1.278586    
  4.5395396E-03   1.270776    
  4.5495494E-03   1.233237    
  4.5595597E-03   1.177870    
  4.5695701E-03   1.133702    
  4.5795795E-03   1.125054    
  4.5895898E-03   1.146809    
  4.5995992E-03   1.167841    
  4.6096095E-03   1.165457    
  4.6196198E-03   1.146007    
  4.6296297E-03   1.124889    
  4.6396400E-03   1.101962    
  4.6496494E-03   1.072381    
  4.6596597E-03   1.045809    
  4.6696691E-03   1.033008    
  4.6796794E-03   1.022234    
  4.6896897E-03  0.9949618    
  4.6996991E-03  0.9564350    
  4.7097094E-03  0.9275717    
  4.7197193E-03  0.9104689    
  4.7297296E-03  0.8886429    
  4.7397404E-03  0.8591779    
  4.7497503E-03  0.8385891    
  4.7597606E-03  0.8361996    
  4.7697700E-03  0.8438666    
  4.7797803E-03  0.8536906    
  4.7897897E-03  0.8655892    
  4.7998000E-03  0.8763615    
  4.8098103E-03  0.8792194    
  4.8198197E-03  0.8731336    
  4.8298300E-03  0.8594283    
  4.8398399E-03  0.8337540    
  4.8498502E-03  0.7977270    
  4.8598605E-03  0.7684509    
  4.8698699E-03  0.7604916    
  4.8798802E-03  0.7676772    
  4.8898896E-03  0.7809060    
  4.8998999E-03  0.8097916    
  4.9099098E-03  0.8636944    
  4.9199201E-03  0.9239124    
  4.9299304E-03  0.9617585    
  4.9399398E-03  0.9777012    
  4.9499501E-03  0.9960331    
  4.9599595E-03   1.024426    
  4.9699699E-03   1.044307    
  4.9799802E-03   1.040380    
  4.9899896E-03   1.019224    
  4.9999999E-03  0.9962400    
