 -4.9999999E-03  0.9199049    
 -4.9899900E-03  0.9484222    
 -4.9799802E-03  0.9712425    
 -4.9699699E-03   1.001249    
 -4.9599600E-03   1.035711    
 -4.9499501E-03   1.059578    
 -4.9399403E-03   1.070490    
 -4.9299300E-03   1.071833    
 -4.9199201E-03   1.053434    
 -4.9099098E-03   1.009127    
 -4.8998999E-03  0.9593921    
 -4.8898896E-03  0.9306350    
 -4.8798798E-03  0.9250074    
 -4.8698699E-03  0.9310293    
 -4.8598601E-03  0.9465230    
 -4.8498502E-03  0.9722279    
 -4.8398399E-03   1.000577    
 -4.8298300E-03   1.025500    
 -4.8198197E-03   1.044756    
 -4.8098098E-03   1.048302    
 -4.7997995E-03   1.026420    
 -4.7897897E-03  0.9923891    
 -4.7797798E-03  0.9702246    
 -4.7697700E-03  0.9622750    
 -4.7597601E-03  0.9548283    
 -4.7497498E-03  0.9487087    
 -4.7397399E-03  0.9542909    
 -4.7297296E-03  0.9651532    
 -4.7197198E-03  0.9663277    
 -4.7097094E-03  0.9595382    
 -4.6996996E-03  0.9529028    
 -4.6896897E-03  0.9404150    
 -4.6796799E-03  0.9186778    
 -4.6696700E-03  0.9068295    
 -4.6596597E-03  0.9230735    
 -4.6496498E-03  0.9583556    
 -4.6396400E-03  0.9950436    
 -4.6296297E-03   1.031864    
 -4.6196193E-03   1.073346    
 -4.6096095E-03   1.114984    
 -4.5995996E-03   1.152677    
 -4.5895898E-03   1.183816    
 -4.5795795E-03   1.195666    
 -4.5695696E-03   1.178208    
 -4.5595597E-03   1.148266    
 -4.5495499E-03   1.130982    
 -4.5395396E-03   1.124534    
 -4.5295293E-03   1.117836    
 -4.5195194E-03   1.126888    
 -4.5095095E-03   1.172288    
 -4.4994997E-03   1.234147    
 -4.4894894E-03   1.275387    
 -4.4794795E-03   1.294015    
 -4.4694697E-03   1.309952    
 -4.4594598E-03   1.321435    
 -4.4494495E-03   1.320655    
 -4.4394392E-03   1.328691    
 -4.4294293E-03   1.367020    
 -4.4194194E-03   1.413981    
 -4.4094096E-03   1.433320    
 -4.3993993E-03   1.424879    
 -4.3893894E-03   1.410100    
 -4.3793796E-03   1.396694    
 -4.3693697E-03   1.390563    
 -4.3593599E-03   1.410675    
 -4.3493495E-03   1.456903    
 -4.3393392E-03   1.495257    
 -4.3293294E-03   1.504041    
 -4.3193190E-03   1.500753    
 -4.3093092E-03   1.502012    
 -4.2992993E-03   1.495910    
 -4.2892895E-03   1.474848    
 -4.2792796E-03   1.455145    
 -4.2692693E-03   1.444629    
 -4.2592594E-03   1.429948    
 -4.2492491E-03   1.407875    
 -4.2392393E-03   1.392791    
 -4.2292294E-03   1.388580    
 -4.2192191E-03   1.389903    
 -4.2092092E-03   1.406551    
 -4.1991994E-03   1.447789    
 -4.1891895E-03   1.492498    
 -4.1791792E-03   1.517253    
 -4.1691693E-03   1.536439    
 -4.1591590E-03   1.572437    
 -4.1491492E-03   1.606177    
 -4.1391389E-03   1.605059    
 -4.1291290E-03   1.578510    
 -4.1191191E-03   1.560330    
 -4.1091093E-03   1.556932    
 -4.0990994E-03   1.553662    
 -4.0890891E-03   1.548477    
 -4.0790793E-03   1.542315    
 -4.0690694E-03   1.524050    
 -4.0590591E-03   1.500315    
 -4.0490492E-03   1.507500    
 -4.0390389E-03   1.559591    
 -4.0290290E-03   1.616680    
 -4.0190192E-03   1.635936    
 -4.0090089E-03   1.623135    
 -3.9989995E-03   1.606895    
 -3.9889892E-03   1.596616    
 -3.9789793E-03   1.587991    
 -3.9689690E-03   1.579771    
 -3.9589587E-03   1.568529    
 -3.9489488E-03   1.555657    
 -3.9389390E-03   1.566215    
 -3.9289291E-03   1.624651    
 -3.9189192E-03   1.709075    
 -3.9089089E-03   1.768299    
 -3.8988988E-03   1.787230    
 -3.8888890E-03   1.795610    
 -3.8788787E-03   1.811387    
 -3.8688693E-03   1.816868    
 -3.8588590E-03   1.796900    
 -3.8488489E-03   1.763867    
 -3.8388390E-03   1.738006    
 -3.8288287E-03   1.727676    
 -3.8188188E-03   1.730440    
 -3.8088090E-03   1.734052    
 -3.7987989E-03   1.720654    
 -3.7887890E-03   1.689476    
 -3.7787787E-03   1.666802    
 -3.7687689E-03   1.678645    
 -3.7587588E-03   1.722209    
 -3.7487489E-03   1.775706    
 -3.7387386E-03   1.823030    
 -3.7287287E-03   1.858410    
 -3.7187189E-03   1.882805    
 -3.7087088E-03   1.908184    
 -3.6986985E-03   1.953283    
 -3.6886886E-03   2.022924    
 -3.6786788E-03   2.099181    
 -3.6686689E-03   2.160314    
 -3.6586588E-03   2.202872    
 -3.6486485E-03   2.240291    
 -3.6386386E-03   2.283527    
 -3.6286288E-03   2.326130    
 -3.6186187E-03   2.352181    
 -3.6086084E-03   2.357657    
 -3.5985985E-03   2.356558    
 -3.5885887E-03   2.358969    
 -3.5785788E-03   2.355755    
 -3.5685685E-03   2.334307    
 -3.5585584E-03   2.296970    
 -3.5485486E-03   2.254167    
 -3.5385387E-03   2.216182    
 -3.5285288E-03   2.199135    
 -3.5185185E-03   2.215896    
 -3.5085084E-03   2.252068    
 -3.4984986E-03   2.280602    
 -3.4884887E-03   2.308189    
 -3.4784784E-03   2.365540    
 -3.4684683E-03   2.441596    
 -3.4584585E-03   2.479808    
 -3.4484486E-03   2.461664    
 -3.4384383E-03   2.438158    
 -3.4284284E-03   2.449219    
 -3.4184183E-03   2.467025    
 -3.4084085E-03   2.451702    
 -3.3983986E-03   2.414215    
 -3.3883883E-03   2.386889    
 -3.3783785E-03   2.374592    
 -3.3683684E-03   2.366158    
 -3.3583585E-03   2.357672    
 -3.3483487E-03   2.345701    
 -3.3383383E-03   2.331402    
 -3.3283283E-03   2.339749    
 -3.3183184E-03   2.392017    
 -3.3083083E-03   2.459253    
 -3.2982985E-03   2.491325    
 -3.2882884E-03   2.492041    
 -3.2782783E-03   2.516579    
 -3.2682684E-03   2.595523    
 -3.2582583E-03   2.706233    
 -3.2482482E-03   2.811254    
 -3.2382382E-03   2.881398    
 -3.2282281E-03   2.897435    
 -3.2182182E-03   2.873682    
 -3.2082084E-03   2.862517    
 -3.1981983E-03   2.893153    
 -3.1881882E-03   2.928566    
 -3.1781783E-03   2.919248    
 -3.1681682E-03   2.867749    
 -3.1581582E-03   2.803788    
 -3.1481483E-03   2.736961    
 -3.1381380E-03   2.671955    
 -3.1281281E-03   2.633487    
 -3.1181183E-03   2.637441    
 -3.1081082E-03   2.672765    
 -3.0980981E-03   2.732969    
 -3.0880882E-03   2.822394    
 -3.0780782E-03   2.909245    
 -3.0680681E-03   2.927076    
 -3.0580582E-03   2.852602    
 -3.0480481E-03   2.739173    
 -3.0380380E-03   2.657014    
 -3.0280282E-03   2.637604    
 -3.0180181E-03   2.679108    
 -3.0080082E-03   2.759548    
 -2.9979981E-03   2.840154    
 -2.9879878E-03   2.894104    
 -2.9779780E-03   2.932649    
 -2.9679681E-03   2.973631    
 -2.9579580E-03   3.007282    
 -2.9479479E-03   3.024876    
 -2.9379381E-03   3.046680    
 -2.9279280E-03   3.083272    
 -2.9179181E-03   3.108236    
 -2.9079081E-03   3.105403    
 -2.8978977E-03   3.100431    
 -2.8878879E-03   3.111428    
 -2.8778778E-03   3.120082    
 -2.8678679E-03   3.125667    
 -2.8578578E-03   3.167742    
 -2.8478478E-03   3.257299    
 -2.8378379E-03   3.343635    
 -2.8278281E-03   3.386113    
 -2.8178177E-03   3.402716    
 -2.8078076E-03   3.422955    
 -2.7977978E-03   3.448375    
 -2.7877877E-03   3.480598    
 -2.7777778E-03   3.529928    
 -2.7677678E-03   3.585723    
 -2.7577577E-03   3.636568    
 -2.7477478E-03   3.715711    
 -2.7377380E-03   3.858489    
 -2.7277276E-03   4.020154    
 -2.7177178E-03   4.113128    
 -2.7077077E-03   4.119912    
 -2.6976976E-03   4.096736    
 -2.6876878E-03   4.076662    
 -2.6776779E-03   4.042371    
 -2.6676676E-03   3.985714    
 -2.6576577E-03   3.923878    
 -2.6476476E-03   3.866184    
 -2.6376375E-03   3.823368    
 -2.6276277E-03   3.830714    
 -2.6176176E-03   3.906975    
 -2.6076075E-03   4.012626    
 -2.5975977E-03   4.097315    
 -2.5875878E-03   4.158894    
 -2.5775777E-03   4.213869    
 -2.5675676E-03   4.248073    
 -2.5575575E-03   4.246127    
 -2.5475475E-03   4.235847    
 -2.5375376E-03   4.261115    
 -2.5275275E-03   4.334948    
 -2.5175174E-03   4.441771    
 -2.5075076E-03   4.557022    
 -2.4974977E-03   4.648451    
 -2.4874876E-03   4.692932    
 -2.4774773E-03   4.701013    
 -2.4674674E-03   4.697029    
 -2.4574574E-03   4.679949    
 -2.4474475E-03   4.636474    
 -2.4374374E-03   4.578149    
 -2.4274273E-03   4.530373    
 -2.4174175E-03   4.501454    
 -2.4074076E-03   4.493529    
 -2.3973975E-03   4.516365    
 -2.3873874E-03   4.565183    
 -2.3773774E-03   4.620316    
 -2.3673673E-03   4.690970    
 -2.3573574E-03   4.811533    
 -2.3473476E-03   4.972510    
 -2.3373372E-03   5.112622    
 -2.3273274E-03   5.200372    
 -2.3173175E-03   5.262664    
 -2.3073072E-03   5.316406    
 -2.2972974E-03   5.344504    
 -2.2872873E-03   5.358984    
 -2.2772772E-03   5.407670    
 -2.2672673E-03   5.492071    
 -2.2572575E-03   5.553043    
 -2.2472474E-03   5.563362    
 -2.2372373E-03   5.566009    
 -2.2272274E-03   5.597129    
 -2.2172171E-03   5.638773    
 -2.2072073E-03   5.670738    
 -2.1971972E-03   5.713204    
 -2.1871871E-03   5.796379    
 -2.1771772E-03   5.926529    
 -2.1671674E-03   6.087742    
 -2.1571573E-03   6.248771    
 -2.1471472E-03   6.381631    
 -2.1371371E-03   6.499377    
 -2.1271270E-03   6.645251    
 -2.1171172E-03   6.821338    
 -2.1071073E-03   6.971070    
 -2.0970970E-03   7.060518    
 -2.0870871E-03   7.128963    
 -2.0770773E-03   7.230726    
 -2.0670672E-03   7.381691    
 -2.0570571E-03   7.581037    
 -2.0470468E-03   7.824142    
 -2.0370369E-03   8.066389    
 -2.0270271E-03   8.238417    
 -2.0170170E-03   8.322422    
 -2.0070069E-03   8.358571    
 -1.9969970E-03   8.370676    
 -1.9869870E-03   8.348325    
 -1.9769771E-03   8.308936    
 -1.9669670E-03   8.304590    
 -1.9569569E-03   8.356804    
 -1.9469468E-03   8.444426    
 -1.9369370E-03   8.560266    
 -1.9269269E-03   8.718086    
 -1.9169169E-03   8.907336    
 -1.9069071E-03   9.099413    
 -1.8968969E-03   9.293473    
 -1.8868870E-03   9.501750    
 -1.8768768E-03   9.699343    
 -1.8668667E-03   9.849089    
 -1.8568569E-03   9.967010    
 -1.8468469E-03   10.11743    
 -1.8368368E-03   10.33894    
 -1.8268268E-03   10.61370    
 -1.8168170E-03   10.90527    
 -1.8068068E-03   11.19234    
 -1.7967967E-03   11.45643    
 -1.7867868E-03   11.66363    
 -1.7767766E-03   11.78631    
 -1.7667668E-03   11.84742    
 -1.7567568E-03   11.91919    
 -1.7467467E-03   12.04813    
 -1.7367367E-03   12.20283    
 -1.7267269E-03   12.33581    
 -1.7167168E-03   12.47199    
 -1.7067066E-03   12.66517    
 -1.6966967E-03   12.89293    
 -1.6866866E-03   13.08275    
 -1.6766769E-03   13.23089    
 -1.6666666E-03   13.39433    
 -1.6566566E-03   13.57367    
 -1.6466468E-03   13.72558    
 -1.6366368E-03   13.88837    
 -1.6266268E-03   14.16205    
 -1.6166165E-03   14.53847    
 -1.6066066E-03   14.87587    
 -1.5965967E-03   15.07607    
 -1.5865864E-03   15.18599    
 -1.5765765E-03   15.30144    
 -1.5665665E-03   15.46257    
 -1.5565567E-03   15.66202    
 -1.5465467E-03   15.87538    
 -1.5365368E-03   16.07759    
 -1.5265265E-03   16.28786    
 -1.5165166E-03   16.57635    
 -1.5065067E-03   16.97804    
 -1.4964964E-03   17.44469    
 -1.4864864E-03   17.91862    
 -1.4764764E-03   18.38021    
 -1.4664661E-03   18.79300    
 -1.4564563E-03   19.11736    
 -1.4464463E-03   19.42202    
 -1.4364364E-03   19.84296    
 -1.4264265E-03   20.37815    
 -1.4164166E-03   20.87139    
 -1.4064063E-03   21.24837    
 -1.3963963E-03   21.59975    
 -1.3863865E-03   21.98335    
 -1.3763765E-03   22.33627    
 -1.3663666E-03   22.66373    
 -1.3563567E-03   23.11403    
 -1.3463463E-03   23.76433    
 -1.3363364E-03   24.49607    
 -1.3263260E-03   25.17459    
 -1.3163162E-03   25.80855    
 -1.3063062E-03   26.46264    
 -1.2962964E-03   27.15317    
 -1.2862860E-03   27.87961    
 -1.2762761E-03   28.63908    
 -1.2662662E-03   29.36983    
 -1.2562562E-03   29.99416    
 -1.2462464E-03   30.52588    
 -1.2362364E-03   31.04071    
 -1.2262261E-03   31.55781    
 -1.2162162E-03   32.04159    
 -1.2062063E-03   32.48617    
 -1.1961963E-03   32.91834    
 -1.1861864E-03   33.36376    
 -1.1761765E-03   33.86576    
 -1.1661662E-03   34.46933    
 -1.1561563E-03   35.15711    
 -1.1461460E-03   35.88697    
 -1.1361360E-03   36.69355    
 -1.1261262E-03   37.63217    
 -1.1161162E-03   38.65564    
 -1.1061059E-03   39.68937    
 -1.0960960E-03   40.76717    
 -1.0860860E-03   41.92630    
 -1.0760761E-03   43.05498    
 -1.0660662E-03   44.05155    
 -1.0560562E-03   45.02341    
 -1.0460459E-03   46.09492    
 -1.0360361E-03   47.16708    
 -1.0260261E-03   48.13607    
 -1.0160162E-03   49.20094    
 -1.0060063E-03   50.64902    
 -9.9599641E-04   52.47588    
 -9.8598609E-04   54.47670    
 -9.7597571E-04   56.53046    
 -9.6596580E-04   58.53786    
 -9.5595588E-04   60.31148    
 -9.4594597E-04   61.82053    
 -9.3593606E-04   63.30716    
 -9.2592573E-04   64.92223    
 -9.1591582E-04   66.55368    
 -9.0590591E-04   68.23957    
 -8.9589600E-04   70.33190    
 -8.8588602E-04   72.94035    
 -8.7587611E-04   75.65126    
 -8.6586579E-04   78.15393    
 -8.5585588E-04   80.71474    
 -8.4584596E-04   83.65599    
 -8.3583605E-04   86.77515    
 -8.2582614E-04   89.68728    
 -8.1581622E-04   92.37692    
 -8.0580550E-04   95.08700    
 -7.9579558E-04   97.99000    
 -7.8578567E-04   101.2369    
 -7.7577576E-04   104.9633    
 -7.6576584E-04   109.0296    
 -7.5575552E-04   113.1207    
 -7.4574561E-04   117.2356    
 -7.3573564E-04   121.6737    
 -7.2572572E-04   126.4775    
 -7.1571581E-04   131.3852    
 -7.0570590E-04   136.3904    
 -6.9569558E-04   141.7992    
 -6.8568566E-04   147.6543    
 -6.7567575E-04   153.6461    
 -6.6566584E-04   159.6996    
 -6.5565592E-04   166.1537    
 -6.4564601E-04   173.2988    
 -6.3563528E-04   181.1472    
 -6.2562537E-04   189.6214    
 -6.1561546E-04   198.5220    
 -6.0560554E-04   207.3850    
 -5.9559557E-04   215.8357    
 -5.8558566E-04   224.0414    
 -5.7557534E-04   232.5050    
 -5.6556542E-04   241.6044    
 -5.5555551E-04   251.5977    
 -5.4554560E-04   262.6917    
 -5.3553568E-04   274.7164    
 -5.2552577E-04   287.1040    
 -5.1551545E-04   299.5596    
 -5.0550554E-04   312.3719    
 -4.9549562E-04   325.8207    
 -4.8548568E-04   339.7821    
 -4.7547577E-04   354.1908    
 -4.6546545E-04   369.2063    
 -4.5545513E-04   384.6421    
 -4.4544521E-04   399.9724    
 -4.3543530E-04   415.2965    
 -4.2542536E-04   431.5019    
 -4.1541544E-04   449.0717    
 -4.0540553E-04   467.5130    
 -3.9539521E-04   486.3745    
 -3.8538530E-04   505.9414    
 -3.7537538E-04   526.4221    
 -3.6536544E-04   547.3421    
 -3.5535553E-04   568.4085    
 -3.4534562E-04   590.1398    
 -3.3533529E-04   612.8995    
 -3.2532538E-04   636.0334    
 -3.1531547E-04   658.7580    
 -3.0530553E-04   681.3942    
 -2.9529521E-04   704.8705    
 -2.8528529E-04   729.2505    
 -2.7527497E-04   753.5209    
 -2.6526506E-04   776.7598    
 -2.5525515E-04   799.0877    
 -2.4524523E-04   821.3527    
 -2.3523530E-04   844.2150    
 -2.2522538E-04   867.6877    
 -2.1521507E-04   891.3839    
 -2.0520514E-04   914.8734    
 -1.9519523E-04   937.5320    
 -1.8518530E-04   958.3622    
 -1.7517539E-04   976.6807    
 -1.6516546E-04   993.1562    
 -1.5515515E-04   1009.556    
 -1.4514523E-04   1027.086    
 -1.3513531E-04   1045.303    
 -1.2512499E-04   1062.898    
 -1.1511507E-04   1079.115    
 -1.0510515E-04   1094.172    
 -9.5094838E-05   1108.713    
 -8.5084917E-05   1123.098    
 -7.5074997E-05   1136.931    
 -6.5065076E-05   1149.219    
 -5.5055156E-05   1159.256    
 -4.5045235E-05   1167.249    
 -3.5034918E-05   1173.687    
 -2.5024998E-05   1178.420    
 -1.5015078E-05   1181.062    
 -5.0051581E-06   1181.972    
  5.0047620E-06   1181.991    
  1.5014683E-05   1181.064    
  2.5024998E-05   1178.420    
  3.5034918E-05   1173.687    
  4.5045235E-05   1167.249    
  5.5055156E-05   1159.256    
  6.5065076E-05   1149.220    
  7.5075390E-05   1136.932    
  8.5085310E-05   1123.096    
  9.5095231E-05   1108.713    
  1.0510515E-04   1094.172    
  1.1511507E-04   1079.115    
  1.2512499E-04   1062.898    
  1.3513531E-04   1045.303    
  1.4514523E-04   1027.086    
  1.5515515E-04   1009.556    
  1.6516507E-04   993.1570    
  1.7517500E-04   976.6821    
  1.8518491E-04   958.3633    
  1.9519523E-04   937.5321    
  2.0520514E-04   914.8734    
  2.1521546E-04   891.3834    
  2.2522538E-04   867.6879    
  2.3523530E-04   844.2150    
  2.4524523E-04   821.3525    
  2.5525552E-04   799.0866    
  2.6526547E-04   776.7587    
  2.7527538E-04   753.5204    
  2.8528529E-04   729.2506    
  2.9529521E-04   704.8705    
  3.0530515E-04   681.3948    
  3.1531547E-04   658.7581    
  3.2532538E-04   636.0333    
  3.3533529E-04   612.8997    
  3.4534521E-04   590.1414    
  3.5535512E-04   568.4099    
  3.6536506E-04   547.3428    
  3.7537538E-04   526.4225    
  3.8538568E-04   505.9409    
  3.9539562E-04   486.3740    
  4.0540553E-04   467.5132    
  4.1541544E-04   449.0718    
  4.2542536E-04   431.5019    
  4.3543568E-04   415.2961    
  4.4544559E-04   399.9717    
  4.5545553E-04   384.6414    
  4.6546545E-04   369.2062    
  4.7547536E-04   354.1913    
  4.8548527E-04   339.7827    
  4.9549562E-04   325.8207    
  5.0550554E-04   312.3717    
  5.1551545E-04   299.5595    
  5.2552536E-04   287.1045    
  5.3553528E-04   274.7168    
  5.4554519E-04   262.6922    
  5.5555592E-04   251.5972    
  5.6556583E-04   241.6037    
  5.7557574E-04   232.5044    
  5.8558566E-04   224.0413    
  5.9559557E-04   215.8359    
  6.0560554E-04   207.3851    
  6.1561581E-04   198.5219    
  6.2562578E-04   189.6209    
  6.3563569E-04   181.1470    
  6.4564560E-04   173.2992    
  6.5565552E-04   166.1542    
  6.6566543E-04   159.6998    
  6.7567575E-04   153.6461    
  6.8568566E-04   147.6543    
  6.9569558E-04   141.7993    
  7.0570549E-04   136.3909    
  7.1571540E-04   131.3855    
  7.2572572E-04   126.4777    
  7.3573604E-04   121.6736    
  7.4574596E-04   117.2356    
  7.5575593E-04   113.1205    
  7.6576584E-04   109.0296    
  7.7577576E-04   104.9633    
  7.8578567E-04   101.2370    
  7.9579599E-04   97.98988    
  8.0580590E-04   95.08708    
  8.1581582E-04   92.37712    
  8.2582573E-04   89.68729    
  8.3583564E-04   86.77531    
  8.4584556E-04   83.65601    
  8.5585588E-04   80.71474    
  8.6586579E-04   78.15400    
  8.7587576E-04   75.65135    
  8.8588567E-04   72.94042    
  8.9589600E-04   70.33186    
  9.0590632E-04   68.23946    
  9.1591623E-04   66.55360    
  9.2592614E-04   64.92219    
  9.3593606E-04   63.30716    
  9.4594597E-04   61.82058    
  9.5595588E-04   60.31149    
  9.6596620E-04   58.53772    
  9.7597612E-04   56.53039    
  9.8598609E-04   54.47664    
  9.9599594E-04   52.47595    
  1.0060059E-03   50.64888    
  1.0160158E-03   49.20103    
  1.0260261E-03   48.13610    
  1.0360361E-03   47.16710    
  1.0460459E-03   46.09485    
  1.0560559E-03   45.02332    
  1.0660662E-03   44.05151    
  1.0760761E-03   43.05500    
  1.0860864E-03   41.92632    
  1.0960964E-03   40.76704    
  1.1061063E-03   39.68925    
  1.1161162E-03   38.65569    
  1.1261262E-03   37.63223    
  1.1361360E-03   36.69353    
  1.1461463E-03   35.88700    
  1.1561563E-03   35.15707    
  1.1661662E-03   34.46933    
  1.1761761E-03   33.86570    
  1.1861860E-03   33.36365    
  1.1961960E-03   32.91832    
  1.2062063E-03   32.48620    
  1.2162162E-03   32.04161    
  1.2262261E-03   31.55782    
  1.2362364E-03   31.04068    
  1.2462464E-03   30.52590    
  1.2562562E-03   29.99418    
  1.2662666E-03   29.36980    
  1.2762765E-03   28.63910    
  1.2862864E-03   27.87970    
  1.2962964E-03   27.15319    
  1.3063062E-03   26.46266    
  1.3163162E-03   25.80858    
  1.3263265E-03   25.17460    
  1.3363364E-03   24.49608    
  1.3463463E-03   23.76434    
  1.3563563E-03   23.11398    
  1.3663662E-03   22.66368    
  1.3763761E-03   22.33626    
  1.3863865E-03   21.98333    
  1.3963963E-03   21.59982    
  1.4064066E-03   21.24832    
  1.4164166E-03   20.87142    
  1.4264265E-03   20.37813    
  1.4364364E-03   19.84295    
  1.4464468E-03   19.42209    
  1.4564566E-03   19.11737    
  1.4664666E-03   18.79306    
  1.4764764E-03   18.38020    
  1.4864864E-03   17.91866    
  1.4964964E-03   17.44475    
  1.5065067E-03   16.97805    
  1.5165166E-03   16.57632    
  1.5265265E-03   16.28785    
  1.5365364E-03   16.07756    
  1.5465464E-03   15.87537    
  1.5565562E-03   15.66207    
  1.5665665E-03   15.46256    
  1.5765765E-03   15.30143    
  1.5865868E-03   15.18597    
  1.5965967E-03   15.07603    
  1.6066066E-03   14.87587    
  1.6166165E-03   14.53849    
  1.6266268E-03   14.16206    
  1.6366368E-03   13.88837    
  1.6466463E-03   13.72562    
  1.6566566E-03   13.57365    
  1.6666669E-03   13.39426    
  1.6766764E-03   13.23092    
  1.6866868E-03   13.08275    
  1.6966963E-03   12.89288    
  1.7067066E-03   12.66515    
  1.7167169E-03   12.47196    
  1.7267264E-03   12.33576    
  1.7367367E-03   12.20278    
  1.7467464E-03   12.04813    
  1.7567567E-03   11.91914    
  1.7667669E-03   11.84737    
  1.7767772E-03   11.78634    
  1.7867868E-03   11.66362    
  1.7967972E-03   11.45634    
  1.8068067E-03   11.19231    
  1.8168170E-03   10.90526    
  1.8268273E-03   10.61362    
  1.8368368E-03   10.33895    
  1.8468471E-03   10.11735    
  1.8568566E-03   9.967032    
  1.8668670E-03   9.849093    
  1.8768765E-03   9.699375    
  1.8868868E-03   9.501644    
  1.8968971E-03   9.293523    
  1.9069066E-03   9.099440    
  1.9169169E-03   8.907361    
  1.9269264E-03   8.718098    
  1.9369368E-03   8.560280    
  1.9469471E-03   8.444415    
  1.9569567E-03   8.356793    
  1.9669670E-03   8.304575    
  1.9769764E-03   8.308957    
  1.9869867E-03   8.348330    
  1.9969963E-03   8.370687    
  2.0070074E-03   8.358605    
  2.0170177E-03   8.322400    
  2.0270273E-03   8.238440    
  2.0370376E-03   8.066343    
  2.0470470E-03   7.824138    
  2.0570573E-03   7.581023    
  2.0670677E-03   7.381641    
  2.0770773E-03   7.230733    
  2.0870876E-03   7.128966    
  2.0970970E-03   7.060508    
  2.1071073E-03   6.971051    
  2.1171169E-03   6.821408    
  2.1271273E-03   6.645240    
  2.1371376E-03   6.499361    
  2.1471470E-03   6.381630    
  2.1571573E-03   6.248788    
  2.1671669E-03   6.087792    
  2.1771772E-03   5.926539    
  2.1871876E-03   5.796389    
  2.1971972E-03   5.713274    
  2.2072075E-03   5.670732    
  2.2172169E-03   5.638708    
  2.2272272E-03   5.597208    
  2.2372368E-03   5.566049    
  2.2472471E-03   5.563358    
  2.2572575E-03   5.553058    
  2.2672669E-03   5.492138    
  2.2772772E-03   5.407678    
  2.2872868E-03   5.358991    
  2.2972971E-03   5.344483    
  2.3073074E-03   5.316381    
  2.3173168E-03   5.262690    
  2.3273272E-03   5.200368    
  2.3373368E-03   5.112593    
  2.3473478E-03   4.972490    
  2.3573574E-03   4.811526    
  2.3673677E-03   4.690968    
  2.3773781E-03   4.620344    
  2.3873874E-03   4.565186    
  2.3973978E-03   4.516383    
  2.4074074E-03   4.493515    
  2.4174177E-03   4.501478    
  2.4274280E-03   4.530384    
  2.4374374E-03   4.578163    
  2.4474477E-03   4.636501    
  2.4574574E-03   4.679953    
  2.4674677E-03   4.697043    
  2.4774773E-03   4.701023    
  2.4874876E-03   4.692926    
  2.4974979E-03   4.648438    
  2.5075073E-03   4.556997    
  2.5175177E-03   4.441719    
  2.5275273E-03   4.334908    
  2.5375376E-03   4.261131    
  2.5475479E-03   4.235857    
  2.5575573E-03   4.246115    
  2.5675676E-03   4.248088    
  2.5775773E-03   4.213853    
  2.5875876E-03   4.158906    
  2.5975970E-03   4.097312    
  2.6076073E-03   4.012589    
  2.6176176E-03   3.906971    
  2.6276272E-03   3.830703    
  2.6376375E-03   3.823370    
  2.6476469E-03   3.866157    
  2.6576573E-03   3.923927    
  2.6676676E-03   3.985704    
  2.6776772E-03   4.042370    
  2.6876875E-03   4.076685    
  2.6976978E-03   4.096708    
  2.7077082E-03   4.119901    
  2.7177185E-03   4.113134    
  2.7277281E-03   4.020107    
  2.7377382E-03   3.858485    
  2.7477478E-03   3.715725    
  2.7577581E-03   3.636577    
  2.7677678E-03   3.585762    
  2.7777781E-03   3.529941    
  2.7877884E-03   3.480608    
  2.7977978E-03   3.448379    
  2.8078081E-03   3.422945    
  2.8178177E-03   3.402712    
  2.8278281E-03   3.386118    
  2.8378384E-03   3.343645    
  2.8478478E-03   3.257290    
  2.8578581E-03   3.167738    
  2.8678677E-03   3.125652    
  2.8778780E-03   3.120088    
  2.8878874E-03   3.111412    
  2.8978977E-03   3.100431    
  2.9079081E-03   3.105402    
  2.9179177E-03   3.108284    
  2.9279280E-03   3.083272    
  2.9379374E-03   3.046626    
  2.9479477E-03   3.024876    
  2.9579580E-03   3.007310    
  2.9679677E-03   2.973627    
  2.9779780E-03   2.932636    
  2.9879876E-03   2.894133    
  2.9979979E-03   2.840124    
  3.0080073E-03   2.759567    
  3.0180176E-03   2.679128    
  3.0280279E-03   2.637610    
  3.0380383E-03   2.657009    
  3.0480486E-03   2.739142    
  3.0580582E-03   2.852601    
  3.0680685E-03   2.927094    
  3.0780789E-03   2.909223    
  3.0880882E-03   2.822396    
  3.0980986E-03   2.733004    
  3.1081082E-03   2.672764    
  3.1181185E-03   2.637452    
  3.1281279E-03   2.633462    
  3.1381382E-03   2.671974    
  3.1481485E-03   2.736971    
  3.1581582E-03   2.803791    
  3.1681685E-03   2.867730    
  3.1781779E-03   2.919237    
  3.1881882E-03   2.928571    
  3.1981985E-03   2.893131    
  3.2082081E-03   2.862547    
  3.2182185E-03   2.873668    
  3.2282281E-03   2.897439    
  3.2382382E-03   2.881402    
  3.2482478E-03   2.811264    
  3.2582581E-03   2.706228    
  3.2682684E-03   2.595531    
  3.2782780E-03   2.516587    
  3.2882884E-03   2.492040    
  3.2982978E-03   2.491362    
  3.3083081E-03   2.459290    
  3.3183184E-03   2.392028    
  3.3283280E-03   2.339739    
  3.3383383E-03   2.331398    
  3.3483477E-03   2.345717    
  3.3583581E-03   2.357696    
  3.3683677E-03   2.366143    
  3.3783787E-03   2.374603    
  3.3883890E-03   2.386874    
  3.3983986E-03   2.414218    
  3.4084090E-03   2.451722    
  3.4184183E-03   2.467030    
  3.4284287E-03   2.449230    
  3.4384390E-03   2.438132    
  3.4484486E-03   2.461673    
  3.4584589E-03   2.479851    
  3.4684683E-03   2.441608    
  3.4784786E-03   2.365544    
  3.4884890E-03   2.308173    
  3.4984986E-03   2.280604    
  3.5085089E-03   2.252049    
  3.5185185E-03   2.215896    
  3.5285288E-03   2.199124    
  3.5385382E-03   2.216183    
  3.5485486E-03   2.254167    
  3.5585589E-03   2.296956    
  3.5685685E-03   2.334298    
  3.5785788E-03   2.355742    
  3.5885882E-03   2.358932    
  3.5985985E-03   2.356557    
  3.6086089E-03   2.357659    
  3.6186185E-03   2.352181    
  3.6286288E-03   2.326132    
  3.6386382E-03   2.283500    
  3.6486485E-03   2.240286    
  3.6586581E-03   2.202835    
  3.6686684E-03   2.160317    
  3.6786788E-03   2.099174    
  3.6886882E-03   2.022928    
  3.6986985E-03   1.953280    
  3.7087081E-03   1.908196    
  3.7187191E-03   1.882837    
  3.7287294E-03   1.858418    
  3.7387391E-03   1.822994    
  3.7487494E-03   1.775709    
  3.7587588E-03   1.722214    
  3.7687691E-03   1.678666    
  3.7787787E-03   1.666792    
  3.7887890E-03   1.689473    
  3.7987994E-03   1.720666    
  3.8088090E-03   1.734051    
  3.8188193E-03   1.730454    
  3.8288287E-03   1.727666    
  3.8388390E-03   1.738016    
  3.8488493E-03   1.763886    
  3.8588590E-03   1.796902    
  3.8688693E-03   1.816862    
  3.8788787E-03   1.811374    
  3.8888890E-03   1.795615    
  3.8988986E-03   1.787263    
  3.9089089E-03   1.768291    
  3.9189192E-03   1.709064    
  3.9289286E-03   1.624679    
  3.9389390E-03   1.566215    
  3.9489483E-03   1.555658    
  3.9589587E-03   1.568529    
  3.9689690E-03   1.579769    
  3.9789788E-03   1.587994    
  3.9889892E-03   1.596622    
  3.9989986E-03   1.606899    
  4.0090089E-03   1.623133    
  4.0190183E-03   1.635967    
  4.0290286E-03   1.616634    
  4.0390389E-03   1.559588    
  4.0490488E-03   1.507498    
  4.0590595E-03   1.500310    
  4.0690694E-03   1.524032    
  4.0790793E-03   1.542336    
  4.0890896E-03   1.548477    
  4.0990994E-03   1.553660    
  4.1091098E-03   1.556940    
  4.1191191E-03   1.560324    
  4.1291295E-03   1.578480    
  4.1391389E-03   1.605071    
  4.1491492E-03   1.606175    
  4.1591595E-03   1.572440    
  4.1691693E-03   1.536443    
  4.1791797E-03   1.517238    
  4.1891891E-03   1.492508    
  4.1991994E-03   1.447780    
  4.2092097E-03   1.406537    
  4.2192191E-03   1.389894    
  4.2292294E-03   1.388587    
  4.2392388E-03   1.392776    
  4.2492491E-03   1.407891    
  4.2592590E-03   1.429937    
  4.2692693E-03   1.444628    
  4.2792796E-03   1.455149    
  4.2892890E-03   1.474865    
  4.2992993E-03   1.495906    
  4.3093087E-03   1.502003    
  4.3193190E-03   1.500742    
  4.3293294E-03   1.504033    
  4.3393392E-03   1.495269    
  4.3493495E-03   1.456904    
  4.3593589E-03   1.410663    
  4.3693692E-03   1.390518    
  4.3793786E-03   1.396692    
  4.3893890E-03   1.410113    
  4.3994002E-03   1.424829    
  4.4094096E-03   1.433314    
  4.4194199E-03   1.413978    
  4.4294293E-03   1.367006    
  4.4394396E-03   1.328696    
  4.4494499E-03   1.320649    
  4.4594598E-03   1.321448    
  4.4694701E-03   1.309922    
  4.4794795E-03   1.294014    
  4.4894898E-03   1.275385    
  4.4995002E-03   1.234140    
  4.5095095E-03   1.172293    
  4.5195199E-03   1.126900    
  4.5295293E-03   1.117841    
  4.5395396E-03   1.124525    
  4.5495494E-03   1.130941    
  4.5595597E-03   1.148274    
  4.5695701E-03   1.178194    
  4.5795795E-03   1.195672    
  4.5895898E-03   1.183821    
  4.5995992E-03   1.152687    
  4.6096095E-03   1.114995    
  4.6196198E-03   1.073308    
  4.6296297E-03   1.031863    
  4.6396400E-03  0.9950366    
  4.6496494E-03  0.9583695    
  4.6596597E-03  0.9230652    
  4.6696691E-03  0.9068281    
  4.6796794E-03  0.9186682    
  4.6896897E-03  0.9404084    
  4.6996991E-03  0.9529013    
  4.7097094E-03  0.9595278    
  4.7197193E-03  0.9662873    
  4.7297296E-03  0.9651260    
  4.7397404E-03  0.9542654    
  4.7497503E-03  0.9486976    
  4.7597606E-03  0.9548414    
  4.7697700E-03  0.9622640    
  4.7797803E-03  0.9702157    
  4.7897897E-03  0.9923887    
  4.7998000E-03   1.026439    
  4.8098103E-03   1.048294    
  4.8198197E-03   1.044756    
  4.8298300E-03   1.025504    
  4.8398399E-03   1.000580    
  4.8498502E-03  0.9722243    
  4.8598605E-03  0.9465497    
  4.8698699E-03  0.9310247    
  4.8798802E-03  0.9250135    
  4.8898896E-03  0.9306469    
  4.8998999E-03  0.9594007    
  4.9099098E-03   1.009119    
  4.9199201E-03   1.053429    
  4.9299304E-03   1.071810    
  4.9399398E-03   1.070487    
  4.9499501E-03   1.059580    
  4.9599595E-03   1.035700    
  4.9699699E-03   1.001246    
  4.9799802E-03  0.9712479    
  4.9899896E-03  0.9484668    
  4.9999999E-03  0.9199092    
