 -4.9999999E-03   1.252635    
 -4.9899900E-03   1.256766    
 -4.9799802E-03   1.265171    
 -4.9699699E-03   1.276597    
 -4.9599600E-03   1.288852    
 -4.9499501E-03   1.301203    
 -4.9399403E-03   1.314049    
 -4.9299300E-03   1.327584    
 -4.9199201E-03   1.341853    
 -4.9099098E-03   1.356427    
 -4.8998999E-03   1.369125    
 -4.8898896E-03   1.376997    
 -4.8798798E-03   1.379670    
 -4.8698699E-03   1.380295    
 -4.8598601E-03   1.383306    
 -4.8498502E-03   1.390668    
 -4.8398399E-03   1.400702    
 -4.8298300E-03   1.409552    
 -4.8198197E-03   1.413257    
 -4.8098098E-03   1.411015    
 -4.7997995E-03   1.406920    
 -4.7897897E-03   1.406507    
 -4.7797798E-03   1.411164    
 -4.7697700E-03   1.418071    
 -4.7597601E-03   1.425217    
 -4.7497498E-03   1.434036    
 -4.7397399E-03   1.446031    
 -4.7297296E-03   1.460114    
 -4.7197198E-03   1.475111    
 -4.7097094E-03   1.492534    
 -4.6996996E-03   1.513378    
 -4.6896897E-03   1.534799    
 -4.6796799E-03   1.552175    
 -4.6696700E-03   1.564365    
 -4.6596597E-03   1.572945    
 -4.6496498E-03   1.576531    
 -4.6396400E-03   1.570886    
 -4.6296297E-03   1.555772    
 -4.6196193E-03   1.539275    
 -4.6096095E-03   1.532899    
 -4.5995996E-03   1.541876    
 -4.5895898E-03   1.562314    
 -4.5795795E-03   1.584779    
 -4.5695696E-03   1.601287    
 -4.5595597E-03   1.609552    
 -4.5495499E-03   1.613415    
 -4.5395396E-03   1.619381    
 -4.5295293E-03   1.630943    
 -4.5195194E-03   1.645682    
 -4.5095095E-03   1.658116    
 -4.4994997E-03   1.664630    
 -4.4894894E-03   1.665839    
 -4.4794795E-03   1.665221    
 -4.4694697E-03   1.666634    
 -4.4594598E-03   1.672093    
 -4.4494495E-03   1.680283    
 -4.4394392E-03   1.686971    
 -4.4294293E-03   1.688329    
 -4.4194194E-03   1.685472    
 -4.4094096E-03   1.684098    
 -4.3993993E-03   1.689113    
 -4.3893894E-03   1.699722    
 -4.3793796E-03   1.711506    
 -4.3693697E-03   1.722116    
 -4.3593599E-03   1.733460    
 -4.3493495E-03   1.747905    
 -4.3393392E-03   1.765197    
 -4.3293294E-03   1.784214    
 -4.3193190E-03   1.804782    
 -4.3093092E-03   1.826402    
 -4.2992993E-03   1.846531    
 -4.2892895E-03   1.863801    
 -4.2792796E-03   1.881906    
 -4.2692693E-03   1.906500    
 -4.2592594E-03   1.937448    
 -4.2492491E-03   1.967611    
 -4.2392393E-03   1.989994    
 -4.2292294E-03   2.004071    
 -4.2192191E-03   2.014210    
 -4.2092092E-03   2.024423    
 -4.1991994E-03   2.035865    
 -4.1891895E-03   2.047264    
 -4.1791792E-03   2.056951    
 -4.1691693E-03   2.064201    
 -4.1591590E-03   2.069836    
 -4.1491492E-03   2.074582    
 -4.1391389E-03   2.077089    
 -4.1291290E-03   2.075283    
 -4.1191191E-03   2.069372    
 -4.1091093E-03   2.061865    
 -4.0990994E-03   2.055586    
 -4.0890891E-03   2.053436    
 -4.0790793E-03   2.058789    
 -4.0690694E-03   2.072110    
 -4.0590591E-03   2.088156    
 -4.0490492E-03   2.098852    
 -4.0390389E-03   2.100717    
 -4.0290290E-03   2.096143    
 -4.0190192E-03   2.087624    
 -4.0090089E-03   2.074947    
 -3.9989995E-03   2.058458    
 -3.9889892E-03   2.042823    
 -3.9789793E-03   2.033873    
 -3.9689690E-03   2.033746    
 -3.9589587E-03   2.038707    
 -3.9489488E-03   2.042557    
 -3.9389390E-03   2.041550    
 -3.9289291E-03   2.036873    
 -3.9189192E-03   2.031828    
 -3.9089089E-03   2.027279    
 -3.8988988E-03   2.021633    
 -3.8888890E-03   2.016539    
 -3.8788787E-03   2.017922    
 -3.8688693E-03   2.029777    
 -3.8588590E-03   2.049261    
 -3.8488489E-03   2.072637    
 -3.8388390E-03   2.100166    
 -3.8288287E-03   2.131681    
 -3.8188188E-03   2.159430    
 -3.8088090E-03   2.174638    
 -3.7987989E-03   2.179822    
 -3.7887890E-03   2.187005    
 -3.7787787E-03   2.204222    
 -3.7687689E-03   2.228875    
 -3.7587588E-03   2.255770    
 -3.7487489E-03   2.283130    
 -3.7387386E-03   2.309199    
 -3.7287287E-03   2.329691    
 -3.7187189E-03   2.343319    
 -3.7087088E-03   2.354715    
 -3.6986985E-03   2.367854    
 -3.6886886E-03   2.380408    
 -3.6786788E-03   2.387688    
 -3.6686689E-03   2.389937    
 -3.6586588E-03   2.393196    
 -3.6486485E-03   2.404866    
 -3.6386386E-03   2.429516    
 -3.6286288E-03   2.464238    
 -3.6186187E-03   2.498171    
 -3.6086084E-03   2.519681    
 -3.5985985E-03   2.528558    
 -3.5885887E-03   2.535954    
 -3.5785788E-03   2.551603    
 -3.5685685E-03   2.574523    
 -3.5585584E-03   2.597832    
 -3.5485486E-03   2.616612    
 -3.5385387E-03   2.628294    
 -3.5285288E-03   2.632022    
 -3.5185185E-03   2.633367    
 -3.5085084E-03   2.643397    
 -3.4984986E-03   2.667089    
 -3.4884887E-03   2.694813    
 -3.4784784E-03   2.712390    
 -3.4684683E-03   2.717293    
 -3.4584585E-03   2.720038    
 -3.4484486E-03   2.731024    
 -3.4384383E-03   2.750004    
 -3.4284284E-03   2.769494    
 -3.4184183E-03   2.783520    
 -3.4084085E-03   2.792968    
 -3.3983986E-03   2.802324    
 -3.3883883E-03   2.814815    
 -3.3783785E-03   2.829695    
 -3.3683684E-03   2.847536    
 -3.3583585E-03   2.873722    
 -3.3483487E-03   2.912716    
 -3.3383383E-03   2.960080    
 -3.3283283E-03   3.006385    
 -3.3183184E-03   3.049187    
 -3.3083083E-03   3.093286    
 -3.2982985E-03   3.138974    
 -3.2882884E-03   3.177982    
 -3.2782783E-03   3.204338    
 -3.2682684E-03   3.222943    
 -3.2582583E-03   3.242179    
 -3.2482482E-03   3.263708    
 -3.2382382E-03   3.284250    
 -3.2282281E-03   3.302966    
 -3.2182182E-03   3.321635    
 -3.2082084E-03   3.340823    
 -3.1981983E-03   3.359937    
 -3.1881882E-03   3.378455    
 -3.1781783E-03   3.393736    
 -3.1681682E-03   3.400754    
 -3.1581582E-03   3.399737    
 -3.1481483E-03   3.401993    
 -3.1381380E-03   3.421957    
 -3.1281281E-03   3.463379    
 -3.1181183E-03   3.514994    
 -3.1081082E-03   3.559990    
 -3.0980981E-03   3.587198    
 -3.0880882E-03   3.595706    
 -3.0780782E-03   3.593135    
 -3.0680681E-03   3.590010    
 -3.0580582E-03   3.594556    
 -3.0480481E-03   3.607799    
 -3.0380380E-03   3.623966    
 -3.0280282E-03   3.635537    
 -3.0180181E-03   3.639363    
 -3.0080082E-03   3.638528    
 -2.9979981E-03   3.639728    
 -2.9879878E-03   3.649543    
 -2.9779780E-03   3.672843    
 -2.9679681E-03   3.709234    
 -2.9579580E-03   3.750095    
 -2.9479479E-03   3.782476    
 -2.9379381E-03   3.800812    
 -2.9279280E-03   3.813335    
 -2.9179181E-03   3.833556    
 -2.9079081E-03   3.866360    
 -2.8978977E-03   3.905467    
 -2.8878879E-03   3.941575    
 -2.8778778E-03   3.970304    
 -2.8678679E-03   3.994299    
 -2.8578578E-03   4.023939    
 -2.8478478E-03   4.071913    
 -2.8378379E-03   4.140931    
 -2.8278281E-03   4.219114    
 -2.8178177E-03   4.293550    
 -2.8078076E-03   4.364405    
 -2.7977978E-03   4.439136    
 -2.7877877E-03   4.514935    
 -2.7777778E-03   4.579339    
 -2.7677678E-03   4.625702    
 -2.7577577E-03   4.659971    
 -2.7477478E-03   4.690302    
 -2.7377380E-03   4.720454    
 -2.7277276E-03   4.755843    
 -2.7177178E-03   4.805880    
 -2.7077077E-03   4.875139    
 -2.6976976E-03   4.958258    
 -2.6876878E-03   5.048285    
 -2.6776779E-03   5.142824    
 -2.6676676E-03   5.240020    
 -2.6576577E-03   5.332310    
 -2.6476476E-03   5.409714    
 -2.6376375E-03   5.468742    
 -2.6276277E-03   5.514893    
 -2.6176176E-03   5.557600    
 -2.6076075E-03   5.601102    
 -2.5975977E-03   5.641195    
 -2.5875878E-03   5.671440    
 -2.5775777E-03   5.696368    
 -2.5675676E-03   5.731442    
 -2.5575575E-03   5.787228    
 -2.5475475E-03   5.856051    
 -2.5375376E-03   5.919683    
 -2.5275275E-03   5.968425    
 -2.5175174E-03   6.006526    
 -2.5075076E-03   6.044516    
 -2.4974977E-03   6.092021    
 -2.4874876E-03   6.155465    
 -2.4774773E-03   6.230201    
 -2.4674674E-03   6.298834    
 -2.4574574E-03   6.345518    
 -2.4474475E-03   6.375283    
 -2.4374374E-03   6.408726    
 -2.4274273E-03   6.456640    
 -2.4174175E-03   6.510376    
 -2.4074076E-03   6.558646    
 -2.3973975E-03   6.604141    
 -2.3873874E-03   6.655951    
 -2.3773774E-03   6.715569    
 -2.3673673E-03   6.780313    
 -2.3573574E-03   6.853091    
 -2.3473476E-03   6.939279    
 -2.3373372E-03   7.033735    
 -2.3273274E-03   7.125098    
 -2.3173175E-03   7.210402    
 -2.3073072E-03   7.300356    
 -2.2972974E-03   7.404560    
 -2.2872873E-03   7.517713    
 -2.2772772E-03   7.623942    
 -2.2672673E-03   7.711559    
 -2.2572575E-03   7.781673    
 -2.2472474E-03   7.845098    
 -2.2372373E-03   7.913829    
 -2.2272274E-03   7.993792    
 -2.2172171E-03   8.082023    
 -2.2072073E-03   8.167902    
 -2.1971972E-03   8.240784    
 -2.1871871E-03   8.301522    
 -2.1771772E-03   8.367232    
 -2.1671674E-03   8.459131    
 -2.1571573E-03   8.582235    
 -2.1471472E-03   8.721572    
 -2.1371371E-03   8.859131    
 -2.1271270E-03   8.990803    
 -2.1171172E-03   9.119473    
 -2.1071073E-03   9.240791    
 -2.0970970E-03   9.345564    
 -2.0870871E-03   9.433167    
 -2.0770773E-03   9.511740    
 -2.0670672E-03   9.585076    
 -2.0570571E-03   9.651870    
 -2.0470468E-03   9.716321    
 -2.0370369E-03   9.786736    
 -2.0270271E-03   9.860896    
 -2.0170170E-03   9.927366    
 -2.0070069E-03   9.984684    
 -1.9969970E-03   10.04781    
 -1.9869870E-03   10.12685    
 -1.9769771E-03   10.21138    
 -1.9669670E-03   10.28386    
 -1.9569569E-03   10.33919    
 -1.9469468E-03   10.38377    
 -1.9369370E-03   10.42092    
 -1.9269269E-03   10.44967    
 -1.9169169E-03   10.47277    
 -1.9069071E-03   10.49789    
 -1.8968969E-03   10.53106    
 -1.8868870E-03   10.57568    
 -1.8768768E-03   10.63546    
 -1.8668667E-03   10.71328    
 -1.8568569E-03   10.81046    
 -1.8468469E-03   10.93070    
 -1.8368368E-03   11.07993    
 -1.8268268E-03   11.25493    
 -1.8168170E-03   11.43476    
 -1.8068068E-03   11.59486    
 -1.7967967E-03   11.73194    
 -1.7867868E-03   11.87018    
 -1.7767766E-03   12.03753    
 -1.7667668E-03   12.23866    
 -1.7567568E-03   12.45645    
 -1.7467467E-03   12.67421    
 -1.7367367E-03   12.89111    
 -1.7267269E-03   13.11691    
 -1.7167168E-03   13.36071    
 -1.7067066E-03   13.62623    
 -1.6966967E-03   13.91037    
 -1.6866866E-03   14.20027    
 -1.6766769E-03   14.47634    
 -1.6666666E-03   14.72539    
 -1.6566566E-03   14.94860    
 -1.6466468E-03   15.15624    
 -1.6366368E-03   15.36168    
 -1.6266268E-03   15.58068    
 -1.6166165E-03   15.82671    
 -1.6066066E-03   16.09945    
 -1.5965967E-03   16.38398    
 -1.5865864E-03   16.67023    
 -1.5765765E-03   16.96496    
 -1.5665665E-03   17.27788    
 -1.5565567E-03   17.60501    
 -1.5465467E-03   17.93603    
 -1.5365368E-03   18.27149    
 -1.5265265E-03   18.61942    
 -1.5165166E-03   18.97820    
 -1.5065067E-03   19.33687    
 -1.4964964E-03   19.69146    
 -1.4864864E-03   20.05090    
 -1.4764764E-03   20.42575    
 -1.4664661E-03   20.81600    
 -1.4564563E-03   21.21396    
 -1.4464463E-03   21.61353    
 -1.4364364E-03   22.01465    
 -1.4264265E-03   22.42098    
 -1.4164166E-03   22.83071    
 -1.4064063E-03   23.23497    
 -1.3963963E-03   23.62626    
 -1.3863865E-03   24.01167    
 -1.3763765E-03   24.40409    
 -1.3663666E-03   24.80373    
 -1.3563567E-03   25.19048    
 -1.3463463E-03   25.54339    
 -1.3363364E-03   25.86510    
 -1.3263260E-03   26.18634    
 -1.3163162E-03   26.54416    
 -1.3063062E-03   26.95502    
 -1.2962964E-03   27.40865    
 -1.2862860E-03   27.89174    
 -1.2762761E-03   28.41277    
 -1.2662662E-03   28.99696    
 -1.2562562E-03   29.65170    
 -1.2462464E-03   30.35280    
 -1.2362364E-03   31.06618    
 -1.2262261E-03   31.77747    
 -1.2162162E-03   32.48982    
 -1.2062063E-03   33.20547    
 -1.1961963E-03   33.91486    
 -1.1861864E-03   34.60315    
 -1.1761765E-03   35.26631    
 -1.1661662E-03   35.92432    
 -1.1561563E-03   36.62089    
 -1.1461460E-03   37.39585    
 -1.1361360E-03   38.25583    
 -1.1261262E-03   39.18115    
 -1.1161162E-03   40.15469    
 -1.1061059E-03   41.17139    
 -1.0960960E-03   42.21994    
 -1.0860860E-03   43.27834    
 -1.0760761E-03   44.33923    
 -1.0660662E-03   45.42875    
 -1.0560562E-03   46.59212    
 -1.0460459E-03   47.85574    
 -1.0360361E-03   49.20070    
 -1.0260261E-03   50.57054    
 -1.0160162E-03   51.91659    
 -1.0060063E-03   53.24421    
 -9.9599641E-04   54.61203    
 -9.8598609E-04   56.08070    
 -9.7597571E-04   57.67329    
 -9.6596580E-04   59.38503    
 -9.5595588E-04   61.19791    
 -9.4594597E-04   63.07243    
 -9.3593606E-04   64.96013    
 -9.2592573E-04   66.85229    
 -9.1591582E-04   68.80506    
 -9.0590591E-04   70.89751    
 -8.9589600E-04   73.17544    
 -8.8588602E-04   75.63876    
 -8.7587611E-04   78.24822    
 -8.6586579E-04   80.93253    
 -8.5585588E-04   83.63316    
 -8.4584596E-04   86.36235    
 -8.3583605E-04   89.18121    
 -8.2582614E-04   92.10750    
 -8.1581622E-04   95.08948    
 -8.0580550E-04   98.10522    
 -7.9579558E-04   101.2312    
 -7.8578567E-04   104.5660    
 -7.7577576E-04   108.1151    
 -7.6576584E-04   111.7979    
 -7.5575552E-04   115.5343    
 -7.4574561E-04   119.2928    
 -7.3573564E-04   123.0969    
 -7.2572572E-04   127.0383    
 -7.1571581E-04   131.2567    
 -7.0570590E-04   135.8368    
 -6.9569558E-04   140.7402    
 -6.8568566E-04   145.8655    
 -6.7567575E-04   151.1722    
 -6.6566584E-04   156.7094    
 -6.5565592E-04   162.5511    
 -6.4564601E-04   168.7474    
 -6.3563528E-04   175.3049    
 -6.2562537E-04   182.1809    
 -6.1561546E-04   189.3036    
 -6.0560554E-04   196.6361    
 -5.9559557E-04   204.2207    
 -5.8558566E-04   212.1286    
 -5.7557534E-04   220.3823    
 -5.6556542E-04   228.9583    
 -5.5555551E-04   237.8687    
 -5.4554560E-04   247.2159    
 -5.3553568E-04   257.1490    
 -5.2552577E-04   267.7612    
 -5.1551545E-04   279.0142    
 -5.0550554E-04   290.7624    
 -4.9549562E-04   302.8895    
 -4.8548568E-04   315.4203    
 -4.7547577E-04   328.4803    
 -4.6546545E-04   342.1580    
 -4.5545513E-04   356.4461    
 -4.4544521E-04   371.3378    
 -4.3543530E-04   386.8997    
 -4.2542536E-04   403.1971    
 -4.1541544E-04   420.1927    
 -4.0540553E-04   437.7950    
 -3.9539521E-04   456.0206    
 -3.8538530E-04   475.0382    
 -3.7537538E-04   495.0090    
 -3.6536544E-04   515.8981    
 -3.5535553E-04   537.4890    
 -3.4534562E-04   559.5689    
 -3.3533529E-04   582.0635    
 -3.2532538E-04   604.9844    
 -3.1531547E-04   628.3300    
 -3.0530553E-04   652.0887    
 -2.9529521E-04   676.2819    
 -2.8528529E-04   700.8975    
 -2.7527497E-04   725.8016    
 -2.6526506E-04   750.8105    
 -2.5525515E-04   775.8709    
 -2.4524523E-04   801.0897    
 -2.3523530E-04   826.5434    
 -2.2522538E-04   852.1461    
 -2.1521507E-04   877.7551    
 -2.0520514E-04   903.2811    
 -1.9519523E-04   928.5886    
 -1.8518530E-04   953.3582    
 -1.7517539E-04   977.2233    
 -1.6516546E-04   1000.039    
 -1.5515515E-04   1021.878    
 -1.4514523E-04   1042.789    
 -1.3513531E-04   1062.728    
 -1.2512499E-04   1081.766    
 -1.1511507E-04   1100.156    
 -1.0510515E-04   1118.018    
 -9.5094838E-05   1135.015    
 -8.5084917E-05   1150.545    
 -7.5074997E-05   1164.277    
 -6.5065076E-05   1176.410    
 -5.5055156E-05   1187.299    
 -4.5045235E-05   1196.982    
 -3.5034918E-05   1205.088    
 -2.5024998E-05   1211.177    
 -1.5015078E-05   1215.093    
 -5.0051581E-06   1216.958    
  5.0047620E-06   1216.971    
  1.5014683E-05   1215.094    
  2.5024998E-05   1211.177    
  3.5034918E-05   1205.088    
  4.5045235E-05   1196.982    
  5.5055156E-05   1187.300    
  6.5065076E-05   1176.410    
  7.5075390E-05   1164.276    
  8.5085310E-05   1150.544    
  9.5095231E-05   1135.016    
  1.0510515E-04   1118.018    
  1.1511507E-04   1100.156    
  1.2512499E-04   1081.766    
  1.3513531E-04   1062.728    
  1.4514523E-04   1042.789    
  1.5515515E-04   1021.878    
  1.6516507E-04   1000.041    
  1.7517500E-04   977.2244    
  1.8518491E-04   953.3591    
  1.9519523E-04   928.5886    
  2.0520514E-04   903.2809    
  2.1521546E-04   877.7548    
  2.2522538E-04   852.1461    
  2.3523530E-04   826.5433    
  2.4524523E-04   801.0897    
  2.5525552E-04   775.8701    
  2.6526547E-04   750.8096    
  2.7527538E-04   725.8007    
  2.8528529E-04   700.8975    
  2.9529521E-04   676.2820    
  3.0530515E-04   652.0899    
  3.1531547E-04   628.3300    
  3.2532538E-04   604.9844    
  3.3533529E-04   582.0635    
  3.4534521E-04   559.5697    
  3.5535512E-04   537.4893    
  3.6536506E-04   515.8992    
  3.7537538E-04   495.0091    
  3.8538568E-04   475.0376    
  3.9539562E-04   456.0199    
  4.0540553E-04   437.7952    
  4.1541544E-04   420.1926    
  4.2542536E-04   403.1971    
  4.3543568E-04   386.8990    
  4.4544559E-04   371.3371    
  4.5545553E-04   356.4459    
  4.6546545E-04   342.1580    
  4.7547536E-04   328.4805    
  4.8548527E-04   315.4206    
  4.9549562E-04   302.8895    
  5.0550554E-04   290.7625    
  5.1551545E-04   279.0142    
  5.2552536E-04   267.7619    
  5.3553528E-04   257.1494    
  5.4554519E-04   247.2166    
  5.5555592E-04   237.8682    
  5.6556583E-04   228.9577    
  5.7557574E-04   220.3818    
  5.8558566E-04   212.1286    
  5.9559557E-04   204.2206    
  6.0560554E-04   196.6360    
  6.1561581E-04   189.3033    
  6.2562578E-04   182.1806    
  6.3563569E-04   175.3047    
  6.4564560E-04   168.7476    
  6.5565552E-04   162.5517    
  6.6566543E-04   156.7097    
  6.7567575E-04   151.1723    
  6.8568566E-04   145.8655    
  6.9569558E-04   140.7402    
  7.0570549E-04   135.8370    
  7.1571540E-04   131.2568    
  7.2572572E-04   127.0383    
  7.3573604E-04   123.0964    
  7.4574596E-04   119.2925    
  7.5575593E-04   115.5341    
  7.6576584E-04   111.7979    
  7.7577576E-04   108.1151    
  7.8578567E-04   104.5660    
  7.9579599E-04   101.2309    
  8.0580590E-04   98.10497    
  8.1581582E-04   95.08970    
  8.2582573E-04   92.10762    
  8.3583564E-04   89.18150    
  8.4584556E-04   86.36233    
  8.5585588E-04   83.63319    
  8.6586579E-04   80.93254    
  8.7587576E-04   78.24831    
  8.8588567E-04   75.63895    
  8.9589600E-04   73.17543    
  9.0590632E-04   70.89719    
  9.1591623E-04   68.80492    
  9.2592614E-04   66.85228    
  9.3593606E-04   64.96013    
  9.4594597E-04   63.07245    
  9.5595588E-04   61.19794    
  9.6596620E-04   59.38507    
  9.7597612E-04   57.67312    
  9.8598609E-04   56.08072    
  9.9599594E-04   54.61210    
  1.0060059E-03   53.24417    
  1.0160158E-03   51.91653    
  1.0260261E-03   50.57055    
  1.0360361E-03   49.20069    
  1.0460459E-03   47.85575    
  1.0560559E-03   46.59217    
  1.0660662E-03   45.42877    
  1.0760761E-03   44.33922    
  1.0860864E-03   43.27831    
  1.0960964E-03   42.21985    
  1.1061063E-03   41.17150    
  1.1161162E-03   40.15471    
  1.1261262E-03   39.18118    
  1.1361360E-03   38.25583    
  1.1461463E-03   37.39571    
  1.1561563E-03   36.62088    
  1.1661662E-03   35.92433    
  1.1761761E-03   35.26632    
  1.1861860E-03   34.60324    
  1.1961960E-03   33.91476    
  1.2062063E-03   33.20547    
  1.2162162E-03   32.48982    
  1.2262261E-03   31.77746    
  1.2362364E-03   31.06617    
  1.2462464E-03   30.35279    
  1.2562562E-03   29.65169    
  1.2662666E-03   28.99682    
  1.2762765E-03   28.41284    
  1.2862864E-03   27.89165    
  1.2962964E-03   27.40863    
  1.3063062E-03   26.95502    
  1.3163162E-03   26.54418    
  1.3263265E-03   26.18644    
  1.3363364E-03   25.86510    
  1.3463463E-03   25.54339    
  1.3563563E-03   25.19049    
  1.3663662E-03   24.80378    
  1.3763761E-03   24.40412    
  1.3863865E-03   24.01167    
  1.3963963E-03   23.62627    
  1.4064066E-03   23.23492    
  1.4164166E-03   22.83073    
  1.4264265E-03   22.42099    
  1.4364364E-03   22.01466    
  1.4464468E-03   21.61353    
  1.4564566E-03   21.21402    
  1.4664666E-03   20.81601    
  1.4764764E-03   20.42577    
  1.4864864E-03   20.05089    
  1.4964964E-03   19.69145    
  1.5065067E-03   19.33686    
  1.5165166E-03   18.97821    
  1.5265265E-03   18.61943    
  1.5365364E-03   18.27154    
  1.5465464E-03   17.93597    
  1.5565562E-03   17.60503    
  1.5665665E-03   17.27788    
  1.5765765E-03   16.96496    
  1.5865868E-03   16.67023    
  1.5965967E-03   16.38399    
  1.6066066E-03   16.09946    
  1.6166165E-03   15.82671    
  1.6266268E-03   15.58067    
  1.6366368E-03   15.36168    
  1.6466463E-03   15.15620    
  1.6566566E-03   14.94860    
  1.6666669E-03   14.72538    
  1.6766764E-03   14.47635    
  1.6866868E-03   14.20020    
  1.6966963E-03   13.91039    
  1.7067066E-03   13.62623    
  1.7167169E-03   13.36071    
  1.7267264E-03   13.11687    
  1.7367367E-03   12.89110    
  1.7467464E-03   12.67422    
  1.7567567E-03   12.45646    
  1.7667669E-03   12.23861    
  1.7767772E-03   12.03747    
  1.7867868E-03   11.87019    
  1.7967972E-03   11.73191    
  1.8068067E-03   11.59485    
  1.8168170E-03   11.43477    
  1.8268273E-03   11.25496    
  1.8368368E-03   11.07994    
  1.8468471E-03   10.93075    
  1.8568566E-03   10.81043    
  1.8668670E-03   10.71330    
  1.8768765E-03   10.63543    
  1.8868868E-03   10.57566    
  1.8968971E-03   10.53103    
  1.9069066E-03   10.49790    
  1.9169169E-03   10.47277    
  1.9269264E-03   10.44962    
  1.9369368E-03   10.42090    
  1.9469471E-03   10.38372    
  1.9569567E-03   10.33919    
  1.9669670E-03   10.28385    
  1.9769764E-03   10.21139    
  1.9869867E-03   10.12684    
  1.9969963E-03   10.04784    
  2.0070074E-03   9.984714    
  2.0170177E-03   9.927356    
  2.0270273E-03   9.860876    
  2.0370376E-03   9.786723    
  2.0470470E-03   9.716383    
  2.0570573E-03   9.651841    
  2.0670677E-03   9.585012    
  2.0770773E-03   9.511744    
  2.0870876E-03   9.433144    
  2.0970970E-03   9.345559    
  2.1071073E-03   9.240789    
  2.1171169E-03   9.119515    
  2.1271273E-03   8.990823    
  2.1371376E-03   8.859182    
  2.1471470E-03   8.721527    
  2.1571573E-03   8.582284    
  2.1671669E-03   8.459110    
  2.1771772E-03   8.367236    
  2.1871876E-03   8.301563    
  2.1971972E-03   8.240794    
  2.2072075E-03   8.167880    
  2.2172169E-03   8.082002    
  2.2272272E-03   7.993797    
  2.2372368E-03   7.913828    
  2.2472471E-03   7.845094    
  2.2572575E-03   7.781672    
  2.2672669E-03   7.711533    
  2.2772772E-03   7.623949    
  2.2872868E-03   7.517697    
  2.2972971E-03   7.404531    
  2.3073074E-03   7.300331    
  2.3173168E-03   7.210378    
  2.3273272E-03   7.125069    
  2.3373368E-03   7.033780    
  2.3473478E-03   6.939271    
  2.3573574E-03   6.853086    
  2.3673677E-03   6.780242    
  2.3773781E-03   6.715591    
  2.3873874E-03   6.655970    
  2.3973978E-03   6.604170    
  2.4074074E-03   6.558602    
  2.4174177E-03   6.510373    
  2.4274280E-03   6.456685    
  2.4374374E-03   6.408731    
  2.4474477E-03   6.375269    
  2.4574574E-03   6.345520    
  2.4674677E-03   6.298852    
  2.4774773E-03   6.230210    
  2.4874876E-03   6.155471    
  2.4974979E-03   6.092056    
  2.5075073E-03   6.044516    
  2.5175177E-03   6.006548    
  2.5275273E-03   5.968385    
  2.5375376E-03   5.919693    
  2.5475479E-03   5.856068    
  2.5575573E-03   5.787236    
  2.5675676E-03   5.731451    
  2.5775773E-03   5.696446    
  2.5875876E-03   5.671415    
  2.5975970E-03   5.641161    
  2.6076073E-03   5.601181    
  2.6176176E-03   5.557600    
  2.6276272E-03   5.514902    
  2.6376375E-03   5.468736    
  2.6476469E-03   5.409724    
  2.6576573E-03   5.332343    
  2.6676676E-03   5.240015    
  2.6776772E-03   5.142814    
  2.6876875E-03   5.048269    
  2.6976978E-03   4.958300    
  2.7077082E-03   4.875114    
  2.7177185E-03   4.805891    
  2.7277281E-03   4.755847    
  2.7377382E-03   4.720422    
  2.7477478E-03   4.690299    
  2.7577581E-03   4.659962    
  2.7677678E-03   4.625695    
  2.7777781E-03   4.579287    
  2.7877884E-03   4.514932    
  2.7977978E-03   4.439135    
  2.8078081E-03   4.364427    
  2.8178177E-03   4.293549    
  2.8278281E-03   4.219113    
  2.8378384E-03   4.140896    
  2.8478478E-03   4.071908    
  2.8578581E-03   4.023939    
  2.8678677E-03   3.994297    
  2.8778780E-03   3.970343    
  2.8878874E-03   3.941614    
  2.8978977E-03   3.905457    
  2.9079081E-03   3.866352    
  2.9179177E-03   3.833556    
  2.9279280E-03   3.813334    
  2.9379374E-03   3.800792    
  2.9479477E-03   3.782472    
  2.9579580E-03   3.750115    
  2.9679677E-03   3.709247    
  2.9779780E-03   3.672844    
  2.9879876E-03   3.649512    
  2.9979979E-03   3.639687    
  3.0080073E-03   3.638565    
  3.0180176E-03   3.639362    
  3.0280279E-03   3.635547    
  3.0380383E-03   3.623949    
  3.0480486E-03   3.607773    
  3.0580582E-03   3.594554    
  3.0680685E-03   3.590016    
  3.0780789E-03   3.593083    
  3.0880882E-03   3.595711    
  3.0980986E-03   3.587213    
  3.1081082E-03   3.559992    
  3.1181185E-03   3.515002    
  3.1281279E-03   3.463365    
  3.1381382E-03   3.421919    
  3.1481485E-03   3.401986    
  3.1581582E-03   3.399730    
  3.1681685E-03   3.400717    
  3.1781779E-03   3.393713    
  3.1881882E-03   3.378454    
  3.1981985E-03   3.359931    
  3.2082081E-03   3.340839    
  3.2182185E-03   3.321641    
  3.2282281E-03   3.302923    
  3.2382382E-03   3.284252    
  3.2482478E-03   3.263747    
  3.2582581E-03   3.242180    
  3.2682684E-03   3.222945    
  3.2782780E-03   3.204338    
  3.2882884E-03   3.177981    
  3.2982978E-03   3.138953    
  3.3083081E-03   3.093277    
  3.3183184E-03   3.049188    
  3.3283280E-03   3.006417    
  3.3383383E-03   2.960082    
  3.3483477E-03   2.912719    
  3.3583581E-03   2.873749    
  3.3683677E-03   2.847584    
  3.3783787E-03   2.829706    
  3.3883890E-03   2.814821    
  3.3983986E-03   2.802330    
  3.4084090E-03   2.792954    
  3.4184183E-03   2.783523    
  3.4284287E-03   2.769489    
  3.4384390E-03   2.750023    
  3.4484486E-03   2.731027    
  3.4584589E-03   2.720056    
  3.4684683E-03   2.717297    
  3.4784786E-03   2.712413    
  3.4884890E-03   2.694798    
  3.4984986E-03   2.667083    
  3.5085089E-03   2.643379    
  3.5185185E-03   2.633365    
  3.5285288E-03   2.632016    
  3.5385382E-03   2.628287    
  3.5485486E-03   2.616609    
  3.5585589E-03   2.597852    
  3.5685685E-03   2.574519    
  3.5785788E-03   2.551599    
  3.5885882E-03   2.535951    
  3.5985985E-03   2.528554    
  3.6086089E-03   2.519713    
  3.6186185E-03   2.498169    
  3.6286288E-03   2.464240    
  3.6386382E-03   2.429491    
  3.6486485E-03   2.404871    
  3.6586581E-03   2.393172    
  3.6686684E-03   2.389935    
  3.6786788E-03   2.387690    
  3.6886882E-03   2.380422    
  3.6986985E-03   2.367857    
  3.7087081E-03   2.354719    
  3.7187191E-03   2.343315    
  3.7287294E-03   2.329687    
  3.7387391E-03   2.309195    
  3.7487494E-03   2.283086    
  3.7587588E-03   2.255761    
  3.7687691E-03   2.228872    
  3.7787787E-03   2.204217    
  3.7887890E-03   2.186999    
  3.7987994E-03   2.179778    
  3.8088090E-03   2.174636    
  3.8188193E-03   2.159418    
  3.8288287E-03   2.131683    
  3.8388390E-03   2.100167    
  3.8488493E-03   2.072624    
  3.8588590E-03   2.049264    
  3.8688693E-03   2.029783    
  3.8788787E-03   2.017927    
  3.8888890E-03   2.016545    
  3.8988986E-03   2.021671    
  3.9089089E-03   2.027282    
  3.9189192E-03   2.031827    
  3.9289286E-03   2.036847    
  3.9389390E-03   2.041551    
  3.9489483E-03   2.042591    
  3.9589587E-03   2.038709    
  3.9689690E-03   2.033750    
  3.9789788E-03   2.033923    
  3.9889892E-03   2.042823    
  3.9989986E-03   2.058484    
  4.0090089E-03   2.074942    
  4.0190183E-03   2.087666    
  4.0290286E-03   2.096148    
  4.0390389E-03   2.100715    
  4.0490488E-03   2.098794    
  4.0590595E-03   2.088116    
  4.0690694E-03   2.072110    
  4.0790793E-03   2.058743    
  4.0890896E-03   2.053469    
  4.0990994E-03   2.055590    
  4.1091098E-03   2.061867    
  4.1191191E-03   2.069373    
  4.1291295E-03   2.075275    
  4.1391389E-03   2.077088    
  4.1491492E-03   2.074577    
  4.1591595E-03   2.069805    
  4.1691693E-03   2.064210    
  4.1791797E-03   2.056972    
  4.1891891E-03   2.047260    
  4.1991994E-03   2.035866    
  4.2092097E-03   2.024444    
  4.2192191E-03   2.014205    
  4.2292294E-03   2.004070    
  4.2392388E-03   1.989982    
  4.2492491E-03   1.967612    
  4.2592590E-03   1.937445    
  4.2692693E-03   1.906495    
  4.2792796E-03   1.881912    
  4.2892890E-03   1.863776    
  4.2992993E-03   1.846532    
  4.3093087E-03   1.826406    
  4.3193190E-03   1.804779    
  4.3293294E-03   1.784215    
  4.3393392E-03   1.765181    
  4.3493495E-03   1.747906    
  4.3593589E-03   1.733472    
  4.3693692E-03   1.722140    
  4.3793786E-03   1.711504    
  4.3893890E-03   1.699730    
  4.3994002E-03   1.689091    
  4.4094096E-03   1.684099    
  4.4194199E-03   1.685460    
  4.4294293E-03   1.688330    
  4.4394396E-03   1.686982    
  4.4494499E-03   1.680301    
  4.4594598E-03   1.672096    
  4.4694701E-03   1.666649    
  4.4794795E-03   1.665224    
  4.4894898E-03   1.665822    
  4.4995002E-03   1.664623    
  4.5095095E-03   1.658119    
  4.5195199E-03   1.645695    
  4.5295293E-03   1.630943    
  4.5395396E-03   1.619384    
  4.5495494E-03   1.613406    
  4.5595597E-03   1.609563    
  4.5695701E-03   1.601295    
  4.5795795E-03   1.584781    
  4.5895898E-03   1.562317    
  4.5995992E-03   1.541888    
  4.6096095E-03   1.532899    
  4.6196198E-03   1.539297    
  4.6296297E-03   1.555752    
  4.6396400E-03   1.570884    
  4.6496494E-03   1.576533    
  4.6596597E-03   1.572945    
  4.6696691E-03   1.564395    
  4.6796794E-03   1.552190    
  4.6896897E-03   1.534798    
  4.6996991E-03   1.513377    
  4.7097094E-03   1.492534    
  4.7197193E-03   1.475134    
  4.7297296E-03   1.460116    
  4.7397404E-03   1.446040    
  4.7497503E-03   1.434042    
  4.7597606E-03   1.425216    
  4.7697700E-03   1.418073    
  4.7797803E-03   1.411172    
  4.7897897E-03   1.406505    
  4.7998000E-03   1.406926    
  4.8098103E-03   1.411026    
  4.8198197E-03   1.413259    
  4.8298300E-03   1.409604    
  4.8398399E-03   1.400703    
  4.8498502E-03   1.390661    
  4.8598605E-03   1.383316    
  4.8698699E-03   1.380293    
  4.8798802E-03   1.379664    
  4.8898896E-03   1.376994    
  4.8998999E-03   1.369123    
  4.9099098E-03   1.356405    
  4.9199201E-03   1.341850    
  4.9299304E-03   1.327550    
  4.9399398E-03   1.314057    
  4.9499501E-03   1.301199    
  4.9599595E-03   1.288862    
  4.9699699E-03   1.276594    
  4.9799802E-03   1.265166    
  4.9899896E-03   1.256768    
  4.9999999E-03   1.252632    
