 -9.9999998E-03  0.6226118    
 -9.9799801E-03  0.6220540    
 -9.9599604E-03  0.6187144    
 -9.9399397E-03  0.6150610    
 -9.9199200E-03  0.6128592    
 -9.8999003E-03  0.6131209    
 -9.8798806E-03  0.6164630    
 -9.8598599E-03  0.6220338    
 -9.8398402E-03  0.6287049    
 -9.8198196E-03  0.6363234    
 -9.7997999E-03  0.6446085    
 -9.7797792E-03  0.6524759    
 -9.7597595E-03  0.6590496    
 -9.7397398E-03  0.6640615    
 -9.7197201E-03  0.6679944    
 -9.6997004E-03  0.6712686    
 -9.6796798E-03  0.6728807    
 -9.6596600E-03  0.6723680    
 -9.6396394E-03  0.6716471    
 -9.6196197E-03  0.6720153    
 -9.5995991E-03  0.6720088    
 -9.5795793E-03  0.6705480    
 -9.5595596E-03  0.6689638    
 -9.5395399E-03  0.6686970    
 -9.5195202E-03  0.6700156    
 -9.4994996E-03  0.6727118    
 -9.4794799E-03  0.6756860    
 -9.4594592E-03  0.6770057    
 -9.4394395E-03  0.6766155    
 -9.4194189E-03  0.6765953    
 -9.3993992E-03  0.6781929    
 -9.3793795E-03  0.6810943    
 -9.3593597E-03  0.6846979    
 -9.3393400E-03  0.6886462    
 -9.3193194E-03  0.6933742    
 -9.2992997E-03  0.6988473    
 -9.2792800E-03  0.7030753    
 -9.2592593E-03  0.7044513    
 -9.2392387E-03  0.7045720    
 -9.2192190E-03  0.7057374    
 -9.1991993E-03  0.7081569    
 -9.1791796E-03  0.7113915    
 -9.1591589E-03  0.7158160    
 -9.1391392E-03  0.7214708    
 -9.1191195E-03  0.7268835    
 -9.0990998E-03  0.7309402    
 -9.0790791E-03  0.7339883    
 -9.0590585E-03  0.7368918    
 -9.0390388E-03  0.7410284    
 -9.0190191E-03  0.7470230    
 -8.9989994E-03  0.7531244    
 -8.9789787E-03  0.7575552    
 -8.9589590E-03  0.7607180    
 -8.9389393E-03  0.7635188    
 -8.9189196E-03  0.7654955    
 -8.8988990E-03  0.7661391    
 -8.8788783E-03  0.7661070    
 -8.8588586E-03  0.7669030    
 -8.8388389E-03  0.7692015    
 -8.8188192E-03  0.7726681    
 -8.7987985E-03  0.7765029    
 -8.7787788E-03  0.7796803    
 -8.7587591E-03  0.7814154    
 -8.7387394E-03  0.7821851    
 -8.7187197E-03  0.7825211    
 -8.6986991E-03  0.7821498    
 -8.6786784E-03  0.7806678    
 -8.6586587E-03  0.7783303    
 -8.6386381E-03  0.7759152    
 -8.6186184E-03  0.7739301    
 -8.5985987E-03  0.7734760    
 -8.5785789E-03  0.7761430    
 -8.5585592E-03  0.7815185    
 -8.5385386E-03  0.7879713    
 -8.5185189E-03  0.7953439    
 -8.4984982E-03  0.8034996    
 -8.4784785E-03  0.8118519    
 -8.4584588E-03  0.8217313    
 -8.4384382E-03  0.8340163    
 -8.4184185E-03  0.8473861    
 -8.3983988E-03  0.8607787    
 -8.3783790E-03  0.8728785    
 -8.3583584E-03  0.8816583    
 -8.3383387E-03  0.8867924    
 -8.3183181E-03  0.8887922    
 -8.2982983E-03  0.8889053    
 -8.2782777E-03  0.8901377    
 -8.2582580E-03  0.8939590    
 -8.2382383E-03  0.8993582    
 -8.2182186E-03  0.9054763    
 -8.1981989E-03  0.9108657    
 -8.1781782E-03  0.9135046    
 -8.1581585E-03  0.9127393    
 -8.1381388E-03  0.9091453    
 -8.1181182E-03  0.9048743    
 -8.0980984E-03  0.9029565    
 -8.0780778E-03  0.9036702    
 -8.0580581E-03  0.9040159    
 -8.0380384E-03  0.9022887    
 -8.0180177E-03  0.9008768    
 -7.9979990E-03  0.9040165    
 -7.9779783E-03  0.9128251    
 -7.9579586E-03  0.9245368    
 -7.9379380E-03  0.9364609    
 -7.9179173E-03  0.9471604    
 -7.8978976E-03  0.9552743    
 -7.8778779E-03  0.9600252    
 -7.8578582E-03  0.9613137    
 -7.8378385E-03  0.9603299    
 -7.8178179E-03  0.9590356    
 -7.7977977E-03  0.9586898    
 -7.7777780E-03  0.9600075    
 -7.7577573E-03  0.9638598    
 -7.7377385E-03  0.9692470    
 -7.7177179E-03  0.9733676    
 -7.6976977E-03  0.9756182    
 -7.6776780E-03  0.9786217    
 -7.6576574E-03  0.9849789    
 -7.6376377E-03  0.9937928    
 -7.6176180E-03   1.001968    
 -7.5975978E-03   1.008443    
 -7.5775781E-03   1.014408    
 -7.5575574E-03   1.020669    
 -7.5375377E-03   1.027723    
 -7.5175175E-03   1.036300    
 -7.4974978E-03   1.046100    
 -7.4774772E-03   1.055540    
 -7.4574575E-03   1.063664    
 -7.4374378E-03   1.071882    
 -7.4174176E-03   1.082469    
 -7.3973970E-03   1.096018    
 -7.3773772E-03   1.111096    
 -7.3573575E-03   1.125828    
 -7.3373378E-03   1.139139    
 -7.3173176E-03   1.151189    
 -7.2972970E-03   1.162654    
 -7.2772773E-03   1.173697    
 -7.2572576E-03   1.184036    
 -7.2372374E-03   1.193029    
 -7.2172168E-03   1.200932    
 -7.1971971E-03   1.209547    
 -7.1771774E-03   1.219294    
 -7.1571576E-03   1.228575    
 -7.1371370E-03   1.237052    
 -7.1171168E-03   1.245476    
 -7.0970971E-03   1.253434    
 -7.0770774E-03   1.261187    
 -7.0570577E-03   1.270680    
 -7.0370371E-03   1.283356    
 -7.0170169E-03   1.298484    
 -6.9969972E-03   1.313587    
 -6.9769775E-03   1.326141    
 -6.9569568E-03   1.336028    
 -6.9369366E-03   1.344658    
 -6.9169169E-03   1.352936    
 -6.8968972E-03   1.360600    
 -6.8768766E-03   1.366799    
 -6.8568569E-03   1.371909    
 -6.8368367E-03   1.377125    
 -6.8168170E-03   1.381755    
 -6.7967973E-03   1.384560    
 -6.7767766E-03   1.386903    
 -6.7567569E-03   1.391483    
 -6.7367367E-03   1.400411    
 -6.7167170E-03   1.414595    
 -6.6966973E-03   1.431597    
 -6.6766767E-03   1.445805    
 -6.6566565E-03   1.453828    
 -6.6366368E-03   1.458018    
 -6.6166166E-03   1.463312    
 -6.5965969E-03   1.471412    
 -6.5765767E-03   1.481349    
 -6.5565566E-03   1.492084    
 -6.5365369E-03   1.500966    
 -6.5165167E-03   1.503762    
 -6.4964965E-03   1.500196    
 -6.4764763E-03   1.493610    
 -6.4564561E-03   1.486994    
 -6.4364364E-03   1.483650    
 -6.4164167E-03   1.486748    
 -6.3963966E-03   1.494781    
 -6.3763764E-03   1.502581    
 -6.3563567E-03   1.506467    
 -6.3363365E-03   1.507748    
 -6.3163163E-03   1.510681    
 -6.2962966E-03   1.517817    
 -6.2762760E-03   1.528495    
 -6.2562563E-03   1.542166    
 -6.2362365E-03   1.559199    
 -6.2162164E-03   1.578859    
 -6.1961962E-03   1.598093    
 -6.1761765E-03   1.613182    
 -6.1561563E-03   1.624262    
 -6.1361361E-03   1.636086    
 -6.1161164E-03   1.651587    
 -6.0960962E-03   1.667964    
 -6.0760761E-03   1.681431    
 -6.0560564E-03   1.691907    
 -6.0360362E-03   1.700723    
 -6.0160165E-03   1.706899    
 -5.9959963E-03   1.709317    
 -5.9759757E-03   1.711066    
 -5.9559559E-03   1.717826    
 -5.9359362E-03   1.731963    
 -5.9159161E-03   1.750497    
 -5.8958959E-03   1.770347    
 -5.8758762E-03   1.791285    
 -5.8558560E-03   1.812718    
 -5.8358363E-03   1.832284    
 -5.8158161E-03   1.847605    
 -5.7957955E-03   1.856984    
 -5.7757758E-03   1.862281    
 -5.7557556E-03   1.868594    
 -5.7357359E-03   1.876704    
 -5.7157157E-03   1.884248    
 -5.6956955E-03   1.893420    
 -5.6756758E-03   1.906969    
 -5.6556561E-03   1.922800    
 -5.6356355E-03   1.938270    
 -5.6156153E-03   1.951949    
 -5.5955956E-03   1.964346    
 -5.5755754E-03   1.978559    
 -5.5555557E-03   1.994908    
 -5.5355355E-03   2.010745    
 -5.5155153E-03   2.027168    
 -5.4954956E-03   2.048587    
 -5.4754759E-03   2.076804    
 -5.4554553E-03   2.108010    
 -5.4354356E-03   2.136150    
 -5.4154154E-03   2.158430    
 -5.3953952E-03   2.174535    
 -5.3753755E-03   2.185048    
 -5.3553558E-03   2.192863    
 -5.3353352E-03   2.200913    
 -5.3153154E-03   2.211431    
 -5.2952953E-03   2.228095    
 -5.2752751E-03   2.250921    
 -5.2552554E-03   2.274925    
 -5.2352352E-03   2.297110    
 -5.2152150E-03   2.318004    
 -5.1951953E-03   2.340544    
 -5.1751756E-03   2.367918    
 -5.1551554E-03   2.397195    
 -5.1351353E-03   2.423708    
 -5.1151151E-03   2.448867    
 -5.0950949E-03   2.473811    
 -5.0750752E-03   2.498032    
 -5.0550550E-03   2.523931    
 -5.0350348E-03   2.550932    
 -5.0150151E-03   2.573460    
 -4.9949954E-03   2.590764    
 -4.9749753E-03   2.608261    
 -4.9549546E-03   2.630507    
 -4.9349349E-03   2.656255    
 -4.9149147E-03   2.679770    
 -4.8948950E-03   2.698337    
 -4.8748748E-03   2.715205    
 -4.8548547E-03   2.733323    
 -4.8348350E-03   2.752533    
 -4.8148152E-03   2.772159    
 -4.7947951E-03   2.792609    
 -4.7747749E-03   2.814461    
 -4.7547547E-03   2.837030    
 -4.7347345E-03   2.859887    
 -4.7147148E-03   2.883927    
 -4.6946951E-03   2.909343    
 -4.6746745E-03   2.934134    
 -4.6546548E-03   2.955074    
 -4.6346351E-03   2.971749    
 -4.6146144E-03   2.988816    
 -4.5945947E-03   3.010321    
 -4.5745745E-03   3.034627    
 -4.5545544E-03   3.058034    
 -4.5345346E-03   3.079392    
 -4.5145149E-03   3.102910    
 -4.4944948E-03   3.136745    
 -4.4744746E-03   3.185158    
 -4.4544549E-03   3.245567    
 -4.4344342E-03   3.312970    
 -4.4144145E-03   3.381860    
 -4.3943943E-03   3.446553    
 -4.3743742E-03   3.505004    
 -4.3543545E-03   3.558980    
 -4.3343347E-03   3.606091    
 -4.3143146E-03   3.638811    
 -4.2942944E-03   3.657196    
 -4.2742742E-03   3.673532    
 -4.2542540E-03   3.697703    
 -4.2342343E-03   3.730176    
 -4.2142146E-03   3.768523    
 -4.1941940E-03   3.810511    
 -4.1741743E-03   3.854444    
 -4.1541546E-03   3.901441    
 -4.1341344E-03   3.953842    
 -4.1141142E-03   4.010971    
 -4.0940936E-03   4.066604    
 -4.0740739E-03   4.114790    
 -4.0540542E-03   4.159926    
 -4.0340340E-03   4.209666    
 -4.0140138E-03   4.264629    
 -3.9939941E-03   4.323859    
 -3.9739739E-03   4.385901    
 -3.9539542E-03   4.445475    
 -3.9339340E-03   4.502014    
 -3.9139139E-03   4.561370    
 -3.8938937E-03   4.627045    
 -3.8738740E-03   4.699136    
 -3.8538538E-03   4.774706    
 -3.8338338E-03   4.848430    
 -3.8138141E-03   4.915167    
 -3.7937937E-03   4.969250    
 -3.7737740E-03   5.010893    
 -3.7537536E-03   5.049058    
 -3.7337334E-03   5.089747    
 -3.7137137E-03   5.134067    
 -3.6936938E-03   5.184483    
 -3.6736736E-03   5.240017    
 -3.6536537E-03   5.297287    
 -3.6336340E-03   5.357940    
 -3.6136135E-03   5.423978    
 -3.5935934E-03   5.496012    
 -3.5735737E-03   5.575226    
 -3.5535533E-03   5.658066    
 -3.5335335E-03   5.738865    
 -3.5135136E-03   5.817034    
 -3.4934934E-03   5.894130    
 -3.4734735E-03   5.969738    
 -3.4534538E-03   6.044086    
 -3.4334336E-03   6.121236    
 -3.4134132E-03   6.205620    
 -3.3933935E-03   6.294448    
 -3.3733733E-03   6.379226    
 -3.3533538E-03   6.452948    
 -3.3333332E-03   6.516593    
 -3.3133132E-03   6.579896    
 -3.2932935E-03   6.649274    
 -3.2732736E-03   6.723878    
 -3.2532536E-03   6.810557    
 -3.2332330E-03   6.921359    
 -3.2132133E-03   7.052205    
 -3.1931933E-03   7.184352    
 -3.1731727E-03   7.304814    
 -3.1531530E-03   7.416428    
 -3.1331331E-03   7.530298    
 -3.1131133E-03   7.648847    
 -3.0930934E-03   7.765415    
 -3.0730737E-03   7.878355    
 -3.0530530E-03   7.988813    
 -3.0330331E-03   8.093812    
 -3.0130134E-03   8.193790    
 -2.9929928E-03   8.296384    
 -2.9729728E-03   8.412907    
 -2.9529529E-03   8.553379    
 -2.9329322E-03   8.715613    
 -2.9129125E-03   8.885327    
 -2.8928926E-03   9.051495    
 -2.8728729E-03   9.211815    
 -2.8528529E-03   9.368262    
 -2.8328332E-03   9.521821    
 -2.8128126E-03   9.671607    
 -2.7927926E-03   9.818262    
 -2.7727729E-03   9.965460    
 -2.7527530E-03   10.12250    
 -2.7327333E-03   10.30492    
 -2.7127133E-03   10.51692    
 -2.6926927E-03   10.74214    
 -2.6726727E-03   10.96368    
 -2.6526521E-03   11.17775    
 -2.6326324E-03   11.38281    
 -2.6126124E-03   11.57616    
 -2.5925927E-03   11.75984    
 -2.5725721E-03   11.94017    
 -2.5525521E-03   12.12466    
 -2.5325324E-03   12.32205    
 -2.5125125E-03   12.54234    
 -2.4924928E-03   12.79306    
 -2.4724728E-03   13.06678    
 -2.4524522E-03   13.34046    
 -2.4324325E-03   13.59505    
 -2.4124125E-03   13.83332    
 -2.3923926E-03   14.07115    
 -2.3723729E-03   14.32089    
 -2.3523530E-03   14.58605    
 -2.3323323E-03   14.86208    
 -2.3123126E-03   15.14468    
 -2.2922920E-03   15.43491    
 -2.2722720E-03   15.73394    
 -2.2522523E-03   16.04698    
 -2.2322324E-03   16.38479    
 -2.2122117E-03   16.74973    
 -2.1921920E-03   17.13572    
 -2.1721721E-03   17.54018    
 -2.1521521E-03   17.95266    
 -2.1321324E-03   18.35562    
 -2.1121125E-03   18.75833    
 -2.0920918E-03   19.20405    
 -2.0720721E-03   19.72392    
 -2.0520522E-03   20.29981    
 -2.0320325E-03   20.88406    
 -2.0120125E-03   21.45098    
 -1.9919928E-03   22.01766    
 -1.9719722E-03   22.61322    
 -1.9519514E-03   23.24884    
 -1.9319316E-03   23.92208    
 -1.9119118E-03   24.63216    
 -1.8918919E-03   25.37842    
 -1.8718721E-03   26.15436    
 -1.8518515E-03   26.95894    
 -1.8318316E-03   27.79981    
 -1.8118118E-03   28.67046    
 -1.7917920E-03   29.55547    
 -1.7717720E-03   30.46118    
 -1.7517522E-03   31.40812    
 -1.7317316E-03   32.40911    
 -1.7117118E-03   33.46619    
 -1.6916919E-03   34.57158    
 -1.6716721E-03   35.71642    
 -1.6516523E-03   36.90346    
 -1.6316324E-03   38.13889    
 -1.6116110E-03   39.43077    
 -1.5915912E-03   40.79223    
 -1.5715713E-03   42.23170    
 -1.5515515E-03   43.75845    
 -1.5315317E-03   45.37772    
 -1.5115110E-03   47.05601    
 -1.4914912E-03   48.75279    
 -1.4714713E-03   50.49449    
 -1.4514514E-03   52.34125    
 -1.4314316E-03   54.29743    
 -1.4114118E-03   56.31957    
 -1.3913912E-03   58.38897    
 -1.3713713E-03   60.53069    
 -1.3513515E-03   62.77678    
 -1.3313317E-03   65.14651    
 -1.3113118E-03   67.64952    
 -1.2912920E-03   70.28238    
 -1.2712706E-03   73.02975    
 -1.2512507E-03   75.88023    
 -1.2312309E-03   78.83962    
 -1.2112111E-03   81.93987    
 -1.1911911E-03   85.23592    
 -1.1711713E-03   88.75959    
 -1.1511507E-03   92.49611    
 -1.1311308E-03   96.42162    
 -1.1111110E-03   100.5481    
 -1.0910912E-03   104.9242    
 -1.0710714E-03   109.5835    
 -1.0510515E-03   114.5048    
 -1.0310309E-03   119.6519    
 -1.0110111E-03   125.0260    
 -9.9099125E-04   130.6460    
 -9.7097136E-04   136.5239    
 -9.5095154E-04   142.6840    
 -9.3093090E-04   149.1714    
 -9.1091025E-04   156.0234    
 -8.9089043E-04   163.2403    
 -8.7087060E-04   170.8140    
 -8.5085072E-04   178.8009    
 -8.3083089E-04   187.2772    
 -8.1081106E-04   196.2287    
 -7.9079042E-04   205.6040    
 -7.7077060E-04   215.4331    
 -7.5075077E-04   225.8203    
 -7.3073088E-04   236.8268    
 -7.1071106E-04   248.4107    
 -6.9069123E-04   260.4771    
 -6.7067059E-04   272.9709    
 -6.5065076E-04   285.8460    
 -6.3063094E-04   299.0681    
 -6.1061105E-04   312.7015    
 -5.9059041E-04   326.8320    
 -5.7057058E-04   341.4492    
 -5.5054994E-04   356.5307    
 -5.3053012E-04   372.0290    
 -5.1051029E-04   387.7894    
 -4.9049046E-04   403.7487    
 -4.7047061E-04   420.0277    
 -4.5045075E-04   436.6488    
 -4.3043014E-04   453.4691    
 -4.1041028E-04   470.3520    
 -3.9039046E-04   487.1542    
 -3.7037060E-04   503.7521    
 -3.5035078E-04   520.1248    
 -3.3033092E-04   536.2050    
 -3.1031031E-04   551.8206    
 -2.9029045E-04   566.8778    
 -2.7027063E-04   581.3986    
 -2.5024998E-04   595.4311    
 -2.3023014E-04   608.9714    
 -2.1021030E-04   621.8698    
 -1.9018968E-04   633.9365    
 -1.7016983E-04   645.1110    
 -1.5014999E-04   655.3195    
 -1.3013015E-04   664.3497    
 -1.1011031E-04   672.0293    
 -9.0090471E-05   678.2841    
 -7.0069837E-05   683.0651    
 -5.0049995E-05   686.4277    
 -3.0030156E-05   688.5465    
 -1.0010316E-05   689.5732    
  1.0009524E-05   689.5763    
  3.0029365E-05   688.5464    
  5.0049995E-05   686.4277    
  7.0069837E-05   683.0650    
  9.0090471E-05   678.2841    
  1.1011031E-04   672.0293    
  1.3013015E-04   664.3497    
  1.5015078E-04   655.3191    
  1.7017062E-04   645.1107    
  1.9019046E-04   633.9359    
  2.1021030E-04   621.8698    
  2.3023014E-04   608.9715    
  2.5024998E-04   595.4311    
  2.7027063E-04   581.3986    
  2.9029045E-04   566.8777    
  3.1031031E-04   551.8205    
  3.3033013E-04   536.2057    
  3.5034999E-04   520.1257    
  3.7036982E-04   503.7528    
  3.9039046E-04   487.1542    
  4.1041028E-04   470.3521    
  4.3043093E-04   453.4681    
  4.5045075E-04   436.6488    
  4.7047061E-04   420.0276    
  4.9049046E-04   403.7487    
  5.1051105E-04   387.7889    
  5.3053093E-04   372.0286    
  5.5055076E-04   356.5299    
  5.7057058E-04   341.4492    
  5.9059041E-04   326.8320    
  6.1061030E-04   312.7024    
  6.3063094E-04   299.0680    
  6.5065076E-04   285.8459    
  6.7067059E-04   272.9710    
  6.9069042E-04   260.4777    
  7.1071024E-04   248.4110    
  7.3073013E-04   236.8272    
  7.5075077E-04   225.8203    
  7.7077135E-04   215.4327    
  7.9079124E-04   205.6035    
  8.1081106E-04   196.2287    
  8.3083089E-04   187.2772    
  8.5085072E-04   178.8009    
  8.7087136E-04   170.8136    
  8.9089118E-04   163.2399    
  9.1091107E-04   156.0231    
  9.3093090E-04   149.1713    
  9.5095072E-04   142.6843    
  9.7097055E-04   136.5242    
  9.9099125E-04   130.6460    
  1.0110111E-03   125.0260    
  1.0310309E-03   119.6519    
  1.0510507E-03   114.5049    
  1.0710706E-03   109.5837    
  1.0910904E-03   104.9241    
  1.1111118E-03   100.5477    
  1.1311317E-03   96.42143    
  1.1511515E-03   92.49599    
  1.1711713E-03   88.75958    
  1.1911911E-03   85.23585    
  1.2112111E-03   81.93987    
  1.2312316E-03   78.83938    
  1.2512516E-03   75.88017    
  1.2712714E-03   73.02970    
  1.2912912E-03   70.28261    
  1.3113110E-03   67.64964    
  1.3313309E-03   65.14665    
  1.3513515E-03   62.77677    
  1.3713713E-03   60.53067    
  1.3913912E-03   58.38899    
  1.4114110E-03   56.31977    
  1.4314308E-03   54.29755    
  1.4514514E-03   52.34124    
  1.4714721E-03   50.49444    
  1.4914919E-03   48.75278    
  1.5115119E-03   47.05592    
  1.5315317E-03   45.37769    
  1.5515515E-03   43.75845    
  1.5715713E-03   42.23169    
  1.5915920E-03   40.79226    
  1.6116118E-03   39.43073    
  1.6316316E-03   38.13896    
  1.6516515E-03   36.90350    
  1.6716713E-03   35.71644    
  1.6916911E-03   34.57166    
  1.7117118E-03   33.46618    
  1.7317316E-03   32.40914    
  1.7517515E-03   31.40818    
  1.7717713E-03   30.46118    
  1.7917920E-03   29.55548    
  1.8118126E-03   28.67041    
  1.8318325E-03   27.79977    
  1.8518523E-03   26.95896    
  1.8718721E-03   26.15437    
  1.8918919E-03   25.37842    
  1.9119118E-03   24.63215    
  1.9319324E-03   23.92201    
  1.9519522E-03   23.24874    
  1.9719722E-03   22.61323    
  1.9919919E-03   22.01763    
  2.0120118E-03   21.45106    
  2.0320315E-03   20.88409    
  2.0520522E-03   20.29983    
  2.0720721E-03   19.72392    
  2.0920918E-03   19.20406    
  2.1121118E-03   18.75828    
  2.1321324E-03   18.35560    
  2.1521521E-03   17.95265    
  2.1721728E-03   17.54014    
  2.1921927E-03   17.13570    
  2.2122127E-03   16.74977    
  2.2322324E-03   16.38480    
  2.2522523E-03   16.04696    
  2.2722720E-03   15.73393    
  2.2922927E-03   15.43491    
  2.3123126E-03   15.14468    
  2.3323323E-03   14.86207    
  2.3523523E-03   14.58606    
  2.3723720E-03   14.32089    
  2.3923919E-03   14.07111    
  2.4124125E-03   13.83332    
  2.4324325E-03   13.59504    
  2.4524522E-03   13.34046    
  2.4724728E-03   13.06676    
  2.4924928E-03   12.79306    
  2.5125125E-03   12.54233    
  2.5325331E-03   12.32199    
  2.5525531E-03   12.12468    
  2.5725728E-03   11.94017    
  2.5925927E-03   11.75984    
  2.6126124E-03   11.57616    
  2.6326324E-03   11.38281    
  2.6526530E-03   11.17774    
  2.6726727E-03   10.96368    
  2.6926927E-03   10.74214    
  2.7127126E-03   10.51693    
  2.7327323E-03   10.30492    
  2.7527523E-03   10.12257    
  2.7727729E-03   9.965466    
  2.7927926E-03   9.818261    
  2.8128133E-03   9.671605    
  2.8328332E-03   9.521820    
  2.8528529E-03   9.368254    
  2.8728729E-03   9.211816    
  2.8928935E-03   9.051478    
  2.9129132E-03   8.885323    
  2.9329332E-03   8.715585    
  2.9529529E-03   8.553386    
  2.9729728E-03   8.412902    
  2.9929928E-03   8.296385    
  3.0130134E-03   8.193779    
  3.0330331E-03   8.093821    
  3.0530530E-03   7.988812    
  3.0730728E-03   7.878355    
  3.0930927E-03   7.765409    
  3.1131124E-03   7.648876    
  3.1331331E-03   7.530286    
  3.1531530E-03   7.416407    
  3.1731736E-03   7.304829    
  3.1931933E-03   7.184355    
  3.2132133E-03   7.052192    
  3.2332330E-03   6.921356    
  3.2532536E-03   6.810561    
  3.2732736E-03   6.723879    
  3.2932926E-03   6.649314    
  3.3133132E-03   6.579886    
  3.3333339E-03   6.516550    
  3.3533529E-03   6.452938    
  3.3733735E-03   6.379257    
  3.3933925E-03   6.294477    
  3.4134132E-03   6.205610    
  3.4334338E-03   6.121246    
  3.4534528E-03   6.044062    
  3.4734735E-03   5.969728    
  3.4934927E-03   5.894160    
  3.5135134E-03   5.817050    
  3.5335338E-03   5.738849    
  3.5535544E-03   5.658039    
  3.5735737E-03   5.575228    
  3.5935943E-03   5.496045    
  3.6136133E-03   5.423970    
  3.6336340E-03   5.357935    
  3.6536546E-03   5.297278    
  3.6736736E-03   5.240014    
  3.6936942E-03   5.184499    
  3.7137133E-03   5.134062    
  3.7337339E-03   5.089715    
  3.7537529E-03   5.049059    
  3.7737736E-03   5.010893    
  3.7937942E-03   4.969241    
  3.8138132E-03   4.915141    
  3.8338338E-03   4.848427    
  3.8538529E-03   4.774707    
  3.8738735E-03   4.699160    
  3.8938941E-03   4.627061    
  3.9139134E-03   4.561377    
  3.9339340E-03   4.502021    
  3.9539528E-03   4.445508    
  3.9739734E-03   4.385919    
  3.9939927E-03   4.323867    
  4.0140147E-03   4.264613    
  4.0340354E-03   4.209654    
  4.0540546E-03   4.159909    
  4.0740753E-03   4.114813    
  4.0940940E-03   4.066602    
  4.1141147E-03   4.010960    
  4.1341353E-03   3.953804    
  4.1541546E-03   3.901445    
  4.1741752E-03   3.854437    
  4.1941940E-03   3.810515    
  4.2142146E-03   3.768534    
  4.2342339E-03   3.730160    
  4.2542545E-03   3.697685    
  4.2742752E-03   3.673516    
  4.2942939E-03   3.657218    
  4.3143146E-03   3.638779    
  4.3343338E-03   3.606087    
  4.3543545E-03   3.558982    
  4.3743751E-03   3.505010    
  4.3943943E-03   3.446549    
  4.4144150E-03   3.381883    
  4.4344338E-03   3.312992    
  4.4544544E-03   3.245578    
  4.4744737E-03   3.185167    
  4.4944943E-03   3.136746    
  4.5145149E-03   3.102916    
  4.5345337E-03   3.079404    
  4.5545544E-03   3.058035    
  4.5745736E-03   3.034674    
  4.5945942E-03   3.010322    
  4.6146149E-03   2.988821    
  4.6346337E-03   2.971728    
  4.6546543E-03   2.955060    
  4.6746735E-03   2.934144    
  4.6946956E-03   2.909354    
  4.7147148E-03   2.883928    
  4.7347355E-03   2.859893    
  4.7547561E-03   2.837047    
  4.7747749E-03   2.814476    
  4.7947955E-03   2.792625    
  4.8148148E-03   2.772156    
  4.8348354E-03   2.752528    
  4.8548561E-03   2.733322    
  4.8748748E-03   2.715201    
  4.8948955E-03   2.698326    
  4.9149147E-03   2.679767    
  4.9349354E-03   2.656225    
  4.9549546E-03   2.630526    
  4.9749753E-03   2.608266    
  4.9949959E-03   2.590760    
  5.0150147E-03   2.573445    
  5.0350353E-03   2.550915    
  5.0550546E-03   2.523945    
  5.0750752E-03   2.498035    
  5.0950958E-03   2.473821    
  5.1151146E-03   2.448844    
  5.1351353E-03   2.423708    
  5.1551545E-03   2.397185    
  5.1751751E-03   2.367932    
  5.1951939E-03   2.340542    
  5.2152146E-03   2.318028    
  5.2352352E-03   2.297107    
  5.2552545E-03   2.274911    
  5.2752751E-03   2.250921    
  5.2952939E-03   2.228121    
  5.3153145E-03   2.211442    
  5.3353352E-03   2.200911    
  5.3553544E-03   2.192875    
  5.3753750E-03   2.185038    
  5.3953957E-03   2.174513    
  5.4154163E-03   2.158412    
  5.4354370E-03   2.136159    
  5.4554562E-03   2.107983    
  5.4754764E-03   2.076806    
  5.4954956E-03   2.048588    
  5.5155163E-03   2.027149    
  5.5355355E-03   2.010746    
  5.5555562E-03   1.994896    
  5.5755768E-03   1.978570    
  5.5955956E-03   1.964349    
  5.6156162E-03   1.951929    
  5.6356355E-03   1.938271    
  5.6556561E-03   1.922801    
  5.6756767E-03   1.906955    
  5.6956955E-03   1.893420    
  5.7157162E-03   1.884225    
  5.7357354E-03   1.876716    
  5.7557561E-03   1.868600    
  5.7757748E-03   1.862285    
  5.7957955E-03   1.856985    
  5.8158161E-03   1.847595    
  5.8358354E-03   1.832274    
  5.8558560E-03   1.812724    
  5.8758748E-03   1.791253    
  5.8958954E-03   1.770330    
  5.9159161E-03   1.750491    
  5.9359353E-03   1.731948    
  5.9559559E-03   1.717829    
  5.9759752E-03   1.711068    
  5.9959958E-03   1.709319    
  6.0160146E-03   1.706899    
  6.0360353E-03   1.700709    
  6.0560559E-03   1.691904    
  6.0760765E-03   1.681412    
  6.0960972E-03   1.667960    
  6.1161164E-03   1.651583    
  6.1361371E-03   1.636088    
  6.1561577E-03   1.624267    
  6.1761765E-03   1.613183    
  6.1961971E-03   1.598107    
  6.2162164E-03   1.578863    
  6.2362370E-03   1.559209    
  6.2562558E-03   1.542174    
  6.2762764E-03   1.528491    
  6.2962971E-03   1.517813    
  6.3163163E-03   1.510683    
  6.3363370E-03   1.507724    
  6.3563557E-03   1.506472    
  6.3763764E-03   1.502580    
  6.3963970E-03   1.494785    
  6.4164163E-03   1.486733    
  6.4364369E-03   1.483668    
  6.4564561E-03   1.486986    
  6.4764763E-03   1.493606    
  6.4964956E-03   1.500193    
  6.5165162E-03   1.503757    
  6.5365369E-03   1.500971    
  6.5565561E-03   1.492094    
  6.5765767E-03   1.481348    
  6.5965955E-03   1.471418    
  6.6166162E-03   1.463301    
  6.6366368E-03   1.458017    
  6.6566560E-03   1.453813    
  6.6766767E-03   1.445804    
  6.6966955E-03   1.431597    
  6.7167161E-03   1.414614    
  6.7367353E-03   1.400416    
  6.7567574E-03   1.391480    
  6.7767780E-03   1.386918    
  6.7967973E-03   1.384569    
  6.8168179E-03   1.381756    
  6.8368367E-03   1.377120    
  6.8568573E-03   1.371908    
  6.8768780E-03   1.366799    
  6.8968972E-03   1.360599    
  6.9169179E-03   1.352944    
  6.9369366E-03   1.344657    
  6.9569573E-03   1.336031    
  6.9769779E-03   1.326111    
  6.9969972E-03   1.313583    
  7.0170178E-03   1.298484    
  7.0370371E-03   1.283355    
  7.0570577E-03   1.270679    
  7.0770765E-03   1.261171    
  7.0970971E-03   1.253435    
  7.1171178E-03   1.245485    
  7.1371370E-03   1.237052    
  7.1571576E-03   1.228576    
  7.1771764E-03   1.219315    
  7.1971971E-03   1.209541    
  7.2172177E-03   1.200929    
  7.2372369E-03   1.193038    
  7.2572576E-03   1.184038    
  7.2772764E-03   1.173715    
  7.2972970E-03   1.162654    
  7.3173163E-03   1.151188    
  7.3373369E-03   1.139140    
  7.3573575E-03   1.125828    
  7.3773763E-03   1.111098    
  7.3973970E-03   1.096016    
  7.4174162E-03   1.082487    
  7.4374382E-03   1.071885    
  7.4574589E-03   1.063673    
  7.4774781E-03   1.055550    
  7.4974988E-03   1.046105    
  7.5175175E-03   1.036297    
  7.5375382E-03   1.027700    
  7.5575574E-03   1.020666    
  7.5775781E-03   1.014408    
  7.5975987E-03   1.008438    
  7.6176180E-03   1.001973    
  7.6376386E-03  0.9937946    
  7.6576574E-03  0.9849762    
  7.6776780E-03  0.9786251    
  7.6976987E-03  0.9756172    
  7.7177179E-03  0.9733714    
  7.7377385E-03  0.9692491    
  7.7577573E-03  0.9638590    
  7.7777780E-03  0.9600030    
  7.7977972E-03  0.9586977    
  7.8178179E-03  0.9590358    
  7.8378385E-03  0.9603237    
  7.8578573E-03  0.9613279    
  7.8778779E-03  0.9600265    
  7.8978967E-03  0.9552804    
  7.9179173E-03  0.9471560    
  7.9379380E-03  0.9364645    
  7.9579577E-03  0.9245257    
  7.9779783E-03  0.9128238    
  7.9979971E-03  0.9040152    
  8.0180177E-03  0.9008768    
  8.0380365E-03  0.9022860    
  8.0580572E-03  0.9040180    
  8.0780778E-03  0.9036735    
  8.0980975E-03  0.9029683    
  8.1181191E-03  0.9048868    
  8.1381388E-03  0.9091387    
  8.1581585E-03  0.9127188    
  8.1781792E-03  0.9135112    
  8.1981989E-03  0.9108701    
  8.2182195E-03  0.9054667    
  8.2382383E-03  0.8993602    
  8.2582589E-03  0.8939576    
  8.2782777E-03  0.8901414    
  8.2982983E-03  0.8889049    
  8.3183190E-03  0.8887973    
  8.3383387E-03  0.8867939    
  8.3583593E-03  0.8816447    
  8.3783781E-03  0.8728601    
  8.3983988E-03  0.8607783    
  8.4184194E-03  0.8473834    
  8.4384382E-03  0.8340189    
  8.4584588E-03  0.8217341    
  8.4784776E-03  0.8118597    
  8.4984982E-03  0.8034968    
  8.5185179E-03  0.7953469    
  8.5385386E-03  0.7879737    
  8.5585592E-03  0.7815182    
  8.5785780E-03  0.7761346    
  8.5985987E-03  0.7734775    
  8.6186174E-03  0.7739316    
  8.6386381E-03  0.7759185    
  8.6586587E-03  0.7783324    
  8.6786784E-03  0.7806525    
  8.6986991E-03  0.7821482    
  8.7187178E-03  0.7825103    
  8.7387385E-03  0.7821805    
  8.7587573E-03  0.7814289    
  8.7787779E-03  0.7796811    
  8.7988004E-03  0.7765219    
  8.8188192E-03  0.7726658    
  8.8388398E-03  0.7692065    
  8.8588586E-03  0.7668954    
  8.8788792E-03  0.7661186    
  8.8988999E-03  0.7661334    
  8.9189196E-03  0.7654939    
  8.9389402E-03  0.7635170    
  8.9589590E-03  0.7607170    
  8.9789797E-03  0.7575428    
  8.9990003E-03  0.7531234    
  9.0190191E-03  0.7470249    
  9.0390397E-03  0.7410314    
  9.0590585E-03  0.7368917    
  9.0790791E-03  0.7339900    
  9.0990989E-03  0.7309553    
  9.1191195E-03  0.7268832    
  9.1391401E-03  0.7214672    
  9.1591589E-03  0.7158200    
  9.1791796E-03  0.7113914    
  9.1991983E-03  0.7081725    
  9.2192190E-03  0.7057351    
  9.2392396E-03  0.7045848    
  9.2592593E-03  0.7044708    
  9.2792800E-03  0.7030749    
  9.2992987E-03  0.6988590    
  9.3193194E-03  0.6933705    
  9.3393382E-03  0.6886524    
  9.3593588E-03  0.6846949    
  9.3793795E-03  0.6810907    
  9.3993982E-03  0.6781747    
  9.4194189E-03  0.6765944    
  9.4394386E-03  0.6766359    
  9.4594592E-03  0.6770095    
  9.4794808E-03  0.6756809    
  9.4995005E-03  0.6727046    
  9.5195211E-03  0.6700295    
  9.5395399E-03  0.6687002    
  9.5595606E-03  0.6689645    
  9.5795793E-03  0.6705455    
  9.5996000E-03  0.6720239    
  9.6196206E-03  0.6720159    
  9.6396394E-03  0.6716470    
  9.6596600E-03  0.6723608    
  9.6796798E-03  0.6728778    
  9.6997004E-03  0.6712662    
  9.7197210E-03  0.6679971    
  9.7397398E-03  0.6640640    
  9.7597605E-03  0.6590489    
  9.7797792E-03  0.6524780    
  9.7997999E-03  0.6446093    
  9.8198196E-03  0.6363270    
  9.8398402E-03  0.6287075    
  9.8598609E-03  0.6220277    
  9.8798797E-03  0.6164523    
  9.8999003E-03  0.6131259    
  9.9199191E-03  0.6128604    
  9.9399397E-03  0.6150628    
  9.9599604E-03  0.6187128    
  9.9799791E-03  0.6220484    
  9.9999998E-03  0.6226099    
