 -9.9999998E-03  0.6141229    
 -9.9799801E-03  0.6141171    
 -9.9599604E-03  0.6170483    
 -9.9399397E-03  0.6217225    
 -9.9199200E-03  0.6262478    
 -9.8999003E-03  0.6299728    
 -9.8798806E-03  0.6329702    
 -9.8598599E-03  0.6354790    
 -9.8398402E-03  0.6381357    
 -9.8198196E-03  0.6425957    
 -9.7997999E-03  0.6493895    
 -9.7797792E-03  0.6557645    
 -9.7597595E-03  0.6603358    
 -9.7397398E-03  0.6644713    
 -9.7197201E-03  0.6672846    
 -9.6997004E-03  0.6676896    
 -9.6796798E-03  0.6671994    
 -9.6596600E-03  0.6668374    
 -9.6396394E-03  0.6669932    
 -9.6196197E-03  0.6679934    
 -9.5995991E-03  0.6693949    
 -9.5795793E-03  0.6717036    
 -9.5595596E-03  0.6751809    
 -9.5395399E-03  0.6780667    
 -9.5195202E-03  0.6795217    
 -9.4994996E-03  0.6801491    
 -9.4794799E-03  0.6806568    
 -9.4594592E-03  0.6819080    
 -9.4394395E-03  0.6837319    
 -9.4194189E-03  0.6853150    
 -9.3993992E-03  0.6872444    
 -9.3793795E-03  0.6899495    
 -9.3593597E-03  0.6925344    
 -9.3393400E-03  0.6940444    
 -9.3193194E-03  0.6946155    
 -9.2992997E-03  0.6954468    
 -9.2792800E-03  0.6962327    
 -9.2592593E-03  0.6951518    
 -9.2392387E-03  0.6926973    
 -9.2192190E-03  0.6923234    
 -9.1991993E-03  0.6966641    
 -9.1791796E-03  0.7042418    
 -9.1591589E-03  0.7117465    
 -9.1391392E-03  0.7191972    
 -9.1191195E-03  0.7279099    
 -9.0990998E-03  0.7360692    
 -9.0790791E-03  0.7418672    
 -9.0590585E-03  0.7460392    
 -9.0390388E-03  0.7498400    
 -9.0190191E-03  0.7542598    
 -8.9989994E-03  0.7582170    
 -8.9789787E-03  0.7591943    
 -8.9589590E-03  0.7568845    
 -8.9389393E-03  0.7520920    
 -8.9189196E-03  0.7464244    
 -8.8988990E-03  0.7435615    
 -8.8788783E-03  0.7443140    
 -8.8588586E-03  0.7462637    
 -8.8388389E-03  0.7487879    
 -8.8188192E-03  0.7510284    
 -8.7987985E-03  0.7514647    
 -8.7787788E-03  0.7520694    
 -8.7587591E-03  0.7554892    
 -8.7387394E-03  0.7606843    
 -8.7187197E-03  0.7653198    
 -8.6986991E-03  0.7690610    
 -8.6786784E-03  0.7734228    
 -8.6586587E-03  0.7790320    
 -8.6386381E-03  0.7848116    
 -8.6186184E-03  0.7905561    
 -8.5985987E-03  0.7965228    
 -8.5785789E-03  0.8019997    
 -8.5585592E-03  0.8061540    
 -8.5385386E-03  0.8091242    
 -8.5185189E-03  0.8117271    
 -8.4984982E-03  0.8142483    
 -8.4784785E-03  0.8165174    
 -8.4584588E-03  0.8200907    
 -8.4384382E-03  0.8267586    
 -8.4184185E-03  0.8361714    
 -8.3983988E-03  0.8469822    
 -8.3783790E-03  0.8575131    
 -8.3583584E-03  0.8668263    
 -8.3383387E-03  0.8766958    
 -8.3183181E-03  0.8879784    
 -8.2982983E-03  0.8980792    
 -8.2782777E-03  0.9039193    
 -8.2582580E-03  0.9048692    
 -8.2382383E-03  0.9031171    
 -8.2182186E-03  0.9009725    
 -8.1981989E-03  0.8983621    
 -8.1781782E-03  0.8967180    
 -8.1581585E-03  0.8991953    
 -8.1381388E-03  0.9061672    
 -8.1181182E-03  0.9161413    
 -8.0980984E-03  0.9268657    
 -8.0780778E-03  0.9352885    
 -8.0580581E-03  0.9417183    
 -8.0380384E-03  0.9480655    
 -8.0180177E-03  0.9527664    
 -7.9979990E-03  0.9531353    
 -7.9779783E-03  0.9494913    
 -7.9579586E-03  0.9452170    
 -7.9379380E-03  0.9431808    
 -7.9179173E-03  0.9431558    
 -7.8978976E-03  0.9444197    
 -7.8778779E-03  0.9472963    
 -7.8578582E-03  0.9508898    
 -7.8378385E-03  0.9549054    
 -7.8178179E-03  0.9600007    
 -7.7977977E-03  0.9652030    
 -7.7777780E-03  0.9692524    
 -7.7577573E-03  0.9720022    
 -7.7377385E-03  0.9739767    
 -7.7177179E-03  0.9758108    
 -7.6976977E-03  0.9771347    
 -7.6776780E-03  0.9780665    
 -7.6576574E-03  0.9795219    
 -7.6376377E-03  0.9796499    
 -7.6176180E-03  0.9784005    
 -7.5975978E-03  0.9806114    
 -7.5775781E-03  0.9881140    
 -7.5575574E-03  0.9986473    
 -7.5375377E-03   1.010642    
 -7.5175175E-03   1.022866    
 -7.4974978E-03   1.036190    
 -7.4774772E-03   1.052794    
 -7.4574575E-03   1.071052    
 -7.4374378E-03   1.087709    
 -7.4174176E-03   1.101419    
 -7.3973970E-03   1.112619    
 -7.3773772E-03   1.123160    
 -7.3573575E-03   1.133816    
 -7.3373378E-03   1.144655    
 -7.3173176E-03   1.157178    
 -7.2972970E-03   1.171617    
 -7.2772773E-03   1.186995    
 -7.2572576E-03   1.202408    
 -7.2372374E-03   1.214748    
 -7.2172168E-03   1.222523    
 -7.1971971E-03   1.228195    
 -7.1771774E-03   1.233495    
 -7.1571576E-03   1.240696    
 -7.1371370E-03   1.251767    
 -7.1171168E-03   1.264320    
 -7.0970971E-03   1.275472    
 -7.0770774E-03   1.284648    
 -7.0570577E-03   1.291597    
 -7.0370371E-03   1.298377    
 -7.0170169E-03   1.307220    
 -6.9969972E-03   1.317045    
 -6.9769775E-03   1.326744    
 -6.9569568E-03   1.336621    
 -6.9369366E-03   1.346680    
 -6.9169169E-03   1.355799    
 -6.8968972E-03   1.360749    
 -6.8768766E-03   1.359900    
 -6.8568569E-03   1.356248    
 -6.8368367E-03   1.354459    
 -6.8168170E-03   1.357177    
 -6.7967973E-03   1.362635    
 -6.7767766E-03   1.366938    
 -6.7567569E-03   1.369897    
 -6.7367367E-03   1.374111    
 -6.7167170E-03   1.381364    
 -6.6966973E-03   1.392504    
 -6.6766767E-03   1.405621    
 -6.6566565E-03   1.417502    
 -6.6366368E-03   1.426955    
 -6.6166166E-03   1.433508    
 -6.5965969E-03   1.438308    
 -6.5765767E-03   1.445039    
 -6.5565566E-03   1.455755    
 -6.5365369E-03   1.470087    
 -6.5165167E-03   1.486184    
 -6.4964965E-03   1.500278    
 -6.4764763E-03   1.509294    
 -6.4564561E-03   1.512438    
 -6.4364364E-03   1.511611    
 -6.4164167E-03   1.511915    
 -6.3963966E-03   1.516228    
 -6.3763764E-03   1.523678    
 -6.3563567E-03   1.531761    
 -6.3363365E-03   1.536046    
 -6.3163163E-03   1.536261    
 -6.2962966E-03   1.539394    
 -6.2762760E-03   1.548992    
 -6.2562563E-03   1.561972    
 -6.2362365E-03   1.576657    
 -6.2162164E-03   1.592752    
 -6.1961962E-03   1.608158    
 -6.1761765E-03   1.620578    
 -6.1561563E-03   1.630309    
 -6.1361361E-03   1.640150    
 -6.1161164E-03   1.650344    
 -6.0960962E-03   1.658297    
 -6.0760761E-03   1.665564    
 -6.0560564E-03   1.677045    
 -6.0360362E-03   1.694728    
 -6.0160165E-03   1.715708    
 -5.9959963E-03   1.734158    
 -5.9759757E-03   1.747006    
 -5.9559559E-03   1.756610    
 -5.9359362E-03   1.766199    
 -5.9159161E-03   1.775995    
 -5.8958959E-03   1.783757    
 -5.8758762E-03   1.788963    
 -5.8558560E-03   1.795320    
 -5.8358363E-03   1.805425    
 -5.8158161E-03   1.820311    
 -5.7957955E-03   1.841520    
 -5.7757758E-03   1.864706    
 -5.7557556E-03   1.882189    
 -5.7357359E-03   1.893898    
 -5.7157157E-03   1.903439    
 -5.6956955E-03   1.912278    
 -5.6756758E-03   1.922217    
 -5.6556561E-03   1.934161    
 -5.6356355E-03   1.947593    
 -5.6156153E-03   1.961338    
 -5.5955956E-03   1.973377    
 -5.5755754E-03   1.984834    
 -5.5555557E-03   1.998846    
 -5.5355355E-03   2.015088    
 -5.5155153E-03   2.032544    
 -5.4954956E-03   2.052089    
 -5.4754759E-03   2.073619    
 -5.4554553E-03   2.095717    
 -5.4354356E-03   2.116458    
 -5.4154154E-03   2.135874    
 -5.3953952E-03   2.156245    
 -5.3753755E-03   2.178342    
 -5.3553558E-03   2.201149    
 -5.3353352E-03   2.223833    
 -5.3153154E-03   2.244866    
 -5.2952953E-03   2.264461    
 -5.2752751E-03   2.284200    
 -5.2552554E-03   2.305178    
 -5.2352352E-03   2.327754    
 -5.2152150E-03   2.348629    
 -5.1951953E-03   2.364897    
 -5.1751756E-03   2.381418    
 -5.1551554E-03   2.402936    
 -5.1351353E-03   2.428314    
 -5.1151151E-03   2.455460    
 -5.0950949E-03   2.480867    
 -5.0750752E-03   2.500610    
 -5.0550550E-03   2.514876    
 -5.0350348E-03   2.527114    
 -5.0150151E-03   2.543043    
 -4.9949954E-03   2.564145    
 -4.9749753E-03   2.583665    
 -4.9549546E-03   2.599730    
 -4.9349349E-03   2.618418    
 -4.9149147E-03   2.642870    
 -4.8948950E-03   2.672694    
 -4.8748748E-03   2.705673    
 -4.8548547E-03   2.737805    
 -4.8348350E-03   2.769369    
 -4.8148152E-03   2.801015    
 -4.7947951E-03   2.827894    
 -4.7747749E-03   2.846661    
 -4.7547547E-03   2.858604    
 -4.7347345E-03   2.868439    
 -4.7147148E-03   2.881787    
 -4.6946951E-03   2.898828    
 -4.6746745E-03   2.917268    
 -4.6546548E-03   2.937129    
 -4.6346351E-03   2.956132    
 -4.6146144E-03   2.972319    
 -4.5945947E-03   2.990144    
 -4.5745745E-03   3.015749    
 -4.5545544E-03   3.053906    
 -4.5345346E-03   3.106699    
 -4.5145149E-03   3.170383    
 -4.4944948E-03   3.236484    
 -4.4744746E-03   3.295866    
 -4.4544549E-03   3.344100    
 -4.4344342E-03   3.382809    
 -4.4144145E-03   3.417386    
 -4.3943943E-03   3.457083    
 -4.3743742E-03   3.508034    
 -4.3543545E-03   3.565781    
 -4.3343347E-03   3.622643    
 -4.3143146E-03   3.673290    
 -4.2942944E-03   3.712635    
 -4.2742742E-03   3.741249    
 -4.2542540E-03   3.764003    
 -4.2342343E-03   3.784464    
 -4.2142146E-03   3.805293    
 -4.1941940E-03   3.827872    
 -4.1741743E-03   3.855705    
 -4.1541546E-03   3.895122    
 -4.1341344E-03   3.940246    
 -4.1141142E-03   3.977648    
 -4.0940936E-03   4.010577    
 -4.0740739E-03   4.053259    
 -4.0540542E-03   4.109289    
 -4.0340340E-03   4.171320    
 -4.0140138E-03   4.230804    
 -3.9939941E-03   4.286542    
 -3.9739739E-03   4.345753    
 -3.9539542E-03   4.412784    
 -3.9339340E-03   4.483191    
 -3.9139139E-03   4.552009    
 -3.8938937E-03   4.619925    
 -3.8738740E-03   4.687964    
 -3.8538538E-03   4.754254    
 -3.8338338E-03   4.821230    
 -3.8138141E-03   4.892583    
 -3.7937937E-03   4.962193    
 -3.7737740E-03   5.023544    
 -3.7537536E-03   5.079555    
 -3.7337334E-03   5.134290    
 -3.7137137E-03   5.191308    
 -3.6936938E-03   5.253166    
 -3.6736736E-03   5.314405    
 -3.6536537E-03   5.369641    
 -3.6336340E-03   5.423954    
 -3.6136135E-03   5.486497    
 -3.5935934E-03   5.560058    
 -3.5735737E-03   5.636410    
 -3.5535533E-03   5.707096    
 -3.5335335E-03   5.777761    
 -3.5135136E-03   5.859533    
 -3.4934934E-03   5.954102    
 -3.4734735E-03   6.053635    
 -3.4534538E-03   6.146363    
 -3.4334336E-03   6.225182    
 -3.4134132E-03   6.294055    
 -3.3933935E-03   6.360000    
 -3.3733733E-03   6.427440    
 -3.3533538E-03   6.501081    
 -3.3333332E-03   6.584003    
 -3.3133132E-03   6.671637    
 -3.2932935E-03   6.755366    
 -3.2732736E-03   6.830172    
 -3.2532536E-03   6.894342    
 -3.2332330E-03   6.949489    
 -3.2132133E-03   7.009757    
 -3.1931933E-03   7.093425    
 -3.1731727E-03   7.200698    
 -3.1531530E-03   7.317665    
 -3.1331331E-03   7.434079    
 -3.1131133E-03   7.547832    
 -3.0930934E-03   7.665465    
 -3.0730737E-03   7.798919    
 -3.0530530E-03   7.953532    
 -3.0330331E-03   8.121970    
 -3.0130134E-03   8.290261    
 -2.9929928E-03   8.453424    
 -2.9729728E-03   8.616874    
 -2.9529529E-03   8.779820    
 -2.9329322E-03   8.934607    
 -2.9129125E-03   9.080292    
 -2.8928926E-03   9.225133    
 -2.8728729E-03   9.382049    
 -2.8528529E-03   9.554102    
 -2.8328332E-03   9.724430    
 -2.8128126E-03   9.876841    
 -2.7927926E-03   10.01121    
 -2.7727729E-03   10.13743    
 -2.7527530E-03   10.27232    
 -2.7327333E-03   10.42991    
 -2.7127133E-03   10.60969    
 -2.6926927E-03   10.80442    
 -2.6726727E-03   11.00611    
 -2.6526521E-03   11.20672    
 -2.6326324E-03   11.40409    
 -2.6126124E-03   11.60151    
 -2.5925927E-03   11.80833    
 -2.5725721E-03   12.03751    
 -2.5525521E-03   12.28798    
 -2.5325324E-03   12.54098    
 -2.5125125E-03   12.78000    
 -2.4924928E-03   13.00513    
 -2.4724728E-03   13.22761    
 -2.4524522E-03   13.45939    
 -2.4324325E-03   13.71041    
 -2.4124125E-03   13.97739    
 -2.3923926E-03   14.23914    
 -2.3723729E-03   14.48980    
 -2.3523530E-03   14.74938    
 -2.3323323E-03   15.02596    
 -2.3123126E-03   15.31478    
 -2.2922920E-03   15.61721    
 -2.2722720E-03   15.92808    
 -2.2522523E-03   16.24605    
 -2.2322324E-03   16.58458    
 -2.2122117E-03   16.94822    
 -2.1921920E-03   17.33896    
 -2.1721721E-03   17.76891    
 -2.1521521E-03   18.23747    
 -2.1321324E-03   18.73259    
 -2.1121125E-03   19.24639    
 -2.0920918E-03   19.77757    
 -2.0720721E-03   20.33403    
 -2.0520522E-03   20.91598    
 -2.0320325E-03   21.50613    
 -2.0120125E-03   22.10129    
 -1.9919928E-03   22.71785    
 -1.9719722E-03   23.36120    
 -1.9519514E-03   24.01551    
 -1.9319316E-03   24.66684    
 -1.9119118E-03   25.33449    
 -1.8918919E-03   26.05079    
 -1.8718721E-03   26.81532    
 -1.8518515E-03   27.61073    
 -1.8318316E-03   28.43083    
 -1.8118118E-03   29.27011    
 -1.7917920E-03   30.14056    
 -1.7717720E-03   31.07692    
 -1.7517522E-03   32.09243    
 -1.7317316E-03   33.16707    
 -1.7117118E-03   34.28575    
 -1.6916919E-03   35.46698    
 -1.6716721E-03   36.73500    
 -1.6516523E-03   38.07032    
 -1.6316324E-03   39.43478    
 -1.6116110E-03   40.83748    
 -1.5915912E-03   42.31598    
 -1.5715713E-03   43.87398    
 -1.5515515E-03   45.46946    
 -1.5315317E-03   47.06219    
 -1.5115110E-03   48.66144    
 -1.4914912E-03   50.31644    
 -1.4714713E-03   52.07748    
 -1.4514514E-03   53.97325    
 -1.4314316E-03   56.00304    
 -1.4114118E-03   58.15229    
 -1.3913912E-03   60.41405    
 -1.3713713E-03   62.78040    
 -1.3513515E-03   65.23750    
 -1.3313317E-03   67.77097    
 -1.3113118E-03   70.37695    
 -1.2912920E-03   73.09390    
 -1.2712706E-03   75.96603    
 -1.2512507E-03   78.98120    
 -1.2312309E-03   82.12833    
 -1.2112111E-03   85.43597    
 -1.1911911E-03   88.92393    
 -1.1711713E-03   92.58320    
 -1.1511507E-03   96.39286    
 -1.1311308E-03   100.3635    
 -1.1111110E-03   104.5776    
 -1.0910912E-03   109.0946    
 -1.0710714E-03   113.8787    
 -1.0510515E-03   118.9056    
 -1.0310309E-03   124.2094    
 -1.0110111E-03   129.8181    
 -9.9099125E-04   135.7443    
 -9.7097136E-04   142.0054    
 -9.5095154E-04   148.6446    
 -9.3093090E-04   155.7123    
 -9.1091025E-04   163.1941    
 -8.9089043E-04   171.0261    
 -8.7087060E-04   179.1718    
 -8.5085072E-04   187.6448    
 -8.3083089E-04   196.5148    
 -8.1081106E-04   205.8480    
 -7.9079042E-04   215.6195    
 -7.7077060E-04   225.7657    
 -7.5075077E-04   236.2842    
 -7.3073088E-04   247.2097    
 -7.1071106E-04   258.5584    
 -6.9069123E-04   270.3076    
 -6.7067059E-04   282.4221    
 -6.5065076E-04   294.8937    
 -6.3063094E-04   307.7260    
 -6.1061105E-04   320.9397    
 -5.9059041E-04   334.5819    
 -5.7057058E-04   348.6586    
 -5.5054994E-04   363.1461    
 -5.3053012E-04   378.0029    
 -5.1051029E-04   393.1054    
 -4.9049046E-04   408.3127    
 -4.7047061E-04   423.5825    
 -4.5045075E-04   438.8917    
 -4.3043014E-04   454.1379    
 -4.1041028E-04   469.2214    
 -3.9039046E-04   484.1738    
 -3.7037060E-04   499.0814    
 -3.5035078E-04   513.8627    
 -3.3033092E-04   528.3153    
 -3.1031031E-04   542.3594    
 -2.9029045E-04   556.0170    
 -2.7027063E-04   569.2632    
 -2.5024998E-04   581.9691    
 -2.3023014E-04   593.9317    
 -2.1021030E-04   605.0538    
 -1.9018968E-04   615.4056    
 -1.7016983E-04   625.0132    
 -1.5014999E-04   633.7860    
 -1.3013015E-04   641.5861    
 -1.1011031E-04   648.2382    
 -9.0090471E-05   653.7105    
 -7.0069837E-05   658.1691    
 -5.0049995E-05   661.6345    
 -3.0030156E-05   663.9243    
 -1.0010316E-05   665.0031    
  1.0009524E-05   665.0063    
  3.0029365E-05   663.9238    
  5.0049995E-05   661.6343    
  7.0069837E-05   658.1692    
  9.0090471E-05   653.7106    
  1.1011031E-04   648.2382    
  1.3013015E-04   641.5861    
  1.5015078E-04   633.7858    
  1.7017062E-04   625.0130    
  1.9019046E-04   615.4052    
  2.1021030E-04   605.0540    
  2.3023014E-04   593.9317    
  2.5024998E-04   581.9690    
  2.7027063E-04   569.2631    
  2.9029045E-04   556.0170    
  3.1031031E-04   542.3595    
  3.3033013E-04   528.3159    
  3.5034999E-04   513.8634    
  3.7036982E-04   499.0821    
  3.9039046E-04   484.1739    
  4.1041028E-04   469.2216    
  4.3043093E-04   454.1373    
  4.5045075E-04   438.8917    
  4.7047061E-04   423.5825    
  4.9049046E-04   408.3127    
  5.1051105E-04   393.1046    
  5.3053093E-04   378.0023    
  5.5055076E-04   363.1455    
  5.7057058E-04   348.6586    
  5.9059041E-04   334.5820    
  6.1061030E-04   320.9403    
  6.3063094E-04   307.7260    
  6.5065076E-04   294.8936    
  6.7067059E-04   282.4220    
  6.9069042E-04   270.3081    
  7.1071024E-04   258.5590    
  7.3073013E-04   247.2099    
  7.5075077E-04   236.2844    
  7.7077135E-04   225.7653    
  7.9079124E-04   215.6191    
  8.1081106E-04   205.8481    
  8.3083089E-04   196.5148    
  8.5085072E-04   187.6448    
  8.7087136E-04   179.1714    
  8.9089118E-04   171.0259    
  9.1091107E-04   163.1938    
  9.3093090E-04   155.7123    
  9.5095072E-04   148.6449    
  9.7097055E-04   142.0057    
  9.9099125E-04   135.7443    
  1.0110111E-03   129.8182    
  1.0310309E-03   124.2094    
  1.0510507E-03   118.9057    
  1.0710706E-03   113.8787    
  1.0910904E-03   109.0949    
  1.1111118E-03   104.5774    
  1.1311317E-03   100.3632    
  1.1511515E-03   96.39261    
  1.1711713E-03   92.58322    
  1.1911911E-03   88.92399    
  1.2112111E-03   85.43595    
  1.2312316E-03   82.12814    
  1.2512516E-03   78.98110    
  1.2712714E-03   75.96591    
  1.2912912E-03   73.09414    
  1.3113110E-03   70.37708    
  1.3313309E-03   67.77114    
  1.3513515E-03   65.23752    
  1.3713713E-03   62.78040    
  1.3913912E-03   60.41407    
  1.4114110E-03   58.15226    
  1.4314308E-03   56.00317    
  1.4514514E-03   53.97326    
  1.4714721E-03   52.07733    
  1.4914919E-03   50.31641    
  1.5115119E-03   48.66135    
  1.5315317E-03   47.06221    
  1.5515515E-03   45.46944    
  1.5715713E-03   43.87401    
  1.5915920E-03   42.31595    
  1.6116118E-03   40.83741    
  1.6316316E-03   39.43487    
  1.6516515E-03   38.07032    
  1.6716713E-03   36.73499    
  1.6916911E-03   35.46700    
  1.7117118E-03   34.28577    
  1.7317316E-03   33.16705    
  1.7517515E-03   32.09245    
  1.7717713E-03   31.07694    
  1.7917920E-03   30.14059    
  1.8118126E-03   29.27003    
  1.8318325E-03   28.43075    
  1.8518523E-03   27.61082    
  1.8718721E-03   26.81533    
  1.8918919E-03   26.05079    
  1.9119118E-03   25.33451    
  1.9319324E-03   24.66683    
  1.9519522E-03   24.01546    
  1.9719722E-03   23.36118    
  1.9919919E-03   22.71786    
  2.0120118E-03   22.10133    
  2.0320315E-03   21.50620    
  2.0520522E-03   20.91597    
  2.0720721E-03   20.33401    
  2.0920918E-03   19.77756    
  2.1121118E-03   19.24634    
  2.1321324E-03   18.73255    
  2.1521521E-03   18.23744    
  2.1721728E-03   17.76889    
  2.1921927E-03   17.33896    
  2.2122127E-03   16.94817    
  2.2322324E-03   16.58458    
  2.2522523E-03   16.24606    
  2.2722720E-03   15.92808    
  2.2922927E-03   15.61720    
  2.3123126E-03   15.31479    
  2.3323323E-03   15.02595    
  2.3523523E-03   14.74938    
  2.3723720E-03   14.48979    
  2.3923919E-03   14.23917    
  2.4124125E-03   13.97741    
  2.4324325E-03   13.71041    
  2.4524522E-03   13.45940    
  2.4724728E-03   13.22761    
  2.4924928E-03   13.00515    
  2.5125125E-03   12.78000    
  2.5325331E-03   12.54092    
  2.5525531E-03   12.28798    
  2.5725728E-03   12.03750    
  2.5925927E-03   11.80833    
  2.6126124E-03   11.60151    
  2.6326324E-03   11.40407    
  2.6526530E-03   11.20669    
  2.6726727E-03   11.00610    
  2.6926927E-03   10.80442    
  2.7127126E-03   10.60969    
  2.7327323E-03   10.42992    
  2.7527523E-03   10.27232    
  2.7727729E-03   10.13742    
  2.7927926E-03   10.01120    
  2.8128133E-03   9.876831    
  2.8328332E-03   9.724430    
  2.8528529E-03   9.554104    
  2.8728729E-03   9.382054    
  2.8928935E-03   9.225131    
  2.9129132E-03   9.080281    
  2.9329332E-03   8.934593    
  2.9529529E-03   8.779813    
  2.9729728E-03   8.616873    
  2.9929928E-03   8.453424    
  3.0130134E-03   8.290259    
  3.0330331E-03   8.121994    
  3.0530530E-03   7.953532    
  3.0730728E-03   7.798895    
  3.0930927E-03   7.665492    
  3.1131124E-03   7.547847    
  3.1331331E-03   7.434088    
  3.1531530E-03   7.317647    
  3.1731736E-03   7.200683    
  3.1931933E-03   7.093418    
  3.2132133E-03   7.009760    
  3.2332330E-03   6.949477    
  3.2532536E-03   6.894348    
  3.2732736E-03   6.830194    
  3.2932926E-03   6.755361    
  3.3133132E-03   6.671650    
  3.3333339E-03   6.584003    
  3.3533529E-03   6.501121    
  3.3733735E-03   6.427435    
  3.3933925E-03   6.360016    
  3.4134132E-03   6.294057    
  3.4334338E-03   6.225171    
  3.4534528E-03   6.146352    
  3.4734735E-03   6.053635    
  3.4934927E-03   5.954113    
  3.5135134E-03   5.859547    
  3.5335338E-03   5.777767    
  3.5535544E-03   5.707096    
  3.5735737E-03   5.636412    
  3.5935943E-03   5.560067    
  3.6136133E-03   5.486479    
  3.6336340E-03   5.423958    
  3.6536546E-03   5.369661    
  3.6736736E-03   5.314415    
  3.6936942E-03   5.253161    
  3.7137133E-03   5.191328    
  3.7337339E-03   5.134297    
  3.7537529E-03   5.079570    
  3.7737736E-03   5.023571    
  3.7937942E-03   4.962199    
  3.8138132E-03   4.892587    
  3.8338338E-03   4.821223    
  3.8538529E-03   4.754256    
  3.8738735E-03   4.687953    
  3.8938941E-03   4.619914    
  3.9139134E-03   4.552007    
  3.9339340E-03   4.483201    
  3.9539528E-03   4.412786    
  3.9739734E-03   4.345803    
  3.9939927E-03   4.286547    
  4.0140147E-03   4.230784    
  4.0340354E-03   4.171320    
  4.0540546E-03   4.109281    
  4.0740753E-03   4.053246    
  4.0940940E-03   4.010600    
  4.1141147E-03   3.977650    
  4.1341353E-03   3.940217    
  4.1541546E-03   3.895114    
  4.1741752E-03   3.855711    
  4.1941940E-03   3.827861    
  4.2142146E-03   3.805307    
  4.2342339E-03   3.784445    
  4.2542545E-03   3.763983    
  4.2742752E-03   3.741226    
  4.2942939E-03   3.712646    
  4.3143146E-03   3.673295    
  4.3343338E-03   3.622672    
  4.3543545E-03   3.565783    
  4.3743751E-03   3.508062    
  4.3943943E-03   3.457095    
  4.4144150E-03   3.417397    
  4.4344338E-03   3.382802    
  4.4544544E-03   3.344099    
  4.4744737E-03   3.295871    
  4.4944943E-03   3.236465    
  4.5145149E-03   3.170380    
  4.5345337E-03   3.106685    
  4.5545544E-03   3.053912    
  4.5745736E-03   3.015754    
  4.5945942E-03   2.990122    
  4.6146149E-03   2.972327    
  4.6346337E-03   2.956100    
  4.6546543E-03   2.937163    
  4.6746735E-03   2.917252    
  4.6946956E-03   2.898831    
  4.7147148E-03   2.881785    
  4.7347355E-03   2.868437    
  4.7547561E-03   2.858626    
  4.7747749E-03   2.846682    
  4.7947955E-03   2.827883    
  4.8148148E-03   2.801025    
  4.8348354E-03   2.769379    
  4.8548561E-03   2.737787    
  4.8748748E-03   2.705676    
  4.8948955E-03   2.672681    
  4.9149147E-03   2.642869    
  4.9349354E-03   2.618420    
  4.9549546E-03   2.599731    
  4.9749753E-03   2.583672    
  4.9949959E-03   2.564147    
  5.0150147E-03   2.543068    
  5.0350353E-03   2.527122    
  5.0550546E-03   2.514882    
  5.0750752E-03   2.500605    
  5.0950958E-03   2.480871    
  5.1151146E-03   2.455436    
  5.1351353E-03   2.428308    
  5.1551545E-03   2.402951    
  5.1751751E-03   2.381410    
  5.1951939E-03   2.364886    
  5.2152146E-03   2.348642    
  5.2352352E-03   2.327752    
  5.2552545E-03   2.305193    
  5.2752751E-03   2.284195    
  5.2952939E-03   2.264446    
  5.3153145E-03   2.244840    
  5.3353352E-03   2.223826    
  5.3553544E-03   2.201155    
  5.3753750E-03   2.178322    
  5.3953957E-03   2.156279    
  5.4154163E-03   2.135868    
  5.4354370E-03   2.116456    
  5.4554562E-03   2.095691    
  5.4754764E-03   2.073630    
  5.4954956E-03   2.052085    
  5.5155163E-03   2.032542    
  5.5355355E-03   2.015089    
  5.5555562E-03   1.998851    
  5.5755768E-03   1.984838    
  5.5955956E-03   1.973379    
  5.6156162E-03   1.961319    
  5.6356355E-03   1.947592    
  5.6556561E-03   1.934167    
  5.6756767E-03   1.922229    
  5.6956955E-03   1.912268    
  5.7157162E-03   1.903426    
  5.7357354E-03   1.893900    
  5.7557561E-03   1.882197    
  5.7757748E-03   1.864706    
  5.7957955E-03   1.841519    
  5.8158161E-03   1.820318    
  5.8358354E-03   1.805423    
  5.8558560E-03   1.795311    
  5.8758748E-03   1.788959    
  5.8958954E-03   1.783768    
  5.9159161E-03   1.776010    
  5.9359353E-03   1.766177    
  5.9559559E-03   1.756611    
  5.9759752E-03   1.746994    
  5.9959958E-03   1.734156    
  6.0160146E-03   1.715715    
  6.0360353E-03   1.694741    
  6.0560559E-03   1.677042    
  6.0760765E-03   1.665568    
  6.0960972E-03   1.658287    
  6.1161164E-03   1.650344    
  6.1361371E-03   1.640148    
  6.1561577E-03   1.630302    
  6.1761765E-03   1.620573    
  6.1961971E-03   1.608160    
  6.2162164E-03   1.592750    
  6.2362370E-03   1.576678    
  6.2562558E-03   1.561985    
  6.2762764E-03   1.548981    
  6.2962971E-03   1.539384    
  6.3163163E-03   1.536256    
  6.3363370E-03   1.536059    
  6.3563557E-03   1.531764    
  6.3763764E-03   1.523680    
  6.3963970E-03   1.516244    
  6.4164163E-03   1.511917    
  6.4364369E-03   1.511605    
  6.4564561E-03   1.512449    
  6.4764763E-03   1.509295    
  6.4964956E-03   1.500270    
  6.5165162E-03   1.486192    
  6.5365369E-03   1.470088    
  6.5565561E-03   1.455755    
  6.5765767E-03   1.445039    
  6.5965955E-03   1.438302    
  6.6166162E-03   1.433503    
  6.6366368E-03   1.426953    
  6.6566560E-03   1.417500    
  6.6766767E-03   1.405618    
  6.6966955E-03   1.392496    
  6.7167161E-03   1.381385    
  6.7367353E-03   1.374121    
  6.7567574E-03   1.369897    
  6.7767780E-03   1.366940    
  6.7967973E-03   1.362640    
  6.8168179E-03   1.357153    
  6.8368367E-03   1.354467    
  6.8568573E-03   1.356256    
  6.8768780E-03   1.359896    
  6.8968972E-03   1.360750    
  6.9169179E-03   1.355817    
  6.9369366E-03   1.346679    
  6.9569573E-03   1.336598    
  6.9769779E-03   1.326745    
  6.9969972E-03   1.317044    
  7.0170178E-03   1.307213    
  7.0370371E-03   1.298382    
  7.0570577E-03   1.291599    
  7.0770765E-03   1.284649    
  7.0970971E-03   1.275475    
  7.1171178E-03   1.264309    
  7.1371370E-03   1.251775    
  7.1571576E-03   1.240697    
  7.1771764E-03   1.233495    
  7.1971971E-03   1.228191    
  7.2172177E-03   1.222526    
  7.2372369E-03   1.214747    
  7.2572576E-03   1.202398    
  7.2772764E-03   1.187003    
  7.2972970E-03   1.171614    
  7.3173163E-03   1.157172    
  7.3373369E-03   1.144637    
  7.3573575E-03   1.133818    
  7.3773763E-03   1.123154    
  7.3973970E-03   1.112616    
  7.4174162E-03   1.101414    
  7.4374382E-03   1.087701    
  7.4574589E-03   1.071061    
  7.4774781E-03   1.052802    
  7.4974988E-03   1.036196    
  7.5175175E-03   1.022862    
  7.5375382E-03   1.010622    
  7.5575574E-03  0.9986479    
  7.5775781E-03  0.9881181    
  7.5975987E-03  0.9806023    
  7.6176180E-03  0.9783993    
  7.6376386E-03  0.9796443    
  7.6576574E-03  0.9795184    
  7.6776780E-03  0.9780664    
  7.6976987E-03  0.9771327    
  7.7177179E-03  0.9758071    
  7.7377385E-03  0.9739743    
  7.7577573E-03  0.9720001    
  7.7777780E-03  0.9692523    
  7.7977972E-03  0.9652055    
  7.8178179E-03  0.9599952    
  7.8378385E-03  0.9549021    
  7.8578573E-03  0.9508878    
  7.8778779E-03  0.9472972    
  7.8978967E-03  0.9444073    
  7.9179173E-03  0.9431586    
  7.9379380E-03  0.9431789    
  7.9579577E-03  0.9451946    
  7.9779783E-03  0.9494932    
  7.9979971E-03  0.9531336    
  8.0180177E-03  0.9527731    
  8.0380365E-03  0.9480700    
  8.0580572E-03  0.9417166    
  8.0780778E-03  0.9352887    
  8.0980975E-03  0.9268562    
  8.1181191E-03  0.9161441    
  8.1381388E-03  0.9061697    
  8.1581585E-03  0.8991833    
  8.1781792E-03  0.8967056    
  8.1981989E-03  0.8983597    
  8.2182195E-03  0.9009662    
  8.2382383E-03  0.9031206    
  8.2582589E-03  0.9048644    
  8.2782777E-03  0.9039217    
  8.2982983E-03  0.8980774    
  8.3183190E-03  0.8879848    
  8.3383387E-03  0.8766984    
  8.3583593E-03  0.8668346    
  8.3783781E-03  0.8575082    
  8.3983988E-03  0.8469813    
  8.4184194E-03  0.8361648    
  8.4384382E-03  0.8267589    
  8.4584588E-03  0.8200905    
  8.4784776E-03  0.8165166    
  8.4984982E-03  0.8142464    
  8.5185179E-03  0.8117164    
  8.5385386E-03  0.8091224    
  8.5585592E-03  0.8061547    
  8.5785780E-03  0.8019888    
  8.5985987E-03  0.7965216    
  8.6186174E-03  0.7905585    
  8.6386381E-03  0.7848099    
  8.6586587E-03  0.7790334    
  8.6786784E-03  0.7734338    
  8.6986991E-03  0.7690623    
  8.7187178E-03  0.7653075    
  8.7387385E-03  0.7606789    
  8.7587573E-03  0.7554767    
  8.7787779E-03  0.7520776    
  8.7988004E-03  0.7514511    
  8.8188192E-03  0.7510296    
  8.8388398E-03  0.7487794    
  8.8588586E-03  0.7462648    
  8.8788792E-03  0.7442961    
  8.8988999E-03  0.7435611    
  8.9189196E-03  0.7464239    
  8.9389402E-03  0.7520993    
  8.9589590E-03  0.7568861    
  8.9789797E-03  0.7591883    
  8.9990003E-03  0.7582360    
  9.0190191E-03  0.7542650    
  9.0390397E-03  0.7498364    
  9.0590585E-03  0.7460400    
  9.0790791E-03  0.7418748    
  9.0990989E-03  0.7360852    
  9.1191195E-03  0.7279122    
  9.1391401E-03  0.7192045    
  9.1591589E-03  0.7117521    
  9.1791796E-03  0.7042432    
  9.1991983E-03  0.6966761    
  9.2192190E-03  0.6923159    
  9.2392396E-03  0.6926871    
  9.2592593E-03  0.6951598    
  9.2792800E-03  0.6962316    
  9.2992987E-03  0.6954445    
  9.3193194E-03  0.6946177    
  9.3393382E-03  0.6940325    
  9.3593588E-03  0.6925412    
  9.3793795E-03  0.6899464    
  9.3993982E-03  0.6872420    
  9.4194189E-03  0.6853139    
  9.4394386E-03  0.6837115    
  9.4594592E-03  0.6819036    
  9.4794808E-03  0.6806604    
  9.4995005E-03  0.6801563    
  9.5195211E-03  0.6795176    
  9.5395399E-03  0.6780654    
  9.5595606E-03  0.6751637    
  9.5795793E-03  0.6717054    
  9.5996000E-03  0.6693998    
  9.6196206E-03  0.6679913    
  9.6396394E-03  0.6669928    
  9.6596600E-03  0.6668448    
  9.6796798E-03  0.6672016    
  9.6997004E-03  0.6676918    
  9.7197210E-03  0.6672578    
  9.7397398E-03  0.6644656    
  9.7597605E-03  0.6603450    
  9.7797792E-03  0.6557665    
  9.7997999E-03  0.6493909    
  9.8198196E-03  0.6426013    
  9.8398402E-03  0.6381369    
  9.8598609E-03  0.6354719    
  9.8798797E-03  0.6329792    
  9.8999003E-03  0.6299739    
  9.9199191E-03  0.6262403    
  9.9399397E-03  0.6217209    
  9.9599604E-03  0.6170459    
  9.9799791E-03  0.6141163    
  9.9999998E-03  0.6141192    
