 -2.0000000E-02  0.1816542    
 -1.9959960E-02  0.1832469    
 -1.9919921E-02  0.1853455    
 -1.9879879E-02  0.1881938    
 -1.9839840E-02  0.1893743    
 -1.9799801E-02  0.1880474    
 -1.9759761E-02  0.1874904    
 -1.9719720E-02  0.1873442    
 -1.9679680E-02  0.1885357    
 -1.9639639E-02  0.1931468    
 -1.9599600E-02  0.1986240    
 -1.9559558E-02  0.2044821    
 -1.9519519E-02  0.2093575    
 -1.9479480E-02  0.2110583    
 -1.9439440E-02  0.2104684    
 -1.9399401E-02  0.2097568    
 -1.9359360E-02  0.2092887    
 -1.9319320E-02  0.2095049    
 -1.9279279E-02  0.2103473    
 -1.9239239E-02  0.2126808    
 -1.9199198E-02  0.2148777    
 -1.9159159E-02  0.2150356    
 -1.9119119E-02  0.2138238    
 -1.9079080E-02  0.2134025    
 -1.9039040E-02  0.2127091    
 -1.8998999E-02  0.2115143    
 -1.8958960E-02  0.2120843    
 -1.8918918E-02  0.2139153    
 -1.8878879E-02  0.2182118    
 -1.8838838E-02  0.2243690    
 -1.8798798E-02  0.2294144    
 -1.8758759E-02  0.2329717    
 -1.8718719E-02  0.2368032    
 -1.8678680E-02  0.2400058    
 -1.8638639E-02  0.2403287    
 -1.8598599E-02  0.2380987    
 -1.8558560E-02  0.2341164    
 -1.8518519E-02  0.2299613    
 -1.8478477E-02  0.2282971    
 -1.8438438E-02  0.2284557    
 -1.8398399E-02  0.2294750    
 -1.8358359E-02  0.2317181    
 -1.8318318E-02  0.2343548    
 -1.8278278E-02  0.2363746    
 -1.8238239E-02  0.2387504    
 -1.8198200E-02  0.2420550    
 -1.8158158E-02  0.2448743    
 -1.8118117E-02  0.2463435    
 -1.8078078E-02  0.2476639    
 -1.8038038E-02  0.2470444    
 -1.7997999E-02  0.2445367    
 -1.7957957E-02  0.2408619    
 -1.7917918E-02  0.2379127    
 -1.7877879E-02  0.2357443    
 -1.7837839E-02  0.2331930    
 -1.7797798E-02  0.2334571    
 -1.7757757E-02  0.2360051    
 -1.7717717E-02  0.2382349    
 -1.7677678E-02  0.2386555    
 -1.7637638E-02  0.2392486    
 -1.7597597E-02  0.2422873    
 -1.7557558E-02  0.2456225    
 -1.7517518E-02  0.2470641    
 -1.7477479E-02  0.2465441    
 -1.7437439E-02  0.2457058    
 -1.7397398E-02  0.2463553    
 -1.7357357E-02  0.2469188    
 -1.7317317E-02  0.2447716    
 -1.7277276E-02  0.2396079    
 -1.7237237E-02  0.2355174    
 -1.7197197E-02  0.2368806    
 -1.7157158E-02  0.2424508    
 -1.7117118E-02  0.2454877    
 -1.7077077E-02  0.2449317    
 -1.7037038E-02  0.2428608    
 -1.6996996E-02  0.2428612    
 -1.6956957E-02  0.2439850    
 -1.6916918E-02  0.2441175    
 -1.6876876E-02  0.2453193    
 -1.6836837E-02  0.2481133    
 -1.6796798E-02  0.2509079    
 -1.6756758E-02  0.2509493    
 -1.6716717E-02  0.2482411    
 -1.6676677E-02  0.2449003    
 -1.6636636E-02  0.2445401    
 -1.6596597E-02  0.2456105    
 -1.6556555E-02  0.2493036    
 -1.6516516E-02  0.2572792    
 -1.6476477E-02  0.2660432    
 -1.6436437E-02  0.2734697    
 -1.6396398E-02  0.2787752    
 -1.6356356E-02  0.2826644    
 -1.6316317E-02  0.2874714    
 -1.6276278E-02  0.2917509    
 -1.6236236E-02  0.2924820    
 -1.6196197E-02  0.2922105    
 -1.6156156E-02  0.2928603    
 -1.6116116E-02  0.2934712    
 -1.6076077E-02  0.2925789    
 -1.6036035E-02  0.2912506    
 -1.5995998E-02  0.2916813    
 -1.5955957E-02  0.2931595    
 -1.5915917E-02  0.2944861    
 -1.5875876E-02  0.2945162    
 -1.5835835E-02  0.2941935    
 -1.5795795E-02  0.2938586    
 -1.5755756E-02  0.2938227    
 -1.5715716E-02  0.2967588    
 -1.5675677E-02  0.3043122    
 -1.5635636E-02  0.3143663    
 -1.5595595E-02  0.3230598    
 -1.5555556E-02  0.3275150    
 -1.5515515E-02  0.3290734    
 -1.5475477E-02  0.3313278    
 -1.5435436E-02  0.3349522    
 -1.5395395E-02  0.3378528    
 -1.5355356E-02  0.3397597    
 -1.5315315E-02  0.3412342    
 -1.5275275E-02  0.3417466    
 -1.5235236E-02  0.3407075    
 -1.5195196E-02  0.3397580    
 -1.5155156E-02  0.3412685    
 -1.5115115E-02  0.3448741    
 -1.5075075E-02  0.3502259    
 -1.5035035E-02  0.3554660    
 -1.4994996E-02  0.3591999    
 -1.4954954E-02  0.3634695    
 -1.4914915E-02  0.3687782    
 -1.4874876E-02  0.3724852    
 -1.4834835E-02  0.3746167    
 -1.4794794E-02  0.3751057    
 -1.4754754E-02  0.3746683    
 -1.4714715E-02  0.3741342    
 -1.4674676E-02  0.3746856    
 -1.4634635E-02  0.3762416    
 -1.4594594E-02  0.3757048    
 -1.4554555E-02  0.3725220    
 -1.4514515E-02  0.3694176    
 -1.4474475E-02  0.3691702    
 -1.4434434E-02  0.3732318    
 -1.4394394E-02  0.3772604    
 -1.4354355E-02  0.3786295    
 -1.4314315E-02  0.3817983    
 -1.4274274E-02  0.3910307    
 -1.4234234E-02  0.4025683    
 -1.4194194E-02  0.4122681    
 -1.4154155E-02  0.4203154    
 -1.4114115E-02  0.4280290    
 -1.4074074E-02  0.4346313    
 -1.4034034E-02  0.4385936    
 -1.3993994E-02  0.4419159    
 -1.3953955E-02  0.4462960    
 -1.3913914E-02  0.4530956    
 -1.3873873E-02  0.4582586    
 -1.3833834E-02  0.4596440    
 -1.3793794E-02  0.4564035    
 -1.3753753E-02  0.4532878    
 -1.3713714E-02  0.4535092    
 -1.3673673E-02  0.4542476    
 -1.3633634E-02  0.4536568    
 -1.3593595E-02  0.4498767    
 -1.3553553E-02  0.4439883    
 -1.3513514E-02  0.4412467    
 -1.3473473E-02  0.4433351    
 -1.3433434E-02  0.4467825    
 -1.3393395E-02  0.4478900    
 -1.3353353E-02  0.4469998    
 -1.3313313E-02  0.4495702    
 -1.3273274E-02  0.4577901    
 -1.3233233E-02  0.4698007    
 -1.3193194E-02  0.4774132    
 -1.3153153E-02  0.4766873    
 -1.3113113E-02  0.4754199    
 -1.3073074E-02  0.4795244    
 -1.3033033E-02  0.4883247    
 -1.2992993E-02  0.4993987    
 -1.2952953E-02  0.5121430    
 -1.2912912E-02  0.5264241    
 -1.2872873E-02  0.5422484    
 -1.2832833E-02  0.5582694    
 -1.2792793E-02  0.5670890    
 -1.2752753E-02  0.5691347    
 -1.2712713E-02  0.5714811    
 -1.2672673E-02  0.5741390    
 -1.2632633E-02  0.5772822    
 -1.2592593E-02  0.5797924    
 -1.2552552E-02  0.5789855    
 -1.2512513E-02  0.5785273    
 -1.2472473E-02  0.5778388    
 -1.2432433E-02  0.5765691    
 -1.2392392E-02  0.5757683    
 -1.2352353E-02  0.5734574    
 -1.2312313E-02  0.5706311    
 -1.2272272E-02  0.5724912    
 -1.2232233E-02  0.5767572    
 -1.2192192E-02  0.5744242    
 -1.2152152E-02  0.5632818    
 -1.2112113E-02  0.5547453    
 -1.2072072E-02  0.5561367    
 -1.2032033E-02  0.5614475    
 -1.1991993E-02  0.5663875    
 -1.1951951E-02  0.5682009    
 -1.1911912E-02  0.5701281    
 -1.1871872E-02  0.5729356    
 -1.1831832E-02  0.5747625    
 -1.1791792E-02  0.5775034    
 -1.1751752E-02  0.5807333    
 -1.1711712E-02  0.5850432    
 -1.1671673E-02  0.5958781    
 -1.1631632E-02  0.6139513    
 -1.1591591E-02  0.6346806    
 -1.1551552E-02  0.6524060    
 -1.1511511E-02  0.6615114    
 -1.1471472E-02  0.6627500    
 -1.1431431E-02  0.6608292    
 -1.1391391E-02  0.6576375    
 -1.1351352E-02  0.6537400    
 -1.1311312E-02  0.6510117    
 -1.1271271E-02  0.6494095    
 -1.1231231E-02  0.6469979    
 -1.1191191E-02  0.6477576    
 -1.1151151E-02  0.6529628    
 -1.1111111E-02  0.6598383    
 -1.1071071E-02  0.6712362    
 -1.1031031E-02  0.6874738    
 -1.0990991E-02  0.7068560    
 -1.0950952E-02  0.7290162    
 -1.0910911E-02  0.7458388    
 -1.0870871E-02  0.7517183    
 -1.0830831E-02  0.7565136    
 -1.0790790E-02  0.7637758    
 -1.0750751E-02  0.7651232    
 -1.0710712E-02  0.7641269    
 -1.0670670E-02  0.7684550    
 -1.0630631E-02  0.7761982    
 -1.0590591E-02  0.7830206    
 -1.0550550E-02  0.7856710    
 -1.0510511E-02  0.7902685    
 -1.0470470E-02  0.8025792    
 -1.0430430E-02  0.8177201    
 -1.0390391E-02  0.8314120    
 -1.0350351E-02  0.8417096    
 -1.0310311E-02  0.8499291    
 -1.0270271E-02  0.8636029    
 -1.0230230E-02  0.8853577    
 -1.0190190E-02  0.9089892    
 -1.0150150E-02  0.9202288    
 -1.0110110E-02  0.9166020    
 -1.0070070E-02  0.9075959    
 -1.0030030E-02  0.8990387    
 -9.9899909E-03  0.8935730    
 -9.9499505E-03  0.8857819    
 -9.9099092E-03  0.8765267    
 -9.8698698E-03  0.8724147    
 -9.8298294E-03  0.8742148    
 -9.7897900E-03  0.8788587    
 -9.7497497E-03  0.8874548    
 -9.7097093E-03  0.9010295    
 -9.6696699E-03  0.9142969    
 -9.6296305E-03  0.9303719    
 -9.5895901E-03  0.9528129    
 -9.5495498E-03  0.9759172    
 -9.5095094E-03  0.9949601    
 -9.4694691E-03   1.014491    
 -9.4294297E-03   1.035657    
 -9.3893902E-03   1.046821    
 -9.3493490E-03   1.046033    
 -9.3093095E-03   1.047979    
 -9.2692701E-03   1.059374    
 -9.2292288E-03   1.076827    
 -9.1891894E-03   1.093706    
 -9.1491491E-03   1.105099    
 -9.1091087E-03   1.110416    
 -9.0690693E-03   1.111530    
 -9.0290299E-03   1.121230    
 -8.9889895E-03   1.143078    
 -8.9489492E-03   1.172104    
 -8.9089097E-03   1.200031    
 -8.8688685E-03   1.220745    
 -8.8288290E-03   1.238357    
 -8.7887887E-03   1.257447    
 -8.7487483E-03   1.274165    
 -8.7087089E-03   1.287328    
 -8.6686695E-03   1.303171    
 -8.6286291E-03   1.320964    
 -8.5885888E-03   1.333706    
 -8.5485484E-03   1.342085    
 -8.5085081E-03   1.355483    
 -8.4684687E-03   1.368134    
 -8.4284293E-03   1.370064    
 -8.3883880E-03   1.371839    
 -8.3483486E-03   1.385622    
 -8.3083091E-03   1.404451    
 -8.2682688E-03   1.427099    
 -8.2282284E-03   1.455113    
 -8.1881871E-03   1.477393    
 -8.1481477E-03   1.488315    
 -8.1081083E-03   1.493460    
 -8.0680680E-03   1.505436    
 -8.0280276E-03   1.528593    
 -7.9879882E-03   1.553918    
 -7.9479478E-03   1.569723    
 -7.9079084E-03   1.578470    
 -7.8678681E-03   1.592699    
 -7.8278277E-03   1.613578    
 -7.7877874E-03   1.638115    
 -7.7477479E-03   1.666405    
 -7.7077076E-03   1.693399    
 -7.6676677E-03   1.710780    
 -7.6276283E-03   1.720342    
 -7.5875875E-03   1.722515    
 -7.5475480E-03   1.731167    
 -7.5075072E-03   1.758864    
 -7.4674669E-03   1.798198    
 -7.4274275E-03   1.833070    
 -7.3873876E-03   1.852181    
 -7.3473472E-03   1.863544    
 -7.3073073E-03   1.874671    
 -7.2672679E-03   1.890024    
 -7.2272271E-03   1.908033    
 -7.1871867E-03   1.928483    
 -7.1471473E-03   1.956648    
 -7.1071065E-03   1.995066    
 -7.0670671E-03   2.042295    
 -7.0270272E-03   2.083655    
 -6.9869868E-03   2.102072    
 -6.9469470E-03   2.108298    
 -6.9069075E-03   2.121321    
 -6.8668672E-03   2.146828    
 -6.8268264E-03   2.180809    
 -6.7867870E-03   2.218360    
 -6.7467466E-03   2.260764    
 -6.7067076E-03   2.303092    
 -6.6666664E-03   2.345949    
 -6.6266265E-03   2.394255    
 -6.5865871E-03   2.447573    
 -6.5465472E-03   2.504415    
 -6.5065073E-03   2.554460    
 -6.4664660E-03   2.593654    
 -6.4264266E-03   2.612570    
 -6.3863867E-03   2.608741    
 -6.3463454E-03   2.595403    
 -6.3063060E-03   2.590888    
 -6.2662661E-03   2.609218    
 -6.2262267E-03   2.635629    
 -6.1861868E-03   2.663529    
 -6.1461474E-03   2.706727    
 -6.1061061E-03   2.764284    
 -6.0660662E-03   2.819199    
 -6.0260268E-03   2.863223    
 -5.9859855E-03   2.901397    
 -5.9459456E-03   2.942529    
 -5.9059057E-03   2.984251    
 -5.8658645E-03   3.025263    
 -5.8258250E-03   3.082690    
 -5.7857851E-03   3.151018    
 -5.7457457E-03   3.212559    
 -5.7057058E-03   3.264738    
 -5.6656664E-03   3.313038    
 -5.6256251E-03   3.376071    
 -5.5855853E-03   3.453052    
 -5.5455458E-03   3.537396    
 -5.5055059E-03   3.620243    
 -5.4654665E-03   3.693827    
 -5.4254266E-03   3.759800    
 -5.3853854E-03   3.823053    
 -5.3453455E-03   3.896412    
 -5.3053042E-03   3.989715    
 -5.2652648E-03   4.087236    
 -5.2252249E-03   4.177004    
 -5.1851855E-03   4.278714    
 -5.1451442E-03   4.389371    
 -5.1051043E-03   4.492772    
 -5.0650649E-03   4.582972    
 -5.0250250E-03   4.669365    
 -4.9849856E-03   4.763886    
 -4.9449457E-03   4.866598    
 -4.9049044E-03   4.981546    
 -4.8648650E-03   5.112639    
 -4.8248251E-03   5.247762    
 -4.7847852E-03   5.362980    
 -4.7447458E-03   5.454031    
 -4.7047059E-03   5.533580    
 -4.6646646E-03   5.605762    
 -4.6246252E-03   5.671755    
 -4.5845839E-03   5.740733    
 -4.5445440E-03   5.825606    
 -4.5045046E-03   5.931729    
 -4.4644647E-03   6.059304    
 -4.4244234E-03   6.202530    
 -4.3843840E-03   6.352150    
 -4.3443441E-03   6.511964    
 -4.3043043E-03   6.682936    
 -4.2642648E-03   6.850220    
 -4.2242249E-03   7.016963    
 -4.1841837E-03   7.207273    
 -4.1441442E-03   7.419705    
 -4.1041044E-03   7.620357    
 -4.0640649E-03   7.803332    
 -4.0240251E-03   8.012454    
 -3.9839856E-03   8.270012    
 -3.9439443E-03   8.524363    
 -3.9039028E-03   8.729693    
 -3.8638632E-03   8.912350    
 -3.8238235E-03   9.110297    
 -3.7837839E-03   9.335547    
 -3.7437442E-03   9.571884    
 -3.7037029E-03   9.807702    
 -3.6636633E-03   10.06977    
 -3.6236236E-03   10.37324    
 -3.5835840E-03   10.69284    
 -3.5435441E-03   11.01962    
 -3.5035044E-03   11.35310    
 -3.4634632E-03   11.67876    
 -3.4234235E-03   12.01921    
 -3.3833839E-03   12.38090    
 -3.3433442E-03   12.75295    
 -3.3033045E-03   13.16353    
 -3.2632649E-03   13.62233    
 -3.2232220E-03   14.08870    
 -3.1831823E-03   14.51851    
 -3.1431427E-03   14.92248    
 -3.1031030E-03   15.33976    
 -3.0630634E-03   15.76954    
 -3.0230221E-03   16.20258    
 -2.9829824E-03   16.66158    
 -2.9429425E-03   17.16784    
 -2.9029029E-03   17.71956    
 -2.8628632E-03   18.31992    
 -2.8228236E-03   18.95571    
 -2.7827823E-03   19.62220    
 -2.7427427E-03   20.36998    
 -2.7027030E-03   21.19911    
 -2.6626633E-03   22.07898    
 -2.6226237E-03   22.98384    
 -2.5825840E-03   23.88132    
 -2.5425411E-03   24.78892    
 -2.5025015E-03   25.77823    
 -2.4624618E-03   26.87608    
 -2.4224222E-03   28.06412    
 -2.3823823E-03   29.32387    
 -2.3423426E-03   30.64952    
 -2.3023013E-03   32.04833    
 -2.2622617E-03   33.55273    
 -2.2222220E-03   35.17800    
 -2.1821824E-03   36.88457    
 -2.1421427E-03   38.66360    
 -2.1021031E-03   40.53963    
 -2.0620618E-03   42.58673    
 -2.0220221E-03   44.82034    
 -1.9819825E-03   47.22202    
 -1.9419427E-03   49.84211    
 -1.9019031E-03   52.68310    
 -1.8618618E-03   55.68961    
 -1.8218205E-03   58.83121    
 -1.7817809E-03   62.03654    
 -1.7417412E-03   65.31773    
 -1.7017014E-03   68.77556    
 -1.6616618E-03   72.43765    
 -1.6216221E-03   76.32062    
 -1.5815808E-03   80.50626    
 -1.5415412E-03   85.10440    
 -1.5015015E-03   90.24089    
 -1.4614618E-03   95.95288    
 -1.4214221E-03   102.1180    
 -1.3813825E-03   108.5861    
 -1.3413412E-03   115.3197    
 -1.3013015E-03   122.3418    
 -1.2612619E-03   129.7170    
 -1.2212221E-03   137.5175    
 -1.1811808E-03   145.7020    
 -1.1411412E-03   154.3904    
 -1.1010999E-03   163.6850    
 -1.0610602E-03   173.6034    
 -1.0210206E-03   183.9993    
 -9.8098093E-04   194.6418    
 -9.4094122E-04   205.6566    
 -9.0090150E-04   217.1988    
 -8.6086028E-04   229.2485    
 -8.2082057E-04   241.7338    
 -7.8078092E-04   254.5793    
 -7.4074120E-04   267.6325    
 -7.0070155E-04   280.7468    
 -6.6066184E-04   293.9978    
 -6.2062062E-04   307.3684    
 -5.8058091E-04   320.6359    
 -5.4054125E-04   333.6866    
 -5.0049997E-04   346.6115    
 -4.6046029E-04   359.2807    
 -4.2042061E-04   371.1839    
 -3.8037935E-04   382.1904    
 -3.4033967E-04   392.3533    
 -3.0029999E-04   401.5610    
 -2.6026031E-04   409.6586    
 -2.2022062E-04   416.5544    
 -1.8018094E-04   422.4992    
 -1.4013967E-04   427.5882    
 -1.0009999E-04   431.4000    
 -6.0060313E-05   433.5841    
 -2.0020632E-05   434.3942    
  2.0019048E-05   434.3923    
  6.0058730E-05   433.5841    
  1.0009999E-04   431.4000    
  1.4013967E-04   427.5881    
  1.8018094E-04   422.4991    
  2.2022062E-04   416.5544    
  2.6026031E-04   409.6585    
  3.0030156E-04   401.5607    
  3.4034124E-04   392.3531    
  3.8038092E-04   382.1899    
  4.2042061E-04   371.1838    
  4.6046029E-04   359.2808    
  5.0049997E-04   346.6115    
  5.4054125E-04   333.6866    
  5.8058091E-04   320.6360    
  6.2062062E-04   307.3684    
  6.6066027E-04   293.9982    
  7.0069998E-04   280.7474    
  7.4073963E-04   267.6330    
  7.8078092E-04   254.5794    
  8.2082057E-04   241.7338    
  8.6086185E-04   229.2480    
  9.0090150E-04   217.1988    
  9.4094122E-04   205.6566    
  9.8098093E-04   194.6417    
  1.0210221E-03   183.9990    
  1.0610619E-03   173.6031    
  1.1011015E-03   163.6846    
  1.1411412E-03   154.3904    
  1.1811808E-03   145.7020    
  1.2212206E-03   137.5177    
  1.2612619E-03   129.7169    
  1.3013015E-03   122.3418    
  1.3413412E-03   115.3197    
  1.3813808E-03   108.5864    
  1.4214205E-03   102.1183    
  1.4614603E-03   95.95313    
  1.5015015E-03   90.24092    
  1.5415427E-03   85.10412    
  1.5815825E-03   80.50611    
  1.6216221E-03   76.32062    
  1.6616618E-03   72.43763    
  1.7017014E-03   68.77556    
  1.7417427E-03   65.31763    
  1.7817824E-03   62.03644    
  1.8218221E-03   58.83107    
  1.8618618E-03   55.68961    
  1.9019014E-03   52.68308    
  1.9419411E-03   49.84229    
  1.9819825E-03   47.22202    
  2.0220221E-03   44.82034    
  2.0620618E-03   42.58673    
  2.1021015E-03   40.53963    
  2.1421411E-03   38.66373    
  2.1821808E-03   36.88465    
  2.2222237E-03   35.17793    
  2.2622633E-03   33.55273    
  2.3023030E-03   32.04823    
  2.3423426E-03   30.64952    
  2.3823823E-03   29.32387    
  2.4224222E-03   28.06413    
  2.4624632E-03   26.87602    
  2.5025031E-03   25.77819    
  2.5425428E-03   24.78890    
  2.5825824E-03   23.88135    
  2.6226221E-03   22.98390    
  2.6626617E-03   22.07903    
  2.7027030E-03   21.19911    
  2.7427427E-03   20.36997    
  2.7827823E-03   19.62220    
  2.8228220E-03   18.95570    
  2.8628616E-03   18.31994    
  2.9029029E-03   17.71956    
  2.9429442E-03   17.16776    
  2.9829838E-03   16.66152    
  3.0230237E-03   16.20259    
  3.0630634E-03   15.76953    
  3.1031030E-03   15.33976    
  3.1431427E-03   14.92248    
  3.1831840E-03   14.51849    
  3.2232236E-03   14.08867    
  3.2632633E-03   13.62232    
  3.3033029E-03   13.16352    
  3.3433426E-03   12.75295    
  3.3833822E-03   12.38087    
  3.4234235E-03   12.01922    
  3.4634632E-03   11.67876    
  3.5035030E-03   11.35307    
  3.5435427E-03   11.01960    
  3.5835840E-03   10.69285    
  3.6236253E-03   10.37323    
  3.6636649E-03   10.06979    
  3.7037046E-03   9.807683    
  3.7437442E-03   9.571883    
  3.7837839E-03   9.335547    
  3.8238235E-03   9.110299    
  3.8638648E-03   8.912339    
  3.9039045E-03   8.729674    
  3.9439443E-03   8.524363    
  3.9839838E-03   8.270004    
  4.0240237E-03   8.012430    
  4.0640631E-03   7.803327    
  4.1041044E-03   7.620354    
  4.1441442E-03   7.419702    
  4.1841837E-03   7.207273    
  4.2242236E-03   7.016962    
  4.2642648E-03   6.850224    
  4.3043043E-03   6.682931    
  4.3443455E-03   6.511956    
  4.3843854E-03   6.352120    
  4.4244253E-03   6.202530    
  4.4644647E-03   6.059303    
  4.5045046E-03   5.931728    
  4.5445440E-03   5.825604    
  4.5845853E-03   5.740733    
  4.6246252E-03   5.671756    
  4.6646646E-03   5.605760    
  4.7047045E-03   5.533566    
  4.7447439E-03   5.454025    
  4.7847838E-03   5.363014    
  4.8248251E-03   5.247761    
  4.8648650E-03   5.112638    
  4.9049044E-03   4.981546    
  4.9449457E-03   4.866596    
  4.9849856E-03   4.763886    
  5.0250250E-03   4.669363    
  5.0650663E-03   4.582968    
  5.1051062E-03   4.492775    
  5.1451456E-03   4.389351    
  5.1851855E-03   4.278713    
  5.2252249E-03   4.177001    
  5.2652648E-03   4.087235    
  5.3053061E-03   3.989703    
  5.3453455E-03   3.896412    
  5.3853854E-03   3.823052    
  5.4254252E-03   3.759787    
  5.4654647E-03   3.693840    
  5.5055046E-03   3.620253    
  5.5455458E-03   3.537396    
  5.5855853E-03   3.453048    
  5.6256265E-03   3.376052    
  5.6656664E-03   3.313038    
  5.7057058E-03   3.264740    
  5.7457457E-03   3.212559    
  5.7857870E-03   3.151021    
  5.8258264E-03   3.082697    
  5.8658663E-03   3.025255    
  5.9059057E-03   2.984252    
  5.9459456E-03   2.942529    
  5.9859855E-03   2.901399    
  6.0260268E-03   2.863224    
  6.0660662E-03   2.819200    
  6.1061061E-03   2.764286    
  6.1461455E-03   2.706738    
  6.1861854E-03   2.663530    
  6.2262248E-03   2.635625    
  6.2662661E-03   2.609219    
  6.3063060E-03   2.590888    
  6.3463473E-03   2.595414    
  6.3863867E-03   2.608742    
  6.4264266E-03   2.612570    
  6.4664660E-03   2.593655    
  6.5065073E-03   2.554460    
  6.5465472E-03   2.504414    
  6.5865852E-03   2.447577    
  6.6266265E-03   2.394255    
  6.6666678E-03   2.345948    
  6.7067058E-03   2.303097    
  6.7467471E-03   2.260768    
  6.7867851E-03   2.218373    
  6.8268264E-03   2.180807    
  6.8668677E-03   2.146821    
  6.9069057E-03   2.121314    
  6.9469470E-03   2.108296    
  6.9869854E-03   2.102074    
  7.0270267E-03   2.083631    
  7.0670675E-03   2.042280    
  7.1071088E-03   1.995056    
  7.1471473E-03   1.956649    
  7.1871886E-03   1.928472    
  7.2272266E-03   1.908022    
  7.2672679E-03   1.890024    
  7.3073092E-03   1.874690    
  7.3473472E-03   1.863545    
  7.3873885E-03   1.852183    
  7.4274265E-03   1.833067    
  7.4674678E-03   1.798201    
  7.5075058E-03   1.758854    
  7.5475471E-03   1.731162    
  7.5875884E-03   1.722509    
  7.6276264E-03   1.720340    
  7.6676677E-03   1.710779    
  7.7077057E-03   1.693382    
  7.7477470E-03   1.666407    
  7.7877883E-03   1.638114    
  7.8278268E-03   1.613579    
  7.8678681E-03   1.592700    
  7.9079056E-03   1.578432    
  7.9479469E-03   1.569716    
  7.9879854E-03   1.553905    
  8.0280295E-03   1.528607    
  8.0680707E-03   1.505435    
  8.1081092E-03   1.493461    
  8.1481505E-03   1.488308    
  8.1881881E-03   1.477386    
  8.2282294E-03   1.455118    
  8.2682706E-03   1.427107    
  8.3083091E-03   1.404451    
  8.3483504E-03   1.385616    
  8.3883880E-03   1.371839    
  8.4284293E-03   1.370058    
  8.4684677E-03   1.368134    
  8.5085090E-03   1.355487    
  8.5485503E-03   1.342076    
  8.5885879E-03   1.333712    
  8.6286291E-03   1.320955    
  8.6686676E-03   1.303183    
  8.7087089E-03   1.287327    
  8.7487502E-03   1.274155    
  8.7887887E-03   1.257449    
  8.8288300E-03   1.238342    
  8.8688675E-03   1.220748    
  8.9089088E-03   1.200027    
  8.9489473E-03   1.172111    
  8.9889886E-03   1.143077    
  9.0290299E-03   1.121229    
  9.0690674E-03   1.111520    
  9.1091087E-03   1.110415    
  9.1491472E-03   1.105096    
  9.1891885E-03   1.093708    
  9.2292298E-03   1.076833    
  9.2692673E-03   1.059364    
  9.3093086E-03   1.047967    
  9.3493471E-03   1.046036    
  9.3893912E-03   1.046822    
  9.4294297E-03   1.035655    
  9.4694709E-03   1.014494    
  9.5095122E-03  0.9949477    
  9.5495498E-03  0.9759104    
  9.5895911E-03  0.9528068    
  9.6296296E-03  0.9303641    
  9.6696708E-03  0.9143009    
  9.7097121E-03  0.9010354    
  9.7497497E-03  0.8874548    
  9.7897910E-03  0.8788733    
  9.8298294E-03  0.8742148    
  9.8698707E-03  0.8724275    
  9.9099092E-03  0.8765264    
  9.9499505E-03  0.8857818    
  9.9899918E-03  0.8935626    
  1.0030029E-02  0.8990319    
  1.0070071E-02  0.9075842    
  1.0110109E-02  0.9165965    
  1.0150150E-02  0.9202294    
  1.0190192E-02  0.9089967    
  1.0230229E-02  0.8853482    
  1.0270271E-02  0.8636026    
  1.0310309E-02  0.8499300    
  1.0350350E-02  0.8417181    
  1.0390388E-02  0.8314205    
  1.0430429E-02  0.8177161    
  1.0470470E-02  0.8025786    
  1.0510509E-02  0.7902753    
  1.0550550E-02  0.7856702    
  1.0590588E-02  0.7830147    
  1.0630629E-02  0.7761988    
  1.0670670E-02  0.7684559    
  1.0710709E-02  0.7641281    
  1.0750750E-02  0.7651222    
  1.0790791E-02  0.7637666    
  1.0830833E-02  0.7565110    
  1.0870874E-02  0.7517057    
  1.0910912E-02  0.7458245    
  1.0950953E-02  0.7290174    
  1.0990991E-02  0.7068558    
  1.1031033E-02  0.6874748    
  1.1071071E-02  0.6712375    
  1.1111112E-02  0.6598480    
  1.1151154E-02  0.6529645    
  1.1191191E-02  0.6477578    
  1.1231232E-02  0.6469947    
  1.1271271E-02  0.6494091    
  1.1311312E-02  0.6510115    
  1.1351353E-02  0.6537307    
  1.1391391E-02  0.6576360    
  1.1431432E-02  0.6608318    
  1.1471471E-02  0.6627600    
  1.1511512E-02  0.6615057    
  1.1551550E-02  0.6524072    
  1.1591591E-02  0.6346810    
  1.1631632E-02  0.6139526    
  1.1671671E-02  0.5958716    
  1.1711712E-02  0.5850435    
  1.1751750E-02  0.5807424    
  1.1791791E-02  0.5775052    
  1.1831832E-02  0.5747645    
  1.1871871E-02  0.5729412    
  1.1911912E-02  0.5701278    
  1.1951950E-02  0.5681980    
  1.1991992E-02  0.5663906    
  1.2032029E-02  0.5614473    
  1.2072071E-02  0.5561333    
  1.2112112E-02  0.5547392    
  1.2152153E-02  0.5632758    
  1.2192194E-02  0.5744135    
  1.2232233E-02  0.5767571    
  1.2272274E-02  0.5724875    
  1.2312315E-02  0.5706283    
  1.2352353E-02  0.5734580    
  1.2392394E-02  0.5757605    
  1.2432433E-02  0.5765691    
  1.2472474E-02  0.5778267    
  1.2512512E-02  0.5785275    
  1.2552553E-02  0.5789772    
  1.2592594E-02  0.5797889    
  1.2632633E-02  0.5772821    
  1.2672674E-02  0.5741338    
  1.2712711E-02  0.5714779    
  1.2752753E-02  0.5691350    
  1.2792794E-02  0.5670884    
  1.2832833E-02  0.5582709    
  1.2872874E-02  0.5422413    
  1.2912912E-02  0.5264257    
  1.2952953E-02  0.5121425    
  1.2992991E-02  0.4993995    
  1.3033032E-02  0.4883190    
  1.3073074E-02  0.4795239    
  1.3113112E-02  0.4754274    
  1.3153153E-02  0.4766876    
  1.3193191E-02  0.4774164    
  1.3233232E-02  0.4698085    
  1.3273274E-02  0.4577905    
  1.3313312E-02  0.4495739    
  1.3353353E-02  0.4469993    
  1.3393391E-02  0.4478863    
  1.3433432E-02  0.4467825    
  1.3473471E-02  0.4433436    
  1.3513515E-02  0.4412515    
  1.3553556E-02  0.4439917    
  1.3593595E-02  0.4498765    
  1.3633636E-02  0.4536479    
  1.3673673E-02  0.4542476    
  1.3713715E-02  0.4535148    
  1.3753756E-02  0.4532848    
  1.3793794E-02  0.4564041    
  1.3833836E-02  0.4596434    
  1.3873873E-02  0.4582587    
  1.3913915E-02  0.4531071    
  1.3953956E-02  0.4462950    
  1.3993994E-02  0.4419157    
  1.4034036E-02  0.4385913    
  1.4074074E-02  0.4346315    
  1.4114115E-02  0.4280293    
  1.4154153E-02  0.4203201    
  1.4194194E-02  0.4122680    
  1.4234236E-02  0.4025695    
  1.4274274E-02  0.3910303    
  1.4314315E-02  0.3817974    
  1.4354353E-02  0.3786204    
  1.4394394E-02  0.3772597    
  1.4434435E-02  0.3732315    
  1.4474474E-02  0.3691717    
  1.4514515E-02  0.3694177    
  1.4554553E-02  0.3725222    
  1.4594594E-02  0.3757030    
  1.4634633E-02  0.3762421    
  1.4674674E-02  0.3746875    
  1.4714715E-02  0.3741341    
  1.4754753E-02  0.3746733    
  1.4794794E-02  0.3751059    
  1.4834832E-02  0.3746092    
  1.4874876E-02  0.3724806    
  1.4914918E-02  0.3687657    
  1.4954956E-02  0.3634721    
  1.4994998E-02  0.3592099    
  1.5035035E-02  0.3554655    
  1.5075076E-02  0.3502252    
  1.5115115E-02  0.3448739    
  1.5155156E-02  0.3412680    
  1.5195197E-02  0.3397678    
  1.5235236E-02  0.3407070    
  1.5275277E-02  0.3417533    
  1.5315315E-02  0.3412348    
  1.5355356E-02  0.3397595    
  1.5395397E-02  0.3378611    
  1.5435436E-02  0.3349525    
  1.5475477E-02  0.3313278    
  1.5515515E-02  0.3290735    
  1.5555556E-02  0.3275147    
  1.5595594E-02  0.3230735    
  1.5635636E-02  0.3143662    
  1.5675677E-02  0.3043123    
  1.5715715E-02  0.2967548    
  1.5755756E-02  0.2938232    
  1.5795793E-02  0.2938617    
  1.5835835E-02  0.2941940    
  1.5875876E-02  0.2945169    
  1.5915915E-02  0.2944915    
  1.5955957E-02  0.2931599    
  1.5995994E-02  0.2916762    
  1.6036035E-02  0.2912508    
  1.6076073E-02  0.2925740    
  1.6116114E-02  0.2934657    
  1.6156156E-02  0.2928604    
  1.6196195E-02  0.2922072    
  1.6236238E-02  0.2924765    
  1.6276278E-02  0.2917508    
  1.6316317E-02  0.2874742    
  1.6356358E-02  0.2826608    
  1.6396398E-02  0.2787744    
  1.6436439E-02  0.2734699    
  1.6476477E-02  0.2660427    
  1.6516518E-02  0.2572840    
  1.6556555E-02  0.2493017    
  1.6596597E-02  0.2456100    
  1.6636638E-02  0.2445369    
  1.6676677E-02  0.2448989    
  1.6716719E-02  0.2482430    
  1.6756756E-02  0.2509452    
  1.6796798E-02  0.2509076    
  1.6836839E-02  0.2481086    
  1.6876876E-02  0.2453188    
  1.6916918E-02  0.2441180    
  1.6956955E-02  0.2439857    
  1.6996996E-02  0.2428613    
  1.7037036E-02  0.2428644    
  1.7077077E-02  0.2449318    
  1.7117118E-02  0.2454878    
  1.7157156E-02  0.2424582    
  1.7197197E-02  0.2368806    
  1.7237235E-02  0.2355206    
  1.7277276E-02  0.2396072    
  1.7317317E-02  0.2447719    
  1.7357357E-02  0.2469216    
  1.7397398E-02  0.2463553    
  1.7437436E-02  0.2457092    
  1.7477477E-02  0.2465381    
  1.7517515E-02  0.2470718    
  1.7557556E-02  0.2456286    
  1.7597601E-02  0.2422872    
  1.7637638E-02  0.2392489    
  1.7677680E-02  0.2386543    
  1.7717717E-02  0.2382352    
  1.7757758E-02  0.2360048    
  1.7797800E-02  0.2334586    
  1.7837839E-02  0.2331941    
  1.7877880E-02  0.2357369    
  1.7917918E-02  0.2379131    
  1.7957959E-02  0.2408693    
  1.7998001E-02  0.2445388    
  1.8038038E-02  0.2470450    
  1.8078079E-02  0.2476656    
  1.8118117E-02  0.2463435    
  1.8158158E-02  0.2448742    
  1.8198198E-02  0.2420487    
  1.8238239E-02  0.2387504    
  1.8278280E-02  0.2363673    
  1.8318318E-02  0.2343545    
  1.8358359E-02  0.2317180    
  1.8398397E-02  0.2294815    
  1.8438438E-02  0.2284563    
  1.8478479E-02  0.2282928    
  1.8518519E-02  0.2299645    
  1.8558560E-02  0.2341165    
  1.8598597E-02  0.2380931    
  1.8638639E-02  0.2403287    
  1.8678676E-02  0.2400073    
  1.8718718E-02  0.2367955    
  1.8758759E-02  0.2329720    
  1.8798796E-02  0.2294182    
  1.8838838E-02  0.2243692    
  1.8878877E-02  0.2182056    
  1.8918918E-02  0.2139194    
  1.8958962E-02  0.2120877    
  1.8999001E-02  0.2115161    
  1.9039042E-02  0.2127074    
  1.9079080E-02  0.2134015    
  1.9119121E-02  0.2138293    
  1.9159159E-02  0.2150347    
  1.9199200E-02  0.2148826    
  1.9239241E-02  0.2126770    
  1.9279279E-02  0.2103471    
  1.9319320E-02  0.2095029    
  1.9359360E-02  0.2092890    
  1.9399401E-02  0.2097572    
  1.9439442E-02  0.2104661    
  1.9479480E-02  0.2110582    
  1.9519521E-02  0.2093576    
  1.9559558E-02  0.2044814    
  1.9599600E-02  0.1986237    
  1.9639639E-02  0.1931435    
  1.9679680E-02  0.1885360    
  1.9719722E-02  0.1873470    
  1.9759759E-02  0.1874933    
  1.9799801E-02  0.1880469    
  1.9839838E-02  0.1893715    
  1.9879879E-02  0.1881931    
  1.9919921E-02  0.1853454    
  1.9959958E-02  0.1832440    
  2.0000000E-02  0.1816540    
