 -3.9999999E-02  0.1583706    
 -3.9919920E-02  0.1596862    
 -3.9839841E-02  0.1611093    
 -3.9759759E-02  0.1624081    
 -3.9679680E-02  0.1633961    
 -3.9599601E-02  0.1640350    
 -3.9519522E-02  0.1644331    
 -3.9439440E-02  0.1647676    
 -3.9359361E-02  0.1651800    
 -3.9279278E-02  0.1657001    
 -3.9199200E-02  0.1662457    
 -3.9119117E-02  0.1667161    
 -3.9039038E-02  0.1670654    
 -3.8958959E-02  0.1673600    
 -3.8878880E-02  0.1677088    
 -3.8798802E-02  0.1682239    
 -3.8718719E-02  0.1689020    
 -3.8638640E-02  0.1696328    
 -3.8558558E-02  0.1702465    
 -3.8478479E-02  0.1706516    
 -3.8398396E-02  0.1708657    
 -3.8318317E-02  0.1710564    
 -3.8238239E-02  0.1714181    
 -3.8158160E-02  0.1720743    
 -3.8078081E-02  0.1729814    
 -3.7997998E-02  0.1739791    
 -3.7917919E-02  0.1748665    
 -3.7837837E-02  0.1755331    
 -3.7757758E-02  0.1760133    
 -3.7677675E-02  0.1764597    
 -3.7597597E-02  0.1770365    
 -3.7517518E-02  0.1777927    
 -3.7437439E-02  0.1786375    
 -3.7357360E-02  0.1793681    
 -3.7277278E-02  0.1798089    
 -3.7197199E-02  0.1799019    
 -3.7117120E-02  0.1797645    
 -3.7037037E-02  0.1795938    
 -3.6956955E-02  0.1795692    
 -3.6876876E-02  0.1797340    
 -3.6796797E-02  0.1799942    
 -3.6716718E-02  0.1801835    
 -3.6636636E-02  0.1801938    
 -3.6556557E-02  0.1800566    
 -3.6476478E-02  0.1799417    
 -3.6396399E-02  0.1800691    
 -3.6316317E-02  0.1805635    
 -3.6236234E-02  0.1814151    
 -3.6156155E-02  0.1824722    
 -3.6076076E-02  0.1835548    
 -3.5995997E-02  0.1845658    
 -3.5915915E-02  0.1855144    
 -3.5835836E-02  0.1865193    
 -3.5755757E-02  0.1876760    
 -3.5675678E-02  0.1889714    
 -3.5595596E-02  0.1902523    
 -3.5515513E-02  0.1913184    
 -3.5435434E-02  0.1920091    
 -3.5355356E-02  0.1923416    
 -3.5275277E-02  0.1924684    
 -3.5195194E-02  0.1926356    
 -3.5115115E-02  0.1929978    
 -3.5035037E-02  0.1935883    
 -3.4954958E-02  0.1942822    
 -3.4874879E-02  0.1949018    
 -3.4794796E-02  0.1953484    
 -3.4714714E-02  0.1956529    
 -3.4634635E-02  0.1959871    
 -3.4554552E-02  0.1965362    
 -3.4474473E-02  0.1974110    
 -3.4394395E-02  0.1985692    
 -3.4314316E-02  0.1998717    
 -3.4234237E-02  0.2011669    
 -3.4154154E-02  0.2024127    
 -3.4074076E-02  0.2036379    
 -3.3993993E-02  0.2049604    
 -3.3913914E-02  0.2064220    
 -3.3833835E-02  0.2079444    
 -3.3753753E-02  0.2093545    
 -3.3673674E-02  0.2104517    
 -3.3593595E-02  0.2111562    
 -3.3513516E-02  0.2115594    
 -3.3433434E-02  0.2118685    
 -3.3353355E-02  0.2123106    
 -3.3273272E-02  0.2130038    
 -3.3193193E-02  0.2138797    
 -3.3113111E-02  0.2147481    
 -3.3033032E-02  0.2154316    
 -3.2952953E-02  0.2158833    
 -3.2872874E-02  0.2162255    
 -3.2792795E-02  0.2166730    
 -3.2712713E-02  0.2173797    
 -3.2632634E-02  0.2183414    
 -3.2552555E-02  0.2193674    
 -3.2472473E-02  0.2201888    
 -3.2392394E-02  0.2206211    
 -3.2312311E-02  0.2206651    
 -3.2232232E-02  0.2205403    
 -3.2152154E-02  0.2205369    
 -3.2072071E-02  0.2208861    
 -3.1991996E-02  0.2216253    
 -3.1911913E-02  0.2226155    
 -3.1831834E-02  0.2236595    
 -3.1751752E-02  0.2246414    
 -3.1671669E-02  0.2256232    
 -3.1591590E-02  0.2267931    
 -3.1511512E-02  0.2283467    
 -3.1431433E-02  0.2303403    
 -3.1351354E-02  0.2326484    
 -3.1271271E-02  0.2350025    
 -3.1191191E-02  0.2371639    
 -3.1111112E-02  0.2390377    
 -3.1031029E-02  0.2407270    
 -3.0950954E-02  0.2424515    
 -3.0870872E-02  0.2443831    
 -3.0790791E-02  0.2465314    
 -3.0710712E-02  0.2487303    
 -3.0630630E-02  0.2507186    
 -3.0550551E-02  0.2523095    
 -3.0470472E-02  0.2534953    
 -3.0390391E-02  0.2544428    
 -3.0310312E-02  0.2553821    
 -3.0230230E-02  0.2564591    
 -3.0150151E-02  0.2576423    
 -3.0070070E-02  0.2587514    
 -2.9989991E-02  0.2595865    
 -2.9909909E-02  0.2600598    
 -2.9829830E-02  0.2602730    
 -2.9749751E-02  0.2604536    
 -2.9669670E-02  0.2608244    
 -2.9589588E-02  0.2614767    
 -2.9509509E-02  0.2623230    
 -2.9429430E-02  0.2631783    
 -2.9349351E-02  0.2639210    
 -2.9269271E-02  0.2645630    
 -2.9189188E-02  0.2653117    
 -2.9109109E-02  0.2664241    
 -2.9029030E-02  0.2680857    
 -2.8948950E-02  0.2702825    
 -2.8868867E-02  0.2728100    
 -2.8788788E-02  0.2754065    
 -2.8708709E-02  0.2778860    
 -2.8628631E-02  0.2802256    
 -2.8548548E-02  0.2825392    
 -2.8468467E-02  0.2849706    
 -2.8388388E-02  0.2875600    
 -2.8308310E-02  0.2901798    
 -2.8228231E-02  0.2926304    
 -2.8148148E-02  0.2947793    
 -2.8068068E-02  0.2966364    
 -2.7987989E-02  0.2984225    
 -2.7907910E-02  0.3004098    
 -2.7827827E-02  0.3027627    
 -2.7747747E-02  0.3054808    
 -2.7667668E-02  0.3083235    
 -2.7587589E-02  0.3110260    
 -2.7507506E-02  0.3134072    
 -2.7427427E-02  0.3155082    
 -2.7347347E-02  0.3175202    
 -2.7267268E-02  0.3196534    
 -2.7187189E-02  0.3219740    
 -2.7107107E-02  0.3243012    
 -2.7027028E-02  0.3263359    
 -2.6946947E-02  0.3278176    
 -2.6866868E-02  0.3287173    
 -2.6786789E-02  0.3292979    
 -2.6706707E-02  0.3299893    
 -2.6626626E-02  0.3311868    
 -2.6546547E-02  0.3330440    
 -2.6466466E-02  0.3354217    
 -2.6386388E-02  0.3379880    
 -2.6306307E-02  0.3404339    
 -2.6226226E-02  0.3426697    
 -2.6146147E-02  0.3448552    
 -2.6066067E-02  0.3472784    
 -2.5985986E-02  0.3501549    
 -2.5905905E-02  0.3534997    
 -2.5825825E-02  0.3570749    
 -2.5745746E-02  0.3605547    
 -2.5665667E-02  0.3637205    
 -2.5585586E-02  0.3665423    
 -2.5505506E-02  0.3691953    
 -2.5425427E-02  0.3718803    
 -2.5345346E-02  0.3746634    
 -2.5265265E-02  0.3774118    
 -2.5185186E-02  0.3798405    
 -2.5105104E-02  0.3817296    
 -2.5025025E-02  0.3830946    
 -2.4944946E-02  0.3842037    
 -2.4864865E-02  0.3855124    
 -2.4784785E-02  0.3873960    
 -2.4704706E-02  0.3900076    
 -2.4624625E-02  0.3932143    
 -2.4544545E-02  0.3967193    
 -2.4464466E-02  0.4002482    
 -2.4384385E-02  0.4037579    
 -2.4304304E-02  0.4074072    
 -2.4224225E-02  0.4114605    
 -2.4144145E-02  0.4160593    
 -2.4064066E-02  0.4211051    
 -2.3983985E-02  0.4263111    
 -2.3903903E-02  0.4313106    
 -2.3823824E-02  0.4358920    
 -2.3743745E-02  0.4400805    
 -2.3663664E-02  0.4440816    
 -2.3583584E-02  0.4481416    
 -2.3503505E-02  0.4523419    
 -2.3423424E-02  0.4565533    
 -2.3343345E-02  0.4605104    
 -2.3263264E-02  0.4640058    
 -2.3183182E-02  0.4670449    
 -2.3103103E-02  0.4698585    
 -2.3023022E-02  0.4727985    
 -2.2942943E-02  0.4761112    
 -2.2862863E-02  0.4798328    
 -2.2782782E-02  0.4837693    
 -2.2702703E-02  0.4876576    
 -2.2622624E-02  0.4913595    
 -2.2542542E-02  0.4949921    
 -2.2462461E-02  0.4988123    
 -2.2382382E-02  0.5030907    
 -2.2302302E-02  0.5078508    
 -2.2222223E-02  0.5128652    
 -2.2142142E-02  0.5177284    
 -2.2062061E-02  0.5221186    
 -2.1981983E-02  0.5259945    
 -2.1901904E-02  0.5296705    
 -2.1821821E-02  0.5336459    
 -2.1741742E-02  0.5383261    
 -2.1661662E-02  0.5437766    
 -2.1581581E-02  0.5496753    
 -2.1501502E-02  0.5554531    
 -2.1421423E-02  0.5605822    
 -2.1341341E-02  0.5648178    
 -2.1261262E-02  0.5682881    
 -2.1181181E-02  0.5713488    
 -2.1101100E-02  0.5743391    
 -2.1021022E-02  0.5774203    
 -2.0940941E-02  0.5805230    
 -2.0860860E-02  0.5835108    
 -2.0780781E-02  0.5863538    
 -2.0700702E-02  0.5892546    
 -2.0620622E-02  0.5925471    
 -2.0540541E-02  0.5965663    
 -2.0460460E-02  0.6013828    
 -2.0380380E-02  0.6067483    
 -2.0300301E-02  0.6122152    
 -2.0220220E-02  0.6173809    
 -2.0140139E-02  0.6221150    
 -2.0060061E-02  0.6266235    
 -1.9979982E-02  0.6312981    
 -1.9899901E-02  0.6364976    
 -1.9819818E-02  0.6422899    
 -1.9739740E-02  0.6484377    
 -1.9659659E-02  0.6545525    
 -1.9579580E-02  0.6603516    
 -1.9499499E-02  0.6658401    
 -1.9419419E-02  0.6713537    
 -1.9339340E-02  0.6773528    
 -1.9259261E-02  0.6841804    
 -1.9179180E-02  0.6918662    
 -1.9099100E-02  0.7001466    
 -1.9019019E-02  0.7086342    
 -1.8938938E-02  0.7170421    
 -1.8858859E-02  0.7253080    
 -1.8778780E-02  0.7335896    
 -1.8698698E-02  0.7420568    
 -1.8618619E-02  0.7507431    
 -1.8538540E-02  0.7594587    
 -1.8458458E-02  0.7678854    
 -1.8378379E-02  0.7757866    
 -1.8298298E-02  0.7831683    
 -1.8218217E-02  0.7902794    
 -1.8138139E-02  0.7974731    
 -1.8058060E-02  0.8050268    
 -1.7977979E-02  0.8129315    
 -1.7897898E-02  0.8210000    
 -1.7817819E-02  0.8289995    
 -1.7737737E-02  0.8368768    
 -1.7657658E-02  0.8448676    
 -1.7577577E-02  0.8533738    
 -1.7497497E-02  0.8627655    
 -1.7417418E-02  0.8731334    
 -1.7337339E-02  0.8842003    
 -1.7257258E-02  0.8954718    
 -1.7177178E-02  0.9065061    
 -1.7097097E-02  0.9171373    
 -1.7017016E-02  0.9275548    
 -1.6936937E-02  0.9381523    
 -1.6856859E-02  0.9492468    
 -1.6776776E-02  0.9608654    
 -1.6696697E-02  0.9727079    
 -1.6616618E-02  0.9843074    
 -1.6536538E-02  0.9952577    
 -1.6456457E-02   1.005478    
 -1.6376374E-02   1.015166    
 -1.6296295E-02   1.024611    
 -1.6216217E-02   1.033966    
 -1.6136136E-02   1.043149    
 -1.6056055E-02   1.051883    
 -1.5975976E-02   1.059944    
 -1.5895896E-02   1.067381    
 -1.5815817E-02   1.074657    
 -1.5735736E-02   1.082462    
 -1.5655655E-02   1.091416    
 -1.5575575E-02   1.101825    
 -1.5495496E-02   1.113517    
 -1.5415415E-02   1.125996    
 -1.5335335E-02   1.138741    
 -1.5255257E-02   1.151421    
 -1.5175175E-02   1.164015    
 -1.5095096E-02   1.176723    
 -1.5015014E-02   1.189675    
 -1.4934934E-02   1.202852    
 -1.4854855E-02   1.216001    
 -1.4774775E-02   1.228886    
 -1.4694694E-02   1.241465    
 -1.4614615E-02   1.253996    
 -1.4534536E-02   1.266991    
 -1.4454454E-02   1.280945    
 -1.4374373E-02   1.296103    
 -1.4294295E-02   1.312388    
 -1.4214213E-02   1.329457    
 -1.4134134E-02   1.347003    
 -1.4054054E-02   1.364891    
 -1.3973974E-02   1.383264    
 -1.3893894E-02   1.402335    
 -1.3813815E-02   1.422179    
 -1.3733734E-02   1.442593    
 -1.3653653E-02   1.463133    
 -1.3573574E-02   1.483378    
 -1.3493493E-02   1.503222    
 -1.3413415E-02   1.522984    
 -1.3333333E-02   1.543263    
 -1.3253253E-02   1.564674    
 -1.3173174E-02   1.587467    
 -1.3093094E-02   1.611406    
 -1.3013015E-02   1.635899    
 -1.2932932E-02   1.660333    
 -1.2852853E-02   1.684408    
 -1.2772773E-02   1.708254    
 -1.2692691E-02   1.732252    
 -1.2612612E-02   1.756742    
 -1.2532532E-02   1.781753    
 -1.2452453E-02   1.806991    
 -1.2372374E-02   1.832071    
 -1.2292295E-02   1.856895    
 -1.2212212E-02   1.881812    
 -1.2132132E-02   1.907557    
 -1.2052054E-02   1.934902    
 -1.1971971E-02   1.964195    
 -1.1891891E-02   1.995146    
 -1.1811811E-02   2.026933    
 -1.1731729E-02   2.058652    
 -1.1651650E-02   2.089746    
 -1.1571570E-02   2.120329    
 -1.1491491E-02   2.151079    
 -1.1411412E-02   2.182826    
 -1.1331333E-02   2.216134    
 -1.1251250E-02   2.251073    
 -1.1171171E-02   2.287295    
 -1.1091092E-02   2.324375    
 -1.1011012E-02   2.362196    
 -1.0930933E-02   2.400973    
 -1.0850853E-02   2.441145    
 -1.0770771E-02   2.482907    
 -1.0690691E-02   2.526069    
 -1.0610608E-02   2.569969    
 -1.0530530E-02   2.613979    
 -1.0450450E-02   2.657820    
 -1.0370371E-02   2.701949    
 -1.0290288E-02   2.747395    
 -1.0210209E-02   2.795330    
 -1.0130130E-02   2.846526    
 -1.0050050E-02   2.900978    
 -9.9699711E-03   2.957988    
 -9.8898914E-03   3.016511    
 -9.8098088E-03   3.075740    
 -9.7297300E-03   3.135331    
 -9.6496502E-03   3.195421    
 -9.5695704E-03   3.256283    
 -9.4894916E-03   3.317938    
 -9.4094118E-03   3.380083    
 -9.3293292E-03   3.442208    
 -9.2492504E-03   3.503993    
 -9.1691678E-03   3.565686    
 -9.0890881E-03   3.628053    
 -9.0090092E-03   3.692146    
 -8.9289295E-03   3.758785    
 -8.8488469E-03   3.828333    
 -8.7687680E-03   3.900734    
 -8.6886883E-03   3.975904    
 -8.6086085E-03   4.054003    
 -8.5285297E-03   4.135743    
 -8.4484499E-03   4.222052    
 -8.3683673E-03   4.313639    
 -8.2882885E-03   4.410444    
 -8.2082087E-03   4.511586    
 -8.1281299E-03   4.615596    
 -8.0480501E-03   4.721090    
 -7.9679713E-03   4.827497    
 -7.8878887E-03   4.935171    
 -7.8078057E-03   5.045206    
 -7.7277264E-03   5.158877    
 -7.6476471E-03   5.277117    
 -7.5675678E-03   5.400261    
 -7.4874884E-03   5.528348    
 -7.4074059E-03   5.661373    
 -7.3273266E-03   5.799627    
 -7.2472473E-03   5.943822    
 -7.1671680E-03   6.094532    
 -7.0870882E-03   6.252030    
 -7.0070089E-03   6.416083    
 -6.9269263E-03   6.586230    
 -6.8468470E-03   6.762311    
 -6.7667677E-03   6.944910    
 -6.6866884E-03   7.135373    
 -6.6066091E-03   7.335209    
 -6.5265298E-03   7.545607    
 -6.4464440E-03   7.766801    
 -6.3663647E-03   7.998066    
 -6.2862854E-03   8.238518    
 -6.2062060E-03   8.487748    
 -6.1261267E-03   8.746535    
 -6.0460442E-03   9.016545    
 -5.9659649E-03   9.299810    
 -5.8858851E-03   9.597637    
 -5.8058058E-03   9.910238    
 -5.7257265E-03   10.23682    
 -5.6456472E-03   10.57647    
 -5.5655646E-03   10.92922    
 -5.4854853E-03   11.29654    
 -5.4054060E-03   11.68124    
 -5.3253267E-03   12.08652    
 -5.2452474E-03   12.51506    
 -5.1651681E-03   12.96826    
 -5.0850823E-03   13.44671    
 -5.0050030E-03   13.95059    
 -4.9249236E-03   14.48075    
 -4.8448443E-03   15.03909    
 -4.7647646E-03   15.62800    
 -4.6846853E-03   16.24982    
 -4.6046027E-03   16.90608    
 -4.5245234E-03   17.59762    
 -4.4444441E-03   18.32528    
 -4.3643648E-03   19.09085    
 -4.2842855E-03   19.89772    
 -4.2042062E-03   20.75060    
 -4.1241236E-03   21.65450    
 -4.0440443E-03   22.61335    
 -3.9639650E-03   23.62975    
 -3.8838855E-03   24.70483    
 -3.8038061E-03   25.83994    
 -3.7237236E-03   27.03797    
 -3.6436410E-03   28.30367    
 -3.5635617E-03   29.64403    
 -3.4834824E-03   31.06699    
 -3.4034029E-03   32.58052    
 -3.3233236E-03   34.19230    
 -3.2432443E-03   35.91050    
 -3.1631617E-03   37.74545    
 -3.0830824E-03   39.70977    
 -3.0030031E-03   41.81891    
 -2.9229235E-03   44.08899    
 -2.8428442E-03   46.53465    
 -2.7627649E-03   49.16762    
 -2.6826824E-03   51.99689    
 -2.6026031E-03   55.02953    
 -2.5225237E-03   58.27430    
 -2.4424442E-03   61.74247    
 -2.3623616E-03   65.44810    
 -2.2822823E-03   69.40633    
 -2.2021998E-03   73.63089    
 -2.1221205E-03   78.13212    
 -2.0420412E-03   82.91759    
 -1.9619619E-03   87.99294    
 -1.8818824E-03   93.36425    
 -1.8018030E-03   99.03780    
 -1.7217206E-03   105.0182    
 -1.6416411E-03   111.3035    
 -1.5615618E-03   117.8812    
 -1.4814824E-03   124.7255    
 -1.4014031E-03   131.7977    
 -1.3213237E-03   139.0506    
 -1.2412412E-03   146.4333    
 -1.1611618E-03   153.8947    
 -1.0810825E-03   161.3845    
 -1.0009999E-03   168.8504    
 -9.2092057E-04   176.2324    
 -8.4084121E-04   183.4609    
 -7.6075870E-04   190.4552    
 -6.8067934E-04   197.1255    
 -6.0059997E-04   203.3793    
 -5.2052061E-04   209.1245    
 -4.4044125E-04   214.2722    
 -3.6036188E-04   218.7368    
 -2.8027935E-04   222.4368    
 -2.0019998E-04   225.2946    
 -1.2012063E-04   227.2435    
 -4.0041265E-05   228.2321    
  4.0038096E-05   228.2333    
  1.2011746E-04   227.2436    
  2.0019998E-04   225.2946    
  2.8027935E-04   222.4368    
  3.6036188E-04   218.7368    
  4.4044125E-04   214.2722    
  5.2052061E-04   209.1245    
  6.0060312E-04   203.3791    
  6.8068248E-04   197.1252    
  7.6076185E-04   190.4550    
  8.4084121E-04   183.4609    
  9.2092057E-04   176.2324    
  1.0009999E-03   168.8504    
  1.0810825E-03   161.3845    
  1.1611618E-03   153.8947    
  1.2412412E-03   146.4333    
  1.3213205E-03   139.0508    
  1.4014000E-03   131.7980    
  1.4814793E-03   124.7257    
  1.5615618E-03   117.8812    
  1.6416411E-03   111.3035    
  1.7217237E-03   105.0179    
  1.8018030E-03   99.03780    
  1.8818824E-03   93.36425    
  1.9619619E-03   87.99294    
  2.0420442E-03   82.91739    
  2.1221237E-03   78.13193    
  2.2022030E-03   73.63074    
  2.2822823E-03   69.40633    
  2.3623616E-03   65.44810    
  2.4424412E-03   61.74257    
  2.5225237E-03   58.27430    
  2.6026031E-03   55.02953    
  2.6826824E-03   51.99689    
  2.7627617E-03   49.16778    
  2.8428410E-03   46.53471    
  2.9229205E-03   44.08910    
  3.0030031E-03   41.81893    
  3.0830854E-03   39.70969    
  3.1631649E-03   37.74538    
  3.2432443E-03   35.91051    
  3.3233236E-03   34.19229    
  3.4034029E-03   32.58052    
  3.4834854E-03   31.06697    
  3.5635647E-03   29.64397    
  3.6436443E-03   28.30361    
  3.7237236E-03   27.03797    
  3.8038029E-03   25.84002    
  3.8838822E-03   24.70487    
  3.9639650E-03   23.62975    
  4.0440443E-03   22.61334    
  4.1241236E-03   21.65450    
  4.2042029E-03   20.75062    
  4.2842822E-03   19.89780    
  4.3643615E-03   19.09086    
  4.4444473E-03   18.32524    
  4.5245267E-03   17.59758    
  4.6046060E-03   16.90605    
  4.6846853E-03   16.24983    
  4.7647646E-03   15.62801    
  4.8448443E-03   15.03909    
  4.9249264E-03   14.48073    
  5.0050062E-03   13.95056    
  5.0850855E-03   13.44670    
  5.1651648E-03   12.96828    
  5.2452441E-03   12.51506    
  5.3253234E-03   12.08653    
  5.4054060E-03   11.68124    
  5.4854853E-03   11.29654    
  5.5655646E-03   10.92922    
  5.6456439E-03   10.57650    
  5.7257232E-03   10.23684    
  5.8058058E-03   9.910237    
  5.8858884E-03   9.597617    
  5.9659677E-03   9.299775    
  6.0460474E-03   9.016540    
  6.1261267E-03   8.746532    
  6.2062060E-03   8.487748    
  6.2862854E-03   8.238517    
  6.3663679E-03   7.998057    
  6.4464472E-03   7.766790    
  6.5265265E-03   7.545626    
  6.6066058E-03   7.335213    
  6.6866851E-03   7.135383    
  6.7667644E-03   6.944937    
  6.8468470E-03   6.762312    
  6.9269263E-03   6.586230    
  7.0070061E-03   6.416087    
  7.0870854E-03   6.252036    
  7.1671680E-03   6.094531    
  7.2472505E-03   5.943806    
  7.3273298E-03   5.799625    
  7.4074091E-03   5.661356    
  7.4874884E-03   5.528347    
  7.5675678E-03   5.400259    
  7.6476471E-03   5.277118    
  7.7277296E-03   5.158872    
  7.8078089E-03   5.045196    
  7.8878887E-03   4.935169    
  7.9679675E-03   4.827501    
  8.0480473E-03   4.721097    
  8.1281262E-03   4.615591    
  8.2082087E-03   4.511589    
  8.2882885E-03   4.410445    
  8.3683673E-03   4.313642    
  8.4484471E-03   4.222062    
  8.5285297E-03   4.135743    
  8.6086085E-03   4.054004    
  8.6886911E-03   3.975898    
  8.7687708E-03   3.900734    
  8.8488506E-03   3.828325    
  8.9289295E-03   3.758786    
  9.0090092E-03   3.692147    
  9.0890881E-03   3.628054    
  9.1691706E-03   3.565680    
  9.2492504E-03   3.503992    
  9.3293292E-03   3.442207    
  9.4094090E-03   3.380090    
  9.4894879E-03   3.317942    
  9.5695676E-03   3.256289    
  9.6496502E-03   3.195422    
  9.7297300E-03   3.135333    
  9.8098088E-03   3.075739    
  9.8898914E-03   3.016512    
  9.9699711E-03   2.957988    
  1.0050050E-02   2.900978    
  1.0130133E-02   2.846517    
  1.0210212E-02   2.795330    
  1.0290291E-02   2.747392    
  1.0370371E-02   2.701949    
  1.0450450E-02   2.657820    
  1.0530530E-02   2.613978    
  1.0610612E-02   2.569973    
  1.0690691E-02   2.526070    
  1.0770771E-02   2.482907    
  1.0850850E-02   2.441154    
  1.0930929E-02   2.400982    
  1.1011009E-02   2.362200    
  1.1091092E-02   2.324376    
  1.1171171E-02   2.287294    
  1.1251253E-02   2.251069    
  1.1331333E-02   2.216134    
  1.1411412E-02   2.182825    
  1.1491491E-02   2.151079    
  1.1571574E-02   2.120330    
  1.1651653E-02   2.089741    
  1.1731733E-02   2.058645    
  1.1811811E-02   2.026933    
  1.1891891E-02   1.995146    
  1.1971971E-02   1.964195    
  1.2052054E-02   1.934902    
  1.2132132E-02   1.907558    
  1.2212212E-02   1.881812    
  1.2292291E-02   1.856888    
  1.2372371E-02   1.832073    
  1.2452450E-02   1.806996    
  1.2532532E-02   1.781753    
  1.2612612E-02   1.756740    
  1.2692695E-02   1.732249    
  1.2772773E-02   1.708253    
  1.2852853E-02   1.684408    
  1.2932932E-02   1.660333    
  1.3013015E-02   1.635899    
  1.3093094E-02   1.611406    
  1.3173170E-02   1.587476    
  1.3253253E-02   1.564674    
  1.3333336E-02   1.543260    
  1.3413412E-02   1.522977    
  1.3493494E-02   1.503221    
  1.3573570E-02   1.483382    
  1.3653653E-02   1.463132    
  1.3733735E-02   1.442593    
  1.3813811E-02   1.422178    
  1.3893894E-02   1.402335    
  1.3973971E-02   1.383264    
  1.4054053E-02   1.364895    
  1.4134135E-02   1.347005    
  1.4214218E-02   1.329457    
  1.4294295E-02   1.312389    
  1.4374377E-02   1.296103    
  1.4454453E-02   1.280942    
  1.4534536E-02   1.266991    
  1.4614618E-02   1.253994    
  1.4694694E-02   1.241465    
  1.4774777E-02   1.228892    
  1.4854853E-02   1.216001    
  1.4934936E-02   1.202850    
  1.5015012E-02   1.189678    
  1.5095094E-02   1.176724    
  1.5175177E-02   1.164021    
  1.5255253E-02   1.151418    
  1.5335335E-02   1.138739    
  1.5415411E-02   1.126000    
  1.5495494E-02   1.113511    
  1.5575577E-02   1.101822    
  1.5655654E-02   1.091418    
  1.5735736E-02   1.082461    
  1.5815811E-02   1.074659    
  1.5895894E-02   1.067383    
  1.5975971E-02   1.059944    
  1.6056059E-02   1.051886    
  1.6136141E-02   1.043150    
  1.6216218E-02   1.033964    
  1.6296301E-02   1.024602    
  1.6376376E-02   1.015169    
  1.6456459E-02   1.005480    
  1.6536541E-02  0.9952620    
  1.6616618E-02  0.9843078    
  1.6696701E-02  0.9727103    
  1.6776776E-02  0.9608655    
  1.6856859E-02  0.9492471    
  1.6936935E-02  0.9381546    
  1.7017018E-02  0.9275573    
  1.7097101E-02  0.9171398    
  1.7177176E-02  0.9065083    
  1.7257258E-02  0.8954681    
  1.7337335E-02  0.8841986    
  1.7417418E-02  0.8731334    
  1.7497500E-02  0.8627669    
  1.7577577E-02  0.8533778    
  1.7657660E-02  0.8448700    
  1.7737735E-02  0.8368783    
  1.7817818E-02  0.8289960    
  1.7897895E-02  0.8210032    
  1.7977977E-02  0.8129381    
  1.8058060E-02  0.8050269    
  1.8138135E-02  0.7974808    
  1.8218217E-02  0.7902790    
  1.8298294E-02  0.7831633    
  1.8378377E-02  0.7757904    
  1.8458460E-02  0.7678803    
  1.8538535E-02  0.7594569    
  1.8618617E-02  0.7507429    
  1.8698694E-02  0.7420606    
  1.8778782E-02  0.7335870    
  1.8858859E-02  0.7253088    
  1.8938942E-02  0.7170419    
  1.9019024E-02  0.7086377    
  1.9099100E-02  0.7001496    
  1.9179182E-02  0.6918686    
  1.9259259E-02  0.6841829    
  1.9339342E-02  0.6773524    
  1.9419424E-02  0.6713440    
  1.9499499E-02  0.6658401    
  1.9579582E-02  0.6603446    
  1.9659659E-02  0.6545529    
  1.9739741E-02  0.6484365    
  1.9819818E-02  0.6422890    
  1.9899901E-02  0.6364971    
  1.9979984E-02  0.6313019    
  2.0060059E-02  0.6266211    
  2.0140141E-02  0.6221192    
  2.0220218E-02  0.6173815    
  2.0300301E-02  0.6122158    
  2.0380383E-02  0.6067496    
  2.0460458E-02  0.6013827    
  2.0540541E-02  0.5965663    
  2.0620618E-02  0.5925524    
  2.0700701E-02  0.5892510    
  2.0780776E-02  0.5863566    
  2.0860858E-02  0.5835165    
  2.0940941E-02  0.5805233    
  2.1021018E-02  0.5774177    
  2.1101100E-02  0.5743392    
  2.1181175E-02  0.5713451    
  2.1261258E-02  0.5682907    
  2.1341341E-02  0.5648175    
  2.1421418E-02  0.5605729    
  2.1501500E-02  0.5554502    
  2.1581583E-02  0.5496722    
  2.1661665E-02  0.5437767    
  2.1741748E-02  0.5383242    
  2.1821825E-02  0.5336466    
  2.1901906E-02  0.5296704    
  2.1981983E-02  0.5259948    
  2.2062065E-02  0.5221146    
  2.2142142E-02  0.5177288    
  2.2222225E-02  0.5128632    
  2.2302307E-02  0.5078491    
  2.2382382E-02  0.5030915    
  2.2462465E-02  0.4988144    
  2.2542542E-02  0.4949931    
  2.2622624E-02  0.4913598    
  2.2702707E-02  0.4876540    
  2.2782782E-02  0.4837692    
  2.2862865E-02  0.4798297    
  2.2942942E-02  0.4761119    
  2.3023024E-02  0.4727973    
  2.3103099E-02  0.4698620    
  2.3183182E-02  0.4670449    
  2.3263264E-02  0.4640063    
  2.3343341E-02  0.4605110    
  2.3423424E-02  0.4565535    
  2.3503499E-02  0.4523441    
  2.3583582E-02  0.4481373    
  2.3663664E-02  0.4440780    
  2.3743741E-02  0.4400766    
  2.3823824E-02  0.4358916    
  2.3903901E-02  0.4313144    
  2.3983983E-02  0.4263138    
  2.4064058E-02  0.4211105    
  2.4144141E-02  0.4160579    
  2.4224224E-02  0.4114631    
  2.4304306E-02  0.4074067    
  2.4384389E-02  0.4037606    
  2.4464466E-02  0.4002478    
  2.4544548E-02  0.3967150    
  2.4624631E-02  0.3932160    
  2.4704706E-02  0.3900085    
  2.4784788E-02  0.3873907    
  2.4864865E-02  0.3855125    
  2.4944948E-02  0.3842048    
  2.5025023E-02  0.3830950    
  2.5105106E-02  0.3817350    
  2.5185188E-02  0.3798362    
  2.5265265E-02  0.3774118    
  2.5345348E-02  0.3746636    
  2.5425423E-02  0.3718767    
  2.5505506E-02  0.3691957    
  2.5585588E-02  0.3665416    
  2.5665665E-02  0.3637183    
  2.5745748E-02  0.3605575    
  2.5825825E-02  0.3570716    
  2.5905905E-02  0.3534997    
  2.5985982E-02  0.3501580    
  2.6066065E-02  0.3472778    
  2.6146147E-02  0.3448553    
  2.6226224E-02  0.3426737    
  2.6306307E-02  0.3404335    
  2.6386382E-02  0.3379839    
  2.6466465E-02  0.3354235    
  2.6546547E-02  0.3330440    
  2.6626624E-02  0.3311879    
  2.6706707E-02  0.3299893    
  2.6786782E-02  0.3293002    
  2.6866864E-02  0.3287174    
  2.6946941E-02  0.3278183    
  2.7027030E-02  0.3263393    
  2.7107112E-02  0.3243037    
  2.7187189E-02  0.3219746    
  2.7267272E-02  0.3196561    
  2.7347347E-02  0.3175193    
  2.7427429E-02  0.3155075    
  2.7507512E-02  0.3134113    
  2.7587589E-02  0.3110261    
  2.7667671E-02  0.3083293    
  2.7747747E-02  0.3054808    
  2.7827829E-02  0.3027639    
  2.7907912E-02  0.3004028    
  2.7987989E-02  0.2984230    
  2.8068071E-02  0.2966369    
  2.8148148E-02  0.2947791    
  2.8228231E-02  0.2926306    
  2.8308306E-02  0.2901788    
  2.8388388E-02  0.2875602    
  2.8468471E-02  0.2849743    
  2.8548548E-02  0.2825389    
  2.8628631E-02  0.2802253    
  2.8708706E-02  0.2778845    
  2.8788788E-02  0.2754065    
  2.8868871E-02  0.2728107    
  2.8948948E-02  0.2702806    
  2.9029030E-02  0.2680860    
  2.9109105E-02  0.2664233    
  2.9189188E-02  0.2653114    
  2.9269265E-02  0.2645611    
  2.9349348E-02  0.2639191    
  2.9429430E-02  0.2631783    
  2.9509505E-02  0.2623228    
  2.9589588E-02  0.2614769    
  2.9669665E-02  0.2608246    
  2.9749753E-02  0.2604520    
  2.9829836E-02  0.2602739    
  2.9909912E-02  0.2600602    
  2.9989995E-02  0.2595862    
  3.0070070E-02  0.2587519    
  3.0150153E-02  0.2576429    
  3.0230230E-02  0.2564587    
  3.0310312E-02  0.2553830    
  3.0390395E-02  0.2544426    
  3.0470472E-02  0.2534951    
  3.0550554E-02  0.2523099    
  3.0630630E-02  0.2507190    
  3.0710712E-02  0.2487303    
  3.0790795E-02  0.2465328    
  3.0870872E-02  0.2443827    
  3.0950954E-02  0.2424508    
  3.1031029E-02  0.2407270    
  3.1111112E-02  0.2390376    
  3.1191189E-02  0.2371643    
  3.1271271E-02  0.2350028    
  3.1351354E-02  0.2326484    
  3.1431429E-02  0.2303403    
  3.1511512E-02  0.2283464    
  3.1591587E-02  0.2267897    
  3.1671669E-02  0.2256230    
  3.1751752E-02  0.2246409    
  3.1831831E-02  0.2236572    
  3.1911913E-02  0.2226151    
  3.1991988E-02  0.2216257    
  3.2072071E-02  0.2208860    
  3.2152146E-02  0.2205367    
  3.2232229E-02  0.2205394    
  3.2312311E-02  0.2206651    
  3.2392390E-02  0.2206209    
  3.2472476E-02  0.2201919    
  3.2552555E-02  0.2193674    
  3.2632634E-02  0.2183445    
  3.2712717E-02  0.2173811    
  3.2792795E-02  0.2166732    
  3.2872878E-02  0.2162271    
  3.2952953E-02  0.2158835    
  3.3033036E-02  0.2154287    
  3.3113111E-02  0.2147479    
  3.3193193E-02  0.2138796    
  3.3273276E-02  0.2130032    
  3.3353355E-02  0.2123099    
  3.3433437E-02  0.2118676    
  3.3513512E-02  0.2115615    
  3.3593595E-02  0.2111559    
  3.3673678E-02  0.2104538    
  3.3753753E-02  0.2093541    
  3.3833835E-02  0.2079444    
  3.3913910E-02  0.2064220    
  3.3993993E-02  0.2049607    
  3.4074072E-02  0.2036401    
  3.4154154E-02  0.2024127    
  3.4234237E-02  0.2011674    
  3.4314312E-02  0.1998710    
  3.4394395E-02  0.1985693    
  3.4474470E-02  0.1974107    
  3.4554552E-02  0.1965361    
  3.4634635E-02  0.1959875    
  3.4714714E-02  0.1956532    
  3.4794796E-02  0.1953484    
  3.4874871E-02  0.1949060    
  3.4954954E-02  0.1942855    
  3.5035029E-02  0.1935884    
  3.5115112E-02  0.1929970    
  3.5195202E-02  0.1926319    
  3.5275277E-02  0.1924686    
  3.5355359E-02  0.1923443    
  3.5435434E-02  0.1920090    
  3.5515517E-02  0.1913159    
  3.5595600E-02  0.1902536    
  3.5675678E-02  0.1889717    
  3.5755761E-02  0.1876798    
  3.5835836E-02  0.1865193    
  3.5915919E-02  0.1855132    
  3.5996001E-02  0.1845635    
  3.6076076E-02  0.1835546    
  3.6156159E-02  0.1824730    
  3.6236234E-02  0.1814145    
  3.6316317E-02  0.1805634    
  3.6396395E-02  0.1800672    
  3.6476478E-02  0.1799417    
  3.6556561E-02  0.1800548    
  3.6636636E-02  0.1801938    
  3.6716718E-02  0.1801833    
  3.6796793E-02  0.1799948    
  3.6876876E-02  0.1797339    
  3.6956958E-02  0.1795684    
  3.7037037E-02  0.1795954    
  3.7117120E-02  0.1797644    
  3.7197195E-02  0.1799020    
  3.7277278E-02  0.1798087    
  3.7357353E-02  0.1793716    
  3.7437435E-02  0.1786390    
  3.7517518E-02  0.1777925    
  3.7597593E-02  0.1770372    
  3.7677675E-02  0.1764589    
  3.7757754E-02  0.1760144    
  3.7837837E-02  0.1755335    
  3.7917923E-02  0.1748691    
  3.7998002E-02  0.1739797    
  3.8078085E-02  0.1729791    
  3.8158160E-02  0.1720740    
  3.8238242E-02  0.1714189    
  3.8318317E-02  0.1710570    
  3.8398400E-02  0.1708653    
  3.8478483E-02  0.1706488    
  3.8558558E-02  0.1702466    
  3.8638640E-02  0.1696314    
  3.8718719E-02  0.1689023    
  3.8798802E-02  0.1682244    
  3.8878884E-02  0.1677098    
  3.8958959E-02  0.1673603    
  3.9039042E-02  0.1670685    
  3.9119117E-02  0.1667164    
  3.9199200E-02  0.1662458    
  3.9279278E-02  0.1656998    
  3.9359361E-02  0.1651802    
  3.9439443E-02  0.1647655    
  3.9519519E-02  0.1644337    
  3.9599601E-02  0.1640354    
  3.9679676E-02  0.1633967    
  3.9759759E-02  0.1624081    
  3.9839841E-02  0.1611090    
  3.9919917E-02  0.1596858    
  3.9999999E-02  0.1583704    
