 -3.9999999E-02  8.0631591E-02
 -3.9919920E-02  8.0496319E-02
 -3.9839841E-02  7.8453556E-02
 -3.9759759E-02  7.4897952E-02
 -3.9679680E-02  7.2595567E-02
 -3.9599601E-02  7.1424462E-02
 -3.9519522E-02  7.0620053E-02
 -3.9439440E-02  7.2996318E-02
 -3.9359361E-02  7.6121114E-02
 -3.9279278E-02  7.5786732E-02
 -3.9199200E-02  7.4892581E-02
 -3.9119117E-02  7.4885525E-02
 -3.9039038E-02  7.3539168E-02
 -3.8958959E-02  7.1400426E-02
 -3.8878880E-02  7.1952909E-02
 -3.8798802E-02  7.1574859E-02
 -3.8718719E-02  6.7867100E-02
 -3.8638640E-02  6.6762067E-02
 -3.8558558E-02  6.9762006E-02
 -3.8478479E-02  7.3307171E-02
 -3.8398396E-02  7.6892771E-02
 -3.8318317E-02  7.9386957E-02
 -3.8238239E-02  8.0149591E-02
 -3.8158160E-02  7.9385355E-02
 -3.8078081E-02  7.9205401E-02
 -3.7997998E-02  7.9928279E-02
 -3.7917919E-02  7.8516915E-02
 -3.7837837E-02  7.7514857E-02
 -3.7757758E-02  7.7962659E-02
 -3.7677675E-02  7.9055563E-02
 -3.7597597E-02  8.0150232E-02
 -3.7517518E-02  8.1499204E-02
 -3.7437439E-02  8.2165241E-02
 -3.7357360E-02  8.2185268E-02
 -3.7277278E-02  8.0912411E-02
 -3.7197199E-02  7.7275492E-02
 -3.7117120E-02  7.5004794E-02
 -3.7037037E-02  7.6148726E-02
 -3.6956955E-02  7.8076653E-02
 -3.6876876E-02  8.0268443E-02
 -3.6796797E-02  8.2198054E-02
 -3.6716718E-02  8.2294747E-02
 -3.6636636E-02  8.1088170E-02
 -3.6556557E-02  8.0050886E-02
 -3.6476478E-02  8.0259718E-02
 -3.6396399E-02  8.0961801E-02
 -3.6316317E-02  8.0833629E-02
 -3.6236234E-02  7.8832746E-02
 -3.6156155E-02  7.7045582E-02
 -3.6076076E-02  7.7397138E-02
 -3.5995997E-02  7.8928843E-02
 -3.5915915E-02  7.9204477E-02
 -3.5835836E-02  7.9290949E-02
 -3.5755757E-02  8.0369629E-02
 -3.5675678E-02  8.1423014E-02
 -3.5595596E-02  8.3615899E-02
 -3.5515513E-02  8.7715894E-02
 -3.5435434E-02  9.1098204E-02
 -3.5355356E-02  9.1605417E-02
 -3.5275277E-02  9.1381066E-02
 -3.5195194E-02  9.1338195E-02
 -3.5115115E-02  9.0254195E-02
 -3.5035037E-02  8.9792617E-02
 -3.4954958E-02  8.9906618E-02
 -3.4874879E-02  8.8753805E-02
 -3.4794796E-02  8.8397115E-02
 -3.4714714E-02  8.7676853E-02
 -3.4634635E-02  8.9800805E-02
 -3.4554552E-02  9.3535058E-02
 -3.4474473E-02  9.5421605E-02
 -3.4394395E-02  9.5891714E-02
 -3.4314316E-02  9.4428912E-02
 -3.4234237E-02  9.2220396E-02
 -3.4154154E-02  9.2744477E-02
 -3.4074076E-02  9.3901724E-02
 -3.3993993E-02  9.3088955E-02
 -3.3913914E-02  9.1190852E-02
 -3.3833835E-02  9.2150077E-02
 -3.3753753E-02  9.5798202E-02
 -3.3673674E-02  9.8796234E-02
 -3.3593595E-02  0.1007880    
 -3.3513516E-02  0.1026235    
 -3.3433434E-02  0.1041998    
 -3.3353355E-02  0.1056085    
 -3.3273272E-02  0.1054572    
 -3.3193193E-02  0.1078810    
 -3.3113111E-02  0.1116639    
 -3.3033032E-02  0.1138725    
 -3.2952953E-02  0.1173783    
 -3.2872874E-02  0.1194944    
 -3.2792795E-02  0.1182303    
 -3.2712713E-02  0.1167463    
 -3.2632634E-02  0.1176489    
 -3.2552555E-02  0.1206792    
 -3.2472473E-02  0.1246322    
 -3.2392394E-02  0.1273317    
 -3.2312311E-02  0.1281689    
 -3.2232232E-02  0.1289198    
 -3.2152154E-02  0.1299042    
 -3.2072071E-02  0.1296593    
 -3.1991996E-02  0.1299756    
 -3.1911913E-02  0.1295417    
 -3.1831834E-02  0.1282166    
 -3.1751752E-02  0.1255834    
 -3.1671669E-02  0.1229478    
 -3.1591590E-02  0.1191094    
 -3.1511512E-02  0.1161396    
 -3.1431433E-02  0.1173668    
 -3.1351354E-02  0.1175350    
 -3.1271271E-02  0.1140900    
 -3.1191191E-02  0.1104856    
 -3.1111112E-02  0.1088832    
 -3.1031029E-02  0.1091224    
 -3.0950954E-02  0.1071608    
 -3.0870872E-02  0.1060863    
 -3.0790791E-02  0.1100702    
 -3.0710712E-02  0.1132141    
 -3.0630630E-02  0.1172020    
 -3.0550551E-02  0.1213775    
 -3.0470472E-02  0.1222734    
 -3.0390391E-02  0.1231360    
 -3.0310312E-02  0.1222476    
 -3.0230230E-02  0.1188647    
 -3.0150151E-02  0.1165889    
 -3.0070070E-02  0.1139337    
 -2.9989991E-02  0.1123255    
 -2.9909909E-02  0.1160364    
 -2.9829830E-02  0.1183250    
 -2.9749751E-02  0.1194744    
 -2.9669670E-02  0.1237017    
 -2.9589588E-02  0.1292157    
 -2.9509509E-02  0.1334267    
 -2.9429430E-02  0.1332839    
 -2.9349351E-02  0.1347969    
 -2.9269271E-02  0.1408459    
 -2.9189188E-02  0.1461614    
 -2.9109109E-02  0.1508437    
 -2.9029030E-02  0.1552774    
 -2.8948950E-02  0.1578929    
 -2.8868867E-02  0.1598647    
 -2.8788788E-02  0.1611779    
 -2.8708709E-02  0.1630602    
 -2.8628631E-02  0.1630889    
 -2.8548548E-02  0.1643394    
 -2.8468467E-02  0.1640643    
 -2.8388388E-02  0.1616207    
 -2.8308310E-02  0.1579774    
 -2.8228231E-02  0.1568116    
 -2.8148148E-02  0.1582344    
 -2.8068068E-02  0.1627112    
 -2.7987989E-02  0.1645976    
 -2.7907910E-02  0.1619775    
 -2.7827827E-02  0.1595852    
 -2.7747747E-02  0.1575645    
 -2.7667668E-02  0.1536902    
 -2.7587589E-02  0.1536275    
 -2.7507506E-02  0.1551072    
 -2.7427427E-02  0.1541446    
 -2.7347347E-02  0.1534527    
 -2.7267268E-02  0.1521694    
 -2.7187189E-02  0.1504639    
 -2.7107107E-02  0.1464974    
 -2.7027028E-02  0.1435536    
 -2.6946947E-02  0.1454002    
 -2.6866868E-02  0.1503210    
 -2.6786789E-02  0.1517625    
 -2.6706707E-02  0.1510902    
 -2.6626626E-02  0.1537928    
 -2.6546547E-02  0.1593436    
 -2.6466466E-02  0.1621737    
 -2.6386388E-02  0.1624589    
 -2.6306307E-02  0.1594824    
 -2.6226226E-02  0.1547638    
 -2.6146147E-02  0.1552373    
 -2.6066067E-02  0.1578135    
 -2.5985986E-02  0.1611139    
 -2.5905905E-02  0.1639167    
 -2.5825825E-02  0.1657413    
 -2.5745746E-02  0.1688205    
 -2.5665667E-02  0.1724845    
 -2.5585586E-02  0.1738280    
 -2.5505506E-02  0.1766325    
 -2.5425427E-02  0.1753304    
 -2.5345346E-02  0.1695090    
 -2.5265265E-02  0.1640339    
 -2.5185186E-02  0.1630005    
 -2.5105104E-02  0.1623269    
 -2.5025025E-02  0.1625959    
 -2.4944946E-02  0.1646161    
 -2.4864865E-02  0.1645629    
 -2.4784785E-02  0.1635480    
 -2.4704706E-02  0.1661648    
 -2.4624625E-02  0.1729461    
 -2.4544545E-02  0.1778101    
 -2.4464466E-02  0.1789248    
 -2.4384385E-02  0.1795358    
 -2.4304304E-02  0.1818603    
 -2.4224225E-02  0.1870884    
 -2.4144145E-02  0.1909158    
 -2.4064066E-02  0.1913747    
 -2.3983985E-02  0.1879740    
 -2.3903903E-02  0.1852931    
 -2.3823824E-02  0.1827704    
 -2.3743745E-02  0.1845210    
 -2.3663664E-02  0.1947931    
 -2.3583584E-02  0.2044776    
 -2.3503505E-02  0.2079313    
 -2.3423424E-02  0.2100509    
 -2.3343345E-02  0.2094992    
 -2.3263264E-02  0.2086911    
 -2.3183182E-02  0.2079385    
 -2.3103103E-02  0.2079654    
 -2.3023022E-02  0.2099716    
 -2.2942943E-02  0.2167867    
 -2.2862863E-02  0.2208303    
 -2.2782782E-02  0.2210639    
 -2.2702703E-02  0.2258116    
 -2.2622624E-02  0.2290040    
 -2.2542542E-02  0.2277728    
 -2.2462461E-02  0.2213213    
 -2.2382382E-02  0.2131878    
 -2.2302302E-02  0.2049190    
 -2.2222223E-02  0.2016619    
 -2.2142142E-02  0.2119305    
 -2.2062061E-02  0.2239195    
 -2.1981983E-02  0.2238310    
 -2.1901904E-02  0.2280932    
 -2.1821821E-02  0.2382805    
 -2.1741742E-02  0.2426419    
 -2.1661662E-02  0.2463635    
 -2.1581581E-02  0.2528540    
 -2.1501502E-02  0.2525749    
 -2.1421423E-02  0.2438152    
 -2.1341341E-02  0.2425027    
 -2.1261262E-02  0.2498446    
 -2.1181181E-02  0.2572914    
 -2.1101100E-02  0.2707115    
 -2.1021022E-02  0.2862062    
 -2.0940941E-02  0.2932124    
 -2.0860860E-02  0.2977361    
 -2.0780781E-02  0.3045096    
 -2.0700702E-02  0.3074870    
 -2.0620622E-02  0.3048432    
 -2.0540541E-02  0.2985678    
 -2.0460460E-02  0.2981344    
 -2.0380380E-02  0.3063017    
 -2.0300301E-02  0.3085253    
 -2.0220220E-02  0.3096844    
 -2.0140139E-02  0.3160218    
 -2.0060061E-02  0.3160600    
 -1.9979982E-02  0.3123518    
 -1.9899901E-02  0.3134109    
 -1.9819818E-02  0.3187399    
 -1.9739740E-02  0.3288711    
 -1.9659659E-02  0.3390121    
 -1.9579580E-02  0.3426179    
 -1.9499499E-02  0.3389733    
 -1.9419419E-02  0.3361471    
 -1.9339340E-02  0.3311251    
 -1.9259261E-02  0.3303452    
 -1.9179180E-02  0.3330649    
 -1.9099100E-02  0.3344531    
 -1.9019019E-02  0.3356517    
 -1.8938938E-02  0.3387769    
 -1.8858859E-02  0.3422757    
 -1.8778780E-02  0.3417144    
 -1.8698698E-02  0.3379483    
 -1.8618619E-02  0.3402136    
 -1.8538540E-02  0.3436103    
 -1.8458458E-02  0.3398518    
 -1.8378379E-02  0.3365974    
 -1.8298298E-02  0.3299591    
 -1.8218217E-02  0.3189155    
 -1.8138139E-02  0.3093070    
 -1.8058060E-02  0.3041233    
 -1.7977979E-02  0.3034572    
 -1.7897898E-02  0.3096382    
 -1.7817819E-02  0.3255478    
 -1.7737737E-02  0.3411556    
 -1.7657658E-02  0.3592555    
 -1.7577577E-02  0.3699323    
 -1.7497497E-02  0.3704304    
 -1.7417418E-02  0.3715226    
 -1.7337339E-02  0.3765964    
 -1.7257258E-02  0.3870065    
 -1.7177178E-02  0.3968351    
 -1.7097097E-02  0.4037768    
 -1.7017016E-02  0.4029368    
 -1.6936937E-02  0.3933408    
 -1.6856859E-02  0.3815440    
 -1.6776776E-02  0.3718628    
 -1.6696697E-02  0.3727601    
 -1.6616618E-02  0.3806562    
 -1.6536538E-02  0.3989587    
 -1.6456457E-02  0.4255625    
 -1.6376374E-02  0.4332660    
 -1.6296295E-02  0.4266871    
 -1.6216217E-02  0.4274322    
 -1.6136136E-02  0.4416500    
 -1.6056055E-02  0.4629398    
 -1.5975976E-02  0.4828079    
 -1.5895896E-02  0.4985398    
 -1.5815817E-02  0.5117760    
 -1.5735736E-02  0.5227752    
 -1.5655655E-02  0.5272612    
 -1.5575575E-02  0.5294406    
 -1.5495496E-02  0.5268230    
 -1.5415415E-02  0.5247328    
 -1.5335335E-02  0.5398741    
 -1.5255257E-02  0.5590062    
 -1.5175175E-02  0.5746588    
 -1.5095096E-02  0.5913402    
 -1.5015014E-02  0.6041235    
 -1.4934934E-02  0.6121564    
 -1.4854855E-02  0.6143986    
 -1.4774775E-02  0.6264721    
 -1.4694694E-02  0.6406714    
 -1.4614615E-02  0.6547468    
 -1.4534536E-02  0.6672120    
 -1.4454454E-02  0.6844665    
 -1.4374373E-02  0.6973168    
 -1.4294295E-02  0.7049900    
 -1.4214213E-02  0.7170596    
 -1.4134134E-02  0.7340210    
 -1.4054054E-02  0.7495791    
 -1.3973974E-02  0.7524185    
 -1.3893894E-02  0.7535729    
 -1.3813815E-02  0.7451560    
 -1.3733734E-02  0.7328420    
 -1.3653653E-02  0.7211198    
 -1.3573574E-02  0.7174965    
 -1.3493493E-02  0.7291240    
 -1.3413415E-02  0.7434802    
 -1.3333333E-02  0.7671739    
 -1.3253253E-02  0.7932412    
 -1.3173174E-02  0.8060124    
 -1.3093094E-02  0.8183373    
 -1.3013015E-02  0.8354324    
 -1.2932932E-02  0.8637071    
 -1.2852853E-02  0.9035680    
 -1.2772773E-02  0.9412508    
 -1.2692691E-02  0.9678036    
 -1.2612612E-02   1.000098    
 -1.2532532E-02   1.033549    
 -1.2452453E-02   1.064889    
 -1.2372374E-02   1.089630    
 -1.2292295E-02   1.097609    
 -1.2212212E-02   1.081470    
 -1.2132132E-02   1.075240    
 -1.2052054E-02   1.078836    
 -1.1971971E-02   1.076621    
 -1.1891891E-02   1.080559    
 -1.1811811E-02   1.092964    
 -1.1731729E-02   1.116144    
 -1.1651650E-02   1.128897    
 -1.1571570E-02   1.138922    
 -1.1491491E-02   1.156296    
 -1.1411412E-02   1.161986    
 -1.1331333E-02   1.166134    
 -1.1251250E-02   1.186508    
 -1.1171171E-02   1.212361    
 -1.1091092E-02   1.234873    
 -1.1011012E-02   1.255822    
 -1.0930933E-02   1.268382    
 -1.0850853E-02   1.267346    
 -1.0770771E-02   1.263102    
 -1.0690691E-02   1.277107    
 -1.0610608E-02   1.328642    
 -1.0530530E-02   1.395209    
 -1.0450450E-02   1.434356    
 -1.0370371E-02   1.436984    
 -1.0290288E-02   1.435804    
 -1.0210209E-02   1.468144    
 -1.0130130E-02   1.513767    
 -1.0050050E-02   1.562273    
 -9.9699711E-03   1.606321    
 -9.8898914E-03   1.643478    
 -9.8098088E-03   1.664956    
 -9.7297300E-03   1.701011    
 -9.6496502E-03   1.735716    
 -9.5695704E-03   1.737368    
 -9.4894916E-03   1.742229    
 -9.4094118E-03   1.784114    
 -9.3293292E-03   1.838190    
 -9.2492504E-03   1.899602    
 -9.1691678E-03   1.972317    
 -9.0890881E-03   2.037151    
 -9.0090092E-03   2.107913    
 -8.9289295E-03   2.184812    
 -8.8488469E-03   2.235725    
 -8.7687680E-03   2.255719    
 -8.6886883E-03   2.268332    
 -8.6086085E-03   2.294605    
 -8.5285297E-03   2.302927    
 -8.4484499E-03   2.301308    
 -8.3683673E-03   2.339391    
 -8.2882885E-03   2.409058    
 -8.2082087E-03   2.482187    
 -8.1281299E-03   2.538359    
 -8.0480501E-03   2.584259    
 -7.9679713E-03   2.663150    
 -7.8878887E-03   2.748242    
 -7.8078057E-03   2.804117    
 -7.7277264E-03   2.871763    
 -7.6476471E-03   2.952493    
 -7.5675678E-03   3.029679    
 -7.4874884E-03   3.146737    
 -7.4074059E-03   3.264139    
 -7.3273266E-03   3.345943    
 -7.2472473E-03   3.379174    
 -7.1671680E-03   3.429517    
 -7.0870882E-03   3.510010    
 -7.0070089E-03   3.600045    
 -6.9269263E-03   3.679255    
 -6.8468470E-03   3.820427    
 -6.7667677E-03   3.985948    
 -6.6866884E-03   4.129449    
 -6.6066091E-03   4.270018    
 -6.5265298E-03   4.407502    
 -6.4464440E-03   4.552256    
 -6.3663647E-03   4.717877    
 -6.2862854E-03   4.908155    
 -6.2062060E-03   5.083535    
 -6.1261267E-03   5.226125    
 -6.0460442E-03   5.356883    
 -5.9659649E-03   5.554197    
 -5.8858851E-03   5.803307    
 -5.8058058E-03   6.039958    
 -5.7257265E-03   6.326173    
 -5.6456472E-03   6.627254    
 -5.5655646E-03   6.902134    
 -5.4854853E-03   7.171917    
 -5.4054060E-03   7.389731    
 -5.3253267E-03   7.629691    
 -5.2452474E-03   7.940488    
 -5.1651681E-03   8.299623    
 -5.0850823E-03   8.682700    
 -5.0050030E-03   9.087312    
 -4.9249236E-03   9.527472    
 -4.8448443E-03   9.969488    
 -4.7647646E-03   10.42556    
 -4.6846853E-03   10.92890    
 -4.6046027E-03   11.37275    
 -4.5245234E-03   11.78126    
 -4.4444441E-03   12.28489    
 -4.3643648E-03   12.94594    
 -4.2842855E-03   13.70286    
 -4.2042062E-03   14.50529    
 -4.1241236E-03   15.26280    
 -4.0440443E-03   16.01181    
 -3.9639650E-03   16.88415    
 -3.8838855E-03   17.80128    
 -3.8038061E-03   18.76631    
 -3.7237236E-03   19.79363    
 -3.6436410E-03   20.82682    
 -3.5635617E-03   21.79584    
 -3.4834824E-03   22.78112    
 -3.4034029E-03   24.01432    
 -3.3233236E-03   25.57888    
 -3.2432443E-03   27.38335    
 -3.1631617E-03   29.34648    
 -3.0830824E-03   31.41759    
 -3.0030031E-03   33.58137    
 -2.9229235E-03   35.93676    
 -2.8428442E-03   38.49320    
 -2.7627649E-03   41.36230    
 -2.6826824E-03   44.48438    
 -2.6026031E-03   47.87874    
 -2.5225237E-03   51.59796    
 -2.4424442E-03   55.64381    
 -2.3623616E-03   59.93746    
 -2.2822823E-03   64.40593    
 -2.2021998E-03   69.29724    
 -2.1221205E-03   74.74602    
 -2.0420412E-03   80.68764    
 -1.9619619E-03   86.88194    
 -1.8818824E-03   93.28069    
 -1.8018030E-03   99.95988    
 -1.7217206E-03   106.9604    
 -1.6416411E-03   114.3234    
 -1.5615618E-03   122.4488    
 -1.4814824E-03   131.2229    
 -1.4014031E-03   140.3666    
 -1.3213237E-03   150.0092    
 -1.2412412E-03   160.1080    
 -1.1611618E-03   170.4571    
 -1.0810825E-03   180.8557    
 -1.0009999E-03   191.1694    
 -9.2092057E-04   201.7019    
 -8.4084121E-04   212.2561    
 -7.6075870E-04   222.5876    
 -6.8067934E-04   232.2680    
 -6.0059997E-04   240.9261    
 -5.2052061E-04   248.4435    
 -4.4044125E-04   254.8855    
 -3.6036188E-04   260.6565    
 -2.8027935E-04   266.0610    
 -2.0019998E-04   270.9720    
 -1.2012063E-04   274.4966    
 -4.0041265E-05   275.8106    
  4.0038096E-05   275.8110    
  1.2011746E-04   274.4967    
  2.0019998E-04   270.9719    
  2.8027935E-04   266.0609    
  3.6036188E-04   260.6565    
  4.4044125E-04   254.8855    
  5.2052061E-04   248.4436    
  6.0060312E-04   240.9259    
  6.8068248E-04   232.2677    
  7.6076185E-04   222.5871    
  8.4084121E-04   212.2561    
  9.2092057E-04   201.7019    
  1.0009999E-03   191.1694    
  1.0810825E-03   180.8557    
  1.1611618E-03   170.4571    
  1.2412412E-03   160.1080    
  1.3213205E-03   150.0096    
  1.4014000E-03   140.3670    
  1.4814793E-03   131.2232    
  1.5615618E-03   122.4488    
  1.6416411E-03   114.3234    
  1.7217237E-03   106.9602    
  1.8018030E-03   99.95989    
  1.8818824E-03   93.28069    
  1.9619619E-03   86.88195    
  2.0420442E-03   80.68745    
  2.1221237E-03   74.74586    
  2.2022030E-03   69.29704    
  2.2822823E-03   64.40593    
  2.3623616E-03   59.93746    
  2.4424412E-03   55.64398    
  2.5225237E-03   51.59797    
  2.6026031E-03   47.87874    
  2.6826824E-03   44.48439    
  2.7627617E-03   41.36242    
  2.8428410E-03   38.49322    
  2.9229205E-03   35.93687    
  3.0030031E-03   33.58137    
  3.0830854E-03   31.41745    
  3.1631649E-03   29.34640    
  3.2432443E-03   27.38334    
  3.3233236E-03   25.57888    
  3.4034029E-03   24.01432    
  3.4834854E-03   22.78109    
  3.5635647E-03   21.79582    
  3.6436443E-03   20.82678    
  3.7237236E-03   19.79362    
  3.8038029E-03   18.76632    
  3.8838822E-03   17.80133    
  3.9639650E-03   16.88415    
  4.0440443E-03   16.01181    
  4.1241236E-03   15.26280    
  4.2042029E-03   14.50532    
  4.2842822E-03   13.70286    
  4.3643615E-03   12.94598    
  4.4444473E-03   12.28488    
  4.5245267E-03   11.78123    
  4.6046060E-03   11.37274    
  4.6846853E-03   10.92891    
  4.7647646E-03   10.42557    
  4.8448443E-03   9.969490    
  4.9249264E-03   9.527470    
  5.0050062E-03   9.087274    
  5.0850855E-03   8.682674    
  5.1651648E-03   8.299661    
  5.2452441E-03   7.940508    
  5.3253234E-03   7.629720    
  5.4054060E-03   7.389731    
  5.4854853E-03   7.171916    
  5.5655646E-03   6.902137    
  5.6456439E-03   6.627276    
  5.7257232E-03   6.326184    
  5.8058058E-03   6.039958    
  5.8858884E-03   5.803299    
  5.9659677E-03   5.554183    
  6.0460474E-03   5.356884    
  6.1261267E-03   5.226124    
  6.2062060E-03   5.083534    
  6.2862854E-03   4.908156    
  6.3663679E-03   4.717868    
  6.4464472E-03   4.552232    
  6.5265265E-03   4.407508    
  6.6066058E-03   4.270022    
  6.6866851E-03   4.129442    
  6.7667644E-03   3.985952    
  6.8468470E-03   3.820428    
  6.9269263E-03   3.679256    
  7.0070061E-03   3.600054    
  7.0870854E-03   3.510035    
  7.1671680E-03   3.429515    
  7.2472505E-03   3.379172    
  7.3273298E-03   3.345945    
  7.4074091E-03   3.264147    
  7.4874884E-03   3.146738    
  7.5675678E-03   3.029679    
  7.6476471E-03   2.952493    
  7.7277296E-03   2.871753    
  7.8078089E-03   2.804119    
  7.8878887E-03   2.748243    
  7.9679675E-03   2.663162    
  8.0480473E-03   2.584263    
  8.1281262E-03   2.538376    
  8.2082087E-03   2.482181    
  8.2882885E-03   2.409058    
  8.3683673E-03   2.339391    
  8.4484471E-03   2.301329    
  8.5285297E-03   2.302928    
  8.6086085E-03   2.294605    
  8.6886911E-03   2.268337    
  8.7687708E-03   2.255716    
  8.8488506E-03   2.235720    
  8.9289295E-03   2.184812    
  9.0090092E-03   2.107913    
  9.0890881E-03   2.037151    
  9.1691706E-03   1.972317    
  9.2492504E-03   1.899600    
  9.3293292E-03   1.838191    
  9.4094090E-03   1.784118    
  9.4894879E-03   1.742234    
  9.5695676E-03   1.737369    
  9.6496502E-03   1.735716    
  9.7297300E-03   1.701011    
  9.8098088E-03   1.664957    
  9.8898914E-03   1.643477    
  9.9699711E-03   1.606320    
  1.0050050E-02   1.562273    
  1.0130133E-02   1.513774    
  1.0210212E-02   1.468143    
  1.0290291E-02   1.435796    
  1.0370371E-02   1.436983    
  1.0450450E-02   1.434356    
  1.0530530E-02   1.395210    
  1.0610612E-02   1.328640    
  1.0690691E-02   1.277102    
  1.0770771E-02   1.263104    
  1.0850850E-02   1.267345    
  1.0930929E-02   1.268371    
  1.1011009E-02   1.255833    
  1.1091092E-02   1.234871    
  1.1171171E-02   1.212361    
  1.1251253E-02   1.186507    
  1.1331333E-02   1.166135    
  1.1411412E-02   1.161987    
  1.1491491E-02   1.156296    
  1.1571574E-02   1.138918    
  1.1651653E-02   1.128900    
  1.1731733E-02   1.116135    
  1.1811811E-02   1.092964    
  1.1891891E-02   1.080558    
  1.1971971E-02   1.076622    
  1.2052054E-02   1.078836    
  1.2132132E-02   1.075239    
  1.2212212E-02   1.081469    
  1.2292291E-02   1.097609    
  1.2372371E-02   1.089625    
  1.2452450E-02   1.064898    
  1.2532532E-02   1.033550    
  1.2612612E-02   1.000097    
  1.2692695E-02  0.9678094    
  1.2772773E-02  0.9412500    
  1.2852853E-02  0.9035687    
  1.2932932E-02  0.8637063    
  1.3013015E-02  0.8354320    
  1.3093094E-02  0.8183374    
  1.3173170E-02  0.8060208    
  1.3253253E-02  0.7932413    
  1.3333336E-02  0.7671733    
  1.3413412E-02  0.7434871    
  1.3493494E-02  0.7291251    
  1.3573570E-02  0.7174989    
  1.3653653E-02  0.7211198    
  1.3733735E-02  0.7328560    
  1.3813811E-02  0.7451496    
  1.3893894E-02  0.7535728    
  1.3973971E-02  0.7524257    
  1.4054053E-02  0.7495718    
  1.4134135E-02  0.7340221    
  1.4214218E-02  0.7170563    
  1.4294295E-02  0.7049889    
  1.4374377E-02  0.6973214    
  1.4454453E-02  0.6844611    
  1.4534536E-02  0.6672130    
  1.4614618E-02  0.6547478    
  1.4694694E-02  0.6406716    
  1.4774777E-02  0.6264806    
  1.4854853E-02  0.6143937    
  1.4934936E-02  0.6121606    
  1.5015012E-02  0.6041216    
  1.5095094E-02  0.5913465    
  1.5175177E-02  0.5746595    
  1.5255253E-02  0.5590066    
  1.5335335E-02  0.5398741    
  1.5415411E-02  0.5247350    
  1.5495494E-02  0.5268221    
  1.5575577E-02  0.5294474    
  1.5655654E-02  0.5272605    
  1.5735736E-02  0.5227751    
  1.5815811E-02  0.5117734    
  1.5895894E-02  0.4985417    
  1.5975971E-02  0.4828118    
  1.6056059E-02  0.4629362    
  1.6136141E-02  0.4416402    
  1.6216218E-02  0.4274383    
  1.6296301E-02  0.4266888    
  1.6376376E-02  0.4332690    
  1.6456459E-02  0.4255604    
  1.6536541E-02  0.3989614    
  1.6616618E-02  0.3806559    
  1.6696701E-02  0.3727604    
  1.6776776E-02  0.3718627    
  1.6856859E-02  0.3815461    
  1.6936935E-02  0.3933533    
  1.7017018E-02  0.4029404    
  1.7097101E-02  0.4037738    
  1.7177176E-02  0.3968371    
  1.7257258E-02  0.3870058    
  1.7337335E-02  0.3765962    
  1.7417418E-02  0.3715227    
  1.7497500E-02  0.3704279    
  1.7577577E-02  0.3699360    
  1.7657660E-02  0.3592536    
  1.7737735E-02  0.3411551    
  1.7817818E-02  0.3255518    
  1.7897895E-02  0.3096333    
  1.7977977E-02  0.3034627    
  1.8058060E-02  0.3041232    
  1.8138135E-02  0.3093088    
  1.8218217E-02  0.3189154    
  1.8298294E-02  0.3299582    
  1.8378377E-02  0.3365982    
  1.8458460E-02  0.3398549    
  1.8538535E-02  0.3436085    
  1.8618617E-02  0.3402153    
  1.8698694E-02  0.3379447    
  1.8778782E-02  0.3417129    
  1.8858859E-02  0.3422756    
  1.8938942E-02  0.3387780    
  1.9019024E-02  0.3356487    
  1.9099100E-02  0.3344506    
  1.9179182E-02  0.3330607    
  1.9259259E-02  0.3303400    
  1.9339342E-02  0.3311294    
  1.9419424E-02  0.3361391    
  1.9499499E-02  0.3389731    
  1.9579582E-02  0.3426136    
  1.9659659E-02  0.3390124    
  1.9739741E-02  0.3288651    
  1.9819818E-02  0.3187387    
  1.9899901E-02  0.3134115    
  1.9979984E-02  0.3123454    
  2.0060059E-02  0.3160603    
  2.0140141E-02  0.3160237    
  2.0220218E-02  0.3096861    
  2.0300301E-02  0.3085249    
  2.0380383E-02  0.3062989    
  2.0460458E-02  0.2981382    
  2.0540541E-02  0.2985678    
  2.0620618E-02  0.3048447    
  2.0700701E-02  0.3074863    
  2.0780776E-02  0.3045144    
  2.0860858E-02  0.2977320    
  2.0940941E-02  0.2932122    
  2.1021018E-02  0.2862138    
  2.1101100E-02  0.2707116    
  2.1181175E-02  0.2572947    
  2.1261258E-02  0.2498468    
  2.1341341E-02  0.2425026    
  2.1421418E-02  0.2438103    
  2.1501500E-02  0.2525737    
  2.1581583E-02  0.2528554    
  2.1661665E-02  0.2463696    
  2.1741748E-02  0.2426461    
  2.1821825E-02  0.2382794    
  2.1901906E-02  0.2280958    
  2.1981983E-02  0.2238310    
  2.2062065E-02  0.2239198    
  2.2142142E-02  0.2119316    
  2.2222225E-02  0.2016537    
  2.2302307E-02  0.2049150    
  2.2382382E-02  0.2131878    
  2.2462465E-02  0.2213221    
  2.2542542E-02  0.2277728    
  2.2622624E-02  0.2290038    
  2.2702707E-02  0.2258111    
  2.2782782E-02  0.2210641    
  2.2862865E-02  0.2208242    
  2.2942942E-02  0.2167887    
  2.3023024E-02  0.2099753    
  2.3103099E-02  0.2079603    
  2.3183182E-02  0.2079383    
  2.3263264E-02  0.2086911    
  2.3343341E-02  0.2095037    
  2.3423424E-02  0.2100507    
  2.3503499E-02  0.2079227    
  2.3583582E-02  0.2044758    
  2.3663664E-02  0.1947908    
  2.3743741E-02  0.1845174    
  2.3823824E-02  0.1827706    
  2.3903901E-02  0.1852947    
  2.3983983E-02  0.1879690    
  2.4064058E-02  0.1913757    
  2.4144141E-02  0.1909161    
  2.4224224E-02  0.1870907    
  2.4304306E-02  0.1818605    
  2.4384389E-02  0.1795380    
  2.4464466E-02  0.1789251    
  2.4544548E-02  0.1778097    
  2.4624631E-02  0.1729449    
  2.4704706E-02  0.1661649    
  2.4784788E-02  0.1635455    
  2.4864865E-02  0.1645629    
  2.4944948E-02  0.1646237    
  2.5025023E-02  0.1625932    
  2.5105106E-02  0.1623247    
  2.5185188E-02  0.1630011    
  2.5265265E-02  0.1640338    
  2.5345348E-02  0.1695098    
  2.5425423E-02  0.1753268    
  2.5505506E-02  0.1766313    
  2.5585588E-02  0.1738310    
  2.5665665E-02  0.1724802    
  2.5745748E-02  0.1688205    
  2.5825825E-02  0.1657399    
  2.5905905E-02  0.1639168    
  2.5985982E-02  0.1611154    
  2.6066065E-02  0.1578164    
  2.6146147E-02  0.1552372    
  2.6226224E-02  0.1547648    
  2.6306307E-02  0.1594822    
  2.6386382E-02  0.1624541    
  2.6466465E-02  0.1621738    
  2.6546547E-02  0.1593433    
  2.6626624E-02  0.1538003    
  2.6706707E-02  0.1510902    
  2.6786782E-02  0.1517636    
  2.6866864E-02  0.1503182    
  2.6946941E-02  0.1454035    
  2.7027030E-02  0.1435546    
  2.7107112E-02  0.1465001    
  2.7187189E-02  0.1504639    
  2.7267272E-02  0.1521665    
  2.7347347E-02  0.1534525    
  2.7427429E-02  0.1541427    
  2.7507512E-02  0.1551092    
  2.7587589E-02  0.1536278    
  2.7667671E-02  0.1536915    
  2.7747747E-02  0.1575646    
  2.7827829E-02  0.1595823    
  2.7907912E-02  0.1619786    
  2.7987989E-02  0.1645979    
  2.8068071E-02  0.1627153    
  2.8148148E-02  0.1582344    
  2.8228231E-02  0.1568120    
  2.8308306E-02  0.1579753    
  2.8388388E-02  0.1616208    
  2.8468471E-02  0.1640678    
  2.8548548E-02  0.1643398    
  2.8628631E-02  0.1630888    
  2.8708706E-02  0.1630594    
  2.8788788E-02  0.1611778    
  2.8868871E-02  0.1598596    
  2.8948948E-02  0.1578943    
  2.9029030E-02  0.1552774    
  2.9109105E-02  0.1508440    
  2.9189188E-02  0.1461611    
  2.9269265E-02  0.1408504    
  2.9349348E-02  0.1347939    
  2.9429430E-02  0.1332836    
  2.9509505E-02  0.1334231    
  2.9589588E-02  0.1292156    
  2.9669665E-02  0.1236978    
  2.9749753E-02  0.1194741    
  2.9829836E-02  0.1183241    
  2.9909912E-02  0.1160385    
  2.9989995E-02  0.1123256    
  3.0070070E-02  0.1139341    
  3.0150153E-02  0.1165896    
  3.0230230E-02  0.1188644    
  3.0310312E-02  0.1222477    
  3.0390395E-02  0.1231361    
  3.0470472E-02  0.1222735    
  3.0550554E-02  0.1213772    
  3.0630630E-02  0.1172020    
  3.0710712E-02  0.1132142    
  3.0790795E-02  0.1100696    
  3.0870872E-02  0.1060858    
  3.0950954E-02  0.1071605    
  3.1031029E-02  0.1091224    
  3.1111112E-02  0.1088830    
  3.1191189E-02  0.1104880    
  3.1271271E-02  0.1140897    
  3.1351354E-02  0.1175349    
  3.1431429E-02  0.1173685    
  3.1511512E-02  0.1161395    
  3.1591587E-02  0.1191128    
  3.1671669E-02  0.1229475    
  3.1751752E-02  0.1255838    
  3.1831831E-02  0.1282168    
  3.1911913E-02  0.1295419    
  3.1991988E-02  0.1299711    
  3.2072071E-02  0.1296593    
  3.2152146E-02  0.1299047    
  3.2232229E-02  0.1289201    
  3.2312311E-02  0.1281693    
  3.2392390E-02  0.1273357    
  3.2472476E-02  0.1246264    
  3.2552555E-02  0.1206795    
  3.2632634E-02  0.1176483    
  3.2712717E-02  0.1167448    
  3.2792795E-02  0.1182308    
  3.2872878E-02  0.1194923    
  3.2952953E-02  0.1173784    
  3.3033036E-02  0.1138712    
  3.3113111E-02  0.1116641    
  3.3193193E-02  0.1078811    
  3.3273276E-02  0.1054577    
  3.3353355E-02  0.1056082    
  3.3433437E-02  0.1041979    
  3.3513512E-02  0.1026204    
  3.3593595E-02  0.1007880    
  3.3673678E-02  9.8798364E-02
  3.3753753E-02  9.5798150E-02
  3.3833835E-02  9.2150159E-02
  3.3913910E-02  9.1194034E-02
  3.3993993E-02  9.3088679E-02
  3.4074072E-02  9.3906894E-02
  3.4154154E-02  9.2744425E-02
  3.4234237E-02  9.2220664E-02
  3.4314312E-02  9.4428122E-02
  3.4394395E-02  9.5891841E-02
  3.4474470E-02  9.5425367E-02
  3.4554552E-02  9.3535006E-02
  3.4634635E-02  8.9800619E-02
  3.4714714E-02  8.7680511E-02
  3.4794796E-02  8.8396795E-02
  3.4874871E-02  8.8754624E-02
  3.4954954E-02  8.9904442E-02
  3.5035029E-02  8.9791864E-02
  3.5115112E-02  9.0254299E-02
  3.5195202E-02  9.1340996E-02
  3.5275277E-02  9.1380715E-02
  3.5355359E-02  9.1601774E-02
  3.5435434E-02  9.1098003E-02
  3.5515517E-02  8.7711789E-02
  3.5595600E-02  8.3612159E-02
  3.5675678E-02  8.1423253E-02
  3.5755761E-02  8.0373585E-02
  3.5835836E-02  7.9290949E-02
  3.5915919E-02  7.9207435E-02
  3.5996001E-02  7.8931086E-02
  3.6076076E-02  7.7397332E-02
  3.6156159E-02  7.7045232E-02
  3.6236234E-02  7.8832828E-02
  3.6316317E-02  8.0833703E-02
  3.6396395E-02  8.0963559E-02
  3.6476478E-02  8.0259830E-02
  3.6556561E-02  8.0047235E-02
  3.6636636E-02  8.1088334E-02
  3.6716718E-02  8.2294807E-02
  3.6796793E-02  8.2199760E-02
  3.6876876E-02  8.0268301E-02
  3.6956958E-02  7.8076907E-02
  3.7037037E-02  7.6151013E-02
  3.7117120E-02  7.5004704E-02
  3.7197195E-02  7.7274792E-02
  3.7277278E-02  8.0912419E-02
  3.7357353E-02  8.2184479E-02
  3.7437435E-02  8.2164794E-02
  3.7517518E-02  8.1499279E-02
  3.7597593E-02  8.0150448E-02
  3.7677675E-02  7.9055555E-02
  3.7757754E-02  7.7960834E-02
  3.7837837E-02  7.7517197E-02
  3.7917923E-02  7.8519315E-02
  3.7998002E-02  7.9929590E-02
  3.8078085E-02  7.9208605E-02
  3.8158160E-02  7.9385199E-02
  3.8238242E-02  8.0148607E-02
  3.8318317E-02  7.9387270E-02
  3.8398400E-02  7.6894313E-02
  3.8478483E-02  7.3304780E-02
  3.8558558E-02  6.9762103E-02
  3.8638640E-02  6.6764310E-02
  3.8718719E-02  6.7867018E-02
  3.8798802E-02  7.1574941E-02
  3.8878884E-02  7.1951509E-02
  3.8958959E-02  7.1400143E-02
  3.9039042E-02  7.3535733E-02
  3.9119117E-02  7.4885845E-02
  3.9199200E-02  7.4892521E-02
  3.9279278E-02  7.5785823E-02
  3.9359361E-02  7.6121159E-02
  3.9439443E-02  7.2998963E-02
  3.9519519E-02  7.0621781E-02
  3.9599601E-02  7.1424343E-02
  3.9679676E-02  7.2596550E-02
  3.9759759E-02  7.4897952E-02
  3.9839841E-02  7.8453191E-02
  3.9919917E-02  8.0497541E-02
  3.9999999E-02  8.0631360E-02
