 -3.9999999E-02  0.1825341    
 -3.9919920E-02  0.1835126    
 -3.9839841E-02  0.1847301    
 -3.9759759E-02  0.1857868    
 -3.9679680E-02  0.1864104    
 -3.9599601E-02  0.1866540    
 -3.9519522E-02  0.1868384    
 -3.9439440E-02  0.1873651    
 -3.9359361E-02  0.1884379    
 -3.9279278E-02  0.1899300    
 -3.9199200E-02  0.1914655    
 -3.9119117E-02  0.1926460    
 -3.9039038E-02  0.1933116    
 -3.8958959E-02  0.1936310    
 -3.8878880E-02  0.1939956    
 -3.8798802E-02  0.1947299    
 -3.8718719E-02  0.1959004    
 -3.8638640E-02  0.1972305    
 -3.8558558E-02  0.1982854    
 -3.8478479E-02  0.1987433    
 -3.8398396E-02  0.1986110    
 -3.8318317E-02  0.1982292    
 -3.8238239E-02  0.1980714    
 -3.8158160E-02  0.1984806    
 -3.8078081E-02  0.1994382    
 -3.7997998E-02  0.2006346    
 -3.7917919E-02  0.2016476    
 -3.7837837E-02  0.2022473    
 -3.7757758E-02  0.2025280    
 -3.7677675E-02  0.2028370    
 -3.7597597E-02  0.2035303    
 -3.7517518E-02  0.2047305    
 -3.7437439E-02  0.2062112    
 -3.7357360E-02  0.2075451    
 -3.7277278E-02  0.2083666    
 -3.7197199E-02  0.2086186    
 -3.7117120E-02  0.2086081    
 -3.7037037E-02  0.2088281    
 -3.6956955E-02  0.2096594    
 -3.6876876E-02  0.2111406    
 -3.6796797E-02  0.2129657    
 -3.6716718E-02  0.2146614    
 -3.6636636E-02  0.2159117    
 -3.6556557E-02  0.2167360    
 -3.6476478E-02  0.2174744    
 -3.6396399E-02  0.2185591    
 -3.6316317E-02  0.2202037    
 -3.6236234E-02  0.2222853    
 -3.6156155E-02  0.2243734    
 -3.6076076E-02  0.2260242    
 -3.5995997E-02  0.2270411    
 -3.5915915E-02  0.2275883    
 -3.5835836E-02  0.2280849    
 -3.5755757E-02  0.2289147    
 -3.5675678E-02  0.2301888    
 -3.5595596E-02  0.2316774    
 -3.5515513E-02  0.2329574    
 -3.5435434E-02  0.2337262    
 -3.5355356E-02  0.2340038    
 -3.5275277E-02  0.2341466    
 -3.5195194E-02  0.2346443    
 -3.5115115E-02  0.2357994    
 -3.5035037E-02  0.2375368    
 -3.4954958E-02  0.2394596    
 -3.4874879E-02  0.2410802    
 -3.4794796E-02  0.2421260    
 -3.4714714E-02  0.2427087    
 -3.4634635E-02  0.2432351    
 -3.4554552E-02  0.2441560    
 -3.4474473E-02  0.2456506    
 -3.4394395E-02  0.2475104    
 -3.4314316E-02  0.2492891    
 -3.4234237E-02  0.2505657    
 -3.4154154E-02  0.2512397    
 -3.4074076E-02  0.2515836    
 -3.3993993E-02  0.2520760    
 -3.3913914E-02  0.2530892    
 -3.3833835E-02  0.2546621    
 -3.3753753E-02  0.2564649    
 -3.3673674E-02  0.2580348    
 -3.3593595E-02  0.2590646    
 -3.3513516E-02  0.2596248    
 -3.3433434E-02  0.2601129    
 -3.3353355E-02  0.2610010    
 -3.3273272E-02  0.2625210    
 -3.3193193E-02  0.2645060    
 -3.3113111E-02  0.2664783    
 -3.3033032E-02  0.2679386    
 -3.2952953E-02  0.2686731    
 -3.2872874E-02  0.2689053    
 -3.2792795E-02  0.2691147    
 -3.2712713E-02  0.2697763    
 -3.2632634E-02  0.2710392    
 -3.2552555E-02  0.2726510    
 -3.2472473E-02  0.2741516    
 -3.2392394E-02  0.2751900    
 -3.2312311E-02  0.2757590    
 -3.2232232E-02  0.2762181    
 -3.2152154E-02  0.2770837    
 -3.2072071E-02  0.2786835    
 -3.1991996E-02  0.2809360    
 -3.1911913E-02  0.2833963    
 -3.1831834E-02  0.2855239    
 -3.1751752E-02  0.2870174    
 -3.1671669E-02  0.2879949    
 -3.1591590E-02  0.2889134    
 -3.1511512E-02  0.2902520    
 -3.1431433E-02  0.2922130    
 -3.1351354E-02  0.2945749    
 -3.1271271E-02  0.2968394    
 -3.1191191E-02  0.2985571    
 -3.1111112E-02  0.2996204    
 -3.1031029E-02  0.3003456    
 -3.0950954E-02  0.3012764    
 -3.0870872E-02  0.3028373    
 -3.0790791E-02  0.3050638    
 -3.0710712E-02  0.3075790    
 -3.0630630E-02  0.3098229    
 -3.0550551E-02  0.3114197    
 -3.0470472E-02  0.3124076    
 -3.0390391E-02  0.3132143    
 -3.0310312E-02  0.3143784    
 -3.0230230E-02  0.3162021    
 -3.0150151E-02  0.3185601    
 -3.0070070E-02  0.3209836    
 -2.9989991E-02  0.3229626    
 -2.9909909E-02  0.3242935    
 -2.9829830E-02  0.3252003    
 -2.9749751E-02  0.3262001    
 -2.9669670E-02  0.3277635    
 -2.9589588E-02  0.3300117    
 -2.9509509E-02  0.3326144    
 -2.9429430E-02  0.3349937    
 -2.9349351E-02  0.3367118    
 -2.9269271E-02  0.3377180    
 -2.9189188E-02  0.3384171    
 -2.9109109E-02  0.3393815    
 -2.9029030E-02  0.3410143    
 -2.8948950E-02  0.3432885    
 -2.8868867E-02  0.3457800    
 -2.8788788E-02  0.3479636    
 -2.8708709E-02  0.3495652    
 -2.8628631E-02  0.3507618    
 -2.8548548E-02  0.3520803    
 -2.8468467E-02  0.3540862    
 -2.8388388E-02  0.3569874    
 -2.8308310E-02  0.3605098    
 -2.8228231E-02  0.3640478    
 -2.8148148E-02  0.3670222    
 -2.8068068E-02  0.3692471    
 -2.7987989E-02  0.3709883    
 -2.7907910E-02  0.3728082    
 -2.7827827E-02  0.3751647    
 -2.7747747E-02  0.3781042    
 -2.7667668E-02  0.3812487    
 -2.7587589E-02  0.3840387    
 -2.7507506E-02  0.3861170    
 -2.7427427E-02  0.3875843    
 -2.7347347E-02  0.3889593    
 -2.7267268E-02  0.3908545    
 -2.7187189E-02  0.3936010    
 -2.7107107E-02  0.3970233    
 -2.7027028E-02  0.4005412    
 -2.6946947E-02  0.4035528    
 -2.6866868E-02  0.4057772    
 -2.6786789E-02  0.4074641    
 -2.6706707E-02  0.4091942    
 -2.6626626E-02  0.4115230    
 -2.6546547E-02  0.4146182    
 -2.6466466E-02  0.4181238    
 -2.6386388E-02  0.4214208    
 -2.6306307E-02  0.4239891    
 -2.6226226E-02  0.4257754    
 -2.6146147E-02  0.4272023    
 -2.6066067E-02  0.4289214    
 -2.5985986E-02  0.4313979    
 -2.5905905E-02  0.4346269    
 -2.5825825E-02  0.4381298    
 -2.5745746E-02  0.4413321    
 -2.5665667E-02  0.4439142    
 -2.5585586E-02  0.4460521    
 -2.5505506E-02  0.4483190    
 -2.5425427E-02  0.4513003    
 -2.5345346E-02  0.4552008    
 -2.5265265E-02  0.4596722    
 -2.5185186E-02  0.4639790    
 -2.5105104E-02  0.4674568    
 -2.5025025E-02  0.4698757    
 -2.4944946E-02  0.4715801    
 -2.4864865E-02  0.4732519    
 -2.4784785E-02  0.4754826    
 -2.4704706E-02  0.4783921    
 -2.4624625E-02  0.4815841    
 -2.4544545E-02  0.4844188    
 -2.4464466E-02  0.4864449    
 -2.4384385E-02  0.4877261    
 -2.4304304E-02  0.4888324    
 -2.4224225E-02  0.4904859    
 -2.4144145E-02  0.4931468    
 -2.4064066E-02  0.4967321    
 -2.3983985E-02  0.5007024    
 -2.3903903E-02  0.5044334    
 -2.3823824E-02  0.5076128    
 -2.3743745E-02  0.5104683    
 -2.3663664E-02  0.5135396    
 -2.3583584E-02  0.5173452    
 -2.3503505E-02  0.5219464    
 -2.3423424E-02  0.5268942    
 -2.3343345E-02  0.5314646    
 -2.3263264E-02  0.5351051    
 -2.3183182E-02  0.5378323    
 -2.3103103E-02  0.5402543    
 -2.3023022E-02  0.5432342    
 -2.2942943E-02  0.5473863    
 -2.2862863E-02  0.5527388    
 -2.2782782E-02  0.5587501    
 -2.2702703E-02  0.5646378    
 -2.2622624E-02  0.5698968    
 -2.2542542E-02  0.5745479    
 -2.2462461E-02  0.5790940    
 -2.2382382E-02  0.5841096    
 -2.2302302E-02  0.5898035    
 -2.2222223E-02  0.5958385    
 -2.2142142E-02  0.6015011    
 -2.2062061E-02  0.6061502    
 -2.1981983E-02  0.6096656    
 -2.1901904E-02  0.6125101    
 -2.1821821E-02  0.6155350    
 -2.1741742E-02  0.6194156    
 -2.1661662E-02  0.6242818    
 -2.1581581E-02  0.6296533    
 -2.1501502E-02  0.6347586    
 -2.1421423E-02  0.6390696    
 -2.1341341E-02  0.6426337    
 -2.1261262E-02  0.6461102    
 -2.1181181E-02  0.6503101    
 -2.1101100E-02  0.6557505    
 -2.1021022E-02  0.6622789    
 -2.0940941E-02  0.6692063    
 -2.0860860E-02  0.6757054    
 -2.0780781E-02  0.6813443    
 -2.0700702E-02  0.6863064    
 -2.0620622E-02  0.6912500    
 -2.0540541E-02  0.6968553    
 -2.0460460E-02  0.7033469    
 -2.0380380E-02  0.7103568    
 -2.0300301E-02  0.7171497    
 -2.0220220E-02  0.7231177    
 -2.0140139E-02  0.7282088    
 -2.0060061E-02  0.7329517    
 -1.9979982E-02  0.7381470    
 -1.9899901E-02  0.7443575    
 -1.9819818E-02  0.7515505    
 -1.9739740E-02  0.7591199    
 -1.9659659E-02  0.7663203    
 -1.9579580E-02  0.7727609    
 -1.9499499E-02  0.7786947    
 -1.9419419E-02  0.7849348    
 -1.9339340E-02  0.7922885    
 -1.9259261E-02  0.8010969    
 -1.9179180E-02  0.8109891    
 -1.9099100E-02  0.8210785    
 -1.9019019E-02  0.8305204    
 -1.8938938E-02  0.8389977    
 -1.8858859E-02  0.8468772    
 -1.8778780E-02  0.8549467    
 -1.8698698E-02  0.8638501    
 -1.8618619E-02  0.8736153    
 -1.8538540E-02  0.8836278    
 -1.8458458E-02  0.8930200    
 -1.8378379E-02  0.9012138    
 -1.8298298E-02  0.9083409    
 -1.8218217E-02  0.9151999    
 -1.8138139E-02  0.9227733    
 -1.8058060E-02  0.9316754    
 -1.7977979E-02  0.9417111    
 -1.7897898E-02  0.9520893    
 -1.7817819E-02  0.9618970    
 -1.7737737E-02  0.9707150    
 -1.7657658E-02  0.9788678    
 -1.7577577E-02  0.9872257    
 -1.7497497E-02  0.9966314    
 -1.7417418E-02   1.007329    
 -1.7337339E-02   1.018818    
 -1.7257258E-02   1.030180    
 -1.7177178E-02   1.040647    
 -1.7097097E-02   1.050155    
 -1.7017016E-02   1.059385    
 -1.6936937E-02   1.069351    
 -1.6856859E-02   1.080776    
 -1.6776776E-02   1.093607    
 -1.6696697E-02   1.107037    
 -1.6616618E-02   1.120012    
 -1.6536538E-02   1.131893    
 -1.6456457E-02   1.142805    
 -1.6376374E-02   1.153618    
 -1.6296295E-02   1.165265    
 -1.6216217E-02   1.178202    
 -1.6136136E-02   1.192083    
 -1.6056055E-02   1.205988    
 -1.5975976E-02   1.219033    
 -1.5895896E-02   1.231008    
 -1.5815817E-02   1.242521    
 -1.5735736E-02   1.254641    
 -1.5655655E-02   1.268241    
 -1.5575575E-02   1.283409    
 -1.5495496E-02   1.299336    
 -1.5415415E-02   1.314831    
 -1.5335335E-02   1.329031    
 -1.5255257E-02   1.341925    
 -1.5175175E-02   1.354365    
 -1.5095096E-02   1.367542    
 -1.5015014E-02   1.382223    
 -1.4934934E-02   1.398302    
 -1.4854855E-02   1.414951    
 -1.4774775E-02   1.431141    
 -1.4694694E-02   1.446418    
 -1.4614615E-02   1.461190    
 -1.4534536E-02   1.476508    
 -1.4454454E-02   1.493407    
 -1.4374373E-02   1.512222    
 -1.4294295E-02   1.532340    
 -1.4214213E-02   1.552623    
 -1.4134134E-02   1.572049    
 -1.4054054E-02   1.590410    
 -1.3973974E-02   1.608366    
 -1.3893894E-02   1.627025    
 -1.3813815E-02   1.647155    
 -1.3733734E-02   1.668660    
 -1.3653653E-02   1.690670    
 -1.3573574E-02   1.712068    
 -1.3493493E-02   1.732359    
 -1.3413415E-02   1.752059    
 -1.3333333E-02   1.772504    
 -1.3253253E-02   1.795092    
 -1.3173174E-02   1.820486    
 -1.3093094E-02   1.848181    
 -1.3013015E-02   1.876859    
 -1.2932932E-02   1.905183    
 -1.2852853E-02   1.932619    
 -1.2772773E-02   1.959773    
 -1.2692691E-02   1.987977    
 -1.2612612E-02   2.018410    
 -1.2532532E-02   2.051344    
 -1.2452453E-02   2.085972    
 -1.2372374E-02   2.120848    
 -1.2292295E-02   2.154798    
 -1.2212212E-02   2.187634    
 -1.2132132E-02   2.220161    
 -1.2052054E-02   2.253601    
 -1.1971971E-02   2.288740    
 -1.1891891E-02   2.325329    
 -1.1811811E-02   2.362245    
 -1.1731729E-02   2.398161    
 -1.1651650E-02   2.432478    
 -1.1571570E-02   2.465684    
 -1.1491491E-02   2.499125    
 -1.1411412E-02   2.534147    
 -1.1331333E-02   2.571278    
 -1.1251250E-02   2.609905    
 -1.1171171E-02   2.648688    
 -1.1091092E-02   2.686487    
 -1.1011012E-02   2.723104    
 -1.0930933E-02   2.759530    
 -1.0850853E-02   2.797369    
 -1.0770771E-02   2.837854    
 -1.0690691E-02   2.881202    
 -1.0610608E-02   2.926673    
 -1.0530530E-02   2.973084    
 -1.0450450E-02   3.019875    
 -1.0370371E-02   3.067518    
 -1.0290288E-02   3.117388    
 -1.0210209E-02   3.170856    
 -1.0130130E-02   3.228392    
 -1.0050050E-02   3.289195    
 -9.9699711E-03   3.351568    
 -9.8898914E-03   3.414101    
 -9.8098088E-03   3.476500    
 -9.7297300E-03   3.539865    
 -9.6496502E-03   3.606130    
 -9.5695704E-03   3.676771    
 -9.4894916E-03   3.751991    
 -9.4094118E-03   3.830483    
 -9.3293292E-03   3.910254    
 -9.2492504E-03   3.989789    
 -9.1691678E-03   4.068933    
 -9.0890881E-03   4.148884    
 -9.0090092E-03   4.231246    
 -8.9289295E-03   4.316851    
 -8.8488469E-03   4.405085    
 -8.7687680E-03   4.494143    
 -8.6886883E-03   4.582222    
 -8.6086085E-03   4.668780    
 -8.5285297E-03   4.755095    
 -8.4484499E-03   4.843796    
 -8.3683673E-03   4.937554    
 -8.2882885E-03   5.037654    
 -8.2082087E-03   5.143571    
 -8.1281299E-03   5.253440    
 -8.0480501E-03   5.365427    
 -7.9679713E-03   5.478825    
 -7.8878887E-03   5.594587    
 -7.8078057E-03   5.714285    
 -7.7277264E-03   5.839128    
 -7.6476471E-03   5.968843    
 -7.5675678E-03   6.101767    
 -7.4874884E-03   6.236029    
 -7.4074059E-03   6.370928    
 -7.3273266E-03   6.507818    
 -7.2472473E-03   6.649739    
 -7.1671680E-03   6.799939    
 -7.0870882E-03   6.960383    
 -7.0070089E-03   7.130710    
 -6.9269263E-03   7.308848    
 -6.8468470E-03   7.492332    
 -6.7667677E-03   7.680084    
 -6.6866884E-03   7.872996    
 -6.6066091E-03   8.073402    
 -6.5265298E-03   8.283525    
 -6.4464440E-03   8.504195    
 -6.3663647E-03   8.734407    
 -6.2862854E-03   8.972318    
 -6.2062060E-03   9.216945    
 -6.1261267E-03   9.469165    
 -6.0460442E-03   9.731869    
 -5.9659649E-03   10.00842    
 -5.8858851E-03   10.30110    
 -5.8058058E-03   10.60991    
 -5.7257265E-03   10.93295    
 -5.6456472E-03   11.26817    
 -5.5655646E-03   11.61508    
 -5.4854853E-03   11.97579    
 -5.4054060E-03   12.35431    
 -5.3253267E-03   12.75471    
 -5.2452474E-03   13.17908    
 -5.1651681E-03   13.62692    
 -5.0850823E-03   14.09641    
 -5.0050030E-03   14.58608    
 -4.9249236E-03   15.09722    
 -4.8448443E-03   15.63383    
 -4.7647646E-03   16.20130    
 -4.6846853E-03   16.80397    
 -4.6046027E-03   17.44334    
 -4.5245234E-03   18.11814    
 -4.4444441E-03   18.82614    
 -4.3643648E-03   19.56709    
 -4.2842855E-03   20.34430    
 -4.2042062E-03   21.16460    
 -4.1241236E-03   22.03602    
 -4.0440443E-03   22.96485    
 -3.9639650E-03   23.95414    
 -3.8838855E-03   25.00404    
 -3.8038061E-03   26.11430    
 -3.7237236E-03   27.28672    
 -3.6436410E-03   28.52660    
 -3.5635617E-03   29.84177    
 -3.4834824E-03   31.24040    
 -3.4034029E-03   32.72836    
 -3.3233236E-03   34.30925    
 -3.2432443E-03   35.98567    
 -3.1631617E-03   37.76251    
 -3.0830824E-03   39.64868    
 -3.0030031E-03   41.65689    
 -2.9229235E-03   43.80123    
 -2.8428442E-03   46.09322    
 -2.7627649E-03   48.54034    
 -2.6826824E-03   51.14732    
 -2.6026031E-03   53.91956    
 -2.5225237E-03   56.86801    
 -2.4424442E-03   60.01033    
 -2.3623616E-03   63.36929    
 -2.2822823E-03   66.96723    
 -2.2021998E-03   70.82220    
 -2.1221205E-03   74.94505    
 -2.0420412E-03   79.34299    
 -1.9619619E-03   84.02550    
 -1.8818824E-03   89.00778    
 -1.8018030E-03   94.31261    
 -1.7217206E-03   99.96472    
 -1.6416411E-03   105.9820    
 -1.5615618E-03   112.3689    
 -1.4814824E-03   119.1138    
 -1.4014031E-03   126.1928    
 -1.3213237E-03   133.5755    
 -1.2412412E-03   141.2290    
 -1.1611618E-03   149.1123    
 -1.0810825E-03   157.1685    
 -1.0009999E-03   165.3098    
 -9.2092057E-04   173.4123    
 -8.4084121E-04   181.3230    
 -7.6075870E-04   188.8804    
 -6.8067934E-04   195.9386    
 -6.0059997E-04   202.3916    
 -5.2052061E-04   208.1792    
 -4.4044125E-04   213.2752    
 -3.6036188E-04   217.6635    
 -2.8027935E-04   221.3120    
 -2.0019998E-04   224.1609    
 -1.2012063E-04   226.1294    
 -4.0041265E-05   227.1381    
  4.0038096E-05   227.1394    
  1.2011746E-04   226.1295    
  2.0019998E-04   224.1609    
  2.8027935E-04   221.3120    
  3.6036188E-04   217.6635    
  4.4044125E-04   213.2751    
  5.2052061E-04   208.1792    
  6.0060312E-04   202.3914    
  6.8068248E-04   195.9383    
  7.6076185E-04   188.8800    
  8.4084121E-04   181.3230    
  9.2092057E-04   173.4123    
  1.0009999E-03   165.3098    
  1.0810825E-03   157.1685    
  1.1611618E-03   149.1124    
  1.2412412E-03   141.2290    
  1.3213205E-03   133.5757    
  1.4014000E-03   126.1930    
  1.4814793E-03   119.1140    
  1.5615618E-03   112.3689    
  1.6416411E-03   105.9820    
  1.7217237E-03   99.96454    
  1.8018030E-03   94.31261    
  1.8818824E-03   89.00778    
  1.9619619E-03   84.02549    
  2.0420442E-03   79.34289    
  2.1221237E-03   74.94488    
  2.2022030E-03   70.82204    
  2.2822823E-03   66.96723    
  2.3623616E-03   63.36929    
  2.4424412E-03   60.01045    
  2.5225237E-03   56.86801    
  2.6026031E-03   53.91956    
  2.6826824E-03   51.14732    
  2.7627617E-03   48.54045    
  2.8428410E-03   46.09335    
  2.9229205E-03   43.80129    
  3.0030031E-03   41.65689    
  3.0830854E-03   39.64860    
  3.1631649E-03   37.76246    
  3.2432443E-03   35.98567    
  3.3233236E-03   34.30924    
  3.4034029E-03   32.72836    
  3.4834854E-03   31.24032    
  3.5635647E-03   29.84171    
  3.6436443E-03   28.52654    
  3.7237236E-03   27.28672    
  3.8038029E-03   26.11435    
  3.8838822E-03   25.00412    
  3.9639650E-03   23.95414    
  4.0440443E-03   22.96485    
  4.1241236E-03   22.03602    
  4.2042029E-03   21.16464    
  4.2842822E-03   20.34431    
  4.3643615E-03   19.56711    
  4.4444473E-03   18.82609    
  4.5245267E-03   18.11809    
  4.6046060E-03   17.44334    
  4.6846853E-03   16.80397    
  4.7647646E-03   16.20130    
  4.8448443E-03   15.63383    
  4.9249264E-03   15.09719    
  5.0050062E-03   14.58607    
  5.0850855E-03   14.09640    
  5.1651648E-03   13.62695    
  5.2452441E-03   13.17909    
  5.3253234E-03   12.75474    
  5.4054060E-03   12.35431    
  5.4854853E-03   11.97579    
  5.5655646E-03   11.61507    
  5.6456439E-03   11.26818    
  5.7257232E-03   10.93298    
  5.8058058E-03   10.60990    
  5.8858884E-03   10.30109    
  5.9659677E-03   10.00841    
  6.0460474E-03   9.731872    
  6.1261267E-03   9.469167    
  6.2062060E-03   9.216947    
  6.2862854E-03   8.972317    
  6.3663679E-03   8.734385    
  6.4464472E-03   8.504186    
  6.5265265E-03   8.283536    
  6.6066058E-03   8.073401    
  6.6866851E-03   7.873022    
  6.7667644E-03   7.680092    
  6.8468470E-03   7.492332    
  6.9269263E-03   7.308848    
  7.0070061E-03   7.130732    
  7.0870854E-03   6.960380    
  7.1671680E-03   6.799940    
  7.2472505E-03   6.649727    
  7.3273298E-03   6.507811    
  7.4074091E-03   6.370928    
  7.4874884E-03   6.236026    
  7.5675678E-03   6.101766    
  7.6476471E-03   5.968843    
  7.7277296E-03   5.839125    
  7.8078089E-03   5.714277    
  7.8878887E-03   5.594588    
  7.9679675E-03   5.478842    
  8.0480473E-03   5.365414    
  8.1281262E-03   5.253456    
  8.2082087E-03   5.143570    
  8.2882885E-03   5.037655    
  8.3683673E-03   4.937553    
  8.4484471E-03   4.843791    
  8.5285297E-03   4.755095    
  8.6086085E-03   4.668782    
  8.6886911E-03   4.582234    
  8.7687708E-03   4.494131    
  8.8488506E-03   4.405078    
  8.9289295E-03   4.316853    
  9.0090092E-03   4.231247    
  9.0890881E-03   4.148884    
  9.1691706E-03   4.068940    
  9.2492504E-03   3.989790    
  9.3293292E-03   3.910254    
  9.4094090E-03   3.830492    
  9.4894879E-03   3.751995    
  9.5695676E-03   3.676778    
  9.6496502E-03   3.606129    
  9.7297300E-03   3.539866    
  9.8098088E-03   3.476500    
  9.8898914E-03   3.414101    
  9.9699711E-03   3.351567    
  1.0050050E-02   3.289196    
  1.0130133E-02   3.228384    
  1.0210212E-02   3.170862    
  1.0290291E-02   3.117385    
  1.0370371E-02   3.067517    
  1.0450450E-02   3.019874    
  1.0530530E-02   2.973084    
  1.0610612E-02   2.926679    
  1.0690691E-02   2.881202    
  1.0770771E-02   2.837855    
  1.0850850E-02   2.797375    
  1.0930929E-02   2.759543    
  1.1011009E-02   2.723104    
  1.1091092E-02   2.686488    
  1.1171171E-02   2.648689    
  1.1251253E-02   2.609909    
  1.1331333E-02   2.571279    
  1.1411412E-02   2.534148    
  1.1491491E-02   2.499126    
  1.1571574E-02   2.465686    
  1.1651653E-02   2.432472    
  1.1731733E-02   2.398165    
  1.1811811E-02   2.362245    
  1.1891891E-02   2.325328    
  1.1971971E-02   2.288739    
  1.2052054E-02   2.253601    
  1.2132132E-02   2.220161    
  1.2212212E-02   2.187634    
  1.2292291E-02   2.154800    
  1.2372371E-02   2.120841    
  1.2452450E-02   2.085970    
  1.2532532E-02   2.051344    
  1.2612612E-02   2.018410    
  1.2692695E-02   1.987982    
  1.2772773E-02   1.959773    
  1.2852853E-02   1.932620    
  1.2932932E-02   1.905184    
  1.3013015E-02   1.876858    
  1.3093094E-02   1.848181    
  1.3173170E-02   1.820479    
  1.3253253E-02   1.795092    
  1.3333336E-02   1.772501    
  1.3413412E-02   1.752059    
  1.3493494E-02   1.732363    
  1.3573570E-02   1.712063    
  1.3653653E-02   1.690670    
  1.3733735E-02   1.668662    
  1.3813811E-02   1.647155    
  1.3893894E-02   1.627025    
  1.3973971E-02   1.608366    
  1.4054053E-02   1.590409    
  1.4134135E-02   1.572049    
  1.4214218E-02   1.552626    
  1.4294295E-02   1.532340    
  1.4374377E-02   1.512225    
  1.4454453E-02   1.493407    
  1.4534536E-02   1.476508    
  1.4614618E-02   1.461180    
  1.4694694E-02   1.446418    
  1.4774777E-02   1.431137    
  1.4854853E-02   1.414945    
  1.4934936E-02   1.398304    
  1.5015012E-02   1.382224    
  1.5095094E-02   1.367546    
  1.5175177E-02   1.354370    
  1.5255253E-02   1.341923    
  1.5335335E-02   1.329031    
  1.5415411E-02   1.314829    
  1.5495494E-02   1.299333    
  1.5575577E-02   1.283405    
  1.5655654E-02   1.268243    
  1.5735736E-02   1.254642    
  1.5815811E-02   1.242517    
  1.5895894E-02   1.231007    
  1.5975971E-02   1.219036    
  1.6056059E-02   1.205981    
  1.6136141E-02   1.192085    
  1.6216218E-02   1.178206    
  1.6296301E-02   1.165259    
  1.6376376E-02   1.153614    
  1.6456459E-02   1.142804    
  1.6536541E-02   1.131885    
  1.6616618E-02   1.120012    
  1.6696701E-02   1.107042    
  1.6776776E-02   1.093607    
  1.6856859E-02   1.080779    
  1.6936935E-02   1.069343    
  1.7017018E-02   1.059382    
  1.7097101E-02   1.050151    
  1.7177176E-02   1.040642    
  1.7257258E-02   1.030176    
  1.7337335E-02   1.018814    
  1.7417418E-02   1.007329    
  1.7497500E-02  0.9966276    
  1.7577577E-02  0.9872261    
  1.7657660E-02  0.9788697    
  1.7737735E-02  0.9707152    
  1.7817818E-02  0.9618943    
  1.7897895E-02  0.9520884    
  1.7977977E-02  0.9417084    
  1.8058060E-02  0.9316753    
  1.8138135E-02  0.9227815    
  1.8218217E-02  0.9151995    
  1.8298294E-02  0.9083412    
  1.8378377E-02  0.9012146    
  1.8458460E-02  0.8930219    
  1.8538535E-02  0.8836309    
  1.8618617E-02  0.8736120    
  1.8698694E-02  0.8638487    
  1.8778782E-02  0.8549489    
  1.8858859E-02  0.8468770    
  1.8938942E-02  0.8389996    
  1.9019024E-02  0.8305219    
  1.9099100E-02  0.8210796    
  1.9179182E-02  0.8109876    
  1.9259259E-02  0.8010978    
  1.9339342E-02  0.7922831    
  1.9419424E-02  0.7849371    
  1.9499499E-02  0.7786950    
  1.9579582E-02  0.7727580    
  1.9659659E-02  0.7663202    
  1.9739741E-02  0.7591180    
  1.9819818E-02  0.7515507    
  1.9899901E-02  0.7443577    
  1.9979984E-02  0.7381459    
  2.0060059E-02  0.7329525    
  2.0140141E-02  0.7282126    
  2.0220218E-02  0.7231181    
  2.0300301E-02  0.7171502    
  2.0380383E-02  0.7103555    
  2.0460458E-02  0.7033452    
  2.0540541E-02  0.6968552    
  2.0620618E-02  0.6912507    
  2.0700701E-02  0.6863080    
  2.0780776E-02  0.6813477    
  2.0860858E-02  0.6757062    
  2.0940941E-02  0.6692064    
  2.1021018E-02  0.6622797    
  2.1101100E-02  0.6557508    
  2.1181175E-02  0.6503104    
  2.1261258E-02  0.6461135    
  2.1341341E-02  0.6426334    
  2.1421418E-02  0.6390682    
  2.1501500E-02  0.6347593    
  2.1581583E-02  0.6296549    
  2.1661665E-02  0.6242810    
  2.1741748E-02  0.6194173    
  2.1821825E-02  0.6155354    
  2.1901906E-02  0.6125120    
  2.1981983E-02  0.6096654    
  2.2062065E-02  0.6061531    
  2.2142142E-02  0.6014990    
  2.2222225E-02  0.5958422    
  2.2302307E-02  0.5898032    
  2.2382382E-02  0.5841098    
  2.2462465E-02  0.5790981    
  2.2542542E-02  0.5745481    
  2.2622624E-02  0.5698964    
  2.2702707E-02  0.5646378    
  2.2782782E-02  0.5587498    
  2.2862865E-02  0.5527347    
  2.2942942E-02  0.5473775    
  2.3023024E-02  0.5432321    
  2.3103099E-02  0.5402561    
  2.3183182E-02  0.5378323    
  2.3263264E-02  0.5351049    
  2.3343341E-02  0.5314652    
  2.3423424E-02  0.5268945    
  2.3503499E-02  0.5219498    
  2.3583582E-02  0.5173421    
  2.3663664E-02  0.5135377    
  2.3743741E-02  0.5104643    
  2.3823824E-02  0.5076131    
  2.3903901E-02  0.5044348    
  2.3983983E-02  0.5007017    
  2.4064058E-02  0.4967293    
  2.4144141E-02  0.4931466    
  2.4224224E-02  0.4904865    
  2.4304306E-02  0.4888314    
  2.4384389E-02  0.4877265    
  2.4464466E-02  0.4864444    
  2.4544548E-02  0.4844184    
  2.4624631E-02  0.4815868    
  2.4704706E-02  0.4783918    
  2.4784788E-02  0.4754798    
  2.4864865E-02  0.4732520    
  2.4944948E-02  0.4715773    
  2.5025023E-02  0.4698744    
  2.5105106E-02  0.4674587    
  2.5185188E-02  0.4639808    
  2.5265265E-02  0.4596723    
  2.5345348E-02  0.4552068    
  2.5425423E-02  0.4513006    
  2.5505506E-02  0.4483193    
  2.5585588E-02  0.4460507    
  2.5665665E-02  0.4439146    
  2.5745748E-02  0.4413315    
  2.5825825E-02  0.4381315    
  2.5905905E-02  0.4346271    
  2.5985982E-02  0.4313980    
  2.6066065E-02  0.4289205    
  2.6146147E-02  0.4272021    
  2.6226224E-02  0.4257742    
  2.6306307E-02  0.4239891    
  2.6386382E-02  0.4214191    
  2.6466465E-02  0.4181211    
  2.6546547E-02  0.4146180    
  2.6626624E-02  0.4115207    
  2.6706707E-02  0.4091938    
  2.6786782E-02  0.4074616    
  2.6866864E-02  0.4057749    
  2.6946941E-02  0.4035555    
  2.7027030E-02  0.4005425    
  2.7107112E-02  0.3970207    
  2.7187189E-02  0.3936010    
  2.7267272E-02  0.3908575    
  2.7347347E-02  0.3889596    
  2.7427429E-02  0.3875827    
  2.7507512E-02  0.3861188    
  2.7587589E-02  0.3840389    
  2.7667671E-02  0.3812438    
  2.7747747E-02  0.3781040    
  2.7827829E-02  0.3751661    
  2.7907912E-02  0.3728102    
  2.7987989E-02  0.3709884    
  2.8068071E-02  0.3692439    
  2.8148148E-02  0.3670225    
  2.8228231E-02  0.3640476    
  2.8308306E-02  0.3605098    
  2.8388388E-02  0.3569871    
  2.8468471E-02  0.3540865    
  2.8548548E-02  0.3520804    
  2.8628631E-02  0.3507619    
  2.8708706E-02  0.3495656    
  2.8788788E-02  0.3479636    
  2.8868871E-02  0.3457819    
  2.8948948E-02  0.3432874    
  2.9029030E-02  0.3410142    
  2.9109105E-02  0.3393835    
  2.9189188E-02  0.3384173    
  2.9269265E-02  0.3377201    
  2.9349348E-02  0.3367100    
  2.9429430E-02  0.3349935    
  2.9509505E-02  0.3326105    
  2.9589588E-02  0.3300115    
  2.9669665E-02  0.3277647    
  2.9749753E-02  0.3261998    
  2.9829836E-02  0.3251979    
  2.9909912E-02  0.3242919    
  2.9989995E-02  0.3229639    
  3.0070070E-02  0.3209835    
  3.0150153E-02  0.3185619    
  3.0230230E-02  0.3162027    
  3.0310312E-02  0.3143786    
  3.0390395E-02  0.3132140    
  3.0470472E-02  0.3124076    
  3.0550554E-02  0.3114197    
  3.0630630E-02  0.3098227    
  3.0710712E-02  0.3075789    
  3.0790795E-02  0.3050647    
  3.0870872E-02  0.3028375    
  3.0950954E-02  0.3012763    
  3.1031029E-02  0.3003457    
  3.1111112E-02  0.2996205    
  3.1191189E-02  0.2985549    
  3.1271271E-02  0.2968394    
  3.1351354E-02  0.2945747    
  3.1431429E-02  0.2922115    
  3.1511512E-02  0.2902519    
  3.1591587E-02  0.2889128    
  3.1671669E-02  0.2879948    
  3.1751752E-02  0.2870174    
  3.1831831E-02  0.2855259    
  3.1911913E-02  0.2833959    
  3.1991988E-02  0.2809381    
  3.2072071E-02  0.2786833    
  3.2152146E-02  0.2770834    
  3.2232229E-02  0.2762160    
  3.2312311E-02  0.2757590    
  3.2392390E-02  0.2751932    
  3.2472476E-02  0.2741543    
  3.2552555E-02  0.2726513    
  3.2632634E-02  0.2710372    
  3.2712717E-02  0.2697760    
  3.2792795E-02  0.2691147    
  3.2872878E-02  0.2689071    
  3.2952953E-02  0.2686729    
  3.3033036E-02  0.2679374    
  3.3113111E-02  0.2664782    
  3.3193193E-02  0.2645059    
  3.3273276E-02  0.2625213    
  3.3353355E-02  0.2610014    
  3.3433437E-02  0.2601133    
  3.3513512E-02  0.2596245    
  3.3593595E-02  0.2590646    
  3.3673678E-02  0.2580341    
  3.3753753E-02  0.2564652    
  3.3833835E-02  0.2546619    
  3.3913910E-02  0.2530886    
  3.3993993E-02  0.2520761    
  3.4074072E-02  0.2515849    
  3.4154154E-02  0.2512397    
  3.4234237E-02  0.2505656    
  3.4314312E-02  0.2492851    
  3.4394395E-02  0.2475104    
  3.4474470E-02  0.2456481    
  3.4554552E-02  0.2441560    
  3.4634635E-02  0.2432350    
  3.4714714E-02  0.2427051    
  3.4794796E-02  0.2421256    
  3.4874871E-02  0.2410845    
  3.4954954E-02  0.2394616    
  3.5035029E-02  0.2375387    
  3.5115112E-02  0.2357993    
  3.5195202E-02  0.2346428    
  3.5275277E-02  0.2341465    
  3.5355359E-02  0.2340045    
  3.5435434E-02  0.2337261    
  3.5515517E-02  0.2329567    
  3.5595600E-02  0.2316757    
  3.5675678E-02  0.2301889    
  3.5755761E-02  0.2289119    
  3.5835836E-02  0.2280849    
  3.5915919E-02  0.2275861    
  3.5996001E-02  0.2270413    
  3.6076076E-02  0.2260237    
  3.6156159E-02  0.2243736    
  3.6236234E-02  0.2222854    
  3.6316317E-02  0.2202038    
  3.6396395E-02  0.2185582    
  3.6476478E-02  0.2174746    
  3.6556561E-02  0.2167358    
  3.6636636E-02  0.2159120    
  3.6716718E-02  0.2146617    
  3.6796793E-02  0.2129620    
  3.6876876E-02  0.2111405    
  3.6956958E-02  0.2096566    
  3.7037037E-02  0.2088299    
  3.7117120E-02  0.2086079    
  3.7197195E-02  0.2086208    
  3.7277278E-02  0.2083668    
  3.7357353E-02  0.2075453    
  3.7437435E-02  0.2062143    
  3.7517518E-02  0.2047308    
  3.7597593E-02  0.2035306    
  3.7677675E-02  0.2028371    
  3.7757754E-02  0.2025270    
  3.7837837E-02  0.2022464    
  3.7917923E-02  0.2016494    
  3.7998002E-02  0.2006337    
  3.8078085E-02  0.1994389    
  3.8158160E-02  0.1984807    
  3.8238242E-02  0.1980742    
  3.8318317E-02  0.1982291    
  3.8398400E-02  0.1986103    
  3.8478483E-02  0.1987452    
  3.8558558E-02  0.1982855    
  3.8638640E-02  0.1972281    
  3.8718719E-02  0.1959005    
  3.8798802E-02  0.1947299    
  3.8878884E-02  0.1939961    
  3.8958959E-02  0.1936310    
  3.9039042E-02  0.1933129    
  3.9119117E-02  0.1926459    
  3.9199200E-02  0.1914652    
  3.9279278E-02  0.1899315    
  3.9359361E-02  0.1884379    
  3.9439443E-02  0.1873656    
  3.9519519E-02  0.1868397    
  3.9599601E-02  0.1866539    
  3.9679676E-02  0.1864130    
  3.9759759E-02  0.1857870    
  3.9839841E-02  0.1847301    
  3.9919917E-02  0.1835129    
  3.9999999E-02  0.1825340    
