 -7.0000000E-02  0.1507335    
 -6.9859862E-02  0.1511911    
 -6.9719717E-02  0.1516048    
 -6.9579579E-02  0.1519837    
 -6.9439441E-02  0.1523417    
 -6.9299296E-02  0.1526862    
 -6.9159158E-02  0.1530334    
 -6.9019020E-02  0.1533932    
 -6.8878874E-02  0.1537796    
 -6.8738736E-02  0.1542021    
 -6.8598598E-02  0.1546765    
 -6.8458453E-02  0.1552133    
 -6.8318315E-02  0.1558302    
 -6.8178177E-02  0.1565322    
 -6.8038031E-02  0.1573299    
 -6.7897893E-02  0.1582198    
 -6.7757756E-02  0.1591926    
 -6.7617618E-02  0.1602293    
 -6.7477472E-02  0.1613048    
 -6.7337334E-02  0.1623939    
 -6.7197196E-02  0.1634734    
 -6.7057058E-02  0.1645114    
 -6.6916920E-02  0.1655059    
 -6.6776782E-02  0.1664451    
 -6.6636637E-02  0.1673371    
 -6.6496499E-02  0.1681947    
 -6.6356361E-02  0.1690399    
 -6.6216215E-02  0.1698910    
 -6.6076078E-02  0.1707756    
 -6.5935940E-02  0.1717100    
 -6.5795794E-02  0.1727132    
 -6.5655656E-02  0.1737892    
 -6.5515518E-02  0.1749450    
 -6.5375373E-02  0.1761705    
 -6.5235235E-02  0.1774510    
 -6.5095097E-02  0.1787736    
 -6.4954951E-02  0.1801191    
 -6.4814813E-02  0.1814679    
 -6.4674675E-02  0.1828085    
 -6.4534530E-02  0.1841332    
 -6.4394392E-02  0.1854387    
 -6.4254254E-02  0.1867319    
 -6.4114109E-02  0.1880144    
 -6.3973971E-02  0.1892918    
 -6.3833833E-02  0.1905625    
 -6.3693687E-02  0.1918278    
 -6.3553549E-02  0.1930781    
 -6.3413411E-02  0.1943032    
 -6.3273266E-02  0.1954952    
 -6.3133128E-02  0.1966404    
 -6.2992990E-02  0.1977324    
 -6.2852852E-02  0.1987668    
 -6.2712714E-02  0.1997429    
 -6.2572576E-02  0.2006607    
 -6.2432427E-02  0.2015335    
 -6.2292289E-02  0.2023590    
 -6.2152151E-02  0.2031481    
 -6.2012013E-02  0.2039078    
 -6.1871871E-02  0.2046430    
 -6.1731733E-02  0.2053660    
 -6.1591592E-02  0.2060776    
 -6.1451450E-02  0.2067859    
 -6.1311312E-02  0.2074955    
 -6.1171174E-02  0.2082086    
 -6.1031029E-02  0.2089231    
 -6.0890891E-02  0.2096438    
 -6.0750753E-02  0.2103625    
 -6.0610607E-02  0.2110766    
 -6.0470469E-02  0.2117860    
 -6.0330331E-02  0.2124811    
 -6.0190186E-02  0.2131626    
 -6.0050048E-02  0.2138273    
 -5.9909910E-02  0.2144753    
 -5.9769768E-02  0.2151054    
 -5.9629630E-02  0.2157289    
 -5.9489489E-02  0.2163454    
 -5.9349347E-02  0.2169687    
 -5.9209209E-02  0.2176069    
 -5.9069071E-02  0.2182723    
 -5.8928933E-02  0.2189752    
 -5.8788788E-02  0.2197337    
 -5.8648650E-02  0.2205554    
 -5.8508512E-02  0.2214464    
 -5.8368366E-02  0.2224150    
 -5.8228228E-02  0.2234613    
 -5.8088090E-02  0.2245786    
 -5.7947945E-02  0.2257604    
 -5.7807807E-02  0.2269915    
 -5.7667669E-02  0.2282517    
 -5.7527527E-02  0.2295134    
 -5.7387389E-02  0.2307680    
 -5.7247248E-02  0.2319934    
 -5.7107106E-02  0.2331903    
 -5.6966968E-02  0.2343595    
 -5.6826830E-02  0.2355150    
 -5.6686684E-02  0.2366798    
 -5.6546547E-02  0.2378761    
 -5.6406409E-02  0.2391254    
 -5.6266263E-02  0.2404384    
 -5.6126125E-02  0.2418220    
 -5.5985987E-02  0.2432726    
 -5.5845842E-02  0.2447749    
 -5.5705704E-02  0.2463180    
 -5.5565566E-02  0.2478814    
 -5.5425424E-02  0.2494480    
 -5.5285286E-02  0.2510081    
 -5.5145144E-02  0.2525463    
 -5.5005003E-02  0.2540518    
 -5.4864865E-02  0.2555135    
 -5.4724727E-02  0.2569225    
 -5.4584581E-02  0.2582699    
 -5.4444443E-02  0.2595512    
 -5.4304305E-02  0.2607709    
 -5.4164160E-02  0.2619349    
 -5.4024022E-02  0.2630614    
 -5.3883884E-02  0.2641663    
 -5.3743739E-02  0.2652681    
 -5.3603601E-02  0.2663794    
 -5.3463463E-02  0.2675088    
 -5.3323321E-02  0.2686562    
 -5.3183183E-02  0.2698242    
 -5.3043045E-02  0.2710216    
 -5.2902903E-02  0.2722517    
 -5.2762762E-02  0.2735315    
 -5.2622624E-02  0.2748823    
 -5.2482486E-02  0.2763215    
 -5.2342340E-02  0.2778650    
 -5.2202202E-02  0.2795179    
 -5.2062061E-02  0.2812691    
 -5.1921919E-02  0.2830998    
 -5.1781781E-02  0.2849799    
 -5.1641639E-02  0.2868725    
 -5.1501498E-02  0.2887494    
 -5.1361360E-02  0.2905904    
 -5.1221222E-02  0.2923827    
 -5.1081080E-02  0.2941250    
 -5.0940942E-02  0.2958394    
 -5.0800800E-02  0.2975334    
 -5.0660662E-02  0.2992345    
 -5.0520521E-02  0.3009585    
 -5.0380383E-02  0.3027279    
 -5.0240237E-02  0.3045649    
 -5.0100099E-02  0.3064716    
 -4.9959961E-02  0.3084644    
 -4.9819820E-02  0.3105497    
 -4.9679678E-02  0.3127206    
 -4.9539540E-02  0.3149658    
 -4.9399398E-02  0.3172705    
 -4.9259257E-02  0.3195987    
 -4.9119119E-02  0.3219371    
 -4.8978977E-02  0.3242541    
 -4.8838839E-02  0.3265461    
 -4.8698701E-02  0.3288016    
 -4.8558559E-02  0.3310378    
 -4.8418418E-02  0.3332676    
 -4.8278280E-02  0.3355047    
 -4.8138138E-02  0.3377543    
 -4.7997996E-02  0.3400134    
 -4.7857858E-02  0.3422688    
 -4.7717720E-02  0.3444843    
 -4.7577579E-02  0.3466358    
 -4.7437437E-02  0.3486927    
 -4.7297295E-02  0.3506309    
 -4.7157153E-02  0.3524502    
 -4.7017016E-02  0.3541569    
 -4.6876874E-02  0.3557751    
 -4.6736736E-02  0.3573426    
 -4.6596598E-02  0.3588957    
 -4.6456456E-02  0.3604641    
 -4.6316318E-02  0.3620791    
 -4.6176177E-02  0.3637621    
 -4.6036039E-02  0.3655108    
 -4.5895893E-02  0.3673270    
 -4.5755755E-02  0.3692056    
 -4.5615617E-02  0.3711322    
 -4.5475472E-02  0.3731056    
 -4.5335334E-02  0.3751249    
 -4.5195196E-02  0.3771856    
 -4.5055054E-02  0.3793086    
 -4.4914912E-02  0.3815109    
 -4.4774774E-02  0.3838139    
 -4.4634633E-02  0.3862299    
 -4.4494495E-02  0.3887837    
 -4.4354353E-02  0.3914737    
 -4.4214215E-02  0.3942954    
 -4.4074073E-02  0.3972433    
 -4.3933935E-02  0.4002994    
 -4.3793794E-02  0.4034520    
 -4.3653652E-02  0.4066888    
 -4.3513514E-02  0.4099970    
 -4.3373372E-02  0.4133860    
 -4.3233231E-02  0.4168578    
 -4.3093093E-02  0.4204253    
 -4.2952951E-02  0.4240948    
 -4.2812813E-02  0.4278774    
 -4.2672671E-02  0.4317723    
 -4.2532530E-02  0.4357747    
 -4.2392392E-02  0.4398669    
 -4.2252254E-02  0.4440303    
 -4.2112112E-02  0.4482284    
 -4.1971974E-02  0.4524390    
 -4.1831832E-02  0.4566301    
 -4.1691691E-02  0.4607768    
 -4.1551553E-02  0.4648689    
 -4.1411411E-02  0.4688976    
 -4.1271273E-02  0.4728708    
 -4.1131131E-02  0.4767987    
 -4.0990990E-02  0.4807016    
 -4.0850852E-02  0.4845886    
 -4.0710710E-02  0.4884807    
 -4.0570572E-02  0.4923752    
 -4.0430427E-02  0.4962558    
 -4.0290289E-02  0.5001221    
 -4.0150151E-02  0.5039523    
 -4.0010009E-02  0.5077406    
 -3.9869871E-02  0.5114921    
 -3.9729729E-02  0.5152205    
 -3.9589588E-02  0.5189560    
 -3.9449450E-02  0.5227209    
 -3.9309308E-02  0.5265456    
 -3.9169170E-02  0.5304439    
 -3.9029028E-02  0.5344169    
 -3.8888887E-02  0.5384448    
 -3.8748749E-02  0.5425171    
 -3.8608607E-02  0.5465991    
 -3.8468469E-02  0.5506795    
 -3.8328327E-02  0.5547536    
 -3.8188186E-02  0.5588291    
 -3.8048048E-02  0.5629262    
 -3.7907910E-02  0.5670547    
 -3.7767768E-02  0.5712311    
 -3.7627630E-02  0.5754594    
 -3.7487488E-02  0.5797313    
 -3.7347347E-02  0.5840280    
 -3.7207205E-02  0.5883246    
 -3.7067067E-02  0.5926136    
 -3.6926925E-02  0.5968909    
 -3.6786783E-02  0.6011772    
 -3.6646646E-02  0.6054976    
 -3.6506504E-02  0.6098956    
 -3.6366366E-02  0.6144089    
 -3.6226224E-02  0.6190732    
 -3.6086082E-02  0.6239291    
 -3.5945944E-02  0.6289881    
 -3.5805807E-02  0.6342655    
 -3.5665665E-02  0.6397678    
 -3.5525527E-02  0.6454893    
 -3.5385385E-02  0.6514221    
 -3.5245247E-02  0.6575465    
 -3.5105105E-02  0.6638215    
 -3.4964968E-02  0.6702176    
 -3.4824826E-02  0.6766698    
 -3.4684684E-02  0.6831259    
 -3.4544546E-02  0.6895462    
 -3.4404404E-02  0.6959010    
 -3.4264266E-02  0.7021852    
 -3.4124121E-02  0.7084193    
 -3.3983979E-02  0.7146341    
 -3.3843841E-02  0.7208923    
 -3.3703703E-02  0.7272362    
 -3.3563565E-02  0.7337152    
 -3.3423424E-02  0.7403542    
 -3.3283282E-02  0.7471516    
 -3.3143144E-02  0.7540951    
 -3.3003002E-02  0.7611507    
 -3.2862864E-02  0.7682912    
 -3.2722723E-02  0.7754835    
 -3.2582581E-02  0.7827168    
 -3.2442443E-02  0.7899951    
 -3.2302301E-02  0.7973527    
 -3.2162163E-02  0.8048393    
 -3.2022022E-02  0.8125269    
 -3.1881880E-02  0.8204963    
 -3.1741742E-02  0.8288205    
 -3.1601600E-02  0.8375705    
 -3.1461462E-02  0.8467802    
 -3.1321321E-02  0.8564510    
 -3.1181181E-02  0.8665612    
 -3.1041039E-02  0.8770354    
 -3.0900899E-02  0.8877917    
 -3.0760761E-02  0.8987195    
 -3.0620620E-02  0.9097177    
 -3.0480478E-02  0.9207146    
 -3.0340340E-02  0.9316390    
 -3.0200198E-02  0.9424787    
 -3.0060060E-02  0.9532151    
 -2.9919919E-02  0.9638978    
 -2.9779779E-02  0.9745563    
 -2.9639641E-02  0.9852452    
 -2.9499499E-02  0.9960138    
 -2.9359361E-02   1.006905    
 -2.9219219E-02   1.017960    
 -2.9079078E-02   1.029218    
 -2.8938940E-02   1.040708    
 -2.8798798E-02   1.052454    
 -2.8658660E-02   1.064477    
 -2.8518520E-02   1.076782    
 -2.8378379E-02   1.089375    
 -2.8238241E-02   1.102231    
 -2.8098099E-02   1.115325    
 -2.7957957E-02   1.128606    
 -2.7817816E-02   1.142023    
 -2.7677676E-02   1.155513    
 -2.7537538E-02   1.169017    
 -2.7397396E-02   1.182485    
 -2.7257258E-02   1.195872    
 -2.7117116E-02   1.209172    
 -2.6976975E-02   1.222393    
 -2.6836837E-02   1.235577    
 -2.6696695E-02   1.248793    
 -2.6556557E-02   1.262128    
 -2.6416417E-02   1.275677    
 -2.6276276E-02   1.289527    
 -2.6136138E-02   1.303761    
 -2.5995996E-02   1.318409    
 -2.5855858E-02   1.333495    
 -2.5715716E-02   1.348989    
 -2.5575574E-02   1.364874    
 -2.5435437E-02   1.381109    
 -2.5295297E-02   1.397663    
 -2.5155159E-02   1.414520    
 -2.5015017E-02   1.431683    
 -2.4874872E-02   1.449153    
 -2.4734734E-02   1.466945    
 -2.4594592E-02   1.485071    
 -2.4454452E-02   1.503532    
 -2.4314314E-02   1.522311    
 -2.4174172E-02   1.541400    
 -2.4034034E-02   1.560810    
 -2.3893893E-02   1.580562    
 -2.3753751E-02   1.600699    
 -2.3613613E-02   1.621278    
 -2.3473471E-02   1.642407    
 -2.3333333E-02   1.664124    
 -2.3193194E-02   1.686521    
 -2.3053052E-02   1.709624    
 -2.2912914E-02   1.733441    
 -2.2772772E-02   1.757973    
 -2.2632634E-02   1.783193    
 -2.2492493E-02   1.809088    
 -2.2352351E-02   1.835636    
 -2.2212213E-02   1.862845    
 -2.2072073E-02   1.890723    
 -2.1931935E-02   1.919279    
 -2.1791790E-02   1.948527    
 -2.1651648E-02   1.978461    
 -2.1511510E-02   2.009045    
 -2.1371368E-02   2.040232    
 -2.1231230E-02   2.071951    
 -2.1091091E-02   2.104144    
 -2.0950949E-02   2.136734    
 -2.0810811E-02   2.169682    
 -2.0670669E-02   2.202928    
 -2.0530531E-02   2.236450    
 -2.0390389E-02   2.270235    
 -2.0250248E-02   2.304301    
 -2.0110110E-02   2.338642    
 -1.9969970E-02   2.373287    
 -1.9829832E-02   2.408265    
 -1.9689690E-02   2.443644    
 -1.9549549E-02   2.479465    
 -1.9409411E-02   2.515840    
 -1.9269269E-02   2.552857    
 -1.9129131E-02   2.590653    
 -1.8988989E-02   2.629372    
 -1.8848849E-02   2.669165    
 -1.8708711E-02   2.710186    
 -1.8568566E-02   2.752569    
 -1.8428428E-02   2.796420    
 -1.8288286E-02   2.841842    
 -1.8148145E-02   2.888886    
 -1.8008007E-02   2.937565    
 -1.7867867E-02   2.987898    
 -1.7727729E-02   3.039896    
 -1.7587587E-02   3.093537    
 -1.7447446E-02   3.148872    
 -1.7307308E-02   3.205893    
 -1.7167166E-02   3.264679    
 -1.7027028E-02   3.325264    
 -1.6886886E-02   3.387737    
 -1.6746746E-02   3.452152    
 -1.6606608E-02   3.518573    
 -1.6466463E-02   3.587094    
 -1.6326325E-02   3.657760    
 -1.6186187E-02   3.730669    
 -1.6046043E-02   3.805873    
 -1.5905904E-02   3.883452    
 -1.5765766E-02   3.963462    
 -1.5625628E-02   4.045958    
 -1.5485484E-02   4.130968    
 -1.5345346E-02   4.218478    
 -1.5205202E-02   4.308499    
 -1.5065064E-02   4.401036    
 -1.4924925E-02   4.496067    
 -1.4784780E-02   4.593611    
 -1.4644642E-02   4.693727    
 -1.4504504E-02   4.796473    
 -1.4364366E-02   4.901933    
 -1.4224222E-02   5.010262    
 -1.4084084E-02   5.121600    
 -1.3943946E-02   5.236150    
 -1.3803801E-02   5.354136    
 -1.3663664E-02   5.475832    
 -1.3523526E-02   5.601536    
 -1.3383381E-02   5.731576    
 -1.3243243E-02   5.866239    
 -1.3103105E-02   6.005845    
 -1.2962966E-02   6.150631    
 -1.2822822E-02   6.300817    
 -1.2682684E-02   6.456553    
 -1.2542546E-02   6.617996    
 -1.2402401E-02   6.785333    
 -1.2262263E-02   6.958741    
 -1.2122125E-02   7.138453    
 -1.1981981E-02   7.324795    
 -1.1841843E-02   7.518053    
 -1.1701705E-02   7.718552    
 -1.1561567E-02   7.926605    
 -1.1421422E-02   8.142479    
 -1.1281285E-02   8.366387    
 -1.1141146E-02   8.598605    
 -1.1001002E-02   8.839396    
 -1.0860858E-02   9.089077    
 -1.0720720E-02   9.348108    
 -1.0580575E-02   9.617100    
 -1.0440436E-02   9.896649    
 -1.0300298E-02   10.18753    
 -1.0160160E-02   10.49047    
 -1.0020016E-02   10.80618    
 -9.8798778E-03   11.13531    
 -9.7397398E-03   11.47833    
 -9.5995953E-03   11.83575    
 -9.4594574E-03   12.20784    
 -9.3193194E-03   12.59489    
 -9.1791749E-03   12.99721    
 -9.0390369E-03   13.41502    
 -8.8988990E-03   13.84869    
 -8.7587601E-03   14.29872    
 -8.6186165E-03   14.76571    
 -8.4784776E-03   15.25042    
 -8.3383396E-03   15.75386    
 -8.1981951E-03   16.27724    
 -8.0580572E-03   16.82182    
 -7.9179192E-03   17.38910    
 -7.7777747E-03   17.98066    
 -7.6376367E-03   18.59793    
 -7.4974988E-03   19.24250    
 -7.3573608E-03   19.91574    
 -7.2172163E-03   20.61893    
 -7.0770779E-03   21.35308    
 -6.9369399E-03   22.11918    
 -6.7967954E-03   22.91804    
 -6.6566574E-03   23.75016    
 -6.5165195E-03   24.61623    
 -6.3763750E-03   25.51681    
 -6.2362370E-03   26.45243    
 -6.0960986E-03   27.42376    
 -5.9559606E-03   28.43163    
 -5.8158161E-03   29.47696    
 -5.6756781E-03   30.56047    
 -5.5355402E-03   31.68294    
 -5.3953957E-03   32.84477    
 -5.2552577E-03   34.04579    
 -5.1151193E-03   35.28535    
 -4.9749753E-03   36.56224    
 -4.8348368E-03   37.87472    
 -4.6946923E-03   39.22084    
 -4.5545544E-03   40.59844    
 -4.4144099E-03   42.00566    
 -4.2742719E-03   43.44075    
 -4.1341339E-03   44.90241    
 -3.9939894E-03   46.38957    
 -3.8538512E-03   47.90053    
 -3.7137133E-03   49.43371    
 -3.5735688E-03   50.98692    
 -3.4334308E-03   52.55696    
 -3.2932926E-03   54.14023    
 -3.1531546E-03   55.73260    
 -3.0130101E-03   57.32939    
 -2.8728719E-03   58.92553    
 -2.7327340E-03   60.51558    
 -2.5925895E-03   62.09304    
 -2.4524515E-03   63.64980    
 -2.3123133E-03   65.17619    
 -2.1721688E-03   66.65993    
 -2.0320308E-03   68.08631    
 -1.8918928E-03   69.43880    
 -1.7517547E-03   70.69991    
 -1.6116102E-03   71.85270    
 -1.4714721E-03   72.88244    
 -1.3313340E-03   73.77841    
 -1.1911896E-03   74.53522    
 -1.0510515E-03   75.15367    
 -9.1091340E-04   75.64077    
 -7.7076902E-04   76.00883    
 -6.3063094E-04   76.27464    
 -4.9049279E-04   76.45672    
 -3.5035473E-04   76.57365    
 -2.1021030E-04   76.64145    
 -7.0072216E-05   76.67226    
  7.0065878E-05   76.67348    
  2.1021030E-04   76.64146    
  3.5034839E-04   76.57361    
  4.9048651E-04   76.45681    
  6.3063094E-04   76.27464    
  7.7076902E-04   76.00884    
  9.1090711E-04   75.64077    
  1.0510451E-03   75.15369    
  1.1911896E-03   74.53522    
  1.3313277E-03   73.77844    
  1.4714658E-03   72.88251    
  1.6116166E-03   71.85268    
  1.7517547E-03   70.69991    
  1.8918928E-03   69.43880    
  2.0320371E-03   68.08623    
  2.1721753E-03   66.65989    
  2.3123133E-03   65.17619    
  2.4524578E-03   63.64972    
  2.5925958E-03   62.09295    
  2.7327340E-03   60.51558    
  2.8728719E-03   58.92553    
  3.0130164E-03   57.32932    
  3.1531546E-03   55.73259    
  3.2932926E-03   54.14024    
  3.4334371E-03   52.55688    
  3.5735751E-03   50.98686    
  3.7137133E-03   49.43372    
  3.8538578E-03   47.90044    
  3.9939960E-03   46.38946    
  4.1341339E-03   44.90242    
  4.2742719E-03   43.44075    
  4.4144164E-03   42.00559    
  4.5545544E-03   40.59844    
  4.6946923E-03   39.22084    
  4.8348368E-03   37.87472    
  4.9749753E-03   36.56224    
  5.1151132E-03   35.28539    
  5.2552577E-03   34.04579    
  5.3953957E-03   32.84477    
  5.5355337E-03   31.68301    
  5.6756716E-03   30.56052    
  5.8158161E-03   29.47696    
  5.9559545E-03   28.43168    
  6.0960925E-03   27.42381    
  6.2362370E-03   26.45243    
  6.3763750E-03   25.51681    
  6.5165129E-03   24.61627    
  6.6566574E-03   23.75016    
  6.7967954E-03   22.91804    
  6.9369338E-03   22.11923    
  7.0770718E-03   21.35314    
  7.2172163E-03   20.61893    
  7.3573543E-03   19.91579    
  7.4974922E-03   19.24253    
  7.6376367E-03   18.59793    
  7.7777812E-03   17.98063    
  7.9179192E-03   17.38910    
  8.0580637E-03   16.82179    
  8.1982017E-03   16.27723    
  8.3383396E-03   15.75386    
  8.4784776E-03   15.25042    
  8.6186221E-03   14.76570    
  8.7587601E-03   14.29872    
  8.8988990E-03   13.84869    
  9.0390434E-03   13.41502    
  9.1791814E-03   12.99720    
  9.3193194E-03   12.59489    
  9.4594639E-03   12.20782    
  9.5996018E-03   11.83575    
  9.7397398E-03   11.47833    
  9.8798778E-03   11.13530    
  1.0020022E-02   10.80616    
  1.0160160E-02   10.49047    
  1.0300298E-02   10.18753    
  1.0440443E-02   9.896644    
  1.0580581E-02   9.617088    
  1.0720720E-02   9.348110    
  1.0860863E-02   9.089064    
  1.1001002E-02   8.839394    
  1.1141140E-02   8.598628    
  1.1281278E-02   8.366411    
  1.1421422E-02   8.142479    
  1.1561560E-02   7.926616    
  1.1701698E-02   7.718561    
  1.1841843E-02   7.518053    
  1.1981981E-02   7.324794    
  1.2122119E-02   7.138467    
  1.2262263E-02   6.958741    
  1.2402401E-02   6.785332    
  1.2542539E-02   6.618001    
  1.2682678E-02   6.456556    
  1.2822822E-02   6.300817    
  1.2962961E-02   6.150641    
  1.3103099E-02   6.005855    
  1.3243243E-02   5.866239    
  1.3383381E-02   5.731575    
  1.3523519E-02   5.601542    
  1.3663664E-02   5.475831    
  1.3803801E-02   5.354135    
  1.3943939E-02   5.236150    
  1.4084084E-02   5.121599    
  1.4224228E-02   5.010262    
  1.4364366E-02   4.901934    
  1.4504504E-02   4.796473    
  1.4644649E-02   4.693718    
  1.4784787E-02   4.593600    
  1.4924925E-02   4.496066    
  1.5065069E-02   4.401030    
  1.5205207E-02   4.308496    
  1.5345346E-02   4.218478    
  1.5485484E-02   4.130968    
  1.5625628E-02   4.045958    
  1.5765766E-02   3.963462    
  1.5905904E-02   3.883452    
  1.6046049E-02   3.805870    
  1.6186187E-02   3.730669    
  1.6326325E-02   3.657760    
  1.6466470E-02   3.587088    
  1.6606608E-02   3.518573    
  1.6746746E-02   3.452152    
  1.6886884E-02   3.387735    
  1.7027028E-02   3.325264    
  1.7167166E-02   3.264679    
  1.7307304E-02   3.205897    
  1.7447449E-02   3.148868    
  1.7587587E-02   3.093537    
  1.7727725E-02   3.039894    
  1.7867869E-02   2.987898    
  1.8008007E-02   2.937565    
  1.8148145E-02   2.888885    
  1.8288285E-02   2.841842    
  1.8428428E-02   2.796420    
  1.8568566E-02   2.752569    
  1.8708704E-02   2.710185    
  1.8848849E-02   2.669165    
  1.8988987E-02   2.629368    
  1.9129125E-02   2.590654    
  1.9269269E-02   2.552858    
  1.9409407E-02   2.515837    
  1.9549545E-02   2.479466    
  1.9689683E-02   2.443637    
  1.9829828E-02   2.408267    
  1.9969966E-02   2.373287    
  2.0110104E-02   2.338641    
  2.0250255E-02   2.304301    
  2.0390393E-02   2.270237    
  2.0530531E-02   2.236449    
  2.0670675E-02   2.202933    
  2.0810815E-02   2.169679    
  2.0950953E-02   2.136738    
  2.1091096E-02   2.104148    
  2.1231234E-02   2.071954    
  2.1371372E-02   2.040226    
  2.1511510E-02   2.009045    
  2.1651655E-02   1.978461    
  2.1791793E-02   1.948533    
  2.1931931E-02   1.919274    
  2.2072075E-02   1.890718    
  2.2212213E-02   1.862845    
  2.2352351E-02   1.835636    
  2.2492496E-02   1.809083    
  2.2632634E-02   1.783193    
  2.2772772E-02   1.757972    
  2.2912910E-02   1.733444    
  2.3053056E-02   1.709619    
  2.3193194E-02   1.686521    
  2.3333332E-02   1.664126    
  2.3473475E-02   1.642402    
  2.3613613E-02   1.621278    
  2.3753751E-02   1.600699    
  2.3893896E-02   1.580559    
  2.4034034E-02   1.560810    
  2.4174172E-02   1.541400    
  2.4314310E-02   1.522311    
  2.4454454E-02   1.503534    
  2.4594592E-02   1.485072    
  2.4734732E-02   1.466950    
  2.4874875E-02   1.449151    
  2.5015013E-02   1.431677    
  2.5155151E-02   1.414520    
  2.5295297E-02   1.397663    
  2.5435435E-02   1.381112    
  2.5575573E-02   1.364878    
  2.5715711E-02   1.348992    
  2.5855854E-02   1.333495    
  2.5995992E-02   1.318415    
  2.6136130E-02   1.303768    
  2.6276276E-02   1.289527    
  2.6416419E-02   1.275680    
  2.6556557E-02   1.262128    
  2.6696702E-02   1.248789    
  2.6836840E-02   1.235573    
  2.6976978E-02   1.222393    
  2.7117116E-02   1.209173    
  2.7257260E-02   1.195873    
  2.7397400E-02   1.182479    
  2.7537538E-02   1.169016    
  2.7677681E-02   1.155511    
  2.7817819E-02   1.142022    
  2.7957957E-02   1.128606    
  2.8098103E-02   1.115320    
  2.8238241E-02   1.102231    
  2.8378379E-02   1.089376    
  2.8518517E-02   1.076785    
  2.8658660E-02   1.064477    
  2.8798798E-02   1.052454    
  2.8938936E-02   1.040708    
  2.9079081E-02   1.029218    
  2.9219219E-02   1.017960    
  2.9359357E-02   1.006907    
  2.9499503E-02  0.9960151    
  2.9639641E-02  0.9852450    
  2.9779779E-02  0.9745563    
  2.9919917E-02  0.9639001    
  3.0060060E-02  0.9532151    
  3.0200198E-02  0.9424786    
  3.0340336E-02  0.9316402    
  3.0480482E-02  0.9207124    
  3.0620620E-02  0.9097174    
  3.0760758E-02  0.8987230    
  3.0900901E-02  0.8877897    
  3.1041039E-02  0.8770353    
  3.1181179E-02  0.8665633    
  3.1321317E-02  0.8564546    
  3.1461462E-02  0.8467820    
  3.1601600E-02  0.8375707    
  3.1741738E-02  0.8288224    
  3.1881880E-02  0.8204966    
  3.2022018E-02  0.8125310    
  3.2162156E-02  0.8048391    
  3.2302301E-02  0.7973524    
  3.2442439E-02  0.7899978    
  3.2582577E-02  0.7827165    
  3.2722723E-02  0.7754833    
  3.2862868E-02  0.7682942    
  3.3003006E-02  0.7611490    
  3.3143144E-02  0.7540949    
  3.3283286E-02  0.7471507    
  3.3423424E-02  0.7403533    
  3.3563565E-02  0.7337151    
  3.3703707E-02  0.7272398    
  3.3843845E-02  0.7208906    
  3.3983983E-02  0.7146338    
  3.4124121E-02  0.7084192    
  3.4264266E-02  0.7021852    
  3.4404404E-02  0.6959012    
  3.4544542E-02  0.6895471    
  3.4684688E-02  0.6831271    
  3.4824826E-02  0.6766698    
  3.4964964E-02  0.6702163    
  3.5105109E-02  0.6638240    
  3.5245247E-02  0.6575466    
  3.5385385E-02  0.6514218    
  3.5525523E-02  0.6454923    
  3.5665665E-02  0.6397679    
  3.5805807E-02  0.6342654    
  3.5945944E-02  0.6289918    
  3.6086086E-02  0.6239290    
  3.6226224E-02  0.6190732    
  3.6366362E-02  0.6144083    
  3.6506508E-02  0.6098967    
  3.6646653E-02  0.6054981    
  3.6786783E-02  0.6011772    
  3.6926929E-02  0.5968902    
  3.7067074E-02  0.5926114    
  3.7207205E-02  0.5883249    
  3.7347350E-02  0.5840266    
  3.7487492E-02  0.5797340    
  3.7627626E-02  0.5754620    
  3.7767768E-02  0.5712312    
  3.7907913E-02  0.5670529    
  3.8048048E-02  0.5629223    
  3.8188189E-02  0.5588287    
  3.8328335E-02  0.5547534    
  3.8468465E-02  0.5506787    
  3.8608611E-02  0.5465988    
  3.8748741E-02  0.5425152    
  3.8888887E-02  0.5384445    
  3.9029032E-02  0.5344142    
  3.9169177E-02  0.5304435    
  3.9309308E-02  0.5265457    
  3.9449453E-02  0.5227221    
  3.9589595E-02  0.5189566    
  3.9729729E-02  0.5152208    
  3.9869871E-02  0.5114905    
  4.0010016E-02  0.5077405    
  4.0150151E-02  0.5039519    
  4.0290292E-02  0.5001226    
  4.0430438E-02  0.4962575    
  4.0570568E-02  0.4923729    
  4.0710714E-02  0.4884807    
  4.0850844E-02  0.4845940    
  4.0990990E-02  0.4807015    
  4.1131135E-02  0.4767957    
  4.1271266E-02  0.4728691    
  4.1411411E-02  0.4688977    
  4.1551556E-02  0.4648671    
  4.1691687E-02  0.4607774    
  4.1831832E-02  0.4566301    
  4.1971974E-02  0.4524410    
  4.2112108E-02  0.4482280    
  4.2252254E-02  0.4440304    
  4.2392395E-02  0.4398669    
  4.2532530E-02  0.4357730    
  4.2672671E-02  0.4317724    
  4.2812817E-02  0.4278785    
  4.2952947E-02  0.4240939    
  4.3093093E-02  0.4204253    
  4.3233238E-02  0.4168597    
  4.3373369E-02  0.4133868    
  4.3513514E-02  0.4099970    
  4.3653645E-02  0.4066880    
  4.3793790E-02  0.4034512    
  4.3933935E-02  0.4002994    
  4.4074066E-02  0.3972444    
  4.4214211E-02  0.3942953    
  4.4354353E-02  0.3914741    
  4.4494487E-02  0.3887839    
  4.4634633E-02  0.3862326    
  4.4774774E-02  0.3838140    
  4.4914909E-02  0.3815112    
  4.5055050E-02  0.3793061    
  4.5195196E-02  0.3771857    
  4.5335326E-02  0.3751220    
  4.5475472E-02  0.3731056    
  4.5615617E-02  0.3711321    
  4.5755748E-02  0.3692057    
  4.5895893E-02  0.3673267    
  4.6036039E-02  0.3655108    
  4.6176169E-02  0.3637600    
  4.6316314E-02  0.3620809    
  4.6456445E-02  0.3604646    
  4.6596590E-02  0.3588930    
  4.6736736E-02  0.3573429    
  4.6876866E-02  0.3557750    
  4.7017012E-02  0.3541558    
  4.7157153E-02  0.3524507    
  4.7297288E-02  0.3506305    
  4.7437429E-02  0.3486913    
  4.7577575E-02  0.3466368    
  4.7717705E-02  0.3444832    
  4.7857851E-02  0.3422671    
  4.7997996E-02  0.3400134    
  4.8138127E-02  0.3377558    
  4.8278283E-02  0.3355026    
  4.8418429E-02  0.3332675    
  4.8558559E-02  0.3310393    
  4.8698705E-02  0.3288031    
  4.8838850E-02  0.3265455    
  4.8978981E-02  0.3242564    
  4.9119126E-02  0.3219364    
  4.9259257E-02  0.3195987    
  4.9399402E-02  0.3172677    
  4.9539547E-02  0.3149693    
  4.9679678E-02  0.3127207    
  4.9819823E-02  0.3105505    
  4.9959969E-02  0.3084641    
  5.0100099E-02  0.3064713    
  5.0240245E-02  0.3045635    
  5.0380386E-02  0.3027313    
  5.0520521E-02  0.3009586    
  5.0660662E-02  0.2992323    
  5.0800808E-02  0.2975316    
  5.0940942E-02  0.2958395    
  5.1081084E-02  0.2941236    
  5.1221229E-02  0.2923799    
  5.1361360E-02  0.2905906    
  5.1501505E-02  0.2887508    
  5.1641650E-02  0.2868730    
  5.1781781E-02  0.2849799    
  5.1921926E-02  0.2831012    
  5.2062057E-02  0.2812660    
  5.2202202E-02  0.2795179    
  5.2342348E-02  0.2778654    
  5.2482478E-02  0.2763214    
  5.2622624E-02  0.2748823    
  5.2762765E-02  0.2735327    
  5.2902900E-02  0.2722523    
  5.3043045E-02  0.2710217    
  5.3183187E-02  0.2698258    
  5.3323321E-02  0.2686561    
  5.3463463E-02  0.2675088    
  5.3603608E-02  0.2663797    
  5.3743739E-02  0.2652681    
  5.3883884E-02  0.2641664    
  5.4024030E-02  0.2630604    
  5.4164160E-02  0.2619351    
  5.4304305E-02  0.2607711    
  5.4444451E-02  0.2595502    
  5.4584581E-02  0.2582701    
  5.4724727E-02  0.2569224    
  5.4864857E-02  0.2555135    
  5.5005003E-02  0.2540518    
  5.5145144E-02  0.2525463    
  5.5285279E-02  0.2510084    
  5.5425424E-02  0.2494480    
  5.5565566E-02  0.2478815    
  5.5705700E-02  0.2463187    
  5.5845842E-02  0.2447750    
  5.5985987E-02  0.2432726    
  5.6126118E-02  0.2418221    
  5.6266263E-02  0.2404385    
  5.6406409E-02  0.2391254    
  5.6546539E-02  0.2378778    
  5.6686684E-02  0.2366800    
  5.6826830E-02  0.2355148    
  5.6966960E-02  0.2343597    
  5.7107106E-02  0.2331900    
  5.7247248E-02  0.2319933    
  5.7387382E-02  0.2307682    
  5.7527527E-02  0.2295134    
  5.7667669E-02  0.2282519    
  5.7807803E-02  0.2269917    
  5.7947945E-02  0.2257603    
  5.8088079E-02  0.2245794    
  5.8228221E-02  0.2234594    
  5.8368366E-02  0.2224148    
  5.8508497E-02  0.2214459    
  5.8648642E-02  0.2205547    
  5.8788788E-02  0.2197337    
  5.8928918E-02  0.2189783    
  5.9069064E-02  0.2182726    
  5.9209209E-02  0.2176070    
  5.9349339E-02  0.2169670    
  5.9489485E-02  0.2163458    
  5.9629630E-02  0.2157289    
  5.9769761E-02  0.2151068    
  5.9909906E-02  0.2144753    
  6.0050048E-02  0.2138272    
  6.0190182E-02  0.2131618    
  6.0330324E-02  0.2124804    
  6.0470484E-02  0.2117863    
  6.0610615E-02  0.2110775    
  6.0750760E-02  0.2103609    
  6.0890891E-02  0.2096438    
  6.1031036E-02  0.2089231    
  6.1171178E-02  0.2082089    
  6.1311312E-02  0.2074954    
  6.1451454E-02  0.2067872    
  6.1591599E-02  0.2060770    
  6.1731733E-02  0.2053657    
  6.1871875E-02  0.2046429    
  6.2012020E-02  0.2039049    
  6.2152151E-02  0.2031480    
  6.2292296E-02  0.2023606    
  6.2432442E-02  0.2015330    
  6.2572576E-02  0.2006609    
  6.2712714E-02  0.1997428    
  6.2852859E-02  0.1987676    
  6.2992990E-02  0.1977324    
  6.3133135E-02  0.1966401    
  6.3273281E-02  0.1954957    
  6.3413411E-02  0.1943030    
  6.3553557E-02  0.1930772    
  6.3693687E-02  0.1918277    
  6.3833833E-02  0.1905625    
  6.3973978E-02  0.1892902    
  6.4114109E-02  0.1880143    
  6.4254254E-02  0.1867320    
  6.4394400E-02  0.1854387    
  6.4534530E-02  0.1841332    
  6.4674675E-02  0.1828085    
  6.4814821E-02  0.1814675    
  6.4954951E-02  0.1801190    
  6.5095097E-02  0.1787736    
  6.5235242E-02  0.1774522    
  6.5375373E-02  0.1761707    
  6.5515518E-02  0.1749451    
  6.5655664E-02  0.1737904    
  6.5795794E-02  0.1727135    
  6.5935940E-02  0.1717100    
  6.6076085E-02  0.1707755    
  6.6216215E-02  0.1698908    
  6.6356361E-02  0.1690405    
  6.6496491E-02  0.1681955    
  6.6636637E-02  0.1673371    
  6.6776782E-02  0.1664453    
  6.6916913E-02  0.1655053    
  6.7057058E-02  0.1645114    
  6.7197196E-02  0.1634735    
  6.7337334E-02  0.1623935    
  6.7477472E-02  0.1613048    
  6.7617618E-02  0.1602293    
  6.7757756E-02  0.1591910    
  6.7897893E-02  0.1582196    
  6.8038039E-02  0.1573322    
  6.8178169E-02  0.1565334    
  6.8318315E-02  0.1558300    
  6.8458460E-02  0.1552151    
  6.8598591E-02  0.1546751    
  6.8738736E-02  0.1542022    
  6.8878882E-02  0.1537790    
  6.9019012E-02  0.1533926    
  6.9159158E-02  0.1530335    
  6.9299288E-02  0.1526874    
  6.9439434E-02  0.1523410    
  6.9579579E-02  0.1519837    
  6.9719709E-02  0.1516039    
  6.9859855E-02  0.1511909    
  7.0000000E-02  0.1507334    
