 -7.0000000E-02  8.2165696E-02
 -6.9859862E-02  8.2551017E-02
 -6.9719717E-02  8.3109803E-02
 -6.9579579E-02  8.3785400E-02
 -6.9439441E-02  8.4468231E-02
 -6.9299296E-02  8.5053228E-02
 -6.9159158E-02  8.5489534E-02
 -6.9019020E-02  8.5822679E-02
 -6.8878874E-02  8.6180061E-02
 -6.8738736E-02  8.6708233E-02
 -6.8598598E-02  8.7529182E-02
 -6.8458453E-02  8.8662602E-02
 -6.8318315E-02  9.0004146E-02
 -6.8178177E-02  9.1370791E-02
 -6.8038031E-02  9.2531182E-02
 -6.7897893E-02  9.3321785E-02
 -6.7757756E-02  9.3693301E-02
 -6.7617618E-02  9.3741536E-02
 -6.7477472E-02  9.3676694E-02
 -6.7337334E-02  9.3749389E-02
 -6.7197196E-02  9.4163857E-02
 -6.7057058E-02  9.5012054E-02
 -6.6916920E-02  9.6235365E-02
 -6.6776782E-02  9.7660176E-02
 -6.6636637E-02  9.9064395E-02
 -6.6496499E-02  0.1002427    
 -6.6356361E-02  0.1011033    
 -6.6216215E-02  0.1016568    
 -6.6076078E-02  0.1020121    
 -6.5935940E-02  0.1023112    
 -6.5795794E-02  0.1026552    
 -6.5655656E-02  0.1030633    
 -6.5515518E-02  0.1034670    
 -6.5375373E-02  0.1037337    
 -6.5235235E-02  0.1037432    
 -6.5095097E-02  0.1034364    
 -6.4954951E-02  0.1028551    
 -6.4814813E-02  0.1021320    
 -6.4674675E-02  0.1014473    
 -6.4534530E-02  0.1009616    
 -6.4394392E-02  0.1007571    
 -6.4254254E-02  0.1008191    
 -6.4114109E-02  0.1010394    
 -6.3973971E-02  0.1012846    
 -6.3833833E-02  0.1014428    
 -6.3693687E-02  0.1014920    
 -6.3553549E-02  0.1015085    
 -6.3413411E-02  0.1016346    
 -6.3273266E-02  0.1020434    
 -6.3133128E-02  0.1028444    
 -6.2992990E-02  0.1040615    
 -6.2852852E-02  0.1055915    
 -6.2712714E-02  0.1072574    
 -6.2572576E-02  0.1088404    
 -6.2432427E-02  0.1101782    
 -6.2292289E-02  0.1111748    
 -6.2152151E-02  0.1118443    
 -6.2012013E-02  0.1122792    
 -6.1871871E-02  0.1126162    
 -6.1731733E-02  0.1129737    
 -6.1591592E-02  0.1134200    
 -6.1451450E-02  0.1139711    
 -6.1311312E-02  0.1146030    
 -6.1171174E-02  0.1152667    
 -6.1031029E-02  0.1159485    
 -6.0890891E-02  0.1166665    
 -6.0750753E-02  0.1174630    
 -6.0610607E-02  0.1183948    
 -6.0470469E-02  0.1194896    
 -6.0330331E-02  0.1207288    
 -6.0190186E-02  0.1220411    
 -6.0050048E-02  0.1233069    
 -5.9909910E-02  0.1244108    
 -5.9769768E-02  0.1252525    
 -5.9629630E-02  0.1257990    
 -5.9489489E-02  0.1260660    
 -5.9349347E-02  0.1261317    
 -5.9209209E-02  0.1260990    
 -5.9069071E-02  0.1260730    
 -5.8928933E-02  0.1261265    
 -5.8788788E-02  0.1262891    
 -5.8648650E-02  0.1265548    
 -5.8508512E-02  0.1268862    
 -5.8368366E-02  0.1272321    
 -5.8228228E-02  0.1275457    
 -5.8088090E-02  0.1278140    
 -5.7947945E-02  0.1280412    
 -5.7807807E-02  0.1282737    
 -5.7667669E-02  0.1285750    
 -5.7527527E-02  0.1290289    
 -5.7387389E-02  0.1297109    
 -5.7247248E-02  0.1306609    
 -5.7107106E-02  0.1318758    
 -5.6966968E-02  0.1332874    
 -5.6826830E-02  0.1347777    
 -5.6686684E-02  0.1361981    
 -5.6546547E-02  0.1374117    
 -5.6406409E-02  0.1383215    
 -5.6266263E-02  0.1389144    
 -5.6126125E-02  0.1392648    
 -5.5985987E-02  0.1395174    
 -5.5845842E-02  0.1398388    
 -5.5705704E-02  0.1403751    
 -5.5565566E-02  0.1411842    
 -5.5425424E-02  0.1422276    
 -5.5285286E-02  0.1433731    
 -5.5145144E-02  0.1444392    
 -5.5005003E-02  0.1452542    
 -5.4864865E-02  0.1457006    
 -5.4724727E-02  0.1457801    
 -5.4584581E-02  0.1455672    
 -5.4444443E-02  0.1452086    
 -5.4304305E-02  0.1448670    
 -5.4164160E-02  0.1446479    
 -5.4024022E-02  0.1446169    
 -5.3883884E-02  0.1447476    
 -5.3743739E-02  0.1450067    
 -5.3603601E-02  0.1453527    
 -5.3463463E-02  0.1457857    
 -5.3323321E-02  0.1463580    
 -5.3183183E-02  0.1471410    
 -5.3043045E-02  0.1481949    
 -5.2902903E-02  0.1495200    
 -5.2762762E-02  0.1510421    
 -5.2622624E-02  0.1526084    
 -5.2482486E-02  0.1540522    
 -5.2342340E-02  0.1552370    
 -5.2202202E-02  0.1560825    
 -5.2062061E-02  0.1566206    
 -5.1921919E-02  0.1569608    
 -5.1781781E-02  0.1572442    
 -5.1641639E-02  0.1575946    
 -5.1501498E-02  0.1580784    
 -5.1361360E-02  0.1586920    
 -5.1221222E-02  0.1593847    
 -5.1081080E-02  0.1601175    
 -5.0940942E-02  0.1608928    
 -5.0800800E-02  0.1617887    
 -5.0660662E-02  0.1629232    
 -5.0520521E-02  0.1644269    
 -5.0380383E-02  0.1663653    
 -5.0240237E-02  0.1687003    
 -5.0100099E-02  0.1712763    
 -4.9959961E-02  0.1738951    
 -4.9819820E-02  0.1763465    
 -4.9679678E-02  0.1785346    
 -4.9539540E-02  0.1804781    
 -4.9399398E-02  0.1823277    
 -4.9259257E-02  0.1842987    
 -4.9119119E-02  0.1865542    
 -4.8978977E-02  0.1891388    
 -4.8838839E-02  0.1919246    
 -4.8698701E-02  0.1946375    
 -4.8558559E-02  0.1969675    
 -4.8418418E-02  0.1986786    
 -4.8278280E-02  0.1997217    
 -4.8138138E-02  0.2002687    
 -4.7997996E-02  0.2006868    
 -4.7857858E-02  0.2013937    
 -4.7717720E-02  0.2027309    
 -4.7577579E-02  0.2048042    
 -4.7437437E-02  0.2074738    
 -4.7297295E-02  0.2103619    
 -4.7157153E-02  0.2130158    
 -4.7017016E-02  0.2150494    
 -4.6876874E-02  0.2162997    
 -4.6736736E-02  0.2168732    
 -4.6596598E-02  0.2171064    
 -4.6456456E-02  0.2174226    
 -4.6316318E-02  0.2181730    
 -4.6176177E-02  0.2195090    
 -4.6036039E-02  0.2213334    
 -4.5895893E-02  0.2233454    
 -4.5755755E-02  0.2251883    
 -4.5615617E-02  0.2265737    
 -4.5475472E-02  0.2274341    
 -4.5335334E-02  0.2279220    
 -4.5195196E-02  0.2283461    
 -4.5055054E-02  0.2290487    
 -4.4914912E-02  0.2302578    
 -4.4774774E-02  0.2319895    
 -4.4634633E-02  0.2340617    
 -4.4494495E-02  0.2361577    
 -4.4354353E-02  0.2380123    
 -4.4214215E-02  0.2395096    
 -4.4074073E-02  0.2407818    
 -4.3933935E-02  0.2421609    
 -4.3793794E-02  0.2440813    
 -4.3653652E-02  0.2468927    
 -4.3513514E-02  0.2507607    
 -4.3373372E-02  0.2555487    
 -4.3233231E-02  0.2608761    
 -4.3093093E-02  0.2662588    
 -4.2952951E-02  0.2712256    
 -4.2812813E-02  0.2755113    
 -4.2672671E-02  0.2790621    
 -4.2532530E-02  0.2820491    
 -4.2392392E-02  0.2847223    
 -4.2252254E-02  0.2873054    
 -4.2112112E-02  0.2898621    
 -4.1971974E-02  0.2922829    
 -4.1831832E-02  0.2943523    
 -4.1691691E-02  0.2958523    
 -4.1551553E-02  0.2966682    
 -4.1411411E-02  0.2968980    
 -4.1271273E-02  0.2968340    
 -4.1131131E-02  0.2968806    
 -4.0990990E-02  0.2974335    
 -4.0850852E-02  0.2987774    
 -4.0710710E-02  0.3009966    
 -4.0570572E-02  0.3040157    
 -4.0430427E-02  0.3076465    
 -4.0290289E-02  0.3117168    
 -4.0150151E-02  0.3161258    
 -4.0010009E-02  0.3208827    
 -3.9869871E-02  0.3260327    
 -3.9729729E-02  0.3316030    
 -3.9589588E-02  0.3374704    
 -3.9449450E-02  0.3433643    
 -3.9309308E-02  0.3488686    
 -3.9169170E-02  0.3535506    
 -3.9029028E-02  0.3570883    
 -3.8888887E-02  0.3593855    
 -3.8748749E-02  0.3606244    
 -3.8608607E-02  0.3612002    
 -3.8468469E-02  0.3616291    
 -3.8328327E-02  0.3623618    
 -3.8188186E-02  0.3636841    
 -3.8048048E-02  0.3656356    
 -3.7907910E-02  0.3680792    
 -3.7767768E-02  0.3707609    
 -3.7627630E-02  0.3734767    
 -3.7487488E-02  0.3761502    
 -3.7347347E-02  0.3788512    
 -3.7207205E-02  0.3817659    
 -3.7067067E-02  0.3850680    
 -3.6926925E-02  0.3888195    
 -3.6786783E-02  0.3929307    
 -3.6646646E-02  0.3971467    
 -3.6506504E-02  0.4011683    
 -3.6366366E-02  0.4047608    
 -3.6226224E-02  0.4078227    
 -3.6086082E-02  0.4104902    
 -3.5945944E-02  0.4129999    
 -3.5805807E-02  0.4156500    
 -3.5665665E-02  0.4186261    
 -3.5525527E-02  0.4219034    
 -3.5385385E-02  0.4252756    
 -3.5245247E-02  0.4283536    
 -3.5105105E-02  0.4307972    
 -3.4964968E-02  0.4323964    
 -3.4824826E-02  0.4331973    
 -3.4684684E-02  0.4335294    
 -3.4544546E-02  0.4339018    
 -3.4404404E-02  0.4348727    
 -3.4264266E-02  0.4368757    
 -3.4124121E-02  0.4401277    
 -3.3983979E-02  0.4445750    
 -3.3843841E-02  0.4499664    
 -3.3703703E-02  0.4559530    
 -3.3563565E-02  0.4622051    
 -3.3423424E-02  0.4684956    
 -3.3283282E-02  0.4747019    
 -3.3143144E-02  0.4807827    
 -3.3003002E-02  0.4866861    
 -3.2862864E-02  0.4922997    
 -3.2722723E-02  0.4974495    
 -3.2582581E-02  0.5019231    
 -3.2442443E-02  0.5055519    
 -3.2302301E-02  0.5083269    
 -3.2162163E-02  0.5103993    
 -3.2022022E-02  0.5120888    
 -3.1881880E-02  0.5138117    
 -3.1741742E-02  0.5159631    
 -3.1601600E-02  0.5188130    
 -3.1461462E-02  0.5224627    
 -3.1321321E-02  0.5268453    
 -3.1181181E-02  0.5317833    
 -3.1041039E-02  0.5370951    
 -3.0900899E-02  0.5426472    
 -3.0760761E-02  0.5483781    
 -3.0620620E-02  0.5542966    
 -3.0480478E-02  0.5604405    
 -3.0340340E-02  0.5667784    
 -3.0200198E-02  0.5732172    
 -3.0060060E-02  0.5796162    
 -2.9919919E-02  0.5858596    
 -2.9779779E-02  0.5919197    
 -2.9639641E-02  0.5979024    
 -2.9499499E-02  0.6040623    
 -2.9359361E-02  0.6107079    
 -2.9219219E-02  0.6180976    
 -2.9079078E-02  0.6263304    
 -2.8938940E-02  0.6352634    
 -2.8798798E-02  0.6445583    
 -2.8658660E-02  0.6537485    
 -2.8518520E-02  0.6624119    
 -2.8378379E-02  0.6703140    
 -2.8238241E-02  0.6775053    
 -2.8098099E-02  0.6843363    
 -2.7957957E-02  0.6913648    
 -2.7817816E-02  0.6991616    
 -2.7677676E-02  0.7081382    
 -2.7537538E-02  0.7184184    
 -2.7397396E-02  0.7297923    
 -2.7257258E-02  0.7417572    
 -2.7117116E-02  0.7537050    
 -2.6976975E-02  0.7650411    
 -2.6836837E-02  0.7754217    
 -2.6696695E-02  0.7847987    
 -2.6556557E-02  0.7934184    
 -2.6416417E-02  0.8017311    
 -2.6276276E-02  0.8102472    
 -2.6136138E-02  0.8193470    
 -2.5995996E-02  0.8291773    
 -2.5855858E-02  0.8396021    
 -2.5715716E-02  0.8502601    
 -2.5575574E-02  0.8606365    
 -2.5435437E-02  0.8702650    
 -2.5295297E-02  0.8788768    
 -2.5155159E-02  0.8864706    
 -2.5015017E-02  0.8934064    
 -2.4874872E-02  0.9002914    
 -2.4734734E-02  0.9078379    
 -2.4594592E-02  0.9167370    
 -2.4454452E-02  0.9273964    
 -2.4314314E-02  0.9398489    
 -2.4174172E-02  0.9537466    
 -2.4034034E-02  0.9684086    
 -2.3893893E-02  0.9830111    
 -2.3753751E-02  0.9968565    
 -2.3613613E-02   1.009555    
 -2.3473471E-02   1.021130    
 -2.3333333E-02   1.032051    
 -2.3193194E-02   1.043079    
 -2.3053052E-02   1.055015    
 -2.2912914E-02   1.068486    
 -2.2772772E-02   1.083736    
 -2.2632634E-02   1.100594    
 -2.2492493E-02   1.118560    
 -2.2352351E-02   1.137057    
 -2.2212213E-02   1.155648    
 -2.2072073E-02   1.174302    
 -2.1931935E-02   1.193399    
 -2.1791790E-02   1.213659    
 -2.1651648E-02   1.235933    
 -2.1511510E-02   1.260874    
 -2.1371368E-02   1.288715    
 -2.1231230E-02   1.319174    
 -2.1091091E-02   1.351466    
 -2.0950949E-02   1.384511    
 -2.0810811E-02   1.417213    
 -2.0670669E-02   1.448689    
 -2.0530531E-02   1.478473    
 -2.0390389E-02   1.506463    
 -2.0250248E-02   1.532885    
 -2.0110110E-02   1.558103    
 -1.9969970E-02   1.582478    
 -1.9829832E-02   1.606313    
 -1.9689690E-02   1.629809    
 -1.9549549E-02   1.653170    
 -1.9409411E-02   1.676658    
 -1.9269269E-02   1.700536    
 -1.9129131E-02   1.725137    
 -1.8988989E-02   1.750669    
 -1.8848849E-02   1.777144    
 -1.8708711E-02   1.804365    
 -1.8568566E-02   1.832063    
 -1.8428428E-02   1.859952    
 -1.8288286E-02   1.888098    
 -1.8148145E-02   1.916950    
 -1.8008007E-02   1.947398    
 -1.7867867E-02   1.980602    
 -1.7727729E-02   2.017684    
 -1.7587587E-02   2.059441    
 -1.7447446E-02   2.105958    
 -1.7307308E-02   2.156682    
 -1.7167166E-02   2.210471    
 -1.7027028E-02   2.265947    
 -1.6886886E-02   2.321913    
 -1.6746746E-02   2.377675    
 -1.6606608E-02   2.433124    
 -1.6466463E-02   2.488745    
 -1.6326325E-02   2.545263    
 -1.6186187E-02   2.603426    
 -1.6046043E-02   2.663692    
 -1.5905904E-02   2.726259    
 -1.5765766E-02   2.791098    
 -1.5625628E-02   2.858231    
 -1.5485484E-02   2.927952    
 -1.5345346E-02   3.000823    
 -1.5205202E-02   3.077639    
 -1.5065064E-02   3.159053    
 -1.4924925E-02   3.245234    
 -1.4784780E-02   3.335709    
 -1.4644642E-02   3.429225    
 -1.4504504E-02   3.524194    
 -1.4364366E-02   3.619048    
 -1.4224222E-02   3.712789    
 -1.4084084E-02   3.805326    
 -1.3943946E-02   3.897501    
 -1.3803801E-02   3.990815    
 -1.3663664E-02   4.086879    
 -1.3523526E-02   4.186859    
 -1.3383381E-02   4.291155    
 -1.3243243E-02   4.399356    
 -1.3103105E-02   4.510537    
 -1.2962966E-02   4.623900    
 -1.2822822E-02   4.739156    
 -1.2682684E-02   4.857013    
 -1.2542546E-02   4.978970    
 -1.2402401E-02   5.107010    
 -1.2262263E-02   5.242985    
 -1.2122125E-02   5.388044    
 -1.1981981E-02   5.542433    
 -1.1841843E-02   5.705409    
 -1.1701705E-02   5.875783    
 -1.1561567E-02   6.052534    
 -1.1421422E-02   6.235164    
 -1.1281285E-02   6.424062    
 -1.1141146E-02   6.620274    
 -1.1001002E-02   6.825284    
 -1.0860858E-02   7.040436    
 -1.0720720E-02   7.266626    
 -1.0580575E-02   7.504414    
 -1.0440436E-02   7.754056    
 -1.0300298E-02   8.016054    
 -1.0160160E-02   8.291409    
 -1.0020016E-02   8.581684    
 -9.8798778E-03   8.888640    
 -9.7397398E-03   9.213742    
 -9.5995953E-03   9.557799    
 -9.4594574E-03   9.920484    
 -9.3193194E-03   10.30077    
 -9.1791749E-03   10.69756    
 -9.0390369E-03   11.11061    
 -8.8988990E-03   11.54124    
 -8.7587601E-03   11.99278    
 -8.6186165E-03   12.46981    
 -8.4784776E-03   12.97732    
 -8.3383396E-03   13.51915    
 -8.1981951E-03   14.09703    
 -8.0580572E-03   14.70983    
 -7.9179192E-03   15.35425    
 -7.7777747E-03   16.02617    
 -7.6376367E-03   16.72221    
 -7.4974988E-03   17.44154    
 -7.3573608E-03   18.18645    
 -7.2172163E-03   18.96212    
 -7.0770779E-03   19.77513    
 -6.9369399E-03   20.63180    
 -6.7967954E-03   21.53631    
 -6.6566574E-03   22.48975    
 -6.5165195E-03   23.49064    
 -6.3763750E-03   24.53613    
 -6.2362370E-03   25.62381    
 -6.0960986E-03   26.75349    
 -5.9559606E-03   27.92800    
 -5.8158161E-03   29.15254    
 -5.6756781E-03   30.43298    
 -5.5355402E-03   31.77417    
 -5.3953957E-03   33.17788    
 -5.2552577E-03   34.64190    
 -5.1151193E-03   36.16066    
 -4.9749753E-03   37.72712    
 -4.8348368E-03   39.33452    
 -4.6946923E-03   40.97837    
 -4.5545544E-03   42.65739    
 -4.4144099E-03   44.37280    
 -4.2742719E-03   46.12644    
 -4.1341339E-03   47.91919    
 -3.9939894E-03   49.74919    
 -3.8538512E-03   51.61108    
 -3.7137133E-03   53.49741    
 -3.5735688E-03   55.40033    
 -3.4334308E-03   57.31377    
 -3.2932926E-03   59.23484    
 -3.1531546E-03   61.16412    
 -3.0130101E-03   63.10431    
 -2.8728719E-03   65.05685    
 -2.7327340E-03   67.02048    
 -2.5925895E-03   68.98849    
 -2.4524515E-03   70.94805    
 -2.3123133E-03   72.88219    
 -2.1721688E-03   74.77183    
 -2.0320308E-03   76.59813    
 -1.8918928E-03   78.34478    
 -1.7517547E-03   79.99919    
 -1.6116102E-03   81.55051    
 -1.4714721E-03   82.98917    
 -1.3313340E-03   84.30465    
 -1.1911896E-03   85.48571    
 -1.0510515E-03   86.52044    
 -9.1091340E-04   87.39938    
 -7.7076902E-04   88.11836    
 -6.3063094E-04   88.68025    
 -4.9049279E-04   89.09598    
 -3.5035473E-04   89.38246    
 -2.1021030E-04   89.55910    
 -7.0072216E-05   89.64180    
  7.0065878E-05   89.64257    
  2.1021030E-04   89.55910    
  3.5034839E-04   89.38251    
  4.9048651E-04   89.09590    
  6.3063094E-04   88.68026    
  7.7076902E-04   88.11835    
  9.1090711E-04   87.39935    
  1.0510451E-03   86.52045    
  1.1911896E-03   85.48572    
  1.3313277E-03   84.30470    
  1.4714658E-03   82.98925    
  1.6116166E-03   81.55045    
  1.7517547E-03   79.99921    
  1.8918928E-03   78.34476    
  2.0320371E-03   76.59799    
  2.1721753E-03   74.77175    
  2.3123133E-03   72.88219    
  2.4524578E-03   70.94798    
  2.5925958E-03   68.98837    
  2.7327340E-03   67.02048    
  2.8728719E-03   65.05686    
  3.0130164E-03   63.10422    
  3.1531546E-03   61.16411    
  3.2932926E-03   59.23485    
  3.4334371E-03   57.31368    
  3.5735751E-03   55.40027    
  3.7137133E-03   53.49740    
  3.8538578E-03   51.61098    
  3.9939960E-03   49.74912    
  4.1341339E-03   47.91919    
  4.2742719E-03   46.12643    
  4.4144164E-03   44.37274    
  4.5545544E-03   42.65739    
  4.6946923E-03   40.97837    
  4.8348368E-03   39.33453    
  4.9749753E-03   37.72712    
  5.1151132E-03   36.16073    
  5.2552577E-03   34.64190    
  5.3953957E-03   33.17788    
  5.5355337E-03   31.77426    
  5.6756716E-03   30.43301    
  5.8158161E-03   29.15253    
  5.9559545E-03   27.92806    
  6.0960925E-03   26.75357    
  6.2362370E-03   25.62381    
  6.3763750E-03   24.53613    
  6.5165129E-03   23.49068    
  6.6566574E-03   22.48975    
  6.7967954E-03   21.53632    
  6.9369338E-03   20.63186    
  7.0770718E-03   19.77518    
  7.2172163E-03   18.96212    
  7.3573543E-03   18.18648    
  7.4974922E-03   17.44156    
  7.6376367E-03   16.72221    
  7.7777812E-03   16.02614    
  7.9179192E-03   15.35425    
  8.0580637E-03   14.70979    
  8.1982017E-03   14.09701    
  8.3383396E-03   13.51915    
  8.4784776E-03   12.97732    
  8.6186221E-03   12.46978    
  8.7587601E-03   11.99278    
  8.8988990E-03   11.54124    
  9.0390434E-03   11.11059    
  9.1791814E-03   10.69755    
  9.3193194E-03   10.30076    
  9.4594639E-03   9.920462    
  9.5996018E-03   9.557771    
  9.7397398E-03   9.213743    
  9.8798778E-03   8.888638    
  1.0020022E-02   8.581670    
  1.0160160E-02   8.291409    
  1.0300298E-02   8.016054    
  1.0440443E-02   7.754046    
  1.0580581E-02   7.504392    
  1.0720720E-02   7.266626    
  1.0860863E-02   7.040403    
  1.1001002E-02   6.825283    
  1.1141140E-02   6.620271    
  1.1281278E-02   6.424053    
  1.1421422E-02   6.235163    
  1.1561560E-02   6.052544    
  1.1701698E-02   5.875801    
  1.1841843E-02   5.705407    
  1.1981981E-02   5.542433    
  1.2122119E-02   5.388056    
  1.2262263E-02   5.242986    
  1.2402401E-02   5.107012    
  1.2542539E-02   4.978971    
  1.2682678E-02   4.857020    
  1.2822822E-02   4.739156    
  1.2962961E-02   4.623912    
  1.3103099E-02   4.510545    
  1.3243243E-02   4.399355    
  1.3383381E-02   4.291153    
  1.3523519E-02   4.186862    
  1.3663664E-02   4.086878    
  1.3803801E-02   3.990813    
  1.3943939E-02   3.897490    
  1.4084084E-02   3.805326    
  1.4224228E-02   3.712783    
  1.4364366E-02   3.619049    
  1.4504504E-02   3.524196    
  1.4644649E-02   3.429227    
  1.4784787E-02   3.335704    
  1.4924925E-02   3.245234    
  1.5065069E-02   3.159051    
  1.5205207E-02   3.077636    
  1.5345346E-02   3.000823    
  1.5485484E-02   2.927953    
  1.5625628E-02   2.858231    
  1.5765766E-02   2.791098    
  1.5905904E-02   2.726259    
  1.6046049E-02   2.663692    
  1.6186187E-02   2.603426    
  1.6326325E-02   2.545263    
  1.6466470E-02   2.488742    
  1.6606608E-02   2.433125    
  1.6746746E-02   2.377674    
  1.6886884E-02   2.321916    
  1.7027028E-02   2.265947    
  1.7167166E-02   2.210472    
  1.7307304E-02   2.156684    
  1.7447449E-02   2.105957    
  1.7587587E-02   2.059440    
  1.7727725E-02   2.017698    
  1.7867869E-02   1.980595    
  1.8008007E-02   1.947398    
  1.8148145E-02   1.916950    
  1.8288285E-02   1.888102    
  1.8428428E-02   1.859952    
  1.8568566E-02   1.832063    
  1.8708704E-02   1.804372    
  1.8848849E-02   1.777144    
  1.8988987E-02   1.750667    
  1.9129125E-02   1.725148    
  1.9269269E-02   1.700536    
  1.9409407E-02   1.676658    
  1.9549545E-02   1.653176    
  1.9689683E-02   1.629813    
  1.9829828E-02   1.606313    
  1.9969966E-02   1.582478    
  2.0110104E-02   1.558103    
  2.0250255E-02   1.532876    
  2.0390393E-02   1.506458    
  2.0530531E-02   1.478473    
  2.0670675E-02   1.448688    
  2.0810815E-02   1.417209    
  2.0950953E-02   1.384510    
  2.1091096E-02   1.351463    
  2.1231234E-02   1.319172    
  2.1371372E-02   1.288714    
  2.1511510E-02   1.260874    
  2.1651655E-02   1.235929    
  2.1791793E-02   1.213659    
  2.1931931E-02   1.193403    
  2.2072075E-02   1.174307    
  2.2212213E-02   1.155650    
  2.2352351E-02   1.137057    
  2.2492496E-02   1.118560    
  2.2632634E-02   1.100594    
  2.2772772E-02   1.083736    
  2.2912910E-02   1.068487    
  2.3053056E-02   1.055018    
  2.3193194E-02   1.043079    
  2.3333332E-02   1.032051    
  2.3473475E-02   1.021133    
  2.3613613E-02   1.009555    
  2.3753751E-02  0.9968571    
  2.3893896E-02  0.9830121    
  2.4034034E-02  0.9684086    
  2.4174172E-02  0.9537469    
  2.4314310E-02  0.9398513    
  2.4454454E-02  0.9273930    
  2.4594592E-02  0.9167376    
  2.4734732E-02  0.9078390    
  2.4874875E-02  0.9002839    
  2.5015013E-02  0.8934063    
  2.5155151E-02  0.8864673    
  2.5295297E-02  0.8788769    
  2.5435435E-02  0.8702641    
  2.5575573E-02  0.8606358    
  2.5715711E-02  0.8502622    
  2.5855854E-02  0.8396092    
  2.5995992E-02  0.8291718    
  2.6136130E-02  0.8193431    
  2.6276276E-02  0.8102473    
  2.6416419E-02  0.8017323    
  2.6556557E-02  0.7934183    
  2.6696702E-02  0.7847977    
  2.6836840E-02  0.7754241    
  2.6976978E-02  0.7650421    
  2.7117116E-02  0.7537048    
  2.7257260E-02  0.7417595    
  2.7397400E-02  0.7297943    
  2.7537538E-02  0.7184176    
  2.7677681E-02  0.7081375    
  2.7817819E-02  0.6991612    
  2.7957957E-02  0.6913642    
  2.8098103E-02  0.6843379    
  2.8238241E-02  0.6775045    
  2.8378379E-02  0.6703134    
  2.8518517E-02  0.6624140    
  2.8658660E-02  0.6537486    
  2.8798798E-02  0.6445585    
  2.8938936E-02  0.6352652    
  2.9079081E-02  0.6263251    
  2.9219219E-02  0.6180980    
  2.9359357E-02  0.6107068    
  2.9499503E-02  0.6040617    
  2.9639641E-02  0.5979022    
  2.9779779E-02  0.5919197    
  2.9919917E-02  0.5858632    
  3.0060060E-02  0.5796160    
  3.0200198E-02  0.5732168    
  3.0340336E-02  0.5667809    
  3.0480482E-02  0.5604413    
  3.0620620E-02  0.5542967    
  3.0760758E-02  0.5483729    
  3.0900901E-02  0.5426456    
  3.1041039E-02  0.5370948    
  3.1181179E-02  0.5317861    
  3.1321317E-02  0.5268441    
  3.1461462E-02  0.5224646    
  3.1601600E-02  0.5188130    
  3.1741738E-02  0.5159639    
  3.1881880E-02  0.5138121    
  3.2022018E-02  0.5120881    
  3.2162156E-02  0.5103958    
  3.2302301E-02  0.5083270    
  3.2442439E-02  0.5055533    
  3.2582577E-02  0.5019200    
  3.2722723E-02  0.4974494    
  3.2862868E-02  0.4923018    
  3.3003006E-02  0.4866847    
  3.3143144E-02  0.4807827    
  3.3283286E-02  0.4746993    
  3.3423424E-02  0.4684894    
  3.3563565E-02  0.4622051    
  3.3703707E-02  0.4559532    
  3.3843845E-02  0.4499654    
  3.3983983E-02  0.4445748    
  3.4124121E-02  0.4401278    
  3.4264266E-02  0.4368758    
  3.4404404E-02  0.4348726    
  3.4544542E-02  0.4339005    
  3.4684688E-02  0.4335302    
  3.4824826E-02  0.4331971    
  3.4964964E-02  0.4323916    
  3.5105109E-02  0.4307955    
  3.5245247E-02  0.4283535    
  3.5385385E-02  0.4252753    
  3.5525523E-02  0.4219091    
  3.5665665E-02  0.4186257    
  3.5805807E-02  0.4156500    
  3.5945944E-02  0.4130013    
  3.6086086E-02  0.4104875    
  3.6226224E-02  0.4078225    
  3.6366362E-02  0.4047606    
  3.6506508E-02  0.4011697    
  3.6646653E-02  0.3971495    
  3.6786783E-02  0.3929308    
  3.6926929E-02  0.3888206    
  3.7067074E-02  0.3850689    
  3.7207205E-02  0.3817662    
  3.7347350E-02  0.3788550    
  3.7487492E-02  0.3761441    
  3.7627626E-02  0.3734786    
  3.7767768E-02  0.3707609    
  3.7907913E-02  0.3680812    
  3.8048048E-02  0.3656368    
  3.8188189E-02  0.3636837    
  3.8328335E-02  0.3623621    
  3.8468465E-02  0.3616240    
  3.8608611E-02  0.3611988    
  3.8748741E-02  0.3606175    
  3.8888887E-02  0.3593855    
  3.9029032E-02  0.3570864    
  3.9169177E-02  0.3535503    
  3.9309308E-02  0.3488687    
  3.9449453E-02  0.3433636    
  3.9589595E-02  0.3374690    
  3.9729729E-02  0.3316028    
  3.9869871E-02  0.3260330    
  4.0010016E-02  0.3208818    
  4.0150151E-02  0.3161258    
  4.0290292E-02  0.3117196    
  4.0430438E-02  0.3076485    
  4.0570568E-02  0.3040138    
  4.0710714E-02  0.3009958    
  4.0850844E-02  0.2987794    
  4.0990990E-02  0.2974336    
  4.1131135E-02  0.2968778    
  4.1271266E-02  0.2968346    
  4.1411411E-02  0.2968980    
  4.1551556E-02  0.2966643    
  4.1691687E-02  0.2958515    
  4.1831832E-02  0.2943522    
  4.1971974E-02  0.2922834    
  4.2112108E-02  0.2898605    
  4.2252254E-02  0.2873055    
  4.2392395E-02  0.2847240    
  4.2532530E-02  0.2820454    
  4.2672671E-02  0.2790623    
  4.2812817E-02  0.2755083    
  4.2952947E-02  0.2712259    
  4.3093093E-02  0.2662590    
  4.3233238E-02  0.2608773    
  4.3373369E-02  0.2555484    
  4.3513514E-02  0.2507609    
  4.3653645E-02  0.2468952    
  4.3793790E-02  0.2440800    
  4.3933935E-02  0.2421609    
  4.4074066E-02  0.2407813    
  4.4214211E-02  0.2395100    
  4.4354353E-02  0.2380123    
  4.4494487E-02  0.2361575    
  4.4634633E-02  0.2340591    
  4.4774774E-02  0.2319897    
  4.4914909E-02  0.2302565    
  4.5055050E-02  0.2290474    
  4.5195196E-02  0.2283456    
  4.5335326E-02  0.2279190    
  4.5475472E-02  0.2274339    
  4.5615617E-02  0.2265737    
  4.5755748E-02  0.2251832    
  4.5895893E-02  0.2233451    
  4.6036039E-02  0.2213333    
  4.6176169E-02  0.2195059    
  4.6316314E-02  0.2181710    
  4.6456445E-02  0.2174215    
  4.6596590E-02  0.2171095    
  4.6736736E-02  0.2168737    
  4.6876866E-02  0.2163009    
  4.7017012E-02  0.2150474    
  4.7157153E-02  0.2130158    
  4.7297288E-02  0.2103644    
  4.7437429E-02  0.2074712    
  4.7577575E-02  0.2048032    
  4.7717705E-02  0.2027282    
  4.7857851E-02  0.2013953    
  4.7997996E-02  0.2006866    
  4.8138127E-02  0.2002729    
  4.8278283E-02  0.1997214    
  4.8418429E-02  0.1986804    
  4.8558559E-02  0.1969660    
  4.8698705E-02  0.1946358    
  4.8838850E-02  0.1919186    
  4.8978981E-02  0.1891378    
  4.9119126E-02  0.1865519    
  4.9259257E-02  0.1842989    
  4.9399402E-02  0.1823283    
  4.9539547E-02  0.1804792    
  4.9679678E-02  0.1785349    
  4.9819823E-02  0.1763465    
  4.9959969E-02  0.1738932    
  5.0100099E-02  0.1712763    
  5.0240245E-02  0.1686983    
  5.0380386E-02  0.1663654    
  5.0520521E-02  0.1644272    
  5.0660662E-02  0.1629263    
  5.0800808E-02  0.1617875    
  5.0940942E-02  0.1608927    
  5.1081084E-02  0.1601158    
  5.1221229E-02  0.1593858    
  5.1361360E-02  0.1586923    
  5.1501505E-02  0.1580789    
  5.1641650E-02  0.1575979    
  5.1781781E-02  0.1572442    
  5.1921926E-02  0.1569628    
  5.2062057E-02  0.1566194    
  5.2202202E-02  0.1560823    
  5.2342348E-02  0.1552369    
  5.2482478E-02  0.1540554    
  5.2622624E-02  0.1526084    
  5.2762765E-02  0.1510408    
  5.2902900E-02  0.1495187    
  5.3043045E-02  0.1481948    
  5.3183187E-02  0.1471421    
  5.3323321E-02  0.1463582    
  5.3463463E-02  0.1457858    
  5.3603608E-02  0.1453524    
  5.3743739E-02  0.1450067    
  5.3883884E-02  0.1447477    
  5.4024030E-02  0.1446162    
  5.4164160E-02  0.1446476    
  5.4304305E-02  0.1448668    
  5.4444451E-02  0.1452096    
  5.4584581E-02  0.1455673    
  5.4724727E-02  0.1457801    
  5.4864857E-02  0.1457017    
  5.5005003E-02  0.1452543    
  5.5145144E-02  0.1444393    
  5.5285279E-02  0.1433720    
  5.5425424E-02  0.1422276    
  5.5565566E-02  0.1411840    
  5.5705700E-02  0.1403758    
  5.5845842E-02  0.1398389    
  5.5985987E-02  0.1395173    
  5.6126118E-02  0.1392657    
  5.6266263E-02  0.1389147    
  5.6406409E-02  0.1383217    
  5.6546539E-02  0.1374114    
  5.6686684E-02  0.1361982    
  5.6826830E-02  0.1347777    
  5.6966960E-02  0.1332863    
  5.7107106E-02  0.1318757    
  5.7247248E-02  0.1306609    
  5.7387382E-02  0.1297106    
  5.7527527E-02  0.1290290    
  5.7667669E-02  0.1285749    
  5.7807803E-02  0.1282723    
  5.7947945E-02  0.1280411    
  5.8088079E-02  0.1278139    
  5.8228221E-02  0.1275492    
  5.8368366E-02  0.1272325    
  5.8508497E-02  0.1268862    
  5.8648642E-02  0.1265555    
  5.8788788E-02  0.1262892    
  5.8928918E-02  0.1261263    
  5.9069064E-02  0.1260729    
  5.9209209E-02  0.1260989    
  5.9349339E-02  0.1261299    
  5.9489485E-02  0.1260658    
  5.9629630E-02  0.1257991    
  5.9769761E-02  0.1252524    
  5.9909906E-02  0.1244094    
  6.0050048E-02  0.1233072    
  6.0190182E-02  0.1220410    
  6.0330324E-02  0.1207286    
  6.0470484E-02  0.1194896    
  6.0610615E-02  0.1183929    
  6.0750760E-02  0.1174627    
  6.0890891E-02  0.1166664    
  6.1031036E-02  0.1159505    
  6.1171178E-02  0.1152689    
  6.1311312E-02  0.1146030    
  6.1451454E-02  0.1139742    
  6.1591599E-02  0.1134192    
  6.1731733E-02  0.1129734    
  6.1871875E-02  0.1126142    
  6.2012020E-02  0.1122810    
  6.2152151E-02  0.1118439    
  6.2292296E-02  0.1111749    
  6.2432442E-02  0.1101812    
  6.2572576E-02  0.1088402    
  6.2712714E-02  0.1072565    
  6.2852859E-02  0.1055917    
  6.2992990E-02  0.1040615    
  6.3133135E-02  0.1028447    
  6.3273281E-02  0.1020436    
  6.3413411E-02  0.1016347    
  6.3553557E-02  0.1015074    
  6.3693687E-02  0.1014920    
  6.3833833E-02  0.1014428    
  6.3973978E-02  0.1012838    
  6.4114109E-02  0.1010395    
  6.4254254E-02  0.1008191    
  6.4394400E-02  0.1007584    
  6.4534530E-02  0.1009615    
  6.4674675E-02  0.1014471    
  6.4814821E-02  0.1021322    
  6.4954951E-02  0.1028550    
  6.5095097E-02  0.1034365    
  6.5235242E-02  0.1037420    
  6.5375373E-02  0.1037339    
  6.5515518E-02  0.1034670    
  6.5655664E-02  0.1030624    
  6.5795794E-02  0.1026556    
  6.5935940E-02  0.1023116    
  6.6076085E-02  0.1020132    
  6.6216215E-02  0.1016566    
  6.6356361E-02  0.1011033    
  6.6496491E-02  0.1002427    
  6.6636637E-02  9.9064380E-02
  6.6776782E-02  9.7660214E-02
  6.6916913E-02  9.6236311E-02
  6.7057058E-02  9.5012099E-02
  6.7197196E-02  9.4163880E-02
  6.7337334E-02  9.3750283E-02
  6.7477472E-02  9.3676649E-02
  6.7617618E-02  9.3741544E-02
  6.7757756E-02  9.3692511E-02
  6.7897893E-02  9.3321808E-02
  6.8038039E-02  9.2531495E-02
  6.8178169E-02  9.1368265E-02
  6.8318315E-02  9.0004303E-02
  6.8458460E-02  8.8660821E-02
  6.8598591E-02  8.7530069E-02
  6.8738736E-02  8.6708263E-02
  6.8878882E-02  8.6177617E-02
  6.9019012E-02  8.5823022E-02
  6.9159158E-02  8.5489489E-02
  6.9299288E-02  8.5053101E-02
  6.9439434E-02  8.4468350E-02
  6.9579579E-02  8.3785385E-02
  6.9719709E-02  8.3107159E-02
  6.9859855E-02  8.2549274E-02
  7.0000000E-02  8.2165845E-02
