 -7.0000000E-02  0.1857783    
 -6.9859862E-02  0.1866899    
 -6.9719717E-02  0.1876337    
 -6.9579579E-02  0.1885988    
 -6.9439441E-02  0.1895542    
 -6.9299296E-02  0.1904760    
 -6.9159158E-02  0.1913408    
 -6.9019020E-02  0.1921585    
 -6.8878874E-02  0.1929433    
 -6.8738736E-02  0.1937384    
 -6.8598598E-02  0.1945819    
 -6.8458453E-02  0.1954966    
 -6.8318315E-02  0.1964894    
 -6.8178177E-02  0.1975374    
 -6.8038031E-02  0.1986133    
 -6.7897893E-02  0.1996829    
 -6.7757756E-02  0.2007313    
 -6.7617618E-02  0.2017554    
 -6.7477472E-02  0.2027761    
 -6.7337334E-02  0.2038170    
 -6.7197196E-02  0.2048920    
 -6.7057058E-02  0.2060006    
 -6.6916920E-02  0.2071320    
 -6.6776782E-02  0.2082455    
 -6.6636637E-02  0.2093136    
 -6.6496499E-02  0.2103179    
 -6.6356361E-02  0.2112650    
 -6.6216215E-02  0.2121746    
 -6.6076078E-02  0.2130851    
 -6.5935940E-02  0.2140212    
 -6.5795794E-02  0.2150054    
 -6.5655656E-02  0.2160222    
 -6.5515518E-02  0.2170521    
 -6.5375373E-02  0.2180529    
 -6.5235235E-02  0.2190031    
 -6.5095097E-02  0.2198925    
 -6.4954951E-02  0.2207319    
 -6.4814813E-02  0.2215494    
 -6.4674675E-02  0.2223809    
 -6.4534530E-02  0.2232462    
 -6.4394392E-02  0.2241425    
 -6.4254254E-02  0.2250565    
 -6.4114109E-02  0.2259590    
 -6.3973971E-02  0.2268255    
 -6.3833833E-02  0.2276469    
 -6.3693687E-02  0.2284408    
 -6.3553549E-02  0.2292360    
 -6.3413411E-02  0.2300823    
 -6.3273266E-02  0.2310136    
 -6.3133128E-02  0.2320460    
 -6.2992990E-02  0.2331745    
 -6.2852852E-02  0.2343705    
 -6.2712714E-02  0.2356076    
 -6.2572576E-02  0.2368583    
 -6.2432427E-02  0.2381210    
 -6.2292289E-02  0.2394060    
 -6.2152151E-02  0.2407451    
 -6.2012013E-02  0.2421526    
 -6.1871871E-02  0.2436341    
 -6.1731733E-02  0.2451737    
 -6.1591592E-02  0.2467347    
 -6.1451450E-02  0.2482742    
 -6.1311312E-02  0.2497543    
 -6.1171174E-02  0.2511612    
 -6.1031029E-02  0.2525114    
 -6.0890891E-02  0.2538294    
 -6.0750753E-02  0.2551582    
 -6.0610607E-02  0.2565223    
 -6.0470469E-02  0.2579250    
 -6.0330331E-02  0.2593470    
 -6.0190186E-02  0.2607515    
 -6.0050048E-02  0.2621060    
 -5.9909910E-02  0.2633860    
 -5.9769768E-02  0.2645910    
 -5.9629630E-02  0.2657466    
 -5.9489489E-02  0.2668838    
 -5.9349347E-02  0.2680360    
 -5.9209209E-02  0.2692140    
 -5.9069071E-02  0.2704108    
 -5.8928933E-02  0.2716040    
 -5.8788788E-02  0.2727634    
 -5.8648650E-02  0.2738660    
 -5.8508512E-02  0.2749170    
 -5.8368366E-02  0.2759350    
 -5.8228228E-02  0.2769566    
 -5.8088090E-02  0.2780176    
 -5.7947945E-02  0.2791409    
 -5.7807807E-02  0.2803162    
 -5.7667669E-02  0.2815257    
 -5.7527527E-02  0.2827328    
 -5.7387389E-02  0.2839122    
 -5.7247248E-02  0.2850532    
 -5.7107106E-02  0.2861761    
 -5.6966968E-02  0.2873099    
 -5.6826830E-02  0.2885051    
 -5.6686684E-02  0.2897852    
 -5.6546547E-02  0.2911654    
 -5.6406409E-02  0.2926292    
 -5.6266263E-02  0.2941550    
 -5.6126125E-02  0.2957130    
 -5.5985987E-02  0.2972873    
 -5.5845842E-02  0.2988961    
 -5.5705704E-02  0.3005685    
 -5.5565566E-02  0.3023409    
 -5.5425424E-02  0.3042449    
 -5.5285286E-02  0.3062851    
 -5.5145144E-02  0.3084430    
 -5.5005003E-02  0.3106702    
 -5.4864865E-02  0.3129149    
 -5.4724727E-02  0.3151346    
 -5.4584581E-02  0.3173060    
 -5.4444443E-02  0.3194361    
 -5.4304305E-02  0.3215561    
 -5.4164160E-02  0.3236922    
 -5.4024022E-02  0.3258651    
 -5.3883884E-02  0.3280691    
 -5.3743739E-02  0.3302772    
 -5.3603601E-02  0.3324529    
 -5.3463463E-02  0.3345630    
 -5.3323321E-02  0.3365909    
 -5.3183183E-02  0.3385490    
 -5.3043045E-02  0.3404706    
 -5.2902903E-02  0.3423958    
 -5.2762762E-02  0.3443506    
 -5.2622624E-02  0.3463429    
 -5.2482486E-02  0.3483517    
 -5.2342340E-02  0.3503413    
 -5.2202202E-02  0.3522717    
 -5.2062061E-02  0.3541242    
 -5.1921919E-02  0.3558972    
 -5.1781781E-02  0.3576241    
 -5.1641639E-02  0.3593420    
 -5.1501498E-02  0.3610908    
 -5.1361360E-02  0.3628905    
 -5.1221222E-02  0.3647264    
 -5.1081080E-02  0.3665719    
 -5.0940942E-02  0.3683826    
 -5.0800800E-02  0.3701241    
 -5.0660662E-02  0.3717909    
 -5.0520521E-02  0.3734002    
 -5.0380383E-02  0.3749919    
 -5.0240237E-02  0.3766072    
 -5.0100099E-02  0.3782738    
 -4.9959961E-02  0.3799980    
 -4.9819820E-02  0.3817604    
 -4.9679678E-02  0.3835310    
 -4.9539540E-02  0.3852764    
 -4.9399398E-02  0.3870013    
 -4.9259257E-02  0.3887312    
 -4.9119119E-02  0.3905030    
 -4.8978977E-02  0.3923755    
 -4.8838839E-02  0.3943972    
 -4.8698701E-02  0.3965735    
 -4.8558559E-02  0.3988878    
 -4.8418418E-02  0.4012939    
 -4.8278280E-02  0.4037423    
 -4.8138138E-02  0.4061964    
 -4.7997996E-02  0.4086391    
 -4.7857858E-02  0.4110886    
 -4.7717720E-02  0.4135742    
 -4.7577579E-02  0.4161324    
 -4.7437437E-02  0.4187711    
 -4.7297295E-02  0.4214901    
 -4.7157153E-02  0.4242491    
 -4.7017016E-02  0.4270086    
 -4.6876874E-02  0.4297410    
 -4.6736736E-02  0.4324341    
 -4.6596598E-02  0.4351094    
 -4.6456456E-02  0.4378081    
 -4.6316318E-02  0.4405780    
 -4.6176177E-02  0.4434408    
 -4.6036039E-02  0.4463963    
 -4.5895893E-02  0.4494152    
 -4.5755755E-02  0.4524599    
 -4.5615617E-02  0.4554781    
 -4.5475472E-02  0.4584539    
 -4.5335334E-02  0.4613992    
 -4.5195196E-02  0.4643381    
 -4.5055054E-02  0.4673239    
 -4.4914912E-02  0.4703859    
 -4.4774774E-02  0.4735343    
 -4.4634633E-02  0.4767390    
 -4.4494495E-02  0.4799631    
 -4.4354353E-02  0.4831603    
 -4.4214215E-02  0.4862974    
 -4.4074073E-02  0.4893825    
 -4.3933935E-02  0.4924431    
 -4.3793794E-02  0.4955300    
 -4.3653652E-02  0.4986953    
 -4.3513514E-02  0.5019529    
 -4.3373372E-02  0.5052952    
 -4.3233231E-02  0.5086772    
 -4.3093093E-02  0.5120433    
 -4.2952951E-02  0.5153378    
 -4.2812813E-02  0.5185477    
 -4.2672671E-02  0.5216827    
 -4.2532530E-02  0.5247867    
 -4.2392392E-02  0.5279168    
 -4.2252254E-02  0.5311101    
 -4.2112112E-02  0.5343837    
 -4.1971974E-02  0.5377348    
 -4.1831832E-02  0.5411309    
 -4.1691691E-02  0.5445461    
 -4.1551553E-02  0.5479774    
 -4.1411411E-02  0.5514550    
 -4.1271273E-02  0.5550287    
 -4.1131131E-02  0.5587696    
 -4.0990990E-02  0.5627265    
 -4.0850852E-02  0.5669323    
 -4.0710710E-02  0.5713670    
 -4.0570572E-02  0.5759809    
 -4.0430427E-02  0.5807181    
 -4.0290289E-02  0.5855362    
 -4.0150151E-02  0.5904030    
 -4.0010009E-02  0.5953353    
 -3.9869871E-02  0.6003578    
 -3.9729729E-02  0.6054980    
 -3.9589588E-02  0.6107547    
 -3.9449450E-02  0.6161085    
 -3.9309308E-02  0.6214983    
 -3.9169170E-02  0.6268614    
 -3.9029028E-02  0.6321444    
 -3.8888887E-02  0.6373301    
 -3.8748749E-02  0.6424492    
 -3.8608607E-02  0.6475496    
 -3.8468469E-02  0.6527156    
 -3.8328327E-02  0.6579955    
 -3.8188186E-02  0.6634167    
 -3.8048048E-02  0.6689657    
 -3.7907910E-02  0.6745901    
 -3.7767768E-02  0.6802451    
 -3.7627630E-02  0.6858954    
 -3.7487488E-02  0.6915427    
 -3.7347347E-02  0.6972067    
 -3.7207205E-02  0.7029304    
 -3.7067067E-02  0.7087556    
 -3.6926925E-02  0.7146827    
 -3.6786783E-02  0.7206997    
 -3.6646646E-02  0.7267539    
 -3.6506504E-02  0.7327953    
 -3.6366366E-02  0.7387864    
 -3.6226224E-02  0.7447397    
 -3.6086082E-02  0.7506919    
 -3.5945944E-02  0.7567086    
 -3.5805807E-02  0.7628593    
 -3.5665665E-02  0.7691874    
 -3.5525527E-02  0.7757033    
 -3.5385385E-02  0.7823746    
 -3.5245247E-02  0.7891477    
 -3.5105105E-02  0.7959858    
 -3.4964968E-02  0.8028808    
 -3.4824826E-02  0.8098459    
 -3.4684684E-02  0.8169490    
 -3.4544546E-02  0.8242487    
 -3.4404404E-02  0.8317969    
 -3.4264266E-02  0.8395970    
 -3.4124121E-02  0.8476136    
 -3.3983979E-02  0.8557959    
 -3.3843841E-02  0.8640645    
 -3.3703703E-02  0.8724022    
 -3.3563565E-02  0.8807961    
 -3.3423424E-02  0.8892974    
 -3.3283282E-02  0.8979666    
 -3.3143144E-02  0.9068540    
 -3.3003002E-02  0.9159891    
 -3.2862864E-02  0.9253430    
 -3.2722723E-02  0.9348512    
 -3.2582581E-02  0.9444476    
 -3.2442443E-02  0.9540604    
 -3.2302301E-02  0.9636810    
 -3.2162163E-02  0.9733182    
 -3.2022022E-02  0.9830335    
 -3.1881880E-02  0.9928965    
 -3.1741742E-02   1.002939    
 -3.1601600E-02   1.013174    
 -3.1461462E-02   1.023573    
 -3.1321321E-02   1.034074    
 -3.1181181E-02   1.044640    
 -3.1041039E-02   1.055259    
 -3.0900899E-02   1.065965    
 -3.0760761E-02   1.076832    
 -3.0620620E-02   1.087948    
 -3.0480478E-02   1.099382    
 -3.0340340E-02   1.111164    
 -3.0200198E-02   1.123264    
 -3.0060060E-02   1.135628    
 -2.9919919E-02   1.148183    
 -2.9779779E-02   1.160874    
 -2.9639641E-02   1.173681    
 -2.9499499E-02   1.186626    
 -2.9359361E-02   1.199741    
 -2.9219219E-02   1.213053    
 -2.9079078E-02   1.226564    
 -2.8938940E-02   1.240198    
 -2.8798798E-02   1.253881    
 -2.8658660E-02   1.267502    
 -2.8518520E-02   1.280998    
 -2.8378379E-02   1.294347    
 -2.8238241E-02   1.307607    
 -2.8098099E-02   1.320866    
 -2.7957957E-02   1.334251    
 -2.7817816E-02   1.347855    
 -2.7677676E-02   1.361730    
 -2.7537538E-02   1.375883    
 -2.7397396E-02   1.390280    
 -2.7257258E-02   1.404877    
 -2.7117116E-02   1.419662    
 -2.6976975E-02   1.434650    
 -2.6836837E-02   1.449901    
 -2.6696695E-02   1.465498    
 -2.6556557E-02   1.481486    
 -2.6416417E-02   1.497888    
 -2.6276276E-02   1.514667    
 -2.6136138E-02   1.531757    
 -2.5995996E-02   1.549077    
 -2.5855858E-02   1.566587    
 -2.5715716E-02   1.584297    
 -2.5575574E-02   1.602254    
 -2.5435437E-02   1.620535    
 -2.5295297E-02   1.639241    
 -2.5155159E-02   1.658391    
 -2.5015017E-02   1.677983    
 -2.4874872E-02   1.697951    
 -2.4734734E-02   1.718226    
 -2.4594592E-02   1.738749    
 -2.4454452E-02   1.759525    
 -2.4314314E-02   1.780610    
 -2.4174172E-02   1.802111    
 -2.4034034E-02   1.824128    
 -2.3893893E-02   1.846763    
 -2.3753751E-02   1.870010    
 -2.3613613E-02   1.893830    
 -2.3473471E-02   1.918119    
 -2.3333333E-02   1.942755    
 -2.3193194E-02   1.967661    
 -2.3053052E-02   1.992807    
 -2.2912914E-02   2.018230    
 -2.2772772E-02   2.044007    
 -2.2632634E-02   2.070191    
 -2.2492493E-02   2.096838    
 -2.2352351E-02   2.123939    
 -2.2212213E-02   2.151443    
 -2.2072073E-02   2.179327    
 -2.1931935E-02   2.207570    
 -2.1791790E-02   2.236217    
 -2.1651648E-02   2.265365    
 -2.1511510E-02   2.295132    
 -2.1371368E-02   2.325639    
 -2.1231230E-02   2.356934    
 -2.1091091E-02   2.389017    
 -2.0950949E-02   2.421823    
 -2.0810811E-02   2.455233    
 -2.0670669E-02   2.489201    
 -2.0530531E-02   2.523694    
 -2.0390389E-02   2.558773    
 -2.0250248E-02   2.594558    
 -2.0110110E-02   2.631196    
 -1.9969970E-02   2.668775    
 -1.9829832E-02   2.707352    
 -1.9689690E-02   2.746911    
 -1.9549549E-02   2.787376    
 -1.9409411E-02   2.828683    
 -1.9269269E-02   2.870838    
 -1.9129131E-02   2.913892    
 -1.8988989E-02   2.957984    
 -1.8848849E-02   3.003282    
 -1.8708711E-02   3.049931    
 -1.8568566E-02   3.098022    
 -1.8428428E-02   3.147571    
 -1.8288286E-02   3.198501    
 -1.8148145E-02   3.250747    
 -1.8008007E-02   3.304252    
 -1.7867867E-02   3.359026    
 -1.7727729E-02   3.415181    
 -1.7587587E-02   3.472856    
 -1.7447446E-02   3.532223    
 -1.7307308E-02   3.593374    
 -1.7167166E-02   3.656342    
 -1.7027028E-02   3.721052    
 -1.6886886E-02   3.787418    
 -1.6746746E-02   3.855297    
 -1.6606608E-02   3.924661    
 -1.6466463E-02   3.995522    
 -1.6326325E-02   4.067986    
 -1.6186187E-02   4.142203    
 -1.6046043E-02   4.218279    
 -1.5905904E-02   4.296301    
 -1.5765766E-02   4.376273    
 -1.5625628E-02   4.458196    
 -1.5485484E-02   4.542064    
 -1.5345346E-02   4.627938    
 -1.5205202E-02   4.715994    
 -1.5065064E-02   4.806476    
 -1.4924925E-02   4.899688    
 -1.4784780E-02   4.995914    
 -1.4644642E-02   5.095339    
 -1.4504504E-02   5.198093    
 -1.4364366E-02   5.304179    
 -1.4224222E-02   5.413601    
 -1.4084084E-02   5.526370    
 -1.3943946E-02   5.642592    
 -1.3803801E-02   5.762467    
 -1.3663664E-02   5.886257    
 -1.3523526E-02   6.014215    
 -1.3383381E-02   6.146555    
 -1.3243243E-02   6.283376    
 -1.3103105E-02   6.424696    
 -1.2962966E-02   6.570471    
 -1.2822822E-02   6.720706    
 -1.2682684E-02   6.875451    
 -1.2542546E-02   7.034939    
 -1.2402401E-02   7.199476    
 -1.2262263E-02   7.369401    
 -1.2122125E-02   7.545113    
 -1.1981981E-02   7.726833    
 -1.1841843E-02   7.914739    
 -1.1701705E-02   8.108953    
 -1.1561567E-02   8.309580    
 -1.1421422E-02   8.516790    
 -1.1281285E-02   8.730850    
 -1.1141146E-02   8.952185    
 -1.1001002E-02   9.181223    
 -1.0860858E-02   9.418353    
 -1.0720720E-02   9.663922    
 -1.0580575E-02   9.918101    
 -1.0440436E-02   10.18096    
 -1.0300298E-02   10.45264    
 -1.0160160E-02   10.73325    
 -1.0020016E-02   11.02321    
 -9.8798778E-03   11.32298    
 -9.7397398E-03   11.63323    
 -9.5995953E-03   11.95475    
 -9.4594574E-03   12.28817    
 -9.3193194E-03   12.63409    
 -9.1791749E-03   12.99296    
 -9.0390369E-03   13.36515    
 -8.8988990E-03   13.75111    
 -8.7587601E-03   14.15132    
 -8.6186165E-03   14.56652    
 -8.4784776E-03   14.99752    
 -8.3383396E-03   15.44523    
 -8.1981951E-03   15.91063    
 -8.0580572E-03   16.39448    
 -7.9179192E-03   16.89752    
 -7.7777747E-03   17.42047    
 -7.6376367E-03   17.96404    
 -7.4974988E-03   18.52924    
 -7.3573608E-03   19.11716    
 -7.2172163E-03   19.72928    
 -7.0770779E-03   20.36708    
 -6.9369399E-03   21.03212    
 -6.7967954E-03   21.72576    
 -6.6566574E-03   22.44910    
 -6.5165195E-03   23.20316    
 -6.3763750E-03   23.98880    
 -6.2362370E-03   24.80698    
 -6.0960986E-03   25.65862    
 -5.9559606E-03   26.54518    
 -5.8158161E-03   27.46803    
 -5.6756781E-03   28.42858    
 -5.5355402E-03   29.42822    
 -5.3953957E-03   30.46800    
 -5.2552577E-03   31.54868    
 -5.1151193E-03   32.67104    
 -4.9749753E-03   33.83570    
 -4.8348368E-03   35.04334    
 -4.6946923E-03   36.29478    
 -4.5545544E-03   37.59084    
 -4.4144099E-03   38.93222    
 -4.2742719E-03   40.31895    
 -4.1341339E-03   41.75081    
 -3.9939894E-03   43.22659    
 -3.8538512E-03   44.74454    
 -3.7137133E-03   46.30238    
 -3.5735688E-03   47.89782    
 -3.4334308E-03   49.52800    
 -3.2932926E-03   51.18999    
 -3.1531546E-03   52.88021    
 -3.0130101E-03   54.59436    
 -2.8728719E-03   56.32671    
 -2.7327340E-03   58.07028    
 -2.5925895E-03   59.81683    
 -2.4524515E-03   61.55668    
 -2.3123133E-03   63.27933    
 -2.1721688E-03   64.97292    
 -2.0320308E-03   66.62427    
 -1.8918928E-03   68.21867    
 -1.7517547E-03   69.73913    
 -1.6116102E-03   71.16660    
 -1.4714721E-03   72.48075    
 -1.3313340E-03   73.66116    
 -1.1911896E-03   74.69008    
 -1.0510515E-03   75.55495    
 -9.1091340E-04   76.25114    
 -7.7076902E-04   76.78351    
 -6.3063094E-04   77.16719    
 -4.9049279E-04   77.42496    
 -3.5035473E-04   77.58421    
 -2.1021030E-04   77.67192    
 -7.0072216E-05   77.71033    
  7.0065878E-05   77.71181    
  2.1021030E-04   77.67192    
  3.5034839E-04   77.58425    
  4.9048651E-04   77.42502    
  6.3063094E-04   77.16718    
  7.7076902E-04   76.78351    
  9.1090711E-04   76.25113    
  1.0510451E-03   75.55494    
  1.1911896E-03   74.69008    
  1.3313277E-03   73.66120    
  1.4714658E-03   72.48078    
  1.6116166E-03   71.16656    
  1.7517547E-03   69.73914    
  1.8918928E-03   68.21867    
  2.0320371E-03   66.62424    
  2.1721753E-03   64.97286    
  2.3123133E-03   63.27933    
  2.4524578E-03   61.55661    
  2.5925958E-03   59.81672    
  2.7327340E-03   58.07027    
  2.8728719E-03   56.32671    
  3.0130164E-03   54.59426    
  3.1531546E-03   52.88021    
  3.2932926E-03   51.18999    
  3.4334371E-03   49.52797    
  3.5735751E-03   47.89774    
  3.7137133E-03   46.30239    
  3.8538578E-03   44.74443    
  3.9939960E-03   43.22650    
  4.1341339E-03   41.75081    
  4.2742719E-03   40.31895    
  4.4144164E-03   38.93216    
  4.5545544E-03   37.59084    
  4.6946923E-03   36.29478    
  4.8348368E-03   35.04333    
  4.9749753E-03   33.83570    
  5.1151132E-03   32.67109    
  5.2552577E-03   31.54868    
  5.3953957E-03   30.46800    
  5.5355337E-03   29.42824    
  5.6756716E-03   28.42863    
  5.8158161E-03   27.46804    
  5.9559545E-03   26.54521    
  6.0960925E-03   25.65865    
  6.2362370E-03   24.80698    
  6.3763750E-03   23.98880    
  6.5165129E-03   23.20319    
  6.6566574E-03   22.44910    
  6.7967954E-03   21.72576    
  6.9369338E-03   21.03213    
  7.0770718E-03   20.36712    
  7.2172163E-03   19.72928    
  7.3573543E-03   19.11719    
  7.4974922E-03   18.52926    
  7.6376367E-03   17.96404    
  7.7777812E-03   17.42045    
  7.9179192E-03   16.89752    
  8.0580637E-03   16.39443    
  8.1982017E-03   15.91061    
  8.3383396E-03   15.44523    
  8.4784776E-03   14.99752    
  8.6186221E-03   14.56650    
  8.7587601E-03   14.15132    
  8.8988990E-03   13.75111    
  9.0390434E-03   13.36513    
  9.1791814E-03   12.99294    
  9.3193194E-03   12.63409    
  9.4594639E-03   12.28815    
  9.5996018E-03   11.95474    
  9.7397398E-03   11.63323    
  9.8798778E-03   11.32299    
  1.0020022E-02   11.02320    
  1.0160160E-02   10.73325    
  1.0300298E-02   10.45264    
  1.0440443E-02   10.18095    
  1.0580581E-02   9.918090    
  1.0720720E-02   9.663922    
  1.0860863E-02   9.418355    
  1.1001002E-02   9.181223    
  1.1141140E-02   8.952201    
  1.1281278E-02   8.730863    
  1.1421422E-02   8.516792    
  1.1561560E-02   8.309592    
  1.1701698E-02   8.108969    
  1.1841843E-02   7.914737    
  1.1981981E-02   7.726833    
  1.2122119E-02   7.545109    
  1.2262263E-02   7.369402    
  1.2402401E-02   7.199477    
  1.2542539E-02   7.034948    
  1.2682678E-02   6.875463    
  1.2822822E-02   6.720706    
  1.2962961E-02   6.570479    
  1.3103099E-02   6.424706    
  1.3243243E-02   6.283376    
  1.3383381E-02   6.146555    
  1.3523519E-02   6.014217    
  1.3663664E-02   5.886255    
  1.3803801E-02   5.762467    
  1.3943939E-02   5.642599    
  1.4084084E-02   5.526370    
  1.4224228E-02   5.413599    
  1.4364366E-02   5.304179    
  1.4504504E-02   5.198093    
  1.4644649E-02   5.095338    
  1.4784787E-02   4.995911    
  1.4924925E-02   4.899687    
  1.5065069E-02   4.806467    
  1.5205207E-02   4.715996    
  1.5345346E-02   4.627938    
  1.5485484E-02   4.542064    
  1.5625628E-02   4.458196    
  1.5765766E-02   4.376274    
  1.5905904E-02   4.296301    
  1.6046049E-02   4.218275    
  1.6186187E-02   4.142203    
  1.6326325E-02   4.067986    
  1.6466470E-02   3.995519    
  1.6606608E-02   3.924661    
  1.6746746E-02   3.855297    
  1.6886884E-02   3.787415    
  1.7027028E-02   3.721052    
  1.7167166E-02   3.656341    
  1.7307304E-02   3.593378    
  1.7447449E-02   3.532225    
  1.7587587E-02   3.472857    
  1.7727725E-02   3.415183    
  1.7867869E-02   3.359028    
  1.8008007E-02   3.304252    
  1.8148145E-02   3.250746    
  1.8288285E-02   3.198505    
  1.8428428E-02   3.147571    
  1.8568566E-02   3.098022    
  1.8708704E-02   3.049935    
  1.8848849E-02   3.003282    
  1.8988987E-02   2.957981    
  1.9129125E-02   2.913897    
  1.9269269E-02   2.870838    
  1.9409407E-02   2.828691    
  1.9549545E-02   2.787375    
  1.9689683E-02   2.746912    
  1.9829828E-02   2.707356    
  1.9969966E-02   2.668775    
  2.0110104E-02   2.631197    
  2.0250255E-02   2.594558    
  2.0390393E-02   2.558773    
  2.0530531E-02   2.523694    
  2.0670675E-02   2.489194    
  2.0810815E-02   2.455239    
  2.0950953E-02   2.421817    
  2.1091096E-02   2.389022    
  2.1231234E-02   2.356935    
  2.1371372E-02   2.325635    
  2.1511510E-02   2.295132    
  2.1651655E-02   2.265363    
  2.1791793E-02   2.236216    
  2.1931931E-02   2.207570    
  2.2072075E-02   2.179325    
  2.2212213E-02   2.151443    
  2.2352351E-02   2.123939    
  2.2492496E-02   2.096835    
  2.2632634E-02   2.070192    
  2.2772772E-02   2.044006    
  2.2912910E-02   2.018233    
  2.3053056E-02   1.992806    
  2.3193194E-02   1.967660    
  2.3333332E-02   1.942753    
  2.3473475E-02   1.918119    
  2.3613613E-02   1.893830    
  2.3753751E-02   1.870011    
  2.3893896E-02   1.846760    
  2.4034034E-02   1.824127    
  2.4174172E-02   1.802111    
  2.4314310E-02   1.780611    
  2.4454454E-02   1.759527    
  2.4594592E-02   1.738749    
  2.4734732E-02   1.718229    
  2.4874875E-02   1.697953    
  2.5015013E-02   1.677983    
  2.5155151E-02   1.658392    
  2.5295297E-02   1.639241    
  2.5435435E-02   1.620539    
  2.5575573E-02   1.602252    
  2.5715711E-02   1.584297    
  2.5855854E-02   1.566586    
  2.5995992E-02   1.549080    
  2.6136130E-02   1.531758    
  2.6276276E-02   1.514666    
  2.6416419E-02   1.497886    
  2.6556557E-02   1.481486    
  2.6696702E-02   1.465494    
  2.6836840E-02   1.449902    
  2.6976978E-02   1.434649    
  2.7117116E-02   1.419662    
  2.7257260E-02   1.404879    
  2.7397400E-02   1.390283    
  2.7537538E-02   1.375884    
  2.7677681E-02   1.361726    
  2.7817819E-02   1.347852    
  2.7957957E-02   1.334250    
  2.8098103E-02   1.320864    
  2.8238241E-02   1.307607    
  2.8378379E-02   1.294347    
  2.8518517E-02   1.281000    
  2.8658660E-02   1.267502    
  2.8798798E-02   1.253881    
  2.8938936E-02   1.240202    
  2.9079081E-02   1.226566    
  2.9219219E-02   1.213053    
  2.9359357E-02   1.199741    
  2.9499503E-02   1.186624    
  2.9639641E-02   1.173681    
  2.9779779E-02   1.160874    
  2.9919917E-02   1.148183    
  3.0060060E-02   1.135629    
  3.0200198E-02   1.123264    
  3.0340336E-02   1.111162    
  3.0480482E-02   1.099382    
  3.0620620E-02   1.087948    
  3.0760758E-02   1.076835    
  3.0900901E-02   1.065963    
  3.1041039E-02   1.055259    
  3.1181179E-02   1.044641    
  3.1321317E-02   1.034072    
  3.1461462E-02   1.023570    
  3.1601600E-02   1.013175    
  3.1741738E-02   1.002938    
  3.1881880E-02  0.9928968    
  3.2022018E-02  0.9830340    
  3.2162156E-02  0.9733201    
  3.2302301E-02  0.9636807    
  3.2442439E-02  0.9540616    
  3.2582577E-02  0.9444472    
  3.2722723E-02  0.9348508    
  3.2862868E-02  0.9253443    
  3.3003006E-02  0.9159895    
  3.3143144E-02  0.9068543    
  3.3283286E-02  0.8979638    
  3.3423424E-02  0.8892978    
  3.3563565E-02  0.8807961    
  3.3703707E-02  0.8724002    
  3.3843845E-02  0.8640657    
  3.3983983E-02  0.8557927    
  3.4124121E-02  0.8476138    
  3.4264266E-02  0.8395970    
  3.4404404E-02  0.8317966    
  3.4544542E-02  0.8242492    
  3.4684688E-02  0.8169481    
  3.4824826E-02  0.8098459    
  3.4964964E-02  0.8028805    
  3.5105109E-02  0.7959864    
  3.5245247E-02  0.7891479    
  3.5385385E-02  0.7823749    
  3.5525523E-02  0.7757054    
  3.5665665E-02  0.7691874    
  3.5805807E-02  0.7628595    
  3.5945944E-02  0.7567087    
  3.6086086E-02  0.7506928    
  3.6226224E-02  0.7447398    
  3.6366362E-02  0.7387872    
  3.6506508E-02  0.7327961    
  3.6646653E-02  0.7267528    
  3.6786783E-02  0.7206995    
  3.6926929E-02  0.7146831    
  3.7067074E-02  0.7087536    
  3.7207205E-02  0.7029303    
  3.7347350E-02  0.6972049    
  3.7487492E-02  0.6915421    
  3.7627626E-02  0.6858953    
  3.7767768E-02  0.6802450    
  3.7907913E-02  0.6745883    
  3.8048048E-02  0.6689660    
  3.8188189E-02  0.6634184    
  3.8328335E-02  0.6579982    
  3.8468465E-02  0.6527186    
  3.8608611E-02  0.6475504    
  3.8748741E-02  0.6424500    
  3.8888887E-02  0.6373301    
  3.9029032E-02  0.6321437    
  3.9169177E-02  0.6268616    
  3.9309308E-02  0.6214982    
  3.9449453E-02  0.6161103    
  3.9589595E-02  0.6107570    
  3.9729729E-02  0.6054980    
  3.9869871E-02  0.6003569    
  4.0010016E-02  0.5953385    
  4.0150151E-02  0.5904036    
  4.0290292E-02  0.5855350    
  4.0430438E-02  0.5807219    
  4.0570568E-02  0.5759811    
  4.0710714E-02  0.5713656    
  4.0850844E-02  0.5669358    
  4.0990990E-02  0.5627265    
  4.1131135E-02  0.5587682    
  4.1271266E-02  0.5550280    
  4.1411411E-02  0.5514549    
  4.1551556E-02  0.5479764    
  4.1691687E-02  0.5445458    
  4.1831832E-02  0.5411310    
  4.1971974E-02  0.5377332    
  4.2112108E-02  0.5343853    
  4.2252254E-02  0.5311100    
  4.2392395E-02  0.5279139    
  4.2532530E-02  0.5247876    
  4.2672671E-02  0.5216825    
  4.2812817E-02  0.5185493    
  4.2952947E-02  0.5153415    
  4.3093093E-02  0.5120433    
  4.3233238E-02  0.5086776    
  4.3373369E-02  0.5052947    
  4.3513514E-02  0.5019528    
  4.3653645E-02  0.4986931    
  4.3793790E-02  0.4955325    
  4.3933935E-02  0.4924431    
  4.4074066E-02  0.4893823    
  4.4214211E-02  0.4862978    
  4.4354353E-02  0.4831603    
  4.4494487E-02  0.4799643    
  4.4634633E-02  0.4767400    
  4.4774774E-02  0.4735342    
  4.4914909E-02  0.4703873    
  4.5055050E-02  0.4673233    
  4.5195196E-02  0.4643382    
  4.5335326E-02  0.4613953    
  4.5475472E-02  0.4584538    
  4.5615617E-02  0.4554780    
  4.5755748E-02  0.4524601    
  4.5895893E-02  0.4494152    
  4.6036039E-02  0.4463961    
  4.6176169E-02  0.4434419    
  4.6316314E-02  0.4405765    
  4.6456445E-02  0.4378096    
  4.6596590E-02  0.4351102    
  4.6736736E-02  0.4324340    
  4.6876866E-02  0.4297390    
  4.7017012E-02  0.4270075    
  4.7157153E-02  0.4242490    
  4.7297288E-02  0.4214877    
  4.7437429E-02  0.4187728    
  4.7577575E-02  0.4161296    
  4.7717705E-02  0.4135752    
  4.7857851E-02  0.4110878    
  4.7997996E-02  0.4086393    
  4.8138127E-02  0.4061940    
  4.8278283E-02  0.4037415    
  4.8418429E-02  0.4012940    
  4.8558559E-02  0.3988862    
  4.8698705E-02  0.3965742    
  4.8838850E-02  0.3943964    
  4.8978981E-02  0.3923790    
  4.9119126E-02  0.3905033    
  4.9259257E-02  0.3887315    
  4.9399402E-02  0.3870014    
  4.9539547E-02  0.3852760    
  4.9679678E-02  0.3835312    
  4.9819823E-02  0.3817605    
  4.9959969E-02  0.3799978    
  5.0100099E-02  0.3782736    
  5.0240245E-02  0.3766067    
  5.0380386E-02  0.3749885    
  5.0520521E-02  0.3734000    
  5.0660662E-02  0.3717892    
  5.0800808E-02  0.3701226    
  5.0940942E-02  0.3683824    
  5.1081084E-02  0.3665724    
  5.1221229E-02  0.3647294    
  5.1361360E-02  0.3628904    
  5.1501505E-02  0.3610905    
  5.1641650E-02  0.3593416    
  5.1781781E-02  0.3576240    
  5.1921926E-02  0.3558977    
  5.2062057E-02  0.3541246    
  5.2202202E-02  0.3522717    
  5.2342348E-02  0.3503406    
  5.2482478E-02  0.3483505    
  5.2622624E-02  0.3463430    
  5.2762765E-02  0.3443508    
  5.2902900E-02  0.3423972    
  5.3043045E-02  0.3404706    
  5.3183187E-02  0.3385507    
  5.3323321E-02  0.3365908    
  5.3463463E-02  0.3345630    
  5.3603608E-02  0.3324531    
  5.3743739E-02  0.3302775    
  5.3883884E-02  0.3280693    
  5.4024030E-02  0.3258660    
  5.4164160E-02  0.3236924    
  5.4304305E-02  0.3215561    
  5.4444451E-02  0.3194362    
  5.4584581E-02  0.3173060    
  5.4724727E-02  0.3151347    
  5.4864857E-02  0.3129172    
  5.5005003E-02  0.3106703    
  5.5145144E-02  0.3084429    
  5.5285279E-02  0.3062868    
  5.5425424E-02  0.3042449    
  5.5565566E-02  0.3023409    
  5.5705700E-02  0.3005683    
  5.5845842E-02  0.2988962    
  5.5985987E-02  0.2972873    
  5.6126118E-02  0.2957101    
  5.6266263E-02  0.2941549    
  5.6406409E-02  0.2926290    
  5.6546539E-02  0.2911638    
  5.6686684E-02  0.2897852    
  5.6826830E-02  0.2885050    
  5.6966960E-02  0.2873111    
  5.7107106E-02  0.2861759    
  5.7247248E-02  0.2850533    
  5.7387382E-02  0.2839128    
  5.7527527E-02  0.2827327    
  5.7667669E-02  0.2815257    
  5.7807803E-02  0.2803154    
  5.7947945E-02  0.2791408    
  5.8088079E-02  0.2780182    
  5.8228221E-02  0.2769561    
  5.8368366E-02  0.2759349    
  5.8508497E-02  0.2749179    
  5.8648642E-02  0.2738673    
  5.8788788E-02  0.2727634    
  5.8928918E-02  0.2716045    
  5.9069064E-02  0.2704125    
  5.9209209E-02  0.2692139    
  5.9349339E-02  0.2680353    
  5.9489485E-02  0.2668855    
  5.9629630E-02  0.2657465    
  5.9769761E-02  0.2645914    
  5.9909906E-02  0.2633869    
  6.0050048E-02  0.2621060    
  6.0190182E-02  0.2607533    
  6.0330324E-02  0.2593465    
  6.0470484E-02  0.2579253    
  6.0610615E-02  0.2565235    
  6.0750760E-02  0.2551585    
  6.0890891E-02  0.2538294    
  6.1031036E-02  0.2525099    
  6.1171178E-02  0.2511613    
  6.1311312E-02  0.2497541    
  6.1451454E-02  0.2482727    
  6.1591599E-02  0.2467372    
  6.1731733E-02  0.2451739    
  6.1871875E-02  0.2436344    
  6.2012020E-02  0.2421516    
  6.2152151E-02  0.2407451    
  6.2292296E-02  0.2394077    
  6.2432442E-02  0.2381233    
  6.2572576E-02  0.2368585    
  6.2712714E-02  0.2356066    
  6.2852859E-02  0.2343694    
  6.2992990E-02  0.2331746    
  6.3133135E-02  0.2320462    
  6.3273281E-02  0.2310139    
  6.3413411E-02  0.2300825    
  6.3553557E-02  0.2292366    
  6.3693687E-02  0.2284410    
  6.3833833E-02  0.2276469    
  6.3973978E-02  0.2268250    
  6.4114109E-02  0.2259590    
  6.4254254E-02  0.2250565    
  6.4394400E-02  0.2241417    
  6.4534530E-02  0.2232463    
  6.4674675E-02  0.2223810    
  6.4814821E-02  0.2215500    
  6.4954951E-02  0.2207319    
  6.5095097E-02  0.2198924    
  6.5235242E-02  0.2190026    
  6.5375373E-02  0.2180532    
  6.5515518E-02  0.2170521    
  6.5655664E-02  0.2160228    
  6.5795794E-02  0.2150056    
  6.5935940E-02  0.2140212    
  6.6076085E-02  0.2130834    
  6.6216215E-02  0.2121745    
  6.6356361E-02  0.2112649    
  6.6496491E-02  0.2103203    
  6.6636637E-02  0.2093135    
  6.6776782E-02  0.2082455    
  6.6916913E-02  0.2071310    
  6.7057058E-02  0.2060006    
  6.7197196E-02  0.2048920    
  6.7337334E-02  0.2038169    
  6.7477472E-02  0.2027759    
  6.7617618E-02  0.2017553    
  6.7757756E-02  0.2007302    
  6.7897893E-02  0.1996830    
  6.8038039E-02  0.1986119    
  6.8178169E-02  0.1975385    
  6.8318315E-02  0.1964894    
  6.8458460E-02  0.1954967    
  6.8598591E-02  0.1945812    
  6.8738736E-02  0.1937384    
  6.8878882E-02  0.1929436    
  6.9019012E-02  0.1921578    
  6.9159158E-02  0.1913409    
  6.9299288E-02  0.1904744    
  6.9439434E-02  0.1895555    
  6.9579579E-02  0.1885987    
  6.9719709E-02  0.1876331    
  6.9859855E-02  0.1866905    
  7.0000000E-02  0.1857783    
