 -0.1000000      8.0328137E-02
 -9.9799804E-02  8.0248579E-02
 -9.9599607E-02  8.0162548E-02
 -9.9399403E-02  8.0101371E-02
 -9.9199206E-02  8.0108009E-02
 -9.8999001E-02  8.0224141E-02
 -9.8798804E-02  8.0478206E-02
 -9.8598607E-02  8.0867551E-02
 -9.8398402E-02  8.1356183E-02
 -9.8198205E-02  8.1874982E-02
 -9.7998008E-02  8.2355306E-02
 -9.7797804E-02  8.2742803E-02
 -9.7597606E-02  8.3015569E-02
 -9.7397402E-02  8.3199009E-02
 -9.7197205E-02  8.3350293E-02
 -9.6997000E-02  8.3538279E-02
 -9.6796796E-02  8.3823003E-02
 -9.6596599E-02  8.4223546E-02
 -9.6396402E-02  8.4719785E-02
 -9.6196197E-02  8.5257307E-02
 -9.5996000E-02  8.5763499E-02
 -9.5795795E-02  8.6182848E-02
 -9.5595598E-02  8.6501628E-02
 -9.5395401E-02  8.6752981E-02
 -9.5195197E-02  8.7008245E-02
 -9.4994999E-02  8.7351084E-02
 -9.4794795E-02  8.7856911E-02
 -9.4594598E-02  8.8559173E-02
 -9.4394401E-02  8.9433394E-02
 -9.4194196E-02  9.0406343E-02
 -9.3993999E-02  9.1385558E-02
 -9.3793802E-02  9.2274621E-02
 -9.3593597E-02  9.3008667E-02
 -9.3393400E-02  9.3568720E-02
 -9.3193196E-02  9.3979545E-02
 -9.2992999E-02  9.4299577E-02
 -9.2792802E-02  9.4590664E-02
 -9.2592597E-02  9.4900422E-02
 -9.2392400E-02  9.5254034E-02
 -9.2192195E-02  9.5650844E-02
 -9.1991998E-02  9.6070997E-02
 -9.1791801E-02  9.6502818E-02
 -9.1591589E-02  9.6941330E-02
 -9.1391392E-02  9.7402789E-02
 -9.1191195E-02  9.7914234E-02
 -9.0990990E-02  9.8494060E-02
 -9.0790793E-02  9.9148832E-02
 -9.0590589E-02  9.9859416E-02
 -9.0390392E-02  0.1005826    
 -9.0190195E-02  0.1012645    
 -8.9989990E-02  0.1018505    
 -8.9789793E-02  0.1023192    
 -8.9589596E-02  0.1026670    
 -8.9389391E-02  0.1029252    
 -8.9189194E-02  0.1031409    
 -8.8988990E-02  0.1033620    
 -8.8788792E-02  0.1036248    
 -8.8588595E-02  0.1039478    
 -8.8388391E-02  0.1043354    
 -8.8188194E-02  0.1047892    
 -8.7987989E-02  0.1053144    
 -8.7787792E-02  0.1059316    
 -8.7587595E-02  0.1066649    
 -8.7387390E-02  0.1075391    
 -8.7187193E-02  0.1085629    
 -8.6986996E-02  0.1097178    
 -8.6786792E-02  0.1109531    
 -8.6586587E-02  0.1122029    
 -8.6386390E-02  0.1134027    
 -8.6186193E-02  0.1145077    
 -8.5985996E-02  0.1155192    
 -8.5785784E-02  0.1164666    
 -8.5585594E-02  0.1174156    
 -8.5385390E-02  0.1184321    
 -8.5185193E-02  0.1195456    
 -8.4984988E-02  0.1207492    
 -8.4784783E-02  0.1219838    
 -8.4584586E-02  0.1231563    
 -8.4384389E-02  0.1241707    
 -8.4184185E-02  0.1249602    
 -8.3983988E-02  0.1255117    
 -8.3783783E-02  0.1258743    
 -8.3583586E-02  0.1261420    
 -8.3383389E-02  0.1264211    
 -8.3183184E-02  0.1268030    
 -8.2982987E-02  0.1273265    
 -8.2782790E-02  0.1279763    
 -8.2582586E-02  0.1286807    
 -8.2382388E-02  0.1293534    
 -8.2182184E-02  0.1299199    
 -8.1981987E-02  0.1303403    
 -8.1781790E-02  0.1306287    
 -8.1581585E-02  0.1308450    
 -8.1381388E-02  0.1310657    
 -8.1181183E-02  0.1313660    
 -8.0980986E-02  0.1317812    
 -8.0780789E-02  0.1323041    
 -8.0580585E-02  0.1329002    
 -8.0380380E-02  0.1335000    
 -8.0180183E-02  0.1340561    
 -7.9979979E-02  0.1345491    
 -7.9779789E-02  0.1349922    
 -7.9579577E-02  0.1354313    
 -7.9379380E-02  0.1359260    
 -7.9179183E-02  0.1365348    
 -7.8978978E-02  0.1372876    
 -7.8778781E-02  0.1381889    
 -7.8578584E-02  0.1392244    
 -7.8378379E-02  0.1403646    
 -7.8178182E-02  0.1415896    
 -7.7977978E-02  0.1428840    
 -7.7777781E-02  0.1442489    
 -7.7577583E-02  0.1456815    
 -7.7377379E-02  0.1471677    
 -7.7177182E-02  0.1486794    
 -7.6976977E-02  0.1501654    
 -7.6776780E-02  0.1515685    
 -7.6576583E-02  0.1528465    
 -7.6376379E-02  0.1539661    
 -7.6176181E-02  0.1549393    
 -7.5975977E-02  0.1558034    
 -7.5775780E-02  0.1566062    
 -7.5575583E-02  0.1573943    
 -7.5375371E-02  0.1581894    
 -7.5175181E-02  0.1589826    
 -7.4974984E-02  0.1597393    
 -7.4774779E-02  0.1604152    
 -7.4574575E-02  0.1609781    
 -7.4374378E-02  0.1614309    
 -7.4174173E-02  0.1618076    
 -7.3973976E-02  0.1621842    
 -7.3773772E-02  0.1626390    
 -7.3573582E-02  0.1632471    
 -7.3373377E-02  0.1640525    
 -7.3173173E-02  0.1650611    
 -7.2972976E-02  0.1662497    
 -7.2772779E-02  0.1675791    
 -7.2572574E-02  0.1690121    
 -7.2372384E-02  0.1705335    
 -7.2172172E-02  0.1721414    
 -7.1971975E-02  0.1738508    
 -7.1771778E-02  0.1756574    
 -7.1571574E-02  0.1775463    
 -7.1371377E-02  0.1794587    
 -7.1171172E-02  0.1813218    
 -7.0970975E-02  0.1830512    
 -7.0770770E-02  0.1845841    
 -7.0570573E-02  0.1859128    
 -7.0370376E-02  0.1870769    
 -7.0170172E-02  0.1881595    
 -6.9969974E-02  0.1892765    
 -6.9769777E-02  0.1905252    
 -6.9569565E-02  0.1919731    
 -6.9369376E-02  0.1936284    
 -6.9169171E-02  0.1954543    
 -6.8968974E-02  0.1973711    
 -6.8768770E-02  0.1992982    
 -6.8568572E-02  0.2011703    
 -6.8368368E-02  0.2029505    
 -6.8168171E-02  0.2046303    
 -6.7967966E-02  0.2062207    
 -6.7767777E-02  0.2077295    
 -6.7567572E-02  0.2091561    
 -6.7367375E-02  0.2104754    
 -6.7167170E-02  0.2116678    
 -6.6966973E-02  0.2127260    
 -6.6766769E-02  0.2136754    
 -6.6566572E-02  0.2145742    
 -6.6366367E-02  0.2155143    
 -6.6166170E-02  0.2165941    
 -6.5965965E-02  0.2178738    
 -6.5765768E-02  0.2193746    
 -6.5565571E-02  0.2210463    
 -6.5365367E-02  0.2227890    
 -6.5165170E-02  0.2244845    
 -6.4964965E-02  0.2260347    
 -6.4764768E-02  0.2273838    
 -6.4564571E-02  0.2285578    
 -6.4364366E-02  0.2296317    
 -6.4164162E-02  0.2307240    
 -6.3963972E-02  0.2319340    
 -6.3763760E-02  0.2333132    
 -6.3563570E-02  0.2348405    
 -6.3363366E-02  0.2364340    
 -6.3163169E-02  0.2379639    
 -6.2962972E-02  0.2393082    
 -6.2762767E-02  0.2403751    
 -6.2562563E-02  0.2411527    
 -6.2362369E-02  0.2416930    
 -6.2162161E-02  0.2421019    
 -6.1961967E-02  0.2425146    
 -6.1761763E-02  0.2430356    
 -6.1561570E-02  0.2437422    
 -6.1361361E-02  0.2446541    
 -6.1161164E-02  0.2457687    
 -6.0960963E-02  0.2470588    
 -6.0760763E-02  0.2485154    
 -6.0560562E-02  0.2501532    
 -6.0360368E-02  0.2520069    
 -6.0160164E-02  0.2541257    
 -5.9959963E-02  0.2565434    
 -5.9759762E-02  0.2592577    
 -5.9559561E-02  0.2622299    
 -5.9359364E-02  0.2653771    
 -5.9159163E-02  0.2685932    
 -5.8958963E-02  0.2717816    
 -5.8758758E-02  0.2748506    
 -5.8558561E-02  0.2777578    
 -5.8358356E-02  0.2804865    
 -5.8158163E-02  0.2830566    
 -5.7957955E-02  0.2854971    
 -5.7757761E-02  0.2878517    
 -5.7557564E-02  0.2901586    
 -5.7357363E-02  0.2924654    
 -5.7157155E-02  0.2948162    
 -5.6956962E-02  0.2972586    
 -5.6756757E-02  0.2998339    
 -5.6556564E-02  0.3025577    
 -5.6356356E-02  0.3054281    
 -5.6156155E-02  0.3083958    
 -5.5955958E-02  0.3113891    
 -5.5755757E-02  0.3143222    
 -5.5555556E-02  0.3171130    
 -5.5355355E-02  0.3197255    
 -5.5155158E-02  0.3221642    
 -5.4954965E-02  0.3244901    
 -5.4754756E-02  0.3267899    
 -5.4554556E-02  0.3291571    
 -5.4354358E-02  0.3316598    
 -5.4154158E-02  0.3343148    
 -5.3953957E-02  0.3370904    
 -5.3753756E-02  0.3399220    
 -5.3553555E-02  0.3427420    
 -5.3353351E-02  0.3455108    
 -5.3153157E-02  0.3482420    
 -5.2952953E-02  0.3510006    
 -5.2752752E-02  0.3538884    
 -5.2552558E-02  0.3570041    
 -5.2352358E-02  0.3604084    
 -5.2152157E-02  0.3640859    
 -5.1951952E-02  0.3679669    
 -5.1751755E-02  0.3719083    
 -5.1551554E-02  0.3757644    
 -5.1351354E-02  0.3794113    
 -5.1151153E-02  0.3827801    
 -5.0950952E-02  0.3858733    
 -5.0750751E-02  0.3887564    
 -5.0550550E-02  0.3915293    
 -5.0350349E-02  0.3942934    
 -5.0150152E-02  0.3971218    
 -4.9949955E-02  0.4000545    
 -4.9749754E-02  0.4030862    
 -4.9549554E-02  0.4062232    
 -4.9349349E-02  0.4094487    
 -4.9149152E-02  0.4127765    
 -4.8948951E-02  0.4162411    
 -4.8748750E-02  0.4198689    
 -4.8548549E-02  0.4236780    
 -4.8348352E-02  0.4276471    
 -4.8148151E-02  0.4317124    
 -4.7947947E-02  0.4357899    
 -4.7747746E-02  0.4397948    
 -4.7547549E-02  0.4436731    
 -4.7347352E-02  0.4474183    
 -4.7147151E-02  0.4510932    
 -4.6946950E-02  0.4547936    
 -4.6746749E-02  0.4586441    
 -4.6546545E-02  0.4627438    
 -4.6346344E-02  0.4671519    
 -4.6146151E-02  0.4718652    
 -4.5945950E-02  0.4768250    
 -4.5745749E-02  0.4819585    
 -4.5545552E-02  0.4871763    
 -4.5345344E-02  0.4924195    
 -4.5145150E-02  0.4976615    
 -4.4944946E-02  0.5029091    
 -4.4744752E-02  0.5081672    
 -4.4544544E-02  0.5134403    
 -4.4344343E-02  0.5187333    
 -4.4144146E-02  0.5240233    
 -4.3943945E-02  0.5293015    
 -4.3743752E-02  0.5345839    
 -4.3543544E-02  0.5399118    
 -4.3343343E-02  0.5453655    
 -4.3143146E-02  0.5510420    
 -4.2942945E-02  0.5570241    
 -4.2742744E-02  0.5633479    
 -4.2542543E-02  0.5699843    
 -4.2342346E-02  0.5768467    
 -4.2142145E-02  0.5838044    
 -4.1941937E-02  0.5907140    
 -4.1741744E-02  0.5974760    
 -4.1541539E-02  0.6040378    
 -4.1341346E-02  0.6104344    
 -4.1141145E-02  0.6167545    
 -4.0940944E-02  0.6231316    
 -4.0740743E-02  0.6296818    
 -4.0540539E-02  0.6365030    
 -4.0340345E-02  0.6436379    
 -4.0140137E-02  0.6510700    
 -3.9939944E-02  0.6587682    
 -3.9739739E-02  0.6666775    
 -3.9539546E-02  0.6747511    
 -3.9339337E-02  0.6829666    
 -3.9139140E-02  0.6913229    
 -3.8938940E-02  0.6998192    
 -3.8738739E-02  0.7084843    
 -3.8538545E-02  0.7173339    
 -3.8338337E-02  0.7264077    
 -3.8138144E-02  0.7357494    
 -3.7937939E-02  0.7454090    
 -3.7737738E-02  0.7554384    
 -3.7537538E-02  0.7658815    
 -3.7337340E-02  0.7767333    
 -3.7137140E-02  0.7879326    
 -3.6936939E-02  0.7993490    
 -3.6736738E-02  0.8108175    
 -3.6536537E-02  0.8221695    
 -3.6336333E-02  0.8332906    
 -3.6136139E-02  0.8441526    
 -3.5935938E-02  0.8548614    
 -3.5735738E-02  0.8656338    
 -3.5535540E-02  0.8767405    
 -3.5335340E-02  0.8884611    
 -3.5135139E-02  0.9009792    
 -3.4934934E-02  0.9143516    
 -3.4734737E-02  0.9284629    
 -3.4534533E-02  0.9430694    
 -3.4334339E-02  0.9578674    
 -3.4134131E-02  0.9725621    
 -3.3933938E-02  0.9869394    
 -3.3733733E-02   1.000929    
 -3.3533532E-02   1.014599    
 -3.3333339E-02   1.028124    
 -3.3133134E-02   1.041767    
 -3.2932941E-02   1.055766    
 -3.2732733E-02   1.070331    
 -3.2532532E-02   1.085613    
 -3.2332331E-02   1.101689    
 -3.2132134E-02   1.118602    
 -3.1931933E-02   1.136359    
 -3.1731732E-02   1.154950    
 -3.1531531E-02   1.174325    
 -3.1331334E-02   1.194418    
 -3.1131126E-02   1.215079    
 -3.0930933E-02   1.236130    
 -3.0730734E-02   1.257360    
 -3.0530533E-02   1.278565    
 -3.0330332E-02   1.299616    
 -3.0130133E-02   1.320451    
 -2.9929932E-02   1.341156    
 -2.9729726E-02   1.361903    
 -2.9529532E-02   1.382958    
 -2.9329326E-02   1.404586    
 -2.9129133E-02   1.427052    
 -2.8928926E-02   1.450548    
 -2.8728733E-02   1.475215    
 -2.8528526E-02   1.501106    
 -2.8328327E-02   1.528240    
 -2.8128132E-02   1.556585    
 -2.7927926E-02   1.586109    
 -2.7727732E-02   1.616720    
 -2.7527526E-02   1.648309    
 -2.7327333E-02   1.680721    
 -2.7127126E-02   1.713784    
 -2.6926927E-02   1.747305    
 -2.6726726E-02   1.781149    
 -2.6526527E-02   1.815226    
 -2.6326327E-02   1.849545    
 -2.6126128E-02   1.884180    
 -2.5925932E-02   1.919230    
 -2.5725726E-02   1.954782    
 -2.5525527E-02   1.990875    
 -2.5325326E-02   2.027456    
 -2.5125127E-02   2.064453    
 -2.4924926E-02   2.101788    
 -2.4724727E-02   2.139490    
 -2.4524527E-02   2.177748    
 -2.4324328E-02   2.216911    
 -2.4124121E-02   2.257538    
 -2.3923926E-02   2.300229    
 -2.3723722E-02   2.345571    
 -2.3523526E-02   2.393986    
 -2.3323327E-02   2.445665    
 -2.3123126E-02   2.500482    
 -2.2922928E-02   2.558112    
 -2.2722721E-02   2.617986    
 -2.2522528E-02   2.679533    
 -2.2322321E-02   2.742231    
 -2.2122128E-02   2.805691    
 -2.1921922E-02   2.869755    
 -2.1721721E-02   2.934445    
 -2.1521520E-02   2.999972    
 -2.1321321E-02   3.066673    
 -2.1121120E-02   3.134975    
 -2.0920921E-02   3.205293    
 -2.0720728E-02   3.278023    
 -2.0520521E-02   3.353494    
 -2.0320321E-02   3.431872    
 -2.0120122E-02   3.513194    
 -1.9919921E-02   3.597353    
 -1.9719722E-02   3.684136    
 -1.9519521E-02   3.773318    
 -1.9319320E-02   3.864752    
 -1.9119121E-02   3.958523    
 -1.8918915E-02   4.054991    
 -1.8718721E-02   4.154804    
 -1.8518515E-02   4.258833    
 -1.8318322E-02   4.367956    
 -1.8118121E-02   4.482960    
 -1.7917922E-02   4.604262    
 -1.7717721E-02   4.731901    
 -1.7517515E-02   4.865474    
 -1.7317321E-02   5.004307    
 -1.7117115E-02   5.147744    
 -1.6916921E-02   5.295288    
 -1.6716715E-02   5.446903    
 -1.6516522E-02   5.603031    
 -1.6316315E-02   5.764629    
 -1.6116114E-02   5.932903    
 -1.5915915E-02   6.109217    
 -1.5715715E-02   6.294748    
 -1.5515521E-02   6.490404    
 -1.5315315E-02   6.696786    
 -1.5115121E-02   6.914129    
 -1.4914915E-02   7.142584    
 -1.4714715E-02   7.382197    
 -1.4514515E-02   7.633070    
 -1.4314315E-02   7.895340    
 -1.4114115E-02   8.169185    
 -1.3913915E-02   8.454717    
 -1.3713715E-02   8.751945    
 -1.3513515E-02   9.060873    
 -1.3313308E-02   9.381490    
 -1.3113115E-02   9.713921    
 -1.2912915E-02   10.05861    
 -1.2712715E-02   10.41629    
 -1.2512515E-02   10.78800    
 -1.2312309E-02   11.17491    
 -1.2112116E-02   11.57812    
 -1.1911909E-02   11.99863    
 -1.1711715E-02   12.43699    
 -1.1511508E-02   12.89358    
 -1.1311315E-02   13.36846    
 -1.1111109E-02   13.86178    
 -1.0910909E-02   14.37364    
 -1.0710709E-02   14.90445    
 -1.0510509E-02   15.45467    
 -1.0310316E-02   16.02470    
 -1.0110109E-02   16.61482    
 -9.9099148E-03   17.22473    
 -9.7097093E-03   17.85384    
 -9.5095085E-03   18.50112    
 -9.3093086E-03   19.16551    
 -9.1091087E-03   19.84609    
 -8.9089088E-03   20.54246    
 -8.7087089E-03   21.25472    
 -8.5085090E-03   21.98357    
 -8.3083091E-03   22.72998    
 -8.1081027E-03   23.49490    
 -7.9079093E-03   24.27887    
 -7.7077090E-03   25.08215    
 -7.5075091E-03   25.90423    
 -7.3073092E-03   26.74420    
 -7.1071088E-03   27.60106    
 -6.9069089E-03   28.47358    
 -6.7067025E-03   29.36069    
 -6.5065091E-03   30.26110    
 -6.3063027E-03   31.17355    
 -6.1061089E-03   32.09612    
 -5.9059029E-03   33.02675    
 -5.7057091E-03   33.96248    
 -5.5055027E-03   34.90048    
 -5.3053028E-03   35.83773    
 -5.1051090E-03   36.77177    
 -4.9049030E-03   37.70092    
 -4.7047092E-03   38.62391    
 -4.5045028E-03   39.54003    
 -4.3043094E-03   40.44831    
 -4.1041030E-03   41.34722    
 -3.9039028E-03   42.23408    
 -3.7037029E-03   43.10504    
 -3.5035030E-03   43.95514    
 -3.3033029E-03   44.77881    
 -3.1031030E-03   45.57050    
 -2.9029094E-03   46.32509    
 -2.7027030E-03   47.03844    
 -2.5025031E-03   47.70732    
 -2.3023030E-03   48.32919    
 -2.1021031E-03   48.90206    
 -1.9019031E-03   49.42407    
 -1.7017031E-03   49.89329    
 -1.5014968E-03   50.30784    
 -1.3013030E-03   50.66634    
 -1.1010967E-03   50.96822    
 -9.0090313E-04   51.21398    
 -7.0069678E-04   51.40540    
 -5.0050311E-04   51.54508    
 -3.0030316E-04   51.63606    
 -1.0009683E-04   51.68119    
  1.0009683E-04   51.68119    
  3.0030316E-04   51.63606    
  5.0049683E-04   51.54509    
  7.0070312E-04   51.40539    
  9.0089679E-04   51.21400    
  1.1011031E-03   50.96822    
  1.3013030E-03   50.66634    
  1.5015031E-03   50.30780    
  1.7017031E-03   49.89329    
  1.9019031E-03   49.42407    
  2.1021031E-03   48.90207    
  2.3022967E-03   48.32919    
  2.5025031E-03   47.70732    
  2.7027030E-03   47.03844    
  2.9029029E-03   46.32510    
  3.1031030E-03   45.57050    
  3.3033029E-03   44.77881    
  3.5035030E-03   43.95514    
  3.7037029E-03   43.10504    
  3.9039028E-03   42.23408    
  4.1041090E-03   41.34719    
  4.3043029E-03   40.44835    
  4.5045093E-03   39.54000    
  4.7047026E-03   38.62397    
  4.9049030E-03   37.70092    
  5.1051029E-03   36.77180    
  5.3053028E-03   35.83773    
  5.5055092E-03   34.90047    
  5.7057026E-03   33.96250    
  5.9059090E-03   33.02671    
  6.1061028E-03   32.09615    
  6.3063093E-03   31.17353    
  6.5065026E-03   30.26113    
  6.7067090E-03   29.36065    
  6.9069155E-03   28.47356    
  7.1071088E-03   27.60106    
  7.3073152E-03   26.74419    
  7.5075091E-03   25.90423    
  7.7077025E-03   25.08216    
  7.9079093E-03   24.27887    
  8.1081027E-03   23.49490    
  8.3083091E-03   22.72998    
  8.5085025E-03   21.98360    
  8.7087089E-03   21.25472    
  8.9089023E-03   20.54248    
  9.1091087E-03   19.84608    
  9.3093151E-03   19.16549    
  9.5095215E-03   18.50108    
  9.7097028E-03   17.85386    
  9.9099092E-03   17.22475    
  1.0110116E-02   16.61481    
  1.0310309E-02   16.02472    
  1.0510502E-02   15.45469    
  1.0710709E-02   14.90445    
  1.0910915E-02   14.37362    
  1.1111109E-02   13.86178    
  1.1311315E-02   13.36847    
  1.1511508E-02   12.89358    
  1.1711715E-02   12.43699    
  1.1911909E-02   11.99863    
  1.2112116E-02   11.57812    
  1.2312321E-02   11.17488    
  1.2512502E-02   10.78802    
  1.2712709E-02   10.41631    
  1.2912915E-02   10.05861    
  1.3113122E-02   9.713900    
  1.3313315E-02   9.381476    
  1.3513508E-02   9.060891    
  1.3713715E-02   8.751945    
  1.3913921E-02   8.454708    
  1.4114115E-02   8.169185    
  1.4314309E-02   7.895351    
  1.4514515E-02   7.633069    
  1.4714722E-02   7.382196    
  1.4914915E-02   7.142584    
  1.5115121E-02   6.914129    
  1.5315315E-02   6.696786    
  1.5515508E-02   6.490409    
  1.5715715E-02   6.294749    
  1.5915921E-02   6.109215    
  1.6116127E-02   5.932892    
  1.6316308E-02   5.764628    
  1.6516514E-02   5.603040    
  1.6716721E-02   5.446896    
  1.6916927E-02   5.295284    
  1.7117109E-02   5.147751    
  1.7317316E-02   5.004311    
  1.7517520E-02   4.865463    
  1.7717715E-02   4.731907    
  1.7917922E-02   4.604262    
  1.8118115E-02   4.482965    
  1.8318322E-02   4.367956    
  1.8518515E-02   4.258834    
  1.8718721E-02   4.154805    
  1.8918928E-02   4.054980    
  1.9119121E-02   3.958523    
  1.9319315E-02   3.864747    
  1.9519521E-02   3.773318    
  1.9719727E-02   3.684135    
  1.9919921E-02   3.597353    
  2.0120114E-02   3.513192    
  2.0320321E-02   3.431872    
  2.0520527E-02   3.353490    
  2.0720720E-02   3.278027    
  2.0920914E-02   3.205296    
  2.1121120E-02   3.134976    
  2.1321326E-02   3.066675    
  2.1521520E-02   2.999973    
  2.1721726E-02   2.934443    
  2.1921922E-02   2.869755    
  2.2122128E-02   2.805691    
  2.2322321E-02   2.742231    
  2.2522528E-02   2.679533    
  2.2722721E-02   2.617987    
  2.2922914E-02   2.558103    
  2.3123121E-02   2.500481    
  2.3323327E-02   2.445665    
  2.3523534E-02   2.393985    
  2.3723714E-02   2.345574    
  2.3923920E-02   2.300230    
  2.4124127E-02   2.257544    
  2.4324333E-02   2.216915    
  2.4524527E-02   2.177749    
  2.4724720E-02   2.139493    
  2.4924926E-02   2.101788    
  2.5125133E-02   2.064452    
  2.5325326E-02   2.027456    
  2.5525533E-02   1.990875    
  2.5725726E-02   1.954782    
  2.5925921E-02   1.919231    
  2.6126128E-02   1.884180    
  2.6326332E-02   1.849545    
  2.6526527E-02   1.815226    
  2.6726721E-02   1.781142    
  2.6926927E-02   1.747305    
  2.7127134E-02   1.713780    
  2.7327340E-02   1.680722    
  2.7527520E-02   1.648312    
  2.7727727E-02   1.616717    
  2.7927933E-02   1.586105    
  2.8128127E-02   1.556587    
  2.8328333E-02   1.528235    
  2.8528526E-02   1.501107    
  2.8728733E-02   1.475215    
  2.8928926E-02   1.450548    
  2.9129133E-02   1.427052    
  2.9329326E-02   1.404586    
  2.9529532E-02   1.382958    
  2.9729726E-02   1.361903    
  2.9929932E-02   1.341156    
  3.0130139E-02   1.320453    
  3.0330321E-02   1.299612    
  3.0530527E-02   1.278566    
  3.0730734E-02   1.257360    
  3.0930940E-02   1.236128    
  3.1131133E-02   1.215074    
  3.1331327E-02   1.194416    
  3.1531531E-02   1.174325    
  3.1731740E-02   1.154947    
  3.1931933E-02   1.136359    
  3.2132126E-02   1.118600    
  3.2332331E-02   1.101689    
  3.2532539E-02   1.085609    
  3.2732733E-02   1.070331    
  3.2932941E-02   1.055766    
  3.3133134E-02   1.041767    
  3.3333328E-02   1.028127    
  3.3533532E-02   1.014599    
  3.3733740E-02   1.000929    
  3.3933945E-02  0.9869426    
  3.4134127E-02  0.9725636    
  3.4334332E-02  0.9578684    
  3.4534540E-02  0.9430686    
  3.4734745E-02  0.9284591    
  3.4934938E-02  0.9143510    
  3.5135131E-02  0.9009804    
  3.5335340E-02  0.8884614    
  3.5535533E-02  0.8767419    
  3.5735738E-02  0.8656337    
  3.5935931E-02  0.8548656    
  3.6136139E-02  0.8441526    
  3.6336333E-02  0.8332903    
  3.6536537E-02  0.8221692    
  3.6736745E-02  0.8108201    
  3.6936939E-02  0.7993491    
  3.7137132E-02  0.7879329    
  3.7337340E-02  0.7767330    
  3.7537545E-02  0.7658786    
  3.7737753E-02  0.7554365    
  3.7937932E-02  0.7454055    
  3.8138140E-02  0.7357464    
  3.8338345E-02  0.7264087    
  3.8538538E-02  0.7173356    
  3.8738731E-02  0.7084810    
  3.8938940E-02  0.6998191    
  3.9139144E-02  0.6913195    
  3.9339337E-02  0.6829666    
  3.9539546E-02  0.6747513    
  3.9739739E-02  0.6666775    
  3.9939944E-02  0.6587679    
  4.0140137E-02  0.6510701    
  4.0340345E-02  0.6436376    
  4.0540550E-02  0.6365063    
  4.0740732E-02  0.6296816    
  4.0940940E-02  0.6231304    
  4.1141145E-02  0.6167545    
  4.1341349E-02  0.6104344    
  4.1541532E-02  0.6040410    
  4.1741740E-02  0.5974756    
  4.1941945E-02  0.5907169    
  4.2142153E-02  0.5838057    
  4.2342346E-02  0.5768467    
  4.2542540E-02  0.5699826    
  4.2742744E-02  0.5633479    
  4.2942952E-02  0.5570258    
  4.3143146E-02  0.5510421    
  4.3343350E-02  0.5453649    
  4.3543544E-02  0.5399119    
  4.3743737E-02  0.5345812    
  4.3943945E-02  0.5293015    
  4.4144150E-02  0.5240217    
  4.4344358E-02  0.5187320    
  4.4544537E-02  0.5134420    
  4.4744745E-02  0.5081668    
  4.4944949E-02  0.5029107    
  4.5145158E-02  0.4976637    
  4.5345340E-02  0.4924206    
  4.5545544E-02  0.4871748    
  4.5745749E-02  0.4819587    
  4.5945946E-02  0.4768263    
  4.6146151E-02  0.4718651    
  4.6346344E-02  0.4671519    
  4.6546552E-02  0.4627448    
  4.6746746E-02  0.4586431    
  4.6946950E-02  0.4547934    
  4.7147159E-02  0.4510919    
  4.7347352E-02  0.4474182    
  4.7547545E-02  0.4436706    
  4.7747750E-02  0.4397962    
  4.7947958E-02  0.4357927    
  4.8148137E-02  0.4317124    
  4.8348345E-02  0.4276447    
  4.8548549E-02  0.4236780    
  4.8748758E-02  0.4198696    
  4.8948951E-02  0.4162412    
  4.9149144E-02  0.4127778    
  4.9349349E-02  0.4094487    
  4.9549557E-02  0.4062238    
  4.9749751E-02  0.4030909    
  4.9949955E-02  0.4000538    
  5.0150152E-02  0.3971228    
  5.0350357E-02  0.3942949    
  5.0550550E-02  0.3915297    
  5.0750758E-02  0.3887558    
  5.0950952E-02  0.3858714    
  5.1151145E-02  0.3827796    
  5.1351350E-02  0.3794115    
  5.1551558E-02  0.3757662    
  5.1751763E-02  0.3719076    
  5.1951945E-02  0.3679667    
  5.2152149E-02  0.3640883    
  5.2352358E-02  0.3604084    
  5.2552562E-02  0.3570056    
  5.2752756E-02  0.3538888    
  5.2952949E-02  0.3510005    
  5.3153157E-02  0.3482419    
  5.3353351E-02  0.3455109    
  5.3553555E-02  0.3427418    
  5.3753749E-02  0.3399223    
  5.3953957E-02  0.3370906    
  5.4154150E-02  0.3343149    
  5.4354358E-02  0.3316598    
  5.4554563E-02  0.3291571    
  5.4754756E-02  0.3267900    
  5.4954950E-02  0.3244907    
  5.5155158E-02  0.3221645    
  5.5355363E-02  0.3197267    
  5.5555571E-02  0.3171143    
  5.5755749E-02  0.3143222    
  5.5955958E-02  0.3113892    
  5.6156162E-02  0.3083932    
  5.6356356E-02  0.3054280    
  5.6556564E-02  0.3025578    
  5.6756757E-02  0.2998339    
  5.6956962E-02  0.2972586    
  5.7157155E-02  0.2948163    
  5.7357363E-02  0.2924653    
  5.7557557E-02  0.2901584    
  5.7757761E-02  0.2878516    
  5.7957955E-02  0.2854970    
  5.8158163E-02  0.2830566    
  5.8358368E-02  0.2804872    
  5.8558550E-02  0.2777567    
  5.8758758E-02  0.2748506    
  5.8958963E-02  0.2717815    
  5.9159171E-02  0.2685918    
  5.9359364E-02  0.2653770    
  5.9559558E-02  0.2622305    
  5.9759762E-02  0.2592577    
  5.9959970E-02  0.2565435    
  6.0160164E-02  0.2541255    
  6.0360357E-02  0.2520095    
  6.0560562E-02  0.2501531    
  6.0760770E-02  0.2485152    
  6.0960963E-02  0.2470589    
  6.1161168E-02  0.2457678    
  6.1361361E-02  0.2446539    
  6.1561555E-02  0.2437415    
  6.1761763E-02  0.2430354    
  6.1961967E-02  0.2425146    
  6.2162176E-02  0.2421032    
  6.2362358E-02  0.2416914    
  6.2562563E-02  0.2411525    
  6.2762767E-02  0.2403749    
  6.2962972E-02  0.2393052    
  6.3163154E-02  0.2379639    
  6.3363366E-02  0.2364339    
  6.3563570E-02  0.2348406    
  6.3763760E-02  0.2333133    
  6.3963972E-02  0.2319342    
  6.4164162E-02  0.2307240    
  6.4364366E-02  0.2296319    
  6.4564563E-02  0.2285579    
  6.4764768E-02  0.2273838    
  6.4964972E-02  0.2260346    
  6.5165170E-02  0.2244845    
  6.5365359E-02  0.2227904    
  6.5565571E-02  0.2210467    
  6.5765776E-02  0.2193731    
  6.5965980E-02  0.2178727    
  6.6166162E-02  0.2165913    
  6.6366367E-02  0.2155143    
  6.6566572E-02  0.2145745    
  6.6766769E-02  0.2136755    
  6.6966966E-02  0.2127272    
  6.7167170E-02  0.2116676    
  6.7367375E-02  0.2104755    
  6.7567572E-02  0.2091562    
  6.7767777E-02  0.2077294    
  6.7967966E-02  0.2062207    
  6.8168178E-02  0.2046310    
  6.8368368E-02  0.2029506    
  6.8568572E-02  0.2011703    
  6.8768784E-02  0.1992995    
  6.8968959E-02  0.1973710    
  6.9169171E-02  0.1954543    
  6.9369376E-02  0.1936284    
  6.9569580E-02  0.1919719    
  6.9769762E-02  0.1905255    
  6.9969967E-02  0.1892774    
  7.0170172E-02  0.1881594    
  7.0370384E-02  0.1870778    
  7.0570573E-02  0.1859129    
  7.0770770E-02  0.1845842    
  7.0970975E-02  0.1830513    
  7.1171165E-02  0.1813215    
  7.1371377E-02  0.1794589    
  7.1571581E-02  0.1775459    
  7.1771778E-02  0.1756574    
  7.1971968E-02  0.1738505    
  7.2172172E-02  0.1721413    
  7.2372384E-02  0.1705336    
  7.2572574E-02  0.1690121    
  7.2772771E-02  0.1675797    
  7.2972976E-02  0.1662496    
  7.3173180E-02  0.1650622    
  7.3373385E-02  0.1640523    
  7.3573567E-02  0.1632474    
  7.3773772E-02  0.1626387    
  7.3973984E-02  0.1621828    
  7.4174173E-02  0.1618075    
  7.4374378E-02  0.1614307    
  7.4574575E-02  0.1609779    
  7.4774779E-02  0.1604151    
  7.4974976E-02  0.1597411    
  7.5175181E-02  0.1589824    
  7.5375386E-02  0.1581904    
  7.5575583E-02  0.1573943    
  7.5775772E-02  0.1566062    
  7.5975977E-02  0.1558034    
  7.6176189E-02  0.1549398    
  7.6376371E-02  0.1539655    
  7.6576576E-02  0.1528451    
  7.6776780E-02  0.1515686    
  7.6976985E-02  0.1501650    
  7.7177182E-02  0.1486794    
  7.7377371E-02  0.1471695    
  7.7577583E-02  0.1456815    
  7.7777788E-02  0.1442483    
  7.7977978E-02  0.1428841    
  7.8178190E-02  0.1415891    
  7.8378379E-02  0.1403646    
  7.8578584E-02  0.1392240    
  7.8778781E-02  0.1381888    
  7.8978986E-02  0.1372875    
  7.9179183E-02  0.1365348    
  7.9379372E-02  0.1359261    
  7.9579577E-02  0.1354313    
  7.9779789E-02  0.1349922    
  7.9979993E-02  0.1345496    
  8.0180176E-02  0.1340574    
  8.0380380E-02  0.1334999    
  8.0580585E-02  0.1329001    
  8.0780789E-02  0.1323034    
  8.0980986E-02  0.1317813    
  8.1181183E-02  0.1313653    
  8.1381388E-02  0.1310657    
  8.1581578E-02  0.1308455    
  8.1781790E-02  0.1306287    
  8.1981979E-02  0.1303408    
  8.2182184E-02  0.1299199    
  8.2382381E-02  0.1293536    
  8.2582586E-02  0.1286809    
  8.2782790E-02  0.1279761    
  8.2982987E-02  0.1273266    
  8.3183177E-02  0.1268032    
  8.3383389E-02  0.1264212    
  8.3583593E-02  0.1261414    
  8.3783798E-02  0.1258743    
  8.3983980E-02  0.1255131    
  8.4184185E-02  0.1249603    
  8.4384389E-02  0.1241698    
  8.4584586E-02  0.1231561    
  8.4784791E-02  0.1219828    
  8.4984988E-02  0.1207491    
  8.5185193E-02  0.1195455    
  8.5385390E-02  0.1184322    
  8.5585594E-02  0.1174156    
  8.5785784E-02  0.1164666    
  8.5985996E-02  0.1155192    
  8.6186185E-02  0.1145074    
  8.6386390E-02  0.1134027    
  8.6586602E-02  0.1122025    
  8.6786777E-02  0.1109526    
  8.6986989E-02  0.1097181    
  8.7187193E-02  0.1085629    
  8.7387398E-02  0.1075403    
  8.7587595E-02  0.1066649    
  8.7787785E-02  0.1059324    
  8.7987989E-02  0.1053145    
  8.8188201E-02  0.1047897    
  8.8388391E-02  0.1043353    
  8.8588588E-02  0.1039482    
  8.8788792E-02  0.1036245    
  8.8988997E-02  0.1033621    
  8.9189194E-02  0.1031409    
  8.9389399E-02  0.1029267    
  8.9589596E-02  0.1026670    
  8.9789785E-02  0.1023185    
  8.9989990E-02  0.1018505    
  9.0190202E-02  0.1012641    
  9.0390407E-02  0.1005826    
  9.0590589E-02  9.9860363E-02
  9.0790793E-02  9.9148810E-02
  9.0990998E-02  9.8492555E-02
  9.1191202E-02  9.7914733E-02
  9.1391385E-02  9.7404815E-02
  9.1591589E-02  9.6941464E-02
  9.1791801E-02  9.6502900E-02
  9.1991991E-02  9.6071362E-02
  9.2192195E-02  9.5650837E-02
  9.2392392E-02  9.5255569E-02
  9.2592597E-02  9.4900481E-02
  9.2792794E-02  9.4590820E-02
  9.2992999E-02  9.4299614E-02
  9.3193203E-02  9.3979642E-02
  9.3393400E-02  9.3568735E-02
  9.3593590E-02  9.3008861E-02
  9.3793802E-02  9.2274569E-02
  9.3994007E-02  9.1384977E-02
  9.4194189E-02  9.0407111E-02
  9.4394393E-02  8.9433618E-02
  9.4594598E-02  8.8559084E-02
  9.4794802E-02  8.7857880E-02
  9.4994999E-02  8.7351054E-02
  9.5195189E-02  8.7007895E-02
  9.5395401E-02  8.6752921E-02
  9.5595606E-02  8.6502783E-02
  9.5795795E-02  8.6182877E-02
  9.5996007E-02  8.5762449E-02
  9.6196197E-02  8.5257284E-02
  9.6396402E-02  8.4719911E-02
  9.6596599E-02  8.4223412E-02
  9.6796803E-02  8.3822340E-02
  9.6997008E-02  8.3538420E-02
  9.7197190E-02  8.3350115E-02
  9.7397402E-02  8.3199106E-02
  9.7597606E-02  8.3015263E-02
  9.7797811E-02  8.2742438E-02
  9.7997993E-02  8.2356729E-02
  9.8198198E-02  8.1874944E-02
  9.8398402E-02  8.1356190E-02
  9.8598614E-02  8.0868930E-02
  9.8798804E-02  8.0478251E-02
  9.8999001E-02  8.0223836E-02
  9.9199206E-02  8.0108039E-02
  9.9399395E-02  8.0101445E-02
  9.9599607E-02  8.0162577E-02
  9.9799812E-02  8.0247737E-02
  0.1000000      8.0328129E-02
