 -5.0000002E-04   1.938172    
 -4.9899908E-04   2.152842    
 -4.9799803E-04   1.336883    
 -4.9699703E-04 -0.3671383    
 -4.9599604E-04 -0.8251351    
 -4.9499504E-04 -0.7408955    
 -4.9399404E-04  -1.487287    
 -4.9299304E-04  -2.260578    
 -4.9199205E-04  -1.028840    
 -4.9099105E-04  -1.261196    
 -4.8999005E-04 -0.2880645    
 -4.8898906E-04  0.5001110    
 -4.8798800E-04   1.365656    
 -4.8698703E-04 -4.8321150E-02
 -4.8598603E-04  0.1070948    
 -4.8498501E-04  2.6466297E-02
 -4.8398404E-04 -0.4786842    
 -4.8298301E-04 -0.9394844    
 -4.8198202E-04 -0.1568251    
 -4.8098105E-04  -1.486084    
 -4.7997999E-04  -1.243830    
 -4.7897903E-04  -1.249827    
 -4.7797806E-04  -1.296381    
 -4.7697700E-04   1.175513    
 -4.7597603E-04   1.590820    
 -4.7497501E-04   1.750681    
 -4.7397401E-04  6.1879702E-02
 -4.7297304E-04 -0.6525235    
 -4.7197202E-04  0.5410241    
 -4.7097102E-04 -0.2433323    
 -4.6996999E-04 -0.5683311    
 -4.6896900E-04  0.3171660    
 -4.6796803E-04  0.6572005    
 -4.6696700E-04   1.086027    
 -4.6596600E-04  0.5445576    
 -4.6496504E-04   1.420234    
 -4.6396401E-04   2.286070    
 -4.6296301E-04   2.718256    
 -4.6196199E-04   4.718485    
 -4.6096099E-04  0.7041057    
 -4.5996002E-04   2.178741    
 -4.5895900E-04   3.277219    
 -4.5795800E-04   2.853878    
 -4.5695697E-04  0.4786057    
 -4.5595600E-04  0.4753127    
 -4.5495501E-04  0.7449281    
 -4.5395398E-04   2.245289    
 -4.5295298E-04  4.5094494E-02
 -4.5195202E-04  0.2618371    
 -4.5095099E-04 -5.9259333E-02
 -4.4994999E-04 -0.6514835    
 -4.4894897E-04 -0.5715399    
 -4.4794800E-04 -0.4505285    
 -4.4694700E-04  -1.440427    
 -4.4594597E-04  -1.728805    
 -4.4494498E-04 -0.8216848    
 -4.4394401E-04 -0.1064214    
 -4.4294298E-04  6.1411329E-04
 -4.4194199E-04  0.2989087    
 -4.4094096E-04 -0.4225697    
 -4.3993999E-04   1.996266    
 -4.3893899E-04   2.515033    
 -4.3793797E-04   2.962318    
 -4.3693697E-04   2.147803    
 -4.3593600E-04   2.827116    
 -4.3493498E-04   2.232652    
 -4.3393398E-04   3.713578    
 -4.3293295E-04   3.717043    
 -4.3193199E-04   2.793816    
 -4.3093093E-04   1.969117    
 -4.2992996E-04   1.741930    
 -4.2892896E-04   1.439857    
 -4.2792794E-04   2.025455    
 -4.2692697E-04   1.681028    
 -4.2592597E-04 -0.4990702    
 -4.2492495E-04  -1.403224    
 -4.2392398E-04 -0.4530458    
 -4.2292298E-04 -0.6002775    
 -4.2192196E-04 -0.7751951    
 -4.2092099E-04  0.1213847    
 -4.1991993E-04   1.216249    
 -4.1891896E-04   1.396253    
 -4.1791797E-04   1.845646    
 -4.1691694E-04   4.518510    
 -4.1591597E-04   4.299995    
 -4.1491495E-04   2.640020    
 -4.1391395E-04   4.210300    
 -4.1291295E-04   4.928483    
 -4.1191195E-04   3.796968    
 -4.1091096E-04   1.936169    
 -4.0990996E-04   4.636323    
 -4.0890893E-04   3.529732    
 -4.0790797E-04   1.922565    
 -4.0690694E-04  2.3700049E-02
 -4.0590594E-04  -1.283831    
 -4.0490495E-04 -0.5498638    
 -4.0390392E-04  0.1011312    
 -4.0290295E-04  -1.158684    
 -4.0190195E-04  0.6691350    
 -4.0090093E-04   2.743582    
 -3.9989993E-04   3.360858    
 -3.9889893E-04   4.025391    
 -3.9789794E-04   4.888001    
 -3.9689694E-04   3.558124    
 -3.9589591E-04   4.441538    
 -3.9489495E-04   6.588992    
 -3.9389392E-04   6.307259    
 -3.9289292E-04   5.055728    
 -3.9189195E-04   2.576923    
 -3.9089093E-04  0.9873942    
 -3.8988993E-04   2.622736    
 -3.8888893E-04   1.515268    
 -3.8788791E-04  0.2417088    
 -3.8688694E-04   2.073659    
 -3.8588591E-04   1.784920    
 -3.8488492E-04   1.145893    
 -3.8388392E-04   3.469034    
 -3.8288292E-04   1.771632    
 -3.8188192E-04   2.486659    
 -3.8088090E-04   1.656540    
 -3.7987990E-04   2.163405    
 -3.7887890E-04   3.834031    
 -3.7787791E-04   5.020401    
 -3.7687691E-04   5.707759    
 -3.7587588E-04   2.504421    
 -3.7487491E-04 -0.5623451    
 -3.7387392E-04  0.1427530    
 -3.7287292E-04 -0.3636799    
 -3.7187192E-04  0.6040079    
 -3.7087090E-04   3.388928    
 -3.6986990E-04   4.296342    
 -3.6886890E-04   4.261903    
 -3.6786791E-04   4.373079    
 -3.6686691E-04   3.833642    
 -3.6586588E-04   5.190179    
 -3.6486489E-04   3.742922    
 -3.6386392E-04   2.490047    
 -3.6286289E-04   3.360617    
 -3.6186189E-04   5.112258    
 -3.6086090E-04   2.862708    
 -3.5985987E-04  0.9956126    
 -3.5885890E-04  0.1413373    
 -3.5785791E-04   2.023848    
 -3.5685688E-04   3.353972    
 -3.5585591E-04   5.521544    
 -3.5485488E-04   4.409017    
 -3.5385389E-04   5.992377    
 -3.5285289E-04   4.923527    
 -3.5185186E-04 -0.1980442    
 -3.5085090E-04  -2.293385    
 -3.4984987E-04  -3.016020    
 -3.4884887E-04  -1.492426    
 -3.4784790E-04   1.682077    
 -3.4684685E-04   3.157011    
 -3.4584588E-04  9.3526483E-02
 -3.4484488E-04  3.5336010E-02
 -3.4384386E-04  -2.098057    
 -3.4284289E-04  -3.525115    
 -3.4184186E-04  -3.380090    
 -3.4084087E-04  -2.389421    
 -3.3983990E-04 -0.8365225    
 -3.3883884E-04  -1.690399    
 -3.3783788E-04  -4.521712    
 -3.3683688E-04  -5.118598    
 -3.3583585E-04  -5.840918    
 -3.3483488E-04  -3.178732    
 -3.3383386E-04  -4.207475    
 -3.3283286E-04  -2.614259    
 -3.3183186E-04   1.991403    
 -3.3083084E-04   4.490111    
 -3.2982987E-04   2.537441    
 -3.2882884E-04  6.4044647E-02
 -3.2782785E-04   2.057890    
 -3.2682685E-04   3.376994    
 -3.2582585E-04   5.444753    
 -3.2482485E-04   6.335736    
 -3.2382389E-04   6.833987    
 -3.2282286E-04   5.226906    
 -3.2182186E-04   5.121015    
 -3.2082087E-04   6.809783    
 -3.1981984E-04   7.269158    
 -3.1881887E-04   6.607911    
 -3.1781784E-04   5.159559    
 -3.1681685E-04   1.953283    
 -3.1581585E-04   3.484324    
 -3.1481485E-04   2.972536    
 -3.1381386E-04 -0.5847303    
 -3.1281283E-04 -0.9873461    
 -3.1181183E-04  0.9783419    
 -3.1081084E-04  0.4828236    
 -3.0980984E-04 -0.7145558    
 -3.0880884E-04 -0.2838447    
 -3.0780784E-04   3.312316    
 -3.0680685E-04   4.385908    
 -3.0580585E-04   5.557953    
 -3.0480482E-04   6.569410    
 -3.0380383E-04   5.211122    
 -3.0280283E-04   8.507649    
 -3.0180183E-04   9.124191    
 -3.0080084E-04   3.609685    
 -2.9979981E-04  0.5001091    
 -2.9879884E-04  0.6312234    
 -2.9779781E-04   4.921402    
 -2.9679682E-04   10.91983    
 -2.9579582E-04   10.98686    
 -2.9479479E-04   10.70033    
 -2.9379383E-04   8.542863    
 -2.9279280E-04   5.250463    
 -2.9179180E-04   5.568078    
 -2.9079083E-04   5.595813    
 -2.8978981E-04   6.027974    
 -2.8878881E-04   6.034349    
 -2.8778781E-04   5.908915    
 -2.8678682E-04   6.260200    
 -2.8578579E-04   7.655000    
 -2.8478479E-04   5.634604    
 -2.8378383E-04   9.018753    
 -2.8278283E-04   7.602417    
 -2.8178180E-04   9.172663    
 -2.8078081E-04   8.794788    
 -2.7977981E-04   7.456123    
 -2.7877878E-04   8.364601    
 -2.7777781E-04   8.237385    
 -2.7677679E-04   7.907082    
 -2.7577582E-04   3.806787    
 -2.7477479E-04   1.325144    
 -2.7377380E-04  0.1706046    
 -2.7277280E-04 -0.7045720    
 -2.7177180E-04  -1.179000    
 -2.7077078E-04   1.204503    
 -2.6976981E-04   4.016568    
 -2.6876878E-04   4.935990    
 -2.6776778E-04   3.149027    
 -2.6676682E-04   1.020179    
 -2.6576579E-04  0.8129918    
 -2.6476479E-04  -1.603137    
 -2.6376380E-04 -0.8621505    
 -2.6276280E-04   3.046565    
 -2.6176177E-04  -1.827093    
 -2.6076080E-04   1.212892    
 -2.5975978E-04 -0.4828611    
 -2.5875878E-04 -0.9528805    
 -2.5775778E-04  0.4966434    
 -2.5675679E-04   2.308567    
 -2.5575579E-04   8.661590    
 -2.5475476E-04   11.83669    
 -2.5375377E-04   5.936869    
 -2.5275280E-04  -1.297262    
 -2.5175174E-04 -2.0316575E-02
 -2.5075077E-04   2.693195    
 -2.4974978E-04   7.336730    
 -2.4874875E-04   9.204799    
 -2.4774778E-04   13.49389    
 -2.4674676E-04   9.313350    
 -2.4574579E-04   6.631856    
 -2.4474476E-04  0.9312878    
 -2.4374378E-04  -4.075695    
 -2.4274277E-04 -5.6199230E-02
 -2.4174176E-04  -1.820236    
 -2.4074076E-04  -6.667116    
 -2.3973978E-04  -2.193315    
 -2.3873876E-04  -2.455826    
 -2.3773775E-04 -0.6452535    
 -2.3673676E-04   3.136316    
 -2.3573577E-04   2.432960    
 -2.3473473E-04   2.289218    
 -2.3373375E-04   4.439187    
 -2.3273277E-04   5.789971    
 -2.3173174E-04   6.281141    
 -2.3073076E-04   4.726160    
 -2.2972975E-04   7.077772    
 -2.2872876E-04   6.669193    
 -2.2772774E-04   9.024358    
 -2.2672676E-04   13.96949    
 -2.2572574E-04   13.03491    
 -2.2472475E-04   12.63512    
 -2.2372373E-04   11.03021    
 -2.2272275E-04   10.04755    
 -2.2172173E-04   5.243421    
 -2.2072074E-04  -1.353251    
 -2.1971973E-04 -0.9422038    
 -2.1871875E-04   5.392358    
 -2.1771772E-04   9.598394    
 -2.1671674E-04   8.535717    
 -2.1571576E-04   7.777226    
 -2.1471472E-04   1.801621    
 -2.1371373E-04   2.046285    
 -2.1271274E-04   4.755611    
 -2.1171173E-04  0.1325573    
 -2.1071071E-04   1.552237    
 -2.0970973E-04   1.620509    
 -2.0870873E-04  -1.424822    
 -2.0770772E-04  -2.486955    
 -2.0670671E-04  -2.999537    
 -2.0570573E-04  -2.658745    
 -2.0470470E-04  -4.061028    
 -2.0370372E-04  -3.726987    
 -2.0270271E-04  -5.737996    
 -2.0170174E-04   2.042320    
 -2.0070070E-04   1.650058    
 -1.9969972E-04 -0.8643516    
 -1.9869873E-04   2.232987    
 -1.9769771E-04   8.297732    
 -1.9669672E-04   6.047281    
 -1.9569571E-04   4.783631    
 -1.9469472E-04   4.261948    
 -1.9369370E-04   7.415016    
 -1.9269272E-04   7.403162    
 -1.9169171E-04   9.938788    
 -1.9069071E-04   9.391810    
 -1.8968970E-04   8.393804    
 -1.8868872E-04   11.65118    
 -1.8768769E-04   13.11146    
 -1.8668671E-04   3.116730    
 -1.8568570E-04   4.463425    
 -1.8468469E-04   8.773685    
 -1.8368370E-04   9.174965    
 -1.8268271E-04   5.366622    
 -1.8168172E-04   10.03559    
 -1.8068068E-04   11.47793    
 -1.7967970E-04   16.24398    
 -1.7867870E-04   16.16589    
 -1.7767769E-04   14.37457    
 -1.7667668E-04   7.021474    
 -1.7567570E-04  0.3244660    
 -1.7467470E-04   1.817059    
 -1.7367369E-04   6.887271    
 -1.7267268E-04   8.873154    
 -1.7167169E-04   14.94147    
 -1.7067067E-04   16.21296    
 -1.6966969E-04   12.94536    
 -1.6866867E-04   20.70541    
 -1.6766768E-04   21.72709    
 -1.6666669E-04   21.05053    
 -1.6566568E-04   19.63908    
 -1.6466470E-04   13.04780    
 -1.6366367E-04   13.44971    
 -1.6266269E-04   14.56239    
 -1.6166168E-04   15.13468    
 -1.6066067E-04  -1.385226    
 -1.5965967E-04  -8.459009    
 -1.5865869E-04  0.4426170    
 -1.5765765E-04   12.87763    
 -1.5665666E-04   14.31591    
 -1.5565567E-04   13.58692    
 -1.5465468E-04   23.60467    
 -1.5365364E-04   24.35946    
 -1.5265266E-04   17.83656    
 -1.5165166E-04   13.68209    
 -1.5065065E-04   19.44100    
 -1.4964967E-04   19.01503    
 -1.4864867E-04   17.85950    
 -1.4764769E-04   16.70770    
 -1.4664665E-04   11.36496    
 -1.4564567E-04   28.64154    
 -1.4464467E-04   25.48811    
 -1.4364366E-04   26.66261    
 -1.4264265E-04   16.81577    
 -1.4164166E-04   10.28166    
 -1.4064064E-04   14.36539    
 -1.3963965E-04   20.24629    
 -1.3863864E-04   17.25237    
 -1.3763766E-04   9.455631    
 -1.3663663E-04   5.346029    
 -1.3563565E-04   5.739153    
 -1.3463464E-04   17.25143    
 -1.3363364E-04   18.39472    
 -1.3263266E-04   19.47368    
 -1.3163165E-04   29.15511    
 -1.3063064E-04   30.31852    
 -1.2962964E-04   22.73505    
 -1.2862866E-04   31.84249    
 -1.2762765E-04   34.45081    
 -1.2662663E-04   35.36286    
 -1.2562564E-04   45.40128    
 -1.2462465E-04   43.19088    
 -1.2362361E-04   42.16085    
 -1.2262263E-04   31.68620    
 -1.2162163E-04   25.33381    
 -1.2062062E-04   20.09890    
 -1.1961962E-04   16.74302    
 -1.1861863E-04   20.72613    
 -1.1761765E-04   19.46704    
 -1.1661662E-04   19.45152    
 -1.1561564E-04   18.25832    
 -1.1461463E-04   20.95428    
 -1.1361362E-04   22.85795    
 -1.1261262E-04   22.86936    
 -1.1161163E-04   39.64120    
 -1.1061063E-04   46.28245    
 -1.0960962E-04   43.82549    
 -1.0860861E-04   41.47169    
 -1.0760763E-04   49.76154    
 -1.0660660E-04   41.91846    
 -1.0560562E-04   36.85471    
 -1.0460461E-04   33.56142    
 -1.0360360E-04   29.33940    
 -1.0260260E-04   13.62640    
 -1.0160162E-04   4.600235    
 -1.0060064E-04   7.131954    
 -9.9599602E-05   8.192870    
 -9.8598619E-05   8.347610    
 -9.7597615E-05   12.08681    
 -9.6596603E-05   16.22754    
 -9.5595598E-05   37.90482    
 -9.4594616E-05   46.53672    
 -9.3593582E-05   54.27216    
 -9.2592600E-05   76.58715    
 -9.1591595E-05   83.39872    
 -9.0590613E-05   79.12835    
 -8.9589579E-05   73.48116    
 -8.8588597E-05   68.06915    
 -8.7587592E-05   69.42400    
 -8.6586588E-05   90.20445    
 -8.5585576E-05   77.59613    
 -8.4584601E-05   73.35043    
 -8.3583567E-05   75.04476    
 -8.2582585E-05   70.75037    
 -8.1581602E-05   70.67044    
 -8.0580619E-05   80.41018    
 -7.9579586E-05   86.44595    
 -7.8578603E-05   89.63638    
 -7.7577577E-05   82.39423    
 -7.6576594E-05   74.76749    
 -7.5575561E-05   66.72507    
 -7.4574578E-05   57.65511    
 -7.3573596E-05   69.75370    
 -7.2572562E-05   87.34530    
 -7.1571536E-05   95.60133    
 -7.0570597E-05   136.5191    
 -6.9569571E-05   122.6824    
 -6.8568588E-05   105.1050    
 -6.7567606E-05   102.1713    
 -6.6566572E-05   108.8604    
 -6.5565589E-05   98.06978    
 -6.4564556E-05   110.3008    
 -6.3563581E-05   134.7130    
 -6.2562598E-05   120.7226    
 -6.1561565E-05   106.1985    
 -6.0560531E-05   163.5026    
 -5.9559599E-05   178.4264    
 -5.8558566E-05   183.6319    
 -5.7557536E-05   166.7703    
 -5.6556553E-05   184.1827    
 -5.5555571E-05   210.9480    
 -5.4554541E-05   200.9418    
 -5.3553558E-05   186.9058    
 -5.2552525E-05   186.2788    
 -5.1551593E-05   211.5366    
 -5.0550563E-05   201.9268    
 -4.9549530E-05   222.5422    
 -4.8548598E-05   231.8780    
 -4.7547564E-05   280.7776    
 -4.6546535E-05   324.4332    
 -4.5545552E-05   369.3035    
 -4.4544569E-05   351.7021    
 -4.3543540E-05   370.4597    
 -4.2542557E-05   409.3536    
 -4.1541523E-05   438.4135    
 -4.0540544E-05   452.5883    
 -3.9539562E-05   492.7949    
 -3.8538528E-05   495.8150    
 -3.7537498E-05   547.4373    
 -3.6536563E-05   557.4816    
 -3.5535533E-05   579.4723    
 -3.4534503E-05   574.9097    
 -3.3533568E-05   604.2507    
 -3.2532538E-05   630.4891    
 -3.1531556E-05   662.5248    
 -3.0530522E-05   782.9100    
 -2.9529541E-05   876.7648    
 -2.8528559E-05   990.6835    
 -2.7527529E-05   1022.355    
 -2.6526497E-05   1088.171    
 -2.5525564E-05   1117.635    
 -2.4524532E-05   1243.249    
 -2.3523500E-05   1404.449    
 -2.2522518E-05   1526.300    
 -2.1521537E-05   1632.305    
 -2.0520505E-05   1726.988    
 -1.9519523E-05   2111.049    
 -1.8518491E-05   2474.907    
 -1.7517508E-05   2805.754    
 -1.6516527E-05   3268.974    
 -1.5515496E-05   3810.827    
 -1.4514562E-05   4302.739    
 -1.3513531E-05   4978.653    
 -1.2512499E-05   5589.596    
 -1.1511517E-05   6470.665    
 -1.0510535E-05   7747.874    
 -9.5095029E-06   9375.905    
 -8.5085212E-06   11971.38    
 -7.5074895E-06   15265.73    
 -6.5065074E-06   19833.25    
 -5.5055252E-06   25783.40    
 -4.5044940E-06   34735.27    
 -3.5034623E-06   47828.89    
 -2.5025295E-06   65617.06    
 -1.5014979E-06   88794.98    
 -5.0046629E-07   106585.2    
  5.0046629E-07   106585.3    
  1.5014979E-06   88794.86    
  2.5025295E-06   65617.03    
  3.5035116E-06   47828.24    
  4.5044940E-06   34735.30    
  5.5054761E-06   25783.81    
  6.5065074E-06   19833.26    
  7.5075391E-06   15265.56    
  8.5084721E-06   11971.49    
  9.5095029E-06   9375.941    
  1.0510535E-05   7747.887    
  1.1511517E-05   6470.665    
  1.2512499E-05   5589.606    
  1.3513531E-05   4978.683    
  1.4514513E-05   4302.803    
  1.5515496E-05   3810.820    
  1.6516527E-05   3268.968    
  1.7517508E-05   2805.763    
  1.8518540E-05   2474.907    
  1.9519523E-05   2111.041    
  2.0520505E-05   1726.976    
  2.1521537E-05   1632.319    
  2.2522518E-05   1526.307    
  2.3523500E-05   1404.443    
  2.4524532E-05   1243.246    
  2.5525515E-05   1117.638    
  2.6526546E-05   1088.176    
  2.7527529E-05   1022.343    
  2.8528510E-05   990.6935    
  2.9529541E-05   876.7523    
  3.0530573E-05   782.9138    
  3.1531505E-05   662.5362    
  3.2532538E-05   630.4927    
  3.3533568E-05   604.2513    
  3.4534503E-05   574.9074    
  3.5535533E-05   579.4663    
  3.6536563E-05   557.4785    
  3.7537546E-05   547.4340    
  3.8538528E-05   495.8029    
  3.9539562E-05   492.7909    
  4.0540544E-05   452.5851    
  4.1541574E-05   438.4119    
  4.2542506E-05   409.3658    
  4.3543540E-05   370.4643    
  4.4544569E-05   351.6964    
  4.5545552E-05   369.3057    
  4.6546535E-05   324.4343    
  4.7547564E-05   280.7767    
  4.8548547E-05   231.8734    
  4.9549530E-05   222.5376    
  5.0550563E-05   201.9286    
  5.1551546E-05   211.5396    
  5.2552576E-05   186.2772    
  5.3553558E-05   186.9059    
  5.4554541E-05   200.9426    
  5.5555571E-05   210.9463    
  5.6556604E-05   184.1768    
  5.7557536E-05   166.7707    
  5.8558566E-05   183.6336    
  5.9559548E-05   178.4416    
  6.0560582E-05   163.5034    
  6.1561565E-05   106.1952    
  6.2562547E-05   120.7349    
  6.3563581E-05   134.7081    
  6.4564607E-05   110.3051    
  6.5565539E-05   98.07838    
  6.6566572E-05   108.8602    
  6.7567606E-05   102.1748    
  6.8568537E-05   105.1057    
  6.9569571E-05   122.6845    
  7.0570597E-05   136.5148    
  7.1571580E-05   95.60107    
  7.2572562E-05   87.34799    
  7.3573596E-05   69.75074    
  7.4574578E-05   57.65924    
  7.5575612E-05   66.72375    
  7.6576594E-05   74.76535    
  7.7577577E-05   82.39423    
  7.8578603E-05   89.63817    
  7.9579586E-05   86.44804    
  8.0580568E-05   80.42313    
  8.1581602E-05   70.67878    
  8.2582585E-05   70.74418    
  8.3583567E-05   75.04297    
  8.4584601E-05   73.34717    
  8.5585576E-05   77.59792    
  8.6586610E-05   90.20401    
  8.7587592E-05   69.42432    
  8.8588575E-05   68.06676    
  8.9589608E-05   73.47354    
  9.0590642E-05   79.12943    
  9.1591573E-05   83.39987    
  9.2592600E-05   76.58697    
  9.3593633E-05   54.26648    
  9.4594616E-05   46.53613    
  9.5595598E-05   37.90336    
  9.6596581E-05   16.23369    
  9.7597615E-05   12.09054    
  9.8598641E-05   8.355062    
  9.9599580E-05   8.192266    
  1.0060061E-04   7.127221    
  1.0160164E-04   4.591483    
  1.0260257E-04   13.62813    
  1.0360360E-04   29.33991    
  1.0460464E-04   33.56227    
  1.0560562E-04   36.85337    
  1.0660660E-04   41.91799    
  1.0760763E-04   49.76143    
  1.0860861E-04   41.47445    
  1.0960965E-04   43.82016    
  1.1061063E-04   46.28698    
  1.1161161E-04   39.64108    
  1.1261264E-04   22.86663    
  1.1361362E-04   22.85721    
  1.1461460E-04   20.95416    
  1.1561564E-04   18.25863    
  1.1661662E-04   19.45082    
  1.1761760E-04   19.45989    
  1.1861863E-04   20.72734    
  1.1961962E-04   16.74706    
  1.2062064E-04   20.09421    
  1.2162163E-04   25.33482    
  1.2262262E-04   31.68200    
  1.2362364E-04   42.16535    
  1.2462467E-04   43.18921    
  1.2562561E-04   45.40411    
  1.2662663E-04   35.36455    
  1.2762767E-04   34.45188    
  1.2862866E-04   31.84464    
  1.2962964E-04   22.73395    
  1.3063067E-04   30.32396    
  1.3163165E-04   29.15397    
  1.3263263E-04   19.47914    
  1.3363361E-04   18.39410    
  1.3463464E-04   17.25279    
  1.3563568E-04   5.738206    
  1.3663661E-04   5.347548    
  1.3763765E-04   9.450695    
  1.3863867E-04   17.25669    
  1.3963965E-04   20.24723    
  1.4064064E-04   14.36373    
  1.4164166E-04   10.28103    
  1.4264265E-04   16.81448    
  1.4364369E-04   26.66853    
  1.4464467E-04   25.48772    
  1.4564565E-04   28.64301    
  1.4664668E-04   11.36312    
  1.4764770E-04   16.70806    
  1.4864864E-04   17.86290    
  1.4964967E-04   19.01491    
  1.5065065E-04   19.44098    
  1.5165163E-04   13.68097    
  1.5265266E-04   17.83811    
  1.5365364E-04   24.35934    
  1.5465468E-04   23.60527    
  1.5565567E-04   13.58790    
  1.5665665E-04   14.31692    
  1.5765768E-04   12.87556    
  1.5865870E-04  0.4468713    
  1.5965964E-04  -8.459605    
  1.6066067E-04  -1.386269    
  1.6166171E-04   15.13502    
  1.6266269E-04   14.56289    
  1.6366367E-04   13.45085    
  1.6466470E-04   13.04735    
  1.6566568E-04   19.63956    
  1.6666666E-04   21.05125    
  1.6766769E-04   21.72277    
  1.6866867E-04   20.70548    
  1.6966971E-04   12.94162    
  1.7067064E-04   16.20953    
  1.7167168E-04   14.93534    
  1.7267271E-04   8.874985    
  1.7367369E-04   6.888479    
  1.7467467E-04   1.817341    
  1.7567570E-04  0.3254970    
  1.7667668E-04   7.019931    
  1.7767772E-04   14.37061    
  1.7867870E-04   16.16469    
  1.7967969E-04   16.24281    
  1.8068071E-04   11.47914    
  1.8168174E-04   10.03452    
  1.8268268E-04   5.367967    
  1.8368370E-04   9.174537    
  1.8468474E-04   8.780523    
  1.8568567E-04   4.463020    
  1.8668671E-04   3.118462    
  1.8768769E-04   13.10969    
  1.8868872E-04   11.65002    
  1.8968970E-04   8.393920    
  1.9069068E-04   9.389273    
  1.9169171E-04   9.940208    
  1.9269275E-04   7.401546    
  1.9369368E-04   7.417125    
  1.9469472E-04   4.263882    
  1.9569574E-04   4.784063    
  1.9669672E-04   6.046304    
  1.9769771E-04   8.296990    
  1.9869873E-04   2.232567    
  1.9969972E-04 -0.8620941    
  2.0070070E-04   1.650710    
  2.0170174E-04   2.043074    
  2.0270271E-04  -5.737263    
  2.0370375E-04  -3.728029    
  2.0470467E-04  -4.061438    
  2.0570571E-04  -2.661597    
  2.0670674E-04  -3.002782    
  2.0770772E-04  -2.484945    
  2.0870871E-04  -1.423768    
  2.0970973E-04   1.622414    
  2.1071071E-04   1.552738    
  2.1171175E-04  0.1316929    
  2.1271274E-04   4.756133    
  2.1371372E-04   2.049217    
  2.1471475E-04   1.798750    
  2.1571573E-04   7.778868    
  2.1671671E-04   8.534483    
  2.1771774E-04   9.600557    
  2.1871878E-04   5.393090    
  2.1971970E-04 -0.9407272    
  2.2072074E-04  -1.353219    
  2.2172177E-04   5.247440    
  2.2272275E-04   10.04709    
  2.2372373E-04   11.03018    
  2.2472472E-04   12.63564    
  2.2572574E-04   13.03507    
  2.2672678E-04   13.96995    
  2.2772771E-04   9.023813    
  2.2872875E-04   6.668688    
  2.2972978E-04   7.080019    
  2.3073076E-04   4.726442    
  2.3173174E-04   6.278800    
  2.3273277E-04   5.790231    
  2.3373375E-04   4.439232    
  2.3473473E-04   2.290179    
  2.3573577E-04   2.435321    
  2.3673676E-04   3.137887    
  2.3773778E-04 -0.6456876    
  2.3873876E-04  -2.457193    
  2.3973975E-04  -2.196147    
  2.4074077E-04  -6.666399    
  2.4174176E-04  -1.820025    
  2.4274274E-04 -5.5179693E-02
  2.4374378E-04  -4.077122    
  2.4474476E-04  0.9317930    
  2.4574579E-04   6.632048    
  2.4674676E-04   9.313874    
  2.4774775E-04   13.49148    
  2.4874878E-04   9.205057    
  2.4974978E-04   7.336258    
  2.5075075E-04   2.693036    
  2.5175177E-04 -1.8496800E-02
  2.5275280E-04  -1.298838    
  2.5375374E-04   5.937406    
  2.5475476E-04   11.83820    
  2.5575582E-04   8.660851    
  2.5675679E-04   2.307961    
  2.5775778E-04  0.4975048    
  2.5875881E-04 -0.9527699    
  2.5975978E-04 -0.4823801    
  2.6076080E-04   1.211547    
  2.6176174E-04  -1.828591    
  2.6276277E-04   3.046489    
  2.6376382E-04 -0.8624277    
  2.6476473E-04  -1.602756    
  2.6576579E-04  0.8106270    
  2.6676682E-04   1.019642    
  2.6776778E-04   3.148267    
  2.6876878E-04   4.934285    
  2.6976981E-04   4.014823    
  2.7077078E-04   1.203526    
  2.7177183E-04  -1.179061    
  2.7277280E-04 -0.7038954    
  2.7377377E-04  0.1714509    
  2.7477482E-04   1.326217    
  2.7577585E-04   3.808004    
  2.7677679E-04   7.906126    
  2.7777781E-04   8.236667    
  2.7877878E-04   8.364358    
  2.7977981E-04   7.456404    
  2.8078081E-04   8.795680    
  2.8178177E-04   9.174542    
  2.8278283E-04   7.602284    
  2.8378380E-04   9.015357    
  2.8478479E-04   5.635021    
  2.8578582E-04   7.655995    
  2.8678685E-04   6.258523    
  2.8778779E-04   5.906913    
  2.8878881E-04   6.035427    
  2.8978984E-04   6.026187    
  2.9079083E-04   5.594934    
  2.9179180E-04   5.567597    
  2.9279283E-04   5.251166    
  2.9379383E-04   8.544178    
  2.9479485E-04   10.69921    
  2.9579582E-04   10.98700    
  2.9679682E-04   10.91977    
  2.9779784E-04   4.919102    
  2.9879878E-04  0.6312323    
  2.9979981E-04  0.4996193    
  3.0080084E-04   3.610287    
  3.0180183E-04   9.123971    
  3.0280280E-04   8.505823    
  3.0380383E-04   5.211384    
  3.0480482E-04   6.567360    
  3.0580585E-04   5.557855    
  3.0680685E-04   4.386284    
  3.0780782E-04   3.312571    
  3.0880884E-04 -0.2838246    
  3.0980987E-04 -0.7140937    
  3.1081081E-04  0.4827380    
  3.1181183E-04  0.9778786    
  3.1281289E-04 -0.9885929    
  3.1381386E-04 -0.5850296    
  3.1481485E-04   2.973020    
  3.1581582E-04   3.483289    
  3.1681685E-04   1.952250    
  3.1781784E-04   5.161148    
  3.1881881E-04   6.607568    
  3.1981984E-04   7.267984    
  3.2082089E-04   6.811697    
  3.2182180E-04   5.120706    
  3.2282286E-04   5.225817    
  3.2382389E-04   6.834027    
  3.2482485E-04   6.335983    
  3.2582585E-04   5.444566    
  3.2682688E-04   3.376823    
  3.2782785E-04   2.057958    
  3.2882890E-04  6.5797091E-02
  3.2982987E-04   2.537147    
  3.3083084E-04   4.489817    
  3.3183189E-04   1.994206    
  3.3283292E-04  -2.614809    
  3.3383386E-04  -4.206278    
  3.3483488E-04  -3.178377    
  3.3583582E-04  -5.838748    
  3.3683685E-04  -5.120562    
  3.3783788E-04  -4.521913    
  3.3883881E-04  -1.691991    
  3.3983984E-04 -0.8352504    
  3.4084087E-04  -2.388806    
  3.4184189E-04  -3.379966    
  3.4284283E-04  -3.525449    
  3.4384386E-04  -2.098301    
  3.4484488E-04  3.4339726E-02
  3.4584594E-04  9.5161572E-02
  3.4684685E-04   3.156237    
  3.4784790E-04   1.682750    
  3.4884893E-04  -1.496017    
  3.4984987E-04  -3.016649    
  3.5085090E-04  -2.292729    
  3.5185184E-04 -0.1962298    
  3.5285286E-04   4.925191    
  3.5385389E-04   5.992693    
  3.5485491E-04   4.408463    
  3.5585594E-04   5.521740    
  3.5685697E-04   3.354831    
  3.5785782E-04   2.024741    
  3.5885884E-04  0.1386639    
  3.5985987E-04  0.9969057    
  3.6086090E-04   2.861955    
  3.6186195E-04   5.109496    
  3.6286286E-04   3.359949    
  3.6386392E-04   2.490580    
  3.6486483E-04   3.743508    
  3.6586588E-04   5.188777    
  3.6686691E-04   3.832577    
  3.6786793E-04   4.374758    
  3.6886887E-04   4.262514    
  3.6986990E-04   4.295786    
  3.7087093E-04   3.389769    
  3.7187195E-04  0.6041354    
  3.7287289E-04 -0.3630767    
  3.7387392E-04  0.1422402    
  3.7487486E-04 -0.5628306    
  3.7587588E-04   2.504165    
  3.7687691E-04   5.708546    
  3.7787796E-04   5.020130    
  3.7887899E-04   3.832717    
  3.7987981E-04   2.165952    
  3.8088084E-04   1.654859    
  3.8188187E-04   2.487174    
  3.8288292E-04   1.771314    
  3.8388395E-04   3.469865    
  3.8488497E-04   1.144365    
  3.8588591E-04   1.784771    
  3.8688694E-04   2.074394    
  3.8788788E-04  0.2397938    
  3.8888890E-04   1.515062    
  3.8988993E-04   2.622505    
  3.9089096E-04  0.9878169    
  3.9189190E-04   2.575678    
  3.9289292E-04   5.056712    
  3.9389395E-04   6.307621    
  3.9489500E-04   6.588102    
  3.9589591E-04   4.441447    
  3.9689685E-04   3.558331    
  3.9789788E-04   4.888630    
  3.9889893E-04   4.024561    
  3.9989996E-04   3.360130    
  4.0090099E-04   2.746675    
  4.0190201E-04  0.6664333    
  4.0290286E-04  -1.158763    
  4.0390389E-04  0.1037552    
  4.0490492E-04 -0.5518721    
  4.0590594E-04  -1.282449    
  4.0690697E-04  2.4487950E-02
  4.0790800E-04   1.922987    
  4.0890893E-04   3.529507    
  4.0990996E-04   4.635104    
  4.1091090E-04   1.938053    
  4.1191193E-04   3.796186    
  4.1291298E-04   4.927663    
  4.1391401E-04   4.210365    
  4.1491495E-04   2.640332    
  4.1591597E-04   4.300066    
  4.1691700E-04   4.520578    
  4.1791794E-04   1.843980    
  4.1891896E-04   1.396162    
  4.1991990E-04   1.216147    
  4.2092093E-04  0.1218321    
  4.2192196E-04 -0.7756562    
  4.2292298E-04 -0.6009319    
  4.2392401E-04 -0.4539310    
  4.2492506E-04  -1.403259    
  4.2592589E-04 -0.5004577    
  4.2692691E-04   1.680425    
  4.2792794E-04   2.025591    
  4.2892896E-04   1.439711    
  4.2993002E-04   1.741907    
  4.3093105E-04   1.968820    
  4.3193199E-04   2.794430    
  4.3293289E-04   3.716448    
  4.3393395E-04   3.714217    
  4.3493498E-04   2.232647    
  4.3593600E-04   2.826891    
  4.3693694E-04   2.147869    
  4.3793797E-04   2.962142    
  4.3893899E-04   2.515604    
  4.3994002E-04   1.996959    
  4.4094096E-04 -0.4221454    
  4.4194199E-04  0.2995165    
  4.4294292E-04  1.7684662E-04
  4.4394395E-04 -0.1068479    
  4.4494498E-04 -0.8214925    
  4.4594603E-04  -1.729210    
  4.4694706E-04  -1.439225    
  4.4794808E-04 -0.4518465    
  4.4894891E-04 -0.5713657    
  4.4994996E-04 -0.6500771    
  4.5095099E-04 -5.9368666E-02
  4.5195202E-04  0.2624189    
  4.5295304E-04  4.4109676E-02
  4.5395398E-04   2.245243    
  4.5495501E-04  0.7448314    
  4.5595595E-04  0.4762369    
  4.5695697E-04  0.4794343    
  4.5795800E-04   2.854167    
  4.5895902E-04   3.276807    
  4.5995996E-04   2.179299    
  4.6096099E-04  0.7036480    
  4.6196204E-04   4.718160    
  4.6296307E-04   2.718044    
  4.6396401E-04   2.286484    
  4.6496504E-04   1.420299    
  4.6596595E-04  0.5437883    
  4.6696700E-04   1.086481    
  4.6796803E-04  0.6572181    
  4.6896905E-04  0.3184032    
  4.6997008E-04 -0.5693114    
  4.7097093E-04 -0.2409457    
  4.7197196E-04  0.5418257    
  4.7297298E-04 -0.6528317    
  4.7397401E-04  6.1686072E-02
  4.7497504E-04   1.752018    
  4.7597609E-04   1.590109    
  4.7697700E-04   1.175472    
  4.7797806E-04  -1.296690    
  4.7897897E-04  -1.250902    
  4.7997999E-04  -1.243302    
  4.8098105E-04  -1.485279    
  4.8198208E-04 -0.1585453    
  4.8298301E-04 -0.9398448    
  4.8398404E-04 -0.4786565    
  4.8498507E-04  2.6373010E-02
  4.8598601E-04  0.1060443    
  4.8698703E-04 -4.8420303E-02
  4.8798806E-04   1.366963    
  4.8898900E-04  0.5006782    
  4.8999005E-04 -0.2880222    
  4.9099105E-04  -1.260715    
  4.9199210E-04  -1.029212    
  4.9299310E-04  -2.258428    
  4.9399398E-04  -1.486684    
  4.9499498E-04 -0.7398000    
  4.9599604E-04 -0.8239650    
  4.9699703E-04 -0.3673933    
  4.9799809E-04   1.337729    
  4.9899908E-04   2.151561    
  5.0000002E-04   1.938511    
