 -5.0000002E-04   6.118745    
 -4.9899908E-04   5.593791    
 -4.9799803E-04   4.707085    
 -4.9699703E-04   4.147448    
 -4.9599604E-04   4.223625    
 -4.9499504E-04   4.426559    
 -4.9399404E-04   4.096640    
 -4.9299304E-04   3.265455    
 -4.9199205E-04   2.631224    
 -4.9099105E-04   2.714755    
 -4.8999005E-04   3.273866    
 -4.8898906E-04   3.639341    
 -4.8798800E-04   3.563678    
 -4.8698703E-04   3.433016    
 -4.8598603E-04   3.696249    
 -4.8498501E-04   4.197856    
 -4.8398404E-04   4.458583    
 -4.8298301E-04   4.314987    
 -4.8198202E-04   4.247401    
 -4.8098105E-04   4.808694    
 -4.7997999E-04   5.895108    
 -4.7897903E-04   6.821242    
 -4.7797806E-04   7.087433    
 -4.7697700E-04   6.928533    
 -4.7597603E-04   6.903499    
 -4.7497501E-04   7.150332    
 -4.7397401E-04   7.208117    
 -4.7297304E-04   6.672574    
 -4.7197202E-04   5.836461    
 -4.7097102E-04   5.466169    
 -4.6996999E-04   5.877427    
 -4.6896900E-04   6.588835    
 -4.6796803E-04   6.935441    
 -4.6696700E-04   6.850339    
 -4.6596600E-04   6.836943    
 -4.6496504E-04   7.188773    
 -4.6396401E-04   7.469029    
 -4.6296301E-04   7.035428    
 -4.6196199E-04   5.859675    
 -4.6096099E-04   4.771278    
 -4.5996002E-04   4.616523    
 -4.5895900E-04   5.335534    
 -4.5795800E-04   6.181097    
 -4.5695697E-04   6.614929    
 -4.5595600E-04   6.876657    
 -4.5495501E-04   7.574304    
 -4.5395398E-04   8.781640    
 -4.5295298E-04   9.856837    
 -4.5195202E-04   10.14672    
 -4.5095099E-04   9.762354    
 -4.4994999E-04   9.211772    
 -4.4894897E-04   8.711263    
 -4.4794800E-04   7.879247    
 -4.4694700E-04   6.397392    
 -4.4594597E-04   4.672053    
 -4.4494498E-04   3.562135    
 -4.4394401E-04   3.504624    
 -4.4294298E-04   4.023429    
 -4.4194199E-04   4.374516    
 -4.4094096E-04   4.486424    
 -4.3993999E-04   4.879643    
 -4.3893899E-04   5.854608    
 -4.3793797E-04   6.818248    
 -4.3693697E-04   6.878958    
 -4.3593600E-04   5.992240    
 -4.3493498E-04   5.165884    
 -4.3393398E-04   5.503507    
 -4.3293295E-04   6.967779    
 -4.3193199E-04   8.476163    
 -4.3093093E-04   9.062068    
 -4.2992996E-04   8.876747    
 -4.2892896E-04   8.725800    
 -4.2792794E-04   8.955314    
 -4.2692697E-04   9.080446    
 -4.2592597E-04   8.656465    
 -4.2492495E-04   8.053203    
 -4.2392398E-04   8.173709    
 -4.2292298E-04   9.184307    
 -4.2192196E-04   10.05584    
 -4.2092099E-04   9.721992    
 -4.1991993E-04   8.330383    
 -4.1891896E-04   7.309418    
 -4.1791797E-04   7.859476    
 -4.1691694E-04   9.628784    
 -4.1591597E-04   11.18673    
 -4.1491495E-04   11.57487    
 -4.1391395E-04   11.30626    
 -4.1291295E-04   11.48545    
 -4.1191195E-04   12.31798    
 -4.1091096E-04   12.92286    
 -4.0990996E-04   12.38711    
 -4.0890893E-04   10.94658    
 -4.0790797E-04   9.664459    
 -4.0690694E-04   9.085665    
 -4.0590594E-04   8.739037    
 -4.0490495E-04   7.943713    
 -4.0390392E-04   6.988934    
 -4.0290295E-04   6.856694    
 -4.0190195E-04   8.011363    
 -4.0090093E-04   9.515434    
 -3.9989993E-04   9.831867    
 -3.9889893E-04   8.487853    
 -3.9789794E-04   6.582787    
 -3.9689694E-04   5.629265    
 -3.9589591E-04   6.057432    
 -3.9489495E-04   7.022416    
 -3.9389392E-04   7.593723    
 -3.9289292E-04   7.780605    
 -3.9189195E-04   8.147882    
 -3.9089093E-04   8.889088    
 -3.8988993E-04   9.477225    
 -3.8888893E-04   9.545102    
 -3.8788791E-04   9.467046    
 -3.8688694E-04   9.958279    
 -3.8588591E-04   10.96815    
 -3.8488492E-04   11.50583    
 -3.8388392E-04   10.68089    
 -3.8288292E-04   8.868331    
 -3.8188192E-04   7.448388    
 -3.8088090E-04   7.371079    
 -3.7987990E-04   8.247114    
 -3.7887890E-04   8.915043    
 -3.7787791E-04   8.926309    
 -3.7687691E-04   8.960761    
 -3.7587588E-04   9.862395    
 -3.7487491E-04   11.40647    
 -3.7387392E-04   12.43913    
 -3.7287292E-04   12.03205    
 -3.7187192E-04   10.52423    
 -3.7087090E-04   8.888223    
 -3.6986990E-04   7.669066    
 -3.6886890E-04   6.695090    
 -3.6786791E-04   5.633913    
 -3.6686691E-04   4.817492    
 -3.6586588E-04   4.855542    
 -3.6486489E-04   5.805151    
 -3.6386392E-04   6.968652    
 -3.6286289E-04   7.713061    
 -3.6186189E-04   8.094031    
 -3.6086090E-04   8.591980    
 -3.5985987E-04   9.249063    
 -3.5885890E-04   9.454724    
 -3.5785791E-04   8.799102    
 -3.5685688E-04   7.999182    
 -3.5585591E-04   8.271834    
 -3.5485488E-04   9.933544    
 -3.5385389E-04   11.82857    
 -3.5285289E-04   12.37291    
 -3.5185186E-04   11.27891    
 -3.5085090E-04   9.887013    
 -3.4984987E-04   9.690716    
 -3.4884887E-04   10.73106    
 -3.4784790E-04   11.83259    
 -3.4684685E-04   12.17659    
 -3.4584588E-04   12.34652    
 -3.4484488E-04   13.40587    
 -3.4384386E-04   15.35572    
 -3.4284289E-04   16.88086    
 -3.4184186E-04   16.73294    
 -3.4084087E-04   15.28686    
 -3.3983990E-04   14.09583    
 -3.3883884E-04   14.20625    
 -3.3783788E-04   15.02108    
 -3.3683688E-04   15.22479    
 -3.3583585E-04   14.43023    
 -3.3483488E-04   13.45192    
 -3.3383386E-04   13.26903    
 -3.3283286E-04   13.76389    
 -3.3183186E-04   13.98358    
 -3.3083084E-04   13.56255    
 -3.2982987E-04   13.22600    
 -3.2882884E-04   13.85008    
 -3.2782785E-04   15.30470    
 -3.2682685E-04   16.50974    
 -3.2582585E-04   16.89157    
 -3.2482485E-04   17.06431    
 -3.2382389E-04   18.11715    
 -3.2282286E-04   20.21931    
 -3.2182186E-04   22.29714    
 -3.2082087E-04   23.29665    
 -3.1981984E-04   23.25900    
 -3.1881887E-04   22.99679    
 -3.1781784E-04   22.80825    
 -3.1681685E-04   22.01287    
 -3.1581585E-04   19.99747    
 -3.1481485E-04   17.38881    
 -3.1381386E-04   15.69336    
 -3.1281283E-04   15.72371    
 -3.1181183E-04   16.69884    
 -3.1081084E-04   17.28249    
 -3.0980984E-04   17.07943    
 -3.0880884E-04   17.17465    
 -3.0780784E-04   18.60896    
 -3.0680685E-04   21.12173    
 -3.0580585E-04   23.37247    
 -3.0480482E-04   24.60996    
 -3.0380383E-04   25.29854    
 -3.0280283E-04   26.28391    
 -3.0180183E-04   27.53687    
 -3.0080084E-04   28.17518    
 -2.9979981E-04   27.89726    
 -2.9879884E-04   27.66892    
 -2.9779781E-04   28.66422    
 -2.9679682E-04   30.64615    
 -2.9579582E-04   31.97269    
 -2.9479479E-04   31.47639    
 -2.9379383E-04   30.02217    
 -2.9279280E-04   29.77066    
 -2.9179180E-04   31.76335    
 -2.9079083E-04   34.74387    
 -2.8978981E-04   36.60432    
 -2.8878881E-04   36.70620    
 -2.8778781E-04   36.44572    
 -2.8678682E-04   37.33501    
 -2.8578579E-04   39.15775    
 -2.8478479E-04   40.31283    
 -2.8378383E-04   39.78608    
 -2.8278283E-04   38.39320    
 -2.8178180E-04   37.52478    
 -2.8078081E-04   37.47171    
 -2.7977981E-04   37.15677    
 -2.7877878E-04   35.77952    
 -2.7777781E-04   33.95244    
 -2.7677679E-04   33.06183    
 -2.7577582E-04   33.45692    
 -2.7477479E-04   34.18771    
 -2.7377380E-04   34.46163    
 -2.7277280E-04   34.90925    
 -2.7177180E-04   36.81297    
 -2.7077078E-04   40.12844    
 -2.6976981E-04   42.90333    
 -2.6876878E-04   43.13378    
 -2.6776778E-04   41.06370    
 -2.6676682E-04   38.90756    
 -2.6576579E-04   38.44316    
 -2.6476479E-04   39.15825    
 -2.6376380E-04   39.15753    
 -2.6276280E-04   37.62945    
 -2.6176177E-04   35.81968    
 -2.6076080E-04   35.30870    
 -2.5975978E-04   35.78613    
 -2.5875878E-04   35.37025    
 -2.5775778E-04   33.10415    
 -2.5675679E-04   30.33452    
 -2.5575579E-04   29.46316    
 -2.5475476E-04   31.20979    
 -2.5375377E-04   33.92443    
 -2.5275280E-04   35.73024    
 -2.5175174E-04   36.54926    
 -2.5075077E-04   38.02054    
 -2.4974978E-04   41.12685    
 -2.4874875E-04   45.09877    
 -2.4774778E-04   48.68642    
 -2.4674676E-04   51.86967    
 -2.4574579E-04   55.72829    
 -2.4474476E-04   60.26018    
 -2.4374378E-04   63.46698    
 -2.4274277E-04   63.35996    
 -2.4174176E-04   60.56986    
 -2.4074076E-04   58.48668    
 -2.3973978E-04   60.06482    
 -2.3873876E-04   64.90721    
 -2.3773775E-04   69.97513    
 -2.3673676E-04   73.06880    
 -2.3573577E-04   74.71051    
 -2.3473473E-04   76.72476    
 -2.3373375E-04   79.20935    
 -2.3273277E-04   80.28917    
 -2.3173174E-04   78.89690    
 -2.3073076E-04   76.74326    
 -2.2972975E-04   76.79886    
 -2.2872876E-04   79.79759    
 -2.2772774E-04   83.18638    
 -2.2672676E-04   84.03427    
 -2.2572574E-04   82.45561    
 -2.2472475E-04   81.55167    
 -2.2372373E-04   83.54023    
 -2.2272275E-04   87.41516    
 -2.2172173E-04   90.62524    
 -2.2072074E-04   92.66229    
 -2.1971973E-04   95.97597    
 -2.1871875E-04   102.6054    
 -2.1771772E-04   110.9796    
 -2.1671674E-04   116.7659    
 -2.1571576E-04   117.3321    
 -2.1471472E-04   114.3395    
 -2.1371373E-04   111.6609    
 -2.1271274E-04   111.2622    
 -2.1171173E-04   112.0643    
 -2.1071071E-04   112.9529    
 -2.0970973E-04   115.2908    
 -2.0870873E-04   121.3912    
 -2.0770772E-04   130.7653    
 -2.0670671E-04   139.2742    
 -2.0570573E-04   143.0762    
 -2.0470470E-04   142.7481    
 -2.0370372E-04   142.5944    
 -2.0270271E-04   145.3396    
 -2.0170174E-04   148.9207    
 -2.0070070E-04   149.0395    
 -1.9969972E-04   145.0455    
 -1.9869873E-04   141.5492    
 -1.9769771E-04   144.1658    
 -1.9669672E-04   153.7501    
 -1.9569571E-04   166.3084    
 -1.9469472E-04   177.7790    
 -1.9369370E-04   187.9244    
 -1.9269272E-04   199.0271    
 -1.9169171E-04   211.5684    
 -1.9069071E-04   223.2155    
 -1.8968970E-04   232.2131    
 -1.8868872E-04   240.4818    
 -1.8768769E-04   251.6463    
 -1.8668671E-04   266.5374    
 -1.8568570E-04   281.8899    
 -1.8468469E-04   294.7401    
 -1.8368370E-04   306.9803    
 -1.8268271E-04   323.9858    
 -1.8168172E-04   348.3893    
 -1.8068068E-04   376.4367    
 -1.7967970E-04   401.9785    
 -1.7867870E-04   423.6808    
 -1.7767769E-04   446.8607    
 -1.7667668E-04   478.0204    
 -1.7567570E-04   518.2031    
 -1.7467470E-04   563.3297    
 -1.7367369E-04   609.7089    
 -1.7267268E-04   658.1160    
 -1.7167169E-04   710.9999    
 -1.7067067E-04   768.3036    
 -1.6966969E-04   827.9321    
 -1.6866867E-04   891.0197    
 -1.6766768E-04   964.1116    
 -1.6666669E-04   1054.854    
 -1.6566568E-04   1166.107    
 -1.6466470E-04   1297.118    
 -1.6366367E-04   1450.760    
 -1.6266269E-04   1636.559    
 -1.6166168E-04   1863.695    
 -1.6066067E-04   2132.533    
 -1.5965967E-04   2438.608    
 -1.5865869E-04   2789.116    
 -1.5765765E-04   3214.038    
 -1.5665666E-04   3756.602    
 -1.5565567E-04   4452.528    
 -1.5465468E-04   5324.985    
 -1.5365364E-04   6403.692    
 -1.5265266E-04   7737.133    
 -1.5165166E-04   9355.094    
 -1.5065065E-04   11181.81    
 -1.4964967E-04   12967.40    
 -1.4864867E-04   14324.42    
 -1.4764769E-04   14883.18    
 -1.4664665E-04   14481.73    
 -1.4564567E-04   13254.59    
 -1.4464467E-04   11555.88    
 -1.4364366E-04   9773.414    
 -1.4264265E-04   8165.899    
 -1.4164166E-04   6818.783    
 -1.4064064E-04   5709.289    
 -1.3963965E-04   4795.354    
 -1.3863864E-04   4054.630    
 -1.3763766E-04   3470.471    
 -1.3663663E-04   3010.359    
 -1.3563565E-04   2631.291    
 -1.3463464E-04   2303.385    
 -1.3363364E-04   2020.618    
 -1.3263266E-04   1787.619    
 -1.3163165E-04   1600.159    
 -1.3063064E-04   1442.468    
 -1.2962964E-04   1301.026    
 -1.2862866E-04   1175.271    
 -1.2762765E-04   1072.348    
 -1.2662663E-04   993.3005    
 -1.2562564E-04   928.8163    
 -1.2462465E-04   868.1349    
 -1.2362361E-04   809.9062    
 -1.2262263E-04   760.6002    
 -1.2162163E-04   724.0098    
 -1.2062062E-04   694.2584    
 -1.1961962E-04   661.2402    
 -1.1861863E-04   620.6730    
 -1.1761765E-04   578.0293    
 -1.1661662E-04   541.5755    
 -1.1561564E-04   514.1052    
 -1.1461463E-04   492.2730    
 -1.1361362E-04   471.9905    
 -1.1261262E-04   452.8608    
 -1.1161163E-04   436.5143    
 -1.1061063E-04   422.8849    
 -1.0960962E-04   409.9353    
 -1.0860861E-04   396.9527    
 -1.0760763E-04   386.0643    
 -1.0660660E-04   379.4488    
 -1.0560562E-04   375.3869    
 -1.0460461E-04   369.3502    
 -1.0360360E-04   358.7452    
 -1.0260260E-04   346.3642    
 -1.0160162E-04   337.7214    
 -1.0060064E-04   335.3333    
 -9.9599602E-05   336.4042    
 -9.8598619E-05   336.2138    
 -9.7597615E-05   332.6241    
 -9.6596603E-05   327.2628    
 -9.5595598E-05   322.3654    
 -9.4594616E-05   318.1696    
 -9.3593582E-05   313.8138    
 -9.2592600E-05   309.7317    
 -9.1591595E-05   307.9499    
 -9.0590613E-05   309.4409    
 -8.9589579E-05   312.3867    
 -8.8588597E-05   313.9400    
 -8.7587592E-05   312.9672    
 -8.6586588E-05   311.3645    
 -8.5585576E-05   311.1306    
 -8.4584601E-05   312.3203    
 -8.3583567E-05   313.2944    
 -8.2582585E-05   313.4702    
 -8.1581602E-05   314.1630    
 -8.0580619E-05   316.8760    
 -7.9579586E-05   320.8671    
 -7.8578603E-05   323.7368    
 -7.7577577E-05   324.2664    
 -7.6576594E-05   323.6971    
 -7.5575561E-05   324.3492    
 -7.4574578E-05   326.6251    
 -7.3573596E-05   329.1261    
 -7.2572562E-05   330.8577    
 -7.1571536E-05   333.0009    
 -7.0570597E-05   337.4998    
 -6.9569571E-05   344.5093    
 -6.8568588E-05   351.9946    
 -6.7567606E-05   358.4284    
 -6.6566572E-05   364.9105    
 -6.5565589E-05   374.2483    
 -6.4564556E-05   387.4384    
 -6.3563581E-05   402.1396    
 -6.2562598E-05   415.4738    
 -6.1561565E-05   427.0966    
 -6.0560531E-05   439.4930    
 -5.9559599E-05   454.3174    
 -5.8558566E-05   470.0022    
 -5.7557536E-05   483.8637    
 -5.6556553E-05   495.5629    
 -5.5555571E-05   508.7473    
 -5.4554541E-05   527.3274    
 -5.3553558E-05   551.4769    
 -5.2552525E-05   577.5969    
 -5.1551593E-05   602.6761    
 -5.0550563E-05   627.9782    
 -4.9549530E-05   656.7129    
 -4.8548598E-05   689.9433    
 -4.7547564E-05   723.8153    
 -4.6546535E-05   753.2947    
 -4.5545552E-05   776.7879    
 -4.4544569E-05   797.7311    
 -4.3543540E-05   821.1700    
 -4.2542557E-05   850.1823    
 -4.1541523E-05   885.1436    
 -4.0540544E-05   925.5380    
 -3.9539562E-05   971.4214    
 -3.8538528E-05   1021.935    
 -3.7537498E-05   1073.628    
 -3.6536563E-05   1122.279    
 -3.5535533E-05   1167.710    
 -3.4534503E-05   1215.081    
 -3.3533568E-05   1272.734    
 -3.2532538E-05   1346.731    
 -3.1531556E-05   1437.565    
 -3.0530522E-05   1542.048    
 -2.9529541E-05   1656.547    
 -2.8528559E-05   1779.927    
 -2.7527529E-05   1912.495    
 -2.6526497E-05   2055.126    
 -2.5525564E-05   2209.095    
 -2.4524532E-05   2375.859    
 -2.3523500E-05   2558.429    
 -2.2522518E-05   2760.007    
 -2.1521537E-05   2983.774    
 -2.0520505E-05   3232.230    
 -1.9519523E-05   3506.996    
 -1.8518491E-05   3809.692    
 -1.7517508E-05   4144.387    
 -1.6516527E-05   4517.747    
 -1.5515496E-05   4940.335    
 -1.4514562E-05   5425.481    
 -1.3513531E-05   5982.384    
 -1.2512499E-05   6615.149    
 -1.1511517E-05   7325.296    
 -1.0510535E-05   8116.064    
 -9.5095029E-06   8993.258    
 -8.5085212E-06   9957.369    
 -7.5074895E-06   10997.12    
 -6.5065074E-06   12086.68    
 -5.5055252E-06   13191.89    
 -4.5044940E-06   14275.30    
 -3.5034623E-06   15292.03    
 -2.5025295E-06   16178.28    
 -1.5014979E-06   16848.20    
 -5.0046629E-07   17210.92    
  5.0046629E-07   17210.89    
  1.5014979E-06   16848.07    
  2.5025295E-06   16178.44    
  3.5035116E-06   15292.56    
  4.5044940E-06   14275.28    
  5.5054761E-06   13191.73    
  6.5065074E-06   12086.62    
  7.5075391E-06   10997.43    
  8.5084721E-06   9957.392    
  9.5095029E-06   8993.229    
  1.0510535E-05   8116.042    
  1.1511517E-05   7325.261    
  1.2512499E-05   6615.104    
  1.3513531E-05   5982.430    
  1.4514513E-05   5425.408    
  1.5515496E-05   4940.309    
  1.6516527E-05   4517.812    
  1.7517508E-05   4144.415    
  1.8518540E-05   3809.964    
  1.9519523E-05   3506.938    
  2.0520505E-05   3232.224    
  2.1521537E-05   2983.780    
  2.2522518E-05   2760.022    
  2.3523500E-05   2558.352    
  2.4524532E-05   2375.889    
  2.5525515E-05   2209.089    
  2.6526546E-05   2055.201    
  2.7527529E-05   1912.535    
  2.8528510E-05   1779.824    
  2.9529541E-05   1656.581    
  3.0530573E-05   1541.950    
  3.1531505E-05   1437.614    
  3.2532538E-05   1346.730    
  3.3533568E-05   1272.736    
  3.4534503E-05   1215.068    
  3.5535533E-05   1167.682    
  3.6536563E-05   1122.253    
  3.7537546E-05   1073.532    
  3.8538528E-05   1021.925    
  3.9539562E-05   971.4363    
  4.0540544E-05   925.5301    
  4.1541574E-05   885.1006    
  4.2542506E-05   850.1367    
  4.3543540E-05   821.1660    
  4.4544569E-05   797.7272    
  4.5545552E-05   776.7739    
  4.6546535E-05   753.2413    
  4.7547564E-05   723.8107    
  4.8548547E-05   689.8521    
  4.9549530E-05   656.7320    
  5.0550563E-05   627.9536    
  5.1551546E-05   602.6891    
  5.2552576E-05   577.5836    
  5.3553558E-05   551.4811    
  5.4554541E-05   527.3421    
  5.5555571E-05   508.7473    
  5.6556604E-05   495.5829    
  5.7557536E-05   483.8384    
  5.8558566E-05   470.0077    
  5.9559548E-05   454.3215    
  6.0560582E-05   439.5238    
  6.1561565E-05   427.1158    
  6.2562547E-05   415.5355    
  6.3563581E-05   402.1263    
  6.4564607E-05   387.4067    
  6.5565539E-05   374.2333    
  6.6566572E-05   364.8982    
  6.7567606E-05   358.4253    
  6.8568537E-05   352.0246    
  6.9569571E-05   344.5172    
  7.0570597E-05   337.4932    
  7.1571580E-05   332.9447    
  7.2572562E-05   330.8660    
  7.3573596E-05   329.1328    
  7.4574578E-05   326.6019    
  7.5575612E-05   324.3124    
  7.6576594E-05   323.7078    
  7.7577577E-05   324.2812    
  7.8578603E-05   323.7435    
  7.9579586E-05   320.8715    
  8.0580568E-05   316.8833    
  8.1581602E-05   314.1758    
  8.2582585E-05   313.4558    
  8.3583567E-05   313.3046    
  8.4584601E-05   312.3151    
  8.5585576E-05   311.1262    
  8.6586610E-05   311.3323    
  8.7587592E-05   312.9788    
  8.8588575E-05   313.8861    
  8.9589608E-05   312.3850    
  9.0590642E-05   309.4474    
  9.1591573E-05   307.9779    
  9.2592600E-05   309.7426    
  9.3593633E-05   313.8023    
  9.4594616E-05   318.1687    
  9.5595598E-05   322.3680    
  9.6596581E-05   327.2539    
  9.7597615E-05   332.6123    
  9.8598641E-05   336.2204    
  9.9599580E-05   336.4769    
  1.0060061E-04   335.3360    
  1.0160164E-04   337.7077    
  1.0260257E-04   346.3627    
  1.0360360E-04   358.7487    
  1.0460464E-04   369.3536    
  1.0560562E-04   375.3991    
  1.0660660E-04   379.4492    
  1.0760763E-04   386.0592    
  1.0860861E-04   396.9749    
  1.0960965E-04   409.9109    
  1.1061063E-04   422.8949    
  1.1161161E-04   436.5519    
  1.1261264E-04   452.8807    
  1.1361362E-04   471.9978    
  1.1461460E-04   492.2429    
  1.1561564E-04   514.0995    
  1.1661662E-04   541.5753    
  1.1761760E-04   578.0617    
  1.1861863E-04   620.6802    
  1.1961962E-04   661.2250    
  1.2062064E-04   694.2916    
  1.2162163E-04   724.0008    
  1.2262262E-04   760.5765    
  1.2362364E-04   809.8925    
  1.2462467E-04   868.1557    
  1.2562561E-04   928.7776    
  1.2662663E-04   993.2878    
  1.2762767E-04   1072.340    
  1.2862866E-04   1175.298    
  1.2962964E-04   1301.036    
  1.3063067E-04   1442.479    
  1.3163165E-04   1600.144    
  1.3263263E-04   1787.598    
  1.3363361E-04   2020.612    
  1.3463464E-04   2303.385    
  1.3563568E-04   2631.311    
  1.3663661E-04   3010.353    
  1.3763765E-04   3470.473    
  1.3863867E-04   4054.623    
  1.3963965E-04   4795.347    
  1.4064064E-04   5709.283    
  1.4164166E-04   6818.790    
  1.4264265E-04   8165.907    
  1.4364369E-04   9773.467    
  1.4464467E-04   11555.89    
  1.4564565E-04   13254.51    
  1.4664668E-04   14481.77    
  1.4764770E-04   14883.21    
  1.4864864E-04   14324.42    
  1.4964967E-04   12967.42    
  1.5065065E-04   11181.79    
  1.5165163E-04   9355.172    
  1.5265266E-04   7737.135    
  1.5365364E-04   6403.688    
  1.5465468E-04   5324.974    
  1.5565567E-04   4452.516    
  1.5665665E-04   3756.605    
  1.5765768E-04   3214.047    
  1.5865870E-04   2789.124    
  1.5965964E-04   2438.615    
  1.6066067E-04   2132.547    
  1.6166171E-04   1863.672    
  1.6266269E-04   1636.544    
  1.6366367E-04   1450.745    
  1.6466470E-04   1297.115    
  1.6566568E-04   1166.112    
  1.6666666E-04   1054.858    
  1.6766769E-04   964.1149    
  1.6866867E-04   891.0082    
  1.6966971E-04   827.9601    
  1.7067064E-04   768.3104    
  1.7167168E-04   711.0110    
  1.7267271E-04   658.0916    
  1.7367369E-04   609.7120    
  1.7467467E-04   563.3235    
  1.7567570E-04   518.2011    
  1.7667668E-04   478.0152    
  1.7767772E-04   446.8582    
  1.7867870E-04   423.6764    
  1.7967969E-04   401.9765    
  1.8068071E-04   376.4377    
  1.8168174E-04   348.3914    
  1.8268268E-04   324.0071    
  1.8368370E-04   306.9772    
  1.8468474E-04   294.7542    
  1.8568567E-04   281.8974    
  1.8668671E-04   266.5287    
  1.8768769E-04   251.6488    
  1.8868872E-04   240.4900    
  1.8968970E-04   232.2097    
  1.9069068E-04   223.2189    
  1.9169171E-04   211.5654    
  1.9269275E-04   199.0243    
  1.9369368E-04   187.9196    
  1.9469472E-04   177.7818    
  1.9569574E-04   166.3215    
  1.9669672E-04   153.7569    
  1.9769771E-04   144.1623    
  1.9869873E-04   141.5528    
  1.9969972E-04   145.0402    
  2.0070070E-04   149.0467    
  2.0170174E-04   148.9328    
  2.0270271E-04   145.3372    
  2.0370375E-04   142.5859    
  2.0470467E-04   142.7663    
  2.0570571E-04   143.0611    
  2.0670674E-04   139.2765    
  2.0770772E-04   130.7714    
  2.0870871E-04   121.3882    
  2.0970973E-04   115.2832    
  2.1071071E-04   112.9525    
  2.1171175E-04   112.0541    
  2.1271274E-04   111.2546    
  2.1371372E-04   111.6494    
  2.1471475E-04   114.3274    
  2.1571573E-04   117.3267    
  2.1671671E-04   116.7692    
  2.1771774E-04   110.9953    
  2.1871878E-04   102.6257    
  2.1971970E-04   95.96274    
  2.2072074E-04   92.65664    
  2.2172177E-04   90.60733    
  2.2272275E-04   87.41953    
  2.2372373E-04   83.54333    
  2.2472472E-04   81.54731    
  2.2572574E-04   82.45969    
  2.2672678E-04   84.02332    
  2.2772771E-04   83.18878    
  2.2872875E-04   79.81509    
  2.2972978E-04   76.80149    
  2.3073076E-04   76.74899    
  2.3173174E-04   78.90253    
  2.3273277E-04   80.28134    
  2.3373375E-04   79.20801    
  2.3473473E-04   76.73241    
  2.3573577E-04   74.71912    
  2.3673676E-04   73.06739    
  2.3773778E-04   69.97467    
  2.3873876E-04   64.90017    
  2.3973975E-04   60.06464    
  2.4074077E-04   58.49080    
  2.4174176E-04   60.56704    
  2.4274274E-04   63.34168    
  2.4374378E-04   63.47067    
  2.4474476E-04   60.26040    
  2.4574579E-04   55.72568    
  2.4674676E-04   51.87181    
  2.4774775E-04   48.67358    
  2.4874878E-04   45.10218    
  2.4974978E-04   41.11422    
  2.5075075E-04   38.00451    
  2.5175177E-04   36.54646    
  2.5275280E-04   35.70842    
  2.5375374E-04   33.94046    
  2.5475476E-04   31.20739    
  2.5575582E-04   29.47140    
  2.5675679E-04   30.33120    
  2.5775778E-04   33.10701    
  2.5875881E-04   35.38442    
  2.5975978E-04   35.78178    
  2.6076080E-04   35.30103    
  2.6176174E-04   35.82257    
  2.6276277E-04   37.61475    
  2.6376382E-04   39.16635    
  2.6476473E-04   39.18737    
  2.6576579E-04   38.46172    
  2.6676682E-04   38.90108    
  2.6776778E-04   41.05747    
  2.6876878E-04   43.13151    
  2.6976981E-04   42.90796    
  2.7077078E-04   40.13635    
  2.7177183E-04   36.81216    
  2.7277280E-04   34.90294    
  2.7377377E-04   34.46270    
  2.7477482E-04   34.18871    
  2.7577585E-04   33.44838    
  2.7677679E-04   33.06792    
  2.7777781E-04   33.95823    
  2.7877878E-04   35.77569    
  2.7977981E-04   37.15619    
  2.8078081E-04   37.46656    
  2.8178177E-04   37.51970    
  2.8278283E-04   38.38467    
  2.8378380E-04   39.79325    
  2.8478479E-04   40.29821    
  2.8578582E-04   39.15990    
  2.8678685E-04   37.34574    
  2.8778779E-04   36.45497    
  2.8878881E-04   36.71136    
  2.8978984E-04   36.60188    
  2.9079083E-04   34.74666    
  2.9179180E-04   31.75409    
  2.9279283E-04   29.77176    
  2.9379383E-04   30.01538    
  2.9479485E-04   31.46838    
  2.9579582E-04   31.97215    
  2.9679682E-04   30.63890    
  2.9779784E-04   28.67138    
  2.9879878E-04   27.67439    
  2.9979981E-04   27.89749    
  3.0080084E-04   28.17270    
  3.0180183E-04   27.54014    
  3.0280280E-04   26.28385    
  3.0380383E-04   25.29491    
  3.0480482E-04   24.60614    
  3.0580585E-04   23.37445    
  3.0680685E-04   21.11944    
  3.0780782E-04   18.61395    
  3.0880884E-04   17.17328    
  3.0980987E-04   17.07936    
  3.1081081E-04   17.27270    
  3.1181183E-04   16.69562    
  3.1281289E-04   15.72279    
  3.1381386E-04   15.68989    
  3.1481485E-04   17.39061    
  3.1581582E-04   19.99535    
  3.1681685E-04   22.00673    
  3.1781784E-04   22.80694    
  3.1881881E-04   23.00111    
  3.1981984E-04   23.25058    
  3.2082089E-04   23.29360    
  3.2182180E-04   22.29112    
  3.2282286E-04   20.22687    
  3.2382389E-04   18.11824    
  3.2482485E-04   17.05446    
  3.2582585E-04   16.89613    
  3.2682688E-04   16.51963    
  3.2782785E-04   15.29851    
  3.2882890E-04   13.85880    
  3.2982987E-04   13.22578    
  3.3083084E-04   13.56284    
  3.3183189E-04   13.99195    
  3.3283292E-04   13.75650    
  3.3383386E-04   13.26955    
  3.3483488E-04   13.45050    
  3.3583582E-04   14.41434    
  3.3683685E-04   15.24093    
  3.3783788E-04   15.01669    
  3.3883881E-04   14.21641    
  3.3983984E-04   14.10613    
  3.4084087E-04   15.28207    
  3.4184189E-04   16.73040    
  3.4284283E-04   16.88048    
  3.4384386E-04   15.36227    
  3.4484488E-04   13.40721    
  3.4584594E-04   12.35361    
  3.4684685E-04   12.18024    
  3.4784790E-04   11.82934    
  3.4884893E-04   10.72812    
  3.4984987E-04   9.689435    
  3.5085090E-04   9.887044    
  3.5185184E-04   11.27238    
  3.5285286E-04   12.37642    
  3.5385389E-04   11.82905    
  3.5485491E-04   9.929073    
  3.5585594E-04   8.268861    
  3.5685697E-04   8.006347    
  3.5785782E-04   8.813762    
  3.5885884E-04   9.457169    
  3.5985987E-04   9.249461    
  3.6086090E-04   8.592319    
  3.6186195E-04   8.084945    
  3.6286286E-04   7.713926    
  3.6386392E-04   6.968442    
  3.6486483E-04   5.801149    
  3.6586588E-04   4.855175    
  3.6686691E-04   4.819458    
  3.6786793E-04   5.638335    
  3.6886887E-04   6.696830    
  3.6986990E-04   7.670302    
  3.7087093E-04   8.877877    
  3.7187195E-04   10.52299    
  3.7287289E-04   12.03147    
  3.7387392E-04   12.43258    
  3.7487486E-04   11.41222    
  3.7587588E-04   9.869106    
  3.7687691E-04   8.960667    
  3.7787796E-04   8.925128    
  3.7887899E-04   8.920549    
  3.7987981E-04   8.252696    
  3.8088084E-04   7.378792    
  3.8188187E-04   7.444088    
  3.8288292E-04   8.865193    
  3.8388395E-04   10.68352    
  3.8488497E-04   11.49953    
  3.8588591E-04   10.96638    
  3.8688694E-04   9.957283    
  3.8788788E-04   9.466791    
  3.8888890E-04   9.550313    
  3.8988993E-04   9.481104    
  3.9089096E-04   8.878572    
  3.9189190E-04   8.148520    
  3.9289292E-04   7.782147    
  3.9389395E-04   7.596062    
  3.9489500E-04   7.022069    
  3.9589591E-04   6.059473    
  3.9689685E-04   5.625854    
  3.9789788E-04   6.570765    
  3.9889893E-04   8.489093    
  3.9989996E-04   9.833202    
  4.0090099E-04   9.515402    
  4.0190201E-04   8.003419    
  4.0290286E-04   6.839513    
  4.0390389E-04   6.974490    
  4.0490492E-04   7.948562    
  4.0590594E-04   8.737311    
  4.0690697E-04   9.077652    
  4.0790800E-04   9.656313    
  4.0890893E-04   10.94716    
  4.0990996E-04   12.38667    
  4.1091090E-04   12.92418    
  4.1191193E-04   12.32085    
  4.1291298E-04   11.48001    
  4.1391401E-04   11.31784    
  4.1491495E-04   11.57378    
  4.1591597E-04   11.18506    
  4.1691700E-04   9.632560    
  4.1791794E-04   7.862839    
  4.1891896E-04   7.309958    
  4.1991990E-04   8.337572    
  4.2092093E-04   9.729623    
  4.2192196E-04   10.05673    
  4.2292298E-04   9.184348    
  4.2392401E-04   8.179812    
  4.2492506E-04   8.060034    
  4.2592589E-04   8.643073    
  4.2692691E-04   9.079708    
  4.2792794E-04   8.961975    
  4.2892896E-04   8.726879    
  4.2993002E-04   8.876670    
  4.3093105E-04   9.057034    
  4.3193199E-04   8.476271    
  4.3293289E-04   6.979709    
  4.3393395E-04   5.503882    
  4.3493498E-04   5.167098    
  4.3593600E-04   5.986129    
  4.3693694E-04   6.888597    
  4.3793797E-04   6.819198    
  4.3893899E-04   5.852304    
  4.3994002E-04   4.878602    
  4.4094096E-04   4.490878    
  4.4194199E-04   4.374231    
  4.4294292E-04   4.020044    
  4.4394395E-04   3.509210    
  4.4494498E-04   3.561152    
  4.4594603E-04   4.671112    
  4.4694706E-04   6.401489    
  4.4794808E-04   7.866384    
  4.4894891E-04   8.709352    
  4.4994996E-04   9.206017    
  4.5095099E-04   9.760908    
  4.5195202E-04   10.14482    
  4.5295304E-04   9.845946    
  4.5395398E-04   8.784441    
  4.5495501E-04   7.573274    
  4.5595595E-04   6.872028    
  4.5695697E-04   6.614928    
  4.5795800E-04   6.182879    
  4.5895902E-04   5.343566    
  4.5995996E-04   4.608578    
  4.6096099E-04   4.774418    
  4.6196204E-04   5.854776    
  4.6296307E-04   7.036053    
  4.6396401E-04   7.469911    
  4.6496504E-04   7.185634    
  4.6596595E-04   6.837266    
  4.6696700E-04   6.854379    
  4.6796803E-04   6.936182    
  4.6896905E-04   6.587952    
  4.6997008E-04   5.874993    
  4.7097093E-04   5.470465    
  4.7197196E-04   5.845877    
  4.7297298E-04   6.665082    
  4.7397401E-04   7.208884    
  4.7497504E-04   7.157353    
  4.7597609E-04   6.906556    
  4.7697700E-04   6.928813    
  4.7797806E-04   7.088527    
  4.7897897E-04   6.827921    
  4.7997999E-04   5.897799    
  4.8098105E-04   4.808585    
  4.8198208E-04   4.242255    
  4.8298301E-04   4.312953    
  4.8398404E-04   4.454219    
  4.8498507E-04   4.203765    
  4.8598601E-04   3.692435    
  4.8698703E-04   3.433439    
  4.8798806E-04   3.565534    
  4.8898900E-04   3.636103    
  4.8999005E-04   3.271955    
  4.9099105E-04   2.715803    
  4.9199210E-04   2.627360    
  4.9299310E-04   3.262349    
  4.9399398E-04   4.094207    
  4.9499498E-04   4.429060    
  4.9599604E-04   4.224260    
  4.9699703E-04   4.147785    
  4.9799809E-04   4.704025    
  4.9899908E-04   5.596232    
  5.0000002E-04   6.114888    
