 -5.0000002E-04   7.864318    
 -4.9899908E-04   8.008575    
 -4.9799803E-04   8.173849    
 -4.9699703E-04   8.339213    
 -4.9599604E-04   8.464422    
 -4.9499504E-04   8.511371    
 -4.9399404E-04   8.465201    
 -4.9299304E-04   8.348964    
 -4.9199205E-04   8.235833    
 -4.9099105E-04   8.230110    
 -4.8999005E-04   8.423545    
 -4.8898906E-04   8.859600    
 -4.8798800E-04   9.489289    
 -4.8698703E-04   10.18992    
 -4.8598603E-04   10.80288    
 -4.8498501E-04   11.17600    
 -4.8398404E-04   11.24537    
 -4.8298301E-04   11.03044    
 -4.8198202E-04   10.62531    
 -4.8098105E-04   10.14880    
 -4.7997999E-04   9.684267    
 -4.7897903E-04   9.260301    
 -4.7797806E-04   8.851708    
 -4.7697700E-04   8.415132    
 -4.7597603E-04   7.949154    
 -4.7497501E-04   7.505521    
 -4.7397401E-04   7.184673    
 -4.7297304E-04   7.091604    
 -4.7197202E-04   7.302641    
 -4.7097102E-04   7.804087    
 -4.6996999E-04   8.536532    
 -4.6896900E-04   9.391978    
 -4.6796803E-04   10.28138    
 -4.6696700E-04   11.14613    
 -4.6596600E-04   11.96792    
 -4.6496504E-04   12.73176    
 -4.6396401E-04   13.41448    
 -4.6296301E-04   13.96317    
 -4.6196199E-04   14.31164    
 -4.6096099E-04   14.40372    
 -4.5996002E-04   14.23439    
 -4.5895900E-04   13.85042    
 -4.5795800E-04   13.34791    
 -4.5695697E-04   12.82217    
 -4.5595600E-04   12.36107    
 -4.5495501E-04   12.02522    
 -4.5395398E-04   11.83726    
 -4.5295298E-04   11.82047    
 -4.5195202E-04   11.97224    
 -4.5095099E-04   12.27207    
 -4.4994999E-04   12.65718    
 -4.4894897E-04   13.01435    
 -4.4794800E-04   13.20307    
 -4.4694700E-04   13.09019    
 -4.4594597E-04   12.63418    
 -4.4494498E-04   11.90808    
 -4.4394401E-04   11.09547    
 -4.4294298E-04   10.43493    
 -4.4194199E-04   10.12764    
 -4.4094096E-04   10.24858    
 -4.3993999E-04   10.73737    
 -4.3893899E-04   11.41497    
 -4.3793797E-04   12.09350    
 -4.3693697E-04   12.64458    
 -4.3593600E-04   13.05439    
 -4.3493498E-04   13.40299    
 -4.3393398E-04   13.78940    
 -4.3293295E-04   14.25133    
 -4.3193199E-04   14.72958    
 -4.3093093E-04   15.08242    
 -4.2992996E-04   15.17299    
 -4.2892896E-04   14.93214    
 -4.2792794E-04   14.42165    
 -4.2692697E-04   13.80278    
 -4.2592597E-04   13.27016    
 -4.2492495E-04   12.95537    
 -4.2392398E-04   12.87340    
 -4.2292298E-04   12.93511    
 -4.2192196E-04   12.99150    
 -4.2092099E-04   12.93736    
 -4.1991993E-04   12.75574    
 -4.1891896E-04   12.52928    
 -4.1791797E-04   12.39561    
 -4.1691694E-04   12.47703    
 -4.1591597E-04   12.83535    
 -4.1491495E-04   13.43149    
 -4.1391395E-04   14.18121    
 -4.1291295E-04   14.95155    
 -4.1191195E-04   15.63269    
 -4.1091096E-04   16.12840    
 -4.0990996E-04   16.36121    
 -4.0890893E-04   16.28257    
 -4.0790797E-04   15.86672    
 -4.0690694E-04   15.14752    
 -4.0590594E-04   14.24080    
 -4.0490495E-04   13.33031    
 -4.0390392E-04   12.61721    
 -4.0290295E-04   12.25066    
 -4.0190195E-04   12.27221    
 -4.0090093E-04   12.58660    
 -3.9989993E-04   13.01373    
 -3.9889893E-04   13.38201    
 -3.9789794E-04   13.58206    
 -3.9689694E-04   13.63932    
 -3.9589591E-04   13.68192    
 -3.9489495E-04   13.85375    
 -3.9389392E-04   14.25324    
 -3.9289292E-04   14.85778    
 -3.9189195E-04   15.56639    
 -3.9089093E-04   16.23975    
 -3.8988993E-04   16.77903    
 -3.8888893E-04   17.17093    
 -3.8788791E-04   17.45937    
 -3.8688694E-04   17.68267    
 -3.8588591E-04   17.81482    
 -3.8488492E-04   17.76522    
 -3.8388392E-04   17.41512    
 -3.8288292E-04   16.70434    
 -3.8188192E-04   15.72190    
 -3.8088090E-04   14.69230    
 -3.7987990E-04   13.93490    
 -3.7887890E-04   13.71046    
 -3.7787791E-04   14.11697    
 -3.7687691E-04   15.03652    
 -3.7587588E-04   16.18839    
 -3.7487491E-04   17.24218    
 -3.7387392E-04   17.96163    
 -3.7287292E-04   18.28162    
 -3.7187192E-04   18.31587    
 -3.7087090E-04   18.25203    
 -3.6986990E-04   18.26241    
 -3.6886890E-04   18.39728    
 -3.6786791E-04   18.59027    
 -3.6686691E-04   18.71268    
 -3.6586588E-04   18.66690    
 -3.6486489E-04   18.43466    
 -3.6386392E-04   18.10980    
 -3.6286289E-04   17.81395    
 -3.6186189E-04   17.65728    
 -3.6086090E-04   17.64347    
 -3.5985987E-04   17.71025    
 -3.5885890E-04   17.74263    
 -3.5785791E-04   17.66711    
 -3.5685688E-04   17.48788    
 -3.5585591E-04   17.27318    
 -3.5485488E-04   17.14723    
 -3.5385389E-04   17.19788    
 -3.5285289E-04   17.44736    
 -3.5185186E-04   17.84869    
 -3.5085090E-04   18.31831    
 -3.4984987E-04   18.78626    
 -3.4884887E-04   19.20594    
 -3.4784790E-04   19.58307    
 -3.4684685E-04   19.92240    
 -3.4584588E-04   20.21546    
 -3.4484488E-04   20.42729    
 -3.4384386E-04   20.48428    
 -3.4284289E-04   20.34842    
 -3.4184186E-04   20.01809    
 -3.4084087E-04   19.56730    
 -3.3983990E-04   19.11726    
 -3.3883884E-04   18.80262    
 -3.3783788E-04   18.74615    
 -3.3683688E-04   18.99478    
 -3.3583585E-04   19.53568    
 -3.3483488E-04   20.30258    
 -3.3383386E-04   21.18581    
 -3.3283286E-04   22.06211    
 -3.3183186E-04   22.83270    
 -3.3083084E-04   23.40388    
 -3.2982987E-04   23.73939    
 -3.2882884E-04   23.82840    
 -3.2782785E-04   23.71208    
 -3.2682685E-04   23.45555    
 -3.2582585E-04   23.14053    
 -3.2482485E-04   22.84160    
 -3.2382389E-04   22.62417    
 -3.2282286E-04   22.54841    
 -3.2182186E-04   22.66754    
 -3.2082087E-04   23.02658    
 -3.1981984E-04   23.65557    
 -3.1881887E-04   24.54368    
 -3.1781784E-04   25.61722    
 -3.1681685E-04   26.74229    
 -3.1581585E-04   27.76289    
 -3.1481485E-04   28.55619    
 -3.1381386E-04   29.09355    
 -3.1281283E-04   29.45015    
 -3.1181183E-04   29.78775    
 -3.1081084E-04   30.27436    
 -3.0980984E-04   30.99816    
 -3.0880884E-04   31.91674    
 -3.0780784E-04   32.87154    
 -3.0680685E-04   33.66735    
 -3.0580585E-04   34.16986    
 -3.0480482E-04   34.38811    
 -3.0380383E-04   34.46256    
 -3.0280283E-04   34.59187    
 -3.0180183E-04   34.92921    
 -3.0080084E-04   35.49833    
 -2.9979981E-04   36.15585    
 -2.9879884E-04   36.68967    
 -2.9779781E-04   36.91019    
 -2.9679682E-04   36.78964    
 -2.9579582E-04   36.43683    
 -2.9479479E-04   36.08511    
 -2.9379383E-04   35.94040    
 -2.9279280E-04   36.07451    
 -2.9179180E-04   36.41323    
 -2.9079083E-04   36.75220    
 -2.8978981E-04   36.92033    
 -2.8878881E-04   36.86305    
 -2.8778781E-04   36.68850    
 -2.8678682E-04   36.63592    
 -2.8578579E-04   36.94437    
 -2.8478479E-04   37.72975    
 -2.8378383E-04   38.92895    
 -2.8278283E-04   40.33480    
 -2.8178180E-04   41.67874    
 -2.8078081E-04   42.77414    
 -2.7977981E-04   43.56278    
 -2.7877878E-04   44.09410    
 -2.7777781E-04   44.48800    
 -2.7677679E-04   44.82803    
 -2.7577582E-04   45.11494    
 -2.7477479E-04   45.30800    
 -2.7377380E-04   45.35740    
 -2.7277280E-04   45.28508    
 -2.7177180E-04   45.17746    
 -2.7077078E-04   45.12899    
 -2.6976981E-04   45.20867    
 -2.6876878E-04   45.37053    
 -2.6776778E-04   45.48739    
 -2.6676682E-04   45.39289    
 -2.6576579E-04   45.01020    
 -2.6476479E-04   44.39488    
 -2.6376380E-04   43.74475    
 -2.6276280E-04   43.32971    
 -2.6176177E-04   43.37625    
 -2.6076080E-04   43.95404    
 -2.5975978E-04   44.98447    
 -2.5875878E-04   46.25031    
 -2.5775778E-04   47.52180    
 -2.5675679E-04   48.61033    
 -2.5575579E-04   49.43222    
 -2.5475476E-04   49.99589    
 -2.5375377E-04   50.34636    
 -2.5275280E-04   50.54686    
 -2.5175174E-04   50.65069    
 -2.5075077E-04   50.72899    
 -2.4974978E-04   50.87327    
 -2.4874875E-04   51.20308    
 -2.4774778E-04   51.81991    
 -2.4674676E-04   52.76423    
 -2.4574579E-04   53.97305    
 -2.4474476E-04   55.31451    
 -2.4374378E-04   56.63781    
 -2.4274277E-04   57.86120    
 -2.4174176E-04   59.00347    
 -2.4074076E-04   60.17331    
 -2.3973978E-04   61.45593    
 -2.3873876E-04   62.85442    
 -2.3773775E-04   64.24217    
 -2.3673676E-04   65.39070    
 -2.3573577E-04   66.07940    
 -2.3473473E-04   66.24066    
 -2.3373375E-04   65.98867    
 -2.3273277E-04   65.61836    
 -2.3173174E-04   65.45040    
 -2.3073076E-04   65.68914    
 -2.2972975E-04   66.32825    
 -2.2872876E-04   67.16266    
 -2.2772774E-04   67.92871    
 -2.2672676E-04   68.47203    
 -2.2572574E-04   68.87253    
 -2.2472475E-04   69.43192    
 -2.2372373E-04   70.54030    
 -2.2272275E-04   72.46489    
 -2.2172173E-04   75.20588    
 -2.2072074E-04   78.39816    
 -2.1971973E-04   81.44944    
 -2.1871875E-04   83.76794    
 -2.1771772E-04   84.94877    
 -2.1671674E-04   84.95564    
 -2.1571576E-04   84.09772    
 -2.1471472E-04   82.93478    
 -2.1371373E-04   82.03234    
 -2.1271274E-04   81.82887    
 -2.1171173E-04   82.52152    
 -2.1071071E-04   84.05534    
 -2.0970973E-04   86.18729    
 -2.0870873E-04   88.60077    
 -2.0770772E-04   90.99920    
 -2.0670671E-04   93.17380    
 -2.0570573E-04   95.04975    
 -2.0470470E-04   96.70190    
 -2.0370372E-04   98.34239    
 -2.0270271E-04   100.2719    
 -2.0170174E-04   102.8193    
 -2.0070070E-04   106.1857    
 -1.9969972E-04   110.3934    
 -1.9869873E-04   115.2434    
 -1.9769771E-04   120.3443    
 -1.9669672E-04   125.1995    
 -1.9569571E-04   129.3997    
 -1.9469472E-04   132.7185    
 -1.9369370E-04   135.1828    
 -1.9269272E-04   137.0145    
 -1.9169171E-04   138.5381    
 -1.9069071E-04   140.0846    
 -1.8968970E-04   141.9003    
 -1.8868872E-04   144.0823    
 -1.8768769E-04   146.6766    
 -1.8668671E-04   149.6421    
 -1.8568570E-04   152.9497    
 -1.8468469E-04   156.5851    
 -1.8368370E-04   160.5421    
 -1.8268271E-04   164.8223    
 -1.8168172E-04   169.3862    
 -1.8068068E-04   174.1640    
 -1.7967970E-04   179.0128    
 -1.7867870E-04   183.7319    
 -1.7767769E-04   188.0226    
 -1.7667668E-04   191.5854    
 -1.7567570E-04   194.1648    
 -1.7467470E-04   195.7019    
 -1.7367369E-04   196.3915    
 -1.7267268E-04   196.7336    
 -1.7167169E-04   197.3631    
 -1.7067067E-04   198.9187    
 -1.6966969E-04   201.7348    
 -1.6866867E-04   205.7371    
 -1.6766768E-04   210.4144    
 -1.6666669E-04   215.0295    
 -1.6566568E-04   218.9155    
 -1.6466470E-04   221.7696    
 -1.6366367E-04   223.7734    
 -1.6266269E-04   225.5574    
 -1.6166168E-04   227.8915    
 -1.6066067E-04   231.4063    
 -1.5965967E-04   236.3442    
 -1.5865869E-04   242.5269    
 -1.5765765E-04   249.5164    
 -1.5665666E-04   256.8224    
 -1.5565567E-04   264.1386    
 -1.5465468E-04   271.3603    
 -1.5365364E-04   278.5013    
 -1.5265266E-04   285.4924    
 -1.5165166E-04   292.0567    
 -1.5065065E-04   297.7446    
 -1.4964967E-04   302.1158    
 -1.4864867E-04   305.0097    
 -1.4764769E-04   306.7060    
 -1.4664665E-04   307.9188    
 -1.4564567E-04   309.5685    
 -1.4464467E-04   312.4055    
 -1.4364366E-04   316.7468    
 -1.4264265E-04   322.3054    
 -1.4164166E-04   328.4370    
 -1.4064064E-04   334.4143    
 -1.3963965E-04   339.7826    
 -1.3863864E-04   344.6025    
 -1.3763766E-04   349.3536    
 -1.3663663E-04   354.7068    
 -1.3563565E-04   361.1953    
 -1.3463464E-04   368.9442    
 -1.3363364E-04   377.6559    
 -1.3263266E-04   386.8163    
 -1.3163165E-04   395.9310    
 -1.3063064E-04   404.8100    
 -1.2962964E-04   413.6691    
 -1.2862866E-04   422.9940    
 -1.2762765E-04   433.2758    
 -1.2662663E-04   444.8127    
 -1.2562564E-04   457.5916    
 -1.2462465E-04   471.3352    
 -1.2362361E-04   485.7063    
 -1.2262263E-04   500.6176    
 -1.2162163E-04   516.3198    
 -1.2062062E-04   533.4155    
 -1.1961962E-04   552.6317    
 -1.1861863E-04   574.5429    
 -1.1761765E-04   599.3135    
 -1.1661662E-04   626.5212    
 -1.1561564E-04   655.3464    
 -1.1461463E-04   684.8229    
 -1.1361362E-04   714.2087    
 -1.1261262E-04   743.3412    
 -1.1161163E-04   772.7067    
 -1.1061063E-04   803.3161    
 -1.0960962E-04   836.3551    
 -1.0860861E-04   872.7415    
 -1.0760763E-04   912.7797    
 -1.0660660E-04   956.0806    
 -1.0560562E-04   1001.810    
 -1.0460461E-04   1049.093    
 -1.0360360E-04   1097.622    
 -1.0260260E-04   1147.925    
 -1.0160162E-04   1201.360    
 -1.0060064E-04   1259.701    
 -9.9599602E-05   1324.451    
 -9.8598619E-05   1396.236    
 -9.7597615E-05   1474.524    
 -9.6596603E-05   1557.822    
 -9.5595598E-05   1644.289    
 -9.4594616E-05   1732.607    
 -9.3593582E-05   1822.765    
 -9.2592600E-05   1916.211    
 -9.1591595E-05   2015.595    
 -9.0590613E-05   2124.064    
 -8.9589579E-05   2244.372    
 -8.8588597E-05   2378.303    
 -8.7587592E-05   2526.622    
 -8.6586588E-05   2689.386    
 -8.5585576E-05   2866.684    
 -8.4584601E-05   3059.238    
 -8.3583567E-05   3268.688    
 -8.2582585E-05   3497.428    
 -8.1581602E-05   3748.194    
 -8.0580619E-05   4023.482    
 -7.9579586E-05   4325.388    
 -7.8578603E-05   4655.261    
 -7.7577577E-05   5014.288    
 -7.6576594E-05   5403.336    
 -7.5575561E-05   5823.110    
 -7.4574578E-05   6273.608    
 -7.3573596E-05   6753.713    
 -7.2572562E-05   7260.561    
 -7.1571536E-05   7789.084    
 -7.0570597E-05   8332.097    
 -6.9569571E-05   8880.804    
 -6.8568588E-05   9424.619    
 -6.7567606E-05   9951.452    
 -6.6566572E-05   10447.57    
 -6.5565589E-05   10897.00    
 -6.4564556E-05   11282.18    
 -6.3563581E-05   11584.15    
 -6.2562598E-05   11785.15    
 -6.1561565E-05   11870.83    
 -6.0560531E-05   11833.15    
 -5.9559599E-05   11672.60    
 -5.8558566E-05   11398.55    
 -5.7557536E-05   11028.42    
 -5.6556553E-05   10584.82    
 -5.5555571E-05   10091.97    
 -5.4554541E-05   9572.284    
 -5.3553558E-05   9044.242    
 -5.2552525E-05   8521.013    
 -5.1551593E-05   8011.271    
 -5.0550563E-05   7520.161    
 -4.9549530E-05   7051.091    
 -4.8548598E-05   6606.597    
 -4.7547564E-05   6188.620    
 -4.6546535E-05   5798.516    
 -4.5545552E-05   5436.656    
 -4.4544569E-05   5102.153    
 -4.3543540E-05   4793.270    
 -4.2542557E-05   4508.009    
 -4.1541523E-05   4244.605    
 -4.0540544E-05   4002.187    
 -3.9539562E-05   3780.311    
 -3.8538528E-05   3578.754    
 -3.7537498E-05   3396.719    
 -3.6536563E-05   3232.474    
 -3.5535533E-05   3083.303    
 -3.4534503E-05   2946.109    
 -3.3533568E-05   2818.191    
 -3.2532538E-05   2697.888    
 -3.1531556E-05   2584.771    
 -3.0530522E-05   2479.427    
 -2.9529541E-05   2382.729    
 -2.8528559E-05   2295.054    
 -2.7527529E-05   2215.787    
 -2.6526497E-05   2143.390    
 -2.5525564E-05   2075.777    
 -2.4524532E-05   2011.139    
 -2.3523500E-05   1948.389    
 -2.2522518E-05   1887.511    
 -2.1521537E-05   1829.347    
 -2.0520505E-05   1775.105    
 -1.9519523E-05   1725.475    
 -1.8518491E-05   1680.963    
 -1.7517508E-05   1641.098    
 -1.6516527E-05   1605.041    
 -1.5515496E-05   1572.119    
 -1.4514562E-05   1541.744    
 -1.3513531E-05   1513.725    
 -1.2512499E-05   1488.203    
 -1.1511517E-05   1465.031    
 -1.0510535E-05   1444.137    
 -9.5095029E-06   1425.297    
 -8.5085212E-06   1408.356    
 -7.5074895E-06   1393.242    
 -6.5065074E-06   1380.401    
 -5.5055252E-06   1370.222    
 -4.5044940E-06   1363.019    
 -3.5034623E-06   1358.808    
 -2.5025295E-06   1356.918    
 -1.5014979E-06   1356.369    
 -5.0046629E-07   1357.095    
  5.0046629E-07   1357.091    
  1.5014979E-06   1356.373    
  2.5025295E-06   1356.908    
  3.5035116E-06   1358.774    
  4.5044940E-06   1363.021    
  5.5054761E-06   1370.240    
  6.5065074E-06   1380.415    
  7.5075391E-06   1393.260    
  8.5084721E-06   1408.299    
  9.5095029E-06   1425.308    
  1.0510535E-05   1444.145    
  1.1511517E-05   1465.016    
  1.2512499E-05   1488.214    
  1.3513531E-05   1513.733    
  1.4514513E-05   1541.747    
  1.5515496E-05   1572.125    
  1.6516527E-05   1605.061    
  1.7517508E-05   1641.083    
  1.8518540E-05   1680.931    
  1.9519523E-05   1725.479    
  2.0520505E-05   1775.076    
  2.1521537E-05   1829.350    
  2.2522518E-05   1887.516    
  2.3523500E-05   1948.399    
  2.4524532E-05   2011.145    
  2.5525515E-05   2075.773    
  2.6526546E-05   2143.370    
  2.7527529E-05   2215.781    
  2.8528510E-05   2295.021    
  2.9529541E-05   2382.735    
  3.0530573E-05   2479.421    
  3.1531505E-05   2584.777    
  3.2532538E-05   2697.889    
  3.3533568E-05   2818.183    
  3.4534503E-05   2946.114    
  3.5535533E-05   3083.292    
  3.6536563E-05   3232.481    
  3.7537546E-05   3396.735    
  3.8538528E-05   3578.759    
  3.9539562E-05   3780.318    
  4.0540544E-05   4002.185    
  4.1541574E-05   4244.627    
  4.2542506E-05   4507.985    
  4.3543540E-05   4793.271    
  4.4544569E-05   5102.143    
  4.5545552E-05   5436.655    
  4.6546535E-05   5798.513    
  4.7547564E-05   6188.618    
  4.8548547E-05   6606.566    
  4.9549530E-05   7051.096    
  5.0550563E-05   7520.160    
  5.1551546E-05   8011.243    
  5.2552576E-05   8521.043    
  5.3553558E-05   9044.250    
  5.4554541E-05   9572.276    
  5.5555571E-05   10091.97    
  5.6556604E-05   10584.82    
  5.7557536E-05   11028.42    
  5.8558566E-05   11398.57    
  5.9559548E-05   11672.58    
  6.0560582E-05   11833.15    
  6.1561565E-05   11870.82    
  6.2562547E-05   11785.16    
  6.3563581E-05   11584.15    
  6.4564607E-05   11282.15    
  6.5565539E-05   10897.02    
  6.6566572E-05   10447.57    
  6.7567606E-05   9951.451    
  6.8568537E-05   9424.637    
  6.9569571E-05   8880.803    
  7.0570597E-05   8332.096    
  7.1571580E-05   7789.063    
  7.2572562E-05   7260.564    
  7.3573596E-05   6753.726    
  7.4574578E-05   6273.604    
  7.5575612E-05   5823.079    
  7.6576594E-05   5403.333    
  7.7577577E-05   5014.284    
  7.8578603E-05   4655.261    
  7.9579586E-05   4325.389    
  8.0580568E-05   4023.525    
  8.1581602E-05   3748.193    
  8.2582585E-05   3497.430    
  8.3583567E-05   3268.686    
  8.4584601E-05   3059.235    
  8.5585576E-05   2866.685    
  8.6586610E-05   2689.378    
  8.7587592E-05   2526.623    
  8.8588575E-05   2378.315    
  8.9589608E-05   2244.361    
  9.0590642E-05   2124.057    
  9.1591573E-05   2015.600    
  9.2592600E-05   1916.211    
  9.3593633E-05   1822.766    
  9.4594616E-05   1732.607    
  9.5595598E-05   1644.284    
  9.6596581E-05   1557.828    
  9.7597615E-05   1474.531    
  9.8598641E-05   1396.222    
  9.9599580E-05   1324.448    
  1.0060061E-04   1259.702    
  1.0160164E-04   1201.371    
  1.0260257E-04   1147.924    
  1.0360360E-04   1097.619    
  1.0460464E-04   1049.091    
  1.0560562E-04   1001.810    
  1.0660660E-04   956.0829    
  1.0760763E-04   912.7826    
  1.0860861E-04   872.7396    
  1.0960965E-04   836.3608    
  1.1061063E-04   803.3141    
  1.1161161E-04   772.7116    
  1.1261264E-04   743.3452    
  1.1361362E-04   714.2120    
  1.1461460E-04   684.8248    
  1.1561564E-04   655.3477    
  1.1661662E-04   626.5229    
  1.1761760E-04   599.3151    
  1.1861863E-04   574.5450    
  1.1961962E-04   552.6289    
  1.2062064E-04   533.4088    
  1.2162163E-04   516.3190    
  1.2262262E-04   500.6227    
  1.2362364E-04   485.7068    
  1.2462467E-04   471.3319    
  1.2562561E-04   457.5944    
  1.2662663E-04   444.8132    
  1.2762767E-04   433.2636    
  1.2862866E-04   422.9931    
  1.2962964E-04   413.6717    
  1.3063067E-04   404.8145    
  1.3163165E-04   395.9319    
  1.3263263E-04   386.8182    
  1.3363361E-04   377.6598    
  1.3463464E-04   368.9417    
  1.3563568E-04   361.1968    
  1.3663661E-04   354.7027    
  1.3763765E-04   349.3538    
  1.3863867E-04   344.6073    
  1.3963965E-04   339.7842    
  1.4064064E-04   334.4161    
  1.4164166E-04   328.4334    
  1.4264265E-04   322.3049    
  1.4364369E-04   316.7412    
  1.4464467E-04   312.4061    
  1.4564565E-04   309.5685    
  1.4664668E-04   307.9138    
  1.4764770E-04   306.7014    
  1.4864864E-04   305.0070    
  1.4964967E-04   302.1160    
  1.5065065E-04   297.7437    
  1.5165163E-04   292.0570    
  1.5265266E-04   285.4919    
  1.5365364E-04   278.5027    
  1.5465468E-04   271.3602    
  1.5565567E-04   264.1368    
  1.5665665E-04   256.8199    
  1.5765768E-04   249.5174    
  1.5865870E-04   242.5313    
  1.5965964E-04   236.3428    
  1.6066067E-04   231.4064    
  1.6166171E-04   227.8897    
  1.6266269E-04   225.5571    
  1.6366367E-04   223.7718    
  1.6466470E-04   221.7701    
  1.6566568E-04   218.9140    
  1.6666666E-04   215.0300    
  1.6766769E-04   210.4159    
  1.6866867E-04   205.7364    
  1.6966971E-04   201.7352    
  1.7067064E-04   198.9216    
  1.7167168E-04   197.3649    
  1.7267271E-04   196.7273    
  1.7367369E-04   196.3899    
  1.7467467E-04   195.6989    
  1.7567570E-04   194.1633    
  1.7667668E-04   191.5859    
  1.7767772E-04   188.0234    
  1.7867870E-04   183.7303    
  1.7967969E-04   179.0144    
  1.8068071E-04   174.1591    
  1.8168174E-04   169.3869    
  1.8268268E-04   164.8205    
  1.8368370E-04   160.5412    
  1.8468474E-04   156.5864    
  1.8568567E-04   152.9499    
  1.8668671E-04   149.6413    
  1.8768769E-04   146.6756    
  1.8868872E-04   144.0805    
  1.8968970E-04   141.8993    
  1.9069068E-04   140.0873    
  1.9169171E-04   138.5372    
  1.9269275E-04   137.0070    
  1.9369368E-04   135.1860    
  1.9469472E-04   132.7181    
  1.9569574E-04   129.3982    
  1.9669672E-04   125.2004    
  1.9769771E-04   120.3436    
  1.9869873E-04   115.2456    
  1.9969972E-04   110.3952    
  2.0070070E-04   106.1835    
  2.0170174E-04   102.8183    
  2.0270271E-04   100.2738    
  2.0370375E-04   98.33752    
  2.0470467E-04   96.69686    
  2.0570571E-04   95.04876    
  2.0670674E-04   93.17538    
  2.0770772E-04   90.99930    
  2.0870871E-04   88.59481    
  2.0970973E-04   86.18729    
  2.1071071E-04   84.05379    
  2.1171175E-04   82.52151    
  2.1271274E-04   81.82973    
  2.1371372E-04   82.03124    
  2.1471475E-04   82.93140    
  2.1571573E-04   84.09853    
  2.1671671E-04   84.95489    
  2.1771774E-04   84.94977    
  2.1871878E-04   83.76770    
  2.1971970E-04   81.45023    
  2.2072074E-04   78.39686    
  2.2172177E-04   75.20750    
  2.2272275E-04   72.46641    
  2.2372373E-04   70.53985    
  2.2472472E-04   69.42989    
  2.2572574E-04   68.87302    
  2.2672678E-04   68.47639    
  2.2772771E-04   67.93207    
  2.2872875E-04   67.16464    
  2.2972978E-04   66.32829    
  2.3073076E-04   65.68959    
  2.3173174E-04   65.45041    
  2.3273277E-04   65.61876    
  2.3373375E-04   65.98943    
  2.3473473E-04   66.23846    
  2.3573577E-04   66.08179    
  2.3673676E-04   65.39082    
  2.3773778E-04   64.24776    
  2.3873876E-04   62.85366    
  2.3973975E-04   61.45426    
  2.4074077E-04   60.17287    
  2.4174176E-04   59.00424    
  2.4274274E-04   57.86358    
  2.4374378E-04   56.63758    
  2.4474476E-04   55.31480    
  2.4574579E-04   53.97414    
  2.4674676E-04   52.76527    
  2.4774775E-04   51.81913    
  2.4874878E-04   51.20288    
  2.4974978E-04   50.87031    
  2.5075075E-04   50.72625    
  2.5175177E-04   50.65089    
  2.5275280E-04   50.54837    
  2.5375374E-04   50.34396    
  2.5475476E-04   49.99494    
  2.5575582E-04   49.43214    
  2.5675679E-04   48.60999    
  2.5775778E-04   47.52276    
  2.5875881E-04   46.25370    
  2.5975978E-04   44.98532    
  2.6076080E-04   43.95226    
  2.6176174E-04   43.37685    
  2.6276277E-04   43.33414    
  2.6376382E-04   43.74323    
  2.6476473E-04   44.39101    
  2.6576579E-04   45.00795    
  2.6676682E-04   45.39466    
  2.6776778E-04   45.48839    
  2.6876878E-04   45.37068    
  2.6976981E-04   45.20679    
  2.7077078E-04   45.12924    
  2.7177183E-04   45.17160    
  2.7277280E-04   45.28604    
  2.7377377E-04   45.36039    
  2.7477482E-04   45.30635    
  2.7577585E-04   45.11573    
  2.7677679E-04   44.82869    
  2.7777781E-04   44.48858    
  2.7877878E-04   44.09472    
  2.7977981E-04   43.56231    
  2.8078081E-04   42.77479    
  2.8178177E-04   41.67937    
  2.8278283E-04   40.33525    
  2.8378380E-04   38.92916    
  2.8478479E-04   37.73039    
  2.8578582E-04   36.94665    
  2.8678685E-04   36.63719    
  2.8778779E-04   36.68859    
  2.8878881E-04   36.86257    
  2.8978984E-04   36.92183    
  2.9079083E-04   36.75306    
  2.9179180E-04   36.41285    
  2.9279283E-04   36.07633    
  2.9379383E-04   35.93967    
  2.9479485E-04   36.08771    
  2.9579582E-04   36.43575    
  2.9679682E-04   36.78983    
  2.9779784E-04   36.91439    
  2.9879878E-04   36.68765    
  2.9979981E-04   36.15514    
  3.0080084E-04   35.49859    
  3.0180183E-04   34.92920    
  3.0280280E-04   34.59084    
  3.0380383E-04   34.46290    
  3.0480482E-04   34.38923    
  3.0580585E-04   34.17059    
  3.0680685E-04   33.66605    
  3.0780782E-04   32.86824    
  3.0880884E-04   31.91654    
  3.0980987E-04   30.99854    
  3.1081081E-04   30.27370    
  3.1181183E-04   29.78910    
  3.1281289E-04   29.45199    
  3.1381386E-04   29.09401    
  3.1481485E-04   28.55687    
  3.1581582E-04   27.76349    
  3.1681685E-04   26.74374    
  3.1781784E-04   25.61608    
  3.1881881E-04   24.54134    
  3.1981984E-04   23.65687    
  3.2082089E-04   23.02461    
  3.2182180E-04   22.66620    
  3.2282286E-04   22.55016    
  3.2382389E-04   22.62407    
  3.2482485E-04   22.84212    
  3.2582585E-04   23.13958    
  3.2682688E-04   23.45755    
  3.2782785E-04   23.71290    
  3.2882890E-04   23.82974    
  3.2982987E-04   23.73880    
  3.3083084E-04   23.40436    
  3.3183189E-04   22.83142    
  3.3283292E-04   22.06314    
  3.3383386E-04   21.18491    
  3.3483488E-04   20.30275    
  3.3583582E-04   19.53475    
  3.3683685E-04   18.99314    
  3.3783788E-04   18.74504    
  3.3883881E-04   18.80427    
  3.3983984E-04   19.11552    
  3.4084087E-04   19.56712    
  3.4184189E-04   20.01750    
  3.4284283E-04   20.34760    
  3.4384386E-04   20.48267    
  3.4484488E-04   20.42388    
  3.4584594E-04   20.21563    
  3.4684685E-04   19.92233    
  3.4784790E-04   19.58309    
  3.4884893E-04   19.20807    
  3.4984987E-04   18.78448    
  3.5085090E-04   18.31670    
  3.5185184E-04   17.84866    
  3.5285286E-04   17.44491    
  3.5385389E-04   17.19692    
  3.5485491E-04   17.14473    
  3.5585594E-04   17.27400    
  3.5685697E-04   17.48623    
  3.5785782E-04   17.66891    
  3.5885884E-04   17.74241    
  3.5985987E-04   17.70973    
  3.6086090E-04   17.64211    
  3.6186195E-04   17.65365    
  3.6286286E-04   17.81493    
  3.6386392E-04   18.10943    
  3.6486483E-04   18.43534    
  3.6586588E-04   18.66711    
  3.6686691E-04   18.71301    
  3.6786793E-04   18.59076    
  3.6886887E-04   18.39723    
  3.6986990E-04   18.26256    
  3.7087093E-04   18.25353    
  3.7187195E-04   18.31694    
  3.7287289E-04   18.28468    
  3.7387392E-04   17.96284    
  3.7487486E-04   17.24246    
  3.7587588E-04   16.18764    
  3.7687691E-04   15.03657    
  3.7787796E-04   14.11350    
  3.7887899E-04   13.71036    
  3.7987981E-04   13.93663    
  3.8088084E-04   14.69497    
  3.8188187E-04   15.71813    
  3.8288292E-04   16.70366    
  3.8388395E-04   17.41303    
  3.8488497E-04   17.76585    
  3.8588591E-04   17.81490    
  3.8688694E-04   17.68135    
  3.8788788E-04   17.46048    
  3.8888890E-04   17.17126    
  3.8988993E-04   16.77928    
  3.9089096E-04   16.23878    
  3.9189190E-04   15.56498    
  3.9289292E-04   14.85775    
  3.9389395E-04   14.25186    
  3.9489500E-04   13.85344    
  3.9589591E-04   13.68210    
  3.9689685E-04   13.63702    
  3.9789788E-04   13.58070    
  3.9889893E-04   13.38272    
  3.9989996E-04   13.01696    
  4.0090099E-04   12.58522    
  4.0190201E-04   12.26875    
  4.0290286E-04   12.24989    
  4.0390389E-04   12.61717    
  4.0490492E-04   13.32952    
  4.0590594E-04   14.24078    
  4.0690697E-04   15.14704    
  4.0790800E-04   15.86665    
  4.0890893E-04   16.28289    
  4.0990996E-04   16.36402    
  4.1091090E-04   16.12610    
  4.1191193E-04   15.63143    
  4.1291298E-04   14.95047    
  4.1391401E-04   14.18030    
  4.1491495E-04   13.43349    
  4.1591597E-04   12.83476    
  4.1691700E-04   12.47583    
  4.1791794E-04   12.39391    
  4.1891896E-04   12.52964    
  4.1991990E-04   12.75692    
  4.2092093E-04   12.93852    
  4.2192196E-04   12.99255    
  4.2292298E-04   12.93478    
  4.2392401E-04   12.87407    
  4.2492506E-04   12.95369    
  4.2592589E-04   13.26893    
  4.2692691E-04   13.80176    
  4.2792794E-04   14.42120    
  4.2892896E-04   14.93273    
  4.2993002E-04   15.17242    
  4.3093105E-04   15.08187    
  4.3193199E-04   14.72899    
  4.3293289E-04   14.25285    
  4.3393395E-04   13.78894    
  4.3493498E-04   13.40324    
  4.3593600E-04   13.05293    
  4.3693694E-04   12.64574    
  4.3793797E-04   12.09392    
  4.3893899E-04   11.41583    
  4.3994002E-04   10.73542    
  4.4094096E-04   10.24914    
  4.4194199E-04   10.12718    
  4.4294292E-04   10.43596    
  4.4394395E-04   11.09533    
  4.4494498E-04   11.90874    
  4.4594603E-04   12.63485    
  4.4694706E-04   13.09195    
  4.4794808E-04   13.20086    
  4.4894891E-04   13.01644    
  4.4994996E-04   12.65757    
  4.5095099E-04   12.27176    
  4.5195202E-04   11.97331    
  4.5295304E-04   11.82166    
  4.5395398E-04   11.83694    
  4.5495501E-04   12.02453    
  4.5595595E-04   12.36258    
  4.5695697E-04   12.82194    
  4.5795800E-04   13.34749    
  4.5895902E-04   13.85284    
  4.5995996E-04   14.23641    
  4.6096099E-04   14.40291    
  4.6196204E-04   14.31150    
  4.6296307E-04   13.96422    
  4.6396401E-04   13.41343    
  4.6496504E-04   12.73108    
  4.6596595E-04   11.96679    
  4.6696700E-04   11.14636    
  4.6796803E-04   10.28068    
  4.6896905E-04   9.391360    
  4.6997008E-04   8.534656    
  4.7097093E-04   7.804019    
  4.7197196E-04   7.300446    
  4.7297298E-04   7.093240    
  4.7397401E-04   7.183809    
  4.7497504E-04   7.505862    
  4.7597609E-04   7.949825    
  4.7697700E-04   8.415342    
  4.7797806E-04   8.851650    
  4.7897897E-04   9.261795    
  4.7997999E-04   9.684316    
  4.8098105E-04   10.14868    
  4.8198208E-04   10.62492    
  4.8298301E-04   11.03117    
  4.8398404E-04   11.24590    
  4.8498507E-04   11.17681    
  4.8598601E-04   10.80159    
  4.8698703E-04   10.19042    
  4.8798806E-04   9.488540    
  4.8898900E-04   8.859466    
  4.8999005E-04   8.423946    
  4.9099105E-04   8.229052    
  4.9199210E-04   8.234879    
  4.9299310E-04   8.348392    
  4.9399398E-04   8.464391    
  4.9499498E-04   8.510519    
  4.9599604E-04   8.464395    
  4.9699703E-04   8.338761    
  4.9799809E-04   8.174945    
  4.9899908E-04   8.008099    
  5.0000002E-04   7.863949    
