 -1.0000000E-03   4.984036    
 -9.9799817E-04   5.067565    
 -9.9599606E-04   5.233657    
 -9.9399406E-04   5.400568    
 -9.9199207E-04   5.536422    
 -9.8999008E-04   5.659965    
 -9.8798808E-04   5.779193    
 -9.8598609E-04   5.865722    
 -9.8398409E-04   5.851966    
 -9.8198210E-04   5.700653    
 -9.7998010E-04   5.434104    
 -9.7797811E-04   5.137193    
 -9.7597600E-04   4.903692    
 -9.7397406E-04   4.791569    
 -9.7197207E-04   4.823830    
 -9.6997002E-04   5.002671    
 -9.6796808E-04   5.315747    
 -9.6596603E-04   5.734814    
 -9.6396403E-04   6.192637    
 -9.6196210E-04   6.599385    
 -9.5995999E-04   6.862455    
 -9.5795805E-04   6.957183    
 -9.5595611E-04   6.886384    
 -9.5395400E-04   6.680032    
 -9.5195207E-04   6.365247    
 -9.4995002E-04   5.990642    
 -9.4794802E-04   5.614562    
 -9.4594609E-04   5.321913    
 -9.4394403E-04   5.157074    
 -9.4194204E-04   5.095921    
 -9.3993999E-04   5.061672    
 -9.3793799E-04   4.991814    
 -9.3593606E-04   4.881721    
 -9.3393400E-04   4.809999    
 -9.3193201E-04   4.834312    
 -9.2993007E-04   4.970271    
 -9.2792802E-04   5.143715    
 -9.2592603E-04   5.279699    
 -9.2392397E-04   5.364347    
 -9.2192198E-04   5.450250    
 -9.1992004E-04   5.583960    
 -9.1791799E-04   5.741514    
 -9.1591600E-04   5.847608    
 -9.1391394E-04   5.814984    
 -9.1191201E-04   5.658054    
 -9.0991001E-04   5.483072    
 -9.0790796E-04   5.400511    
 -9.0590597E-04   5.463274    
 -9.0390403E-04   5.606102    
 -9.0190198E-04   5.736119    
 -8.9989998E-04   5.794596    
 -8.9789793E-04   5.831094    
 -8.9589600E-04   5.930521    
 -8.9389400E-04   6.154167    
 -8.9189195E-04   6.476470    
 -8.8988995E-04   6.805410    
 -8.8788802E-04   7.028231    
 -8.8588597E-04   7.094346    
 -8.8388397E-04   7.003061    
 -8.8188192E-04   6.813542    
 -8.7987998E-04   6.597591    
 -8.7787799E-04   6.415994    
 -8.7587594E-04   6.315789    
 -8.7387394E-04   6.306558    
 -8.7187201E-04   6.354836    
 -8.6986995E-04   6.413520    
 -8.6786796E-04   6.436254    
 -8.6586591E-04   6.403709    
 -8.6386397E-04   6.366612    
 -8.6186186E-04   6.369952    
 -8.5985992E-04   6.459316    
 -8.5785793E-04   6.625947    
 -8.5585588E-04   6.848612    
 -8.5385394E-04   7.108535    
 -8.5185195E-04   7.425356    
 -8.4984989E-04   7.832707    
 -8.4784796E-04   8.312541    
 -8.4584596E-04   8.783233    
 -8.4384391E-04   9.112289    
 -8.4184197E-04   9.183841    
 -8.3983986E-04   8.975554    
 -8.3783793E-04   8.584205    
 -8.3583593E-04   8.169347    
 -8.3383388E-04   7.866079    
 -8.3183195E-04   7.738403    
 -8.2982989E-04   7.749626    
 -8.2782790E-04   7.827602    
 -8.2582590E-04   7.890742    
 -8.2382391E-04   7.903481    
 -8.2182192E-04   7.853312    
 -8.1981992E-04   7.742561    
 -8.1781787E-04   7.587052    
 -8.1581593E-04   7.400487    
 -8.1381388E-04   7.218416    
 -8.1181189E-04   7.083685    
 -8.0980989E-04   7.016663    
 -8.0780784E-04   7.016280    
 -8.0580590E-04   7.068374    
 -8.0380391E-04   7.161674    
 -8.0180186E-04   7.299816    
 -7.9979986E-04   7.486255    
 -7.9779787E-04   7.721982    
 -7.9579587E-04   7.968943    
 -7.9379388E-04   8.185233    
 -7.9179183E-04   8.331436    
 -7.8978989E-04   8.387753    
 -7.8778784E-04   8.360592    
 -7.8578584E-04   8.269367    
 -7.8378391E-04   8.154160    
 -7.8178186E-04   8.046145    
 -7.7977986E-04   7.985591    
 -7.7777787E-04   7.986800    
 -7.7577581E-04   8.048540    
 -7.7377388E-04   8.130061    
 -7.7177183E-04   8.174975    
 -7.6976983E-04   8.140875    
 -7.6776784E-04   7.987500    
 -7.6576584E-04   7.719406    
 -7.6376385E-04   7.349773    
 -7.6176180E-04   6.929688    
 -7.5975980E-04   6.539644    
 -7.5775781E-04   6.279325    
 -7.5575581E-04   6.243364    
 -7.5375382E-04   6.493514    
 -7.5175177E-04   7.031584    
 -7.4974983E-04   7.802143    
 -7.4774784E-04   8.732018    
 -7.4574584E-04   9.735420    
 -7.4374385E-04   10.74207    
 -7.4174179E-04   11.67492    
 -7.3973980E-04   12.44408    
 -7.3773781E-04   12.99292    
 -7.3573581E-04   13.28800    
 -7.3373382E-04   13.37787    
 -7.3173176E-04   13.36278    
 -7.2972977E-04   13.35419    
 -7.2772783E-04   13.44522    
 -7.2572578E-04   13.68110    
 -7.2372379E-04   14.04237    
 -7.2172179E-04   14.48337    
 -7.1971974E-04   14.93206    
 -7.1771780E-04   15.31306    
 -7.1571581E-04   15.59382    
 -7.1371376E-04   15.76159    
 -7.1171182E-04   15.83309    
 -7.0970977E-04   15.83119    
 -7.0770778E-04   15.74238    
 -7.0570578E-04   15.50450    
 -7.0370373E-04   15.06472    
 -7.0170179E-04   14.40880    
 -6.9969974E-04   13.60231    
 -6.9769775E-04   12.78667    
 -6.9569581E-04   12.12492    
 -6.9369370E-04   11.70776    
 -6.9169176E-04   11.52582    
 -6.8968977E-04   11.46483    
 -6.8768772E-04   11.39249    
 -6.8568578E-04   11.25581    
 -6.8368373E-04   11.09722    
 -6.8168173E-04   11.00757    
 -6.7967980E-04   11.05760    
 -6.7767769E-04   11.22332    
 -6.7567575E-04   11.38247    
 -6.7367376E-04   11.43509    
 -6.7167170E-04   11.36128    
 -6.6966977E-04   11.29115    
 -6.6766771E-04   11.38671    
 -6.6566572E-04   11.76242    
 -6.6366373E-04   12.42220    
 -6.6166167E-04   13.25973    
 -6.5965974E-04   14.17447    
 -6.5765769E-04   15.09829    
 -6.5565569E-04   15.98041    
 -6.5365370E-04   16.76766    
 -6.5165170E-04   17.38739    
 -6.4964971E-04   17.82786    
 -6.4764777E-04   18.19934    
 -6.4564572E-04   18.66046    
 -6.4364373E-04   19.32469    
 -6.4164173E-04   20.14877    
 -6.3963968E-04   20.96068    
 -6.3763774E-04   21.60125    
 -6.3563569E-04   22.11717    
 -6.3363370E-04   22.71925    
 -6.3163170E-04   23.63900    
 -6.2962971E-04   24.90025    
 -6.2762771E-04   26.26788    
 -6.2562566E-04   27.41711    
 -6.2362367E-04   28.11509    
 -6.2162167E-04   28.38447    
 -6.1961968E-04   28.39134    
 -6.1761768E-04   28.29637    
 -6.1561569E-04   28.15258    
 -6.1361369E-04   27.94832    
 -6.1161170E-04   27.72426    
 -6.0960965E-04   27.61618    
 -6.0760765E-04   27.78315    
 -6.0560566E-04   28.29580    
 -6.0360366E-04   29.08437    
 -6.0160167E-04   29.98168    
 -5.9959962E-04   30.80346    
 -5.9759768E-04   31.37989    
 -5.9559563E-04   31.52336    
 -5.9359364E-04   31.10930    
 -5.9159164E-04   30.14282    
 -5.8958959E-04   28.83701    
 -5.8758765E-04   27.60393    
 -5.8558560E-04   26.81208    
 -5.8358361E-04   26.59264    
 -5.8158167E-04   26.76837    
 -5.7957962E-04   27.01886    
 -5.7757762E-04   27.15224    
 -5.7557563E-04   27.19995    
 -5.7357363E-04   27.36328    
 -5.7157158E-04   27.80332    
 -5.6956959E-04   28.53492    
 -5.6756765E-04   29.44857    
 -5.6556566E-04   30.45694    
 -5.6356360E-04   31.53927    
 -5.6156161E-04   32.69886    
 -5.5955962E-04   33.87711    
 -5.5755756E-04   34.96729    
 -5.5555563E-04   35.92018    
 -5.5355357E-04   36.83356    
 -5.5155164E-04   37.88177    
 -5.4954959E-04   39.12016    
 -5.4754759E-04   40.40705    
 -5.4554560E-04   41.41313    
 -5.4354360E-04   41.88455    
 -5.4154155E-04   41.82729    
 -5.3953961E-04   41.53511    
 -5.3753756E-04   41.37343    
 -5.3553557E-04   41.55848    
 -5.3353363E-04   42.06022    
 -5.3153158E-04   42.70163    
 -5.2952959E-04   43.34266    
 -5.2752759E-04   43.94133    
 -5.2552560E-04   44.54756    
 -5.2352354E-04   45.27074    
 -5.2152161E-04   46.16916    
 -5.1951956E-04   47.28004    
 -5.1751756E-04   48.56024    
 -5.1551557E-04   49.91000    
 -5.1351357E-04   51.16136    
 -5.1151158E-04   52.18071    
 -5.0950953E-04   52.95269    
 -5.0750753E-04   53.69123    
 -5.0550560E-04   54.70327    
 -5.0350348E-04   56.28130    
 -5.0150155E-04   58.51194    
 -4.9949955E-04   61.21001    
 -4.9749750E-04   64.01143    
 -4.9549557E-04   66.57479    
 -4.9349351E-04   68.73043    
 -4.9149158E-04   70.52536    
 -4.8948952E-04   72.21776    
 -4.8748756E-04   74.12116    
 -4.8548554E-04   76.40708    
 -4.8348351E-04   79.05427    
 -4.8148152E-04   81.80757    
 -4.7947955E-04   84.34052    
 -4.7747753E-04   86.40025    
 -4.7547551E-04   87.90504    
 -4.7347351E-04   88.91863    
 -4.7147155E-04   89.60039    
 -4.6946947E-04   90.17545    
 -4.6746750E-04   90.91615    
 -4.6546553E-04   92.12048    
 -4.6346348E-04   94.00940    
 -4.6146152E-04   96.54803    
 -4.5945949E-04   99.43961    
 -4.5745753E-04   102.2845    
 -4.5545548E-04   104.8429    
 -4.5345351E-04   107.2426    
 -4.5145149E-04   109.8616    
 -4.4944949E-04   113.0025    
 -4.4744747E-04   116.6455    
 -4.4544550E-04   120.4862    
 -4.4344345E-04   124.2413    
 -4.4144149E-04   127.9519    
 -4.3943946E-04   131.9248    
 -4.3743750E-04   136.4533    
 -4.3543545E-04   141.5262    
 -4.3343348E-04   146.8581    
 -4.3143152E-04   152.1742    
 -4.2942943E-04   157.4530    
 -4.2742747E-04   162.8875    
 -4.2542547E-04   168.6020    
 -4.2342345E-04   174.4000    
 -4.2142143E-04   179.9002    
 -4.1941946E-04   184.7847    
 -4.1741747E-04   189.0241    
 -4.1541544E-04   192.7692    
 -4.1341342E-04   196.0561    
 -4.1141146E-04   198.7359    
 -4.0940940E-04   200.6619    
 -4.0740744E-04   202.1095    
 -4.0540542E-04   203.8602    
 -4.0340348E-04   206.8850    
 -4.0140140E-04   211.8060    
 -3.9939943E-04   218.6033    
 -3.9739747E-04   226.7608    
 -3.9539541E-04   235.8232    
 -3.9339345E-04   245.6730    
 -3.9139143E-04   256.5808    
 -3.8938943E-04   268.8754    
 -3.8738741E-04   282.7268    
 -3.8538544E-04   298.1558    
 -3.8338342E-04   315.1576    
 -3.8138143E-04   333.7187    
 -3.7937940E-04   353.6917    
 -3.7737744E-04   374.8466    
 -3.7537538E-04   396.9066    
 -3.7337342E-04   419.8716    
 -3.7137140E-04   444.0927    
 -3.6936937E-04   470.0720    
 -3.6736741E-04   498.1090    
 -3.6536541E-04   528.1972    
 -3.6336345E-04   560.2878    
 -3.6136137E-04   594.7083    
 -3.5935940E-04   632.2378    
 -3.5735741E-04   673.7424    
 -3.5535538E-04   719.6238    
 -3.5335336E-04   769.6738    
 -3.5135139E-04   823.4432    
 -3.4934940E-04   881.0100    
 -3.4734738E-04   943.3623    
 -3.4534535E-04   1012.273    
 -3.4334339E-04   1089.715    
 -3.4134134E-04   1177.612    
 -3.3933937E-04   1277.842    
 -3.3733735E-04   1392.750    
 -3.3533535E-04   1525.437    
 -3.3333339E-04   1679.523    
 -3.3133136E-04   1858.655    
 -3.2932940E-04   2065.816    
 -3.2732735E-04   2303.367    
 -3.2532538E-04   2573.455    
 -3.2332336E-04   2878.966    
 -3.2132133E-04   3224.271    
 -3.1931934E-04   3615.509    
 -3.1731738E-04   4060.000    
 -3.1531529E-04   4564.510    
 -3.1331333E-04   5132.513    
 -3.1131133E-04   5760.718    
 -3.0930937E-04   6435.539    
 -3.0730729E-04   7130.193    
 -3.0530532E-04   7803.466    
 -3.0330333E-04   8401.863    
 -3.0130130E-04   8865.796    
 -2.9929934E-04   9140.180    
 -2.9729735E-04   9187.676    
 -2.9529538E-04   8999.615    
 -2.9329330E-04   8600.336    
 -2.9129133E-04   8041.786    
 -2.8928934E-04   7389.598    
 -2.8728732E-04   6706.521    
 -2.8528529E-04   6039.604    
 -2.8328333E-04   5415.906    
 -2.8128127E-04   4846.023    
 -2.7927931E-04   4331.507    
 -2.7727729E-04   3871.036    
 -2.7527532E-04   3462.697    
 -2.7327327E-04   3103.462    
 -2.7127130E-04   2788.327    
 -2.6926928E-04   2510.814    
 -2.6726729E-04   2264.760    
 -2.6526532E-04   2046.038    
 -2.6326330E-04   1852.581    
 -2.6126127E-04   1683.443    
 -2.5925928E-04   1537.413    
 -2.5725731E-04   1412.503    
 -2.5525529E-04   1306.131    
 -2.5325327E-04   1215.455    
 -2.5125127E-04   1137.448    
 -2.4924931E-04   1068.753    
 -2.4724723E-04   1006.095    
 -2.4524526E-04   947.0076    
 -2.4324325E-04   890.6530    
 -2.4124124E-04   837.7541    
 -2.3923923E-04   789.6485    
 -2.3723727E-04   746.9452    
 -2.3523530E-04   708.8724    
 -2.3323324E-04   673.4736    
 -2.3123127E-04   638.9158    
 -2.2922926E-04   604.4574    
 -2.2722724E-04   570.8070    
 -2.2522523E-04   539.4767    
 -2.2322327E-04   511.8096    
 -2.2122126E-04   488.0555    
 -2.1921925E-04   467.4528    
 -2.1721722E-04   448.5834    
 -2.1521526E-04   430.2590    
 -2.1321321E-04   411.9568    
 -2.1121124E-04   393.8418    
 -2.0920922E-04   376.3481    
 -2.0720721E-04   359.6835    
 -2.0520520E-04   343.6489    
 -2.0320324E-04   327.8098    
 -2.0120127E-04   311.9931    
 -1.9919920E-04   296.4699    
 -1.9719724E-04   281.7740    
 -1.9519523E-04   268.3829    
 -1.9319321E-04   256.4125    
 -1.9119120E-04   245.6533    
 -1.8918923E-04   235.9849    
 -1.8718716E-04   227.6776    
 -1.8518520E-04   221.3373    
 -1.8318319E-04   217.4152    
 -1.8118123E-04   215.7365    
 -1.7917916E-04   215.3929    
 -1.7717719E-04   215.1797    
 -1.7517518E-04   214.0879    
 -1.7317318E-04   211.8191    
 -1.7117115E-04   208.8448    
 -1.6916920E-04   205.9113    
 -1.6716713E-04   203.6524    
 -1.6516517E-04   202.1288    
 -1.6316320E-04   200.7471    
 -1.6116124E-04   198.7623    
 -1.5915917E-04   195.5258    
 -1.5715721E-04   190.9775    
 -1.5515515E-04   185.7040    
 -1.5315319E-04   180.4588    
 -1.5115112E-04   175.7987    
 -1.4914916E-04   171.6510    
 -1.4714719E-04   167.3648    
 -1.4514512E-04   162.3952    
 -1.4314307E-04   156.7593    
 -1.4114119E-04   151.0533    
 -1.3913914E-04   146.3134    
 -1.3713718E-04   143.1716    
 -1.3513521E-04   141.6479    
 -1.3313314E-04   141.1939    
 -1.3113118E-04   141.0573    
 -1.2912911E-04   140.7659    
 -1.2712716E-04   140.1347    
 -1.2512520E-04   139.2165    
 -1.2312313E-04   138.0979    
 -1.2112106E-04   136.9142    
 -1.1911920E-04   135.9486    
 -1.1711713E-04   135.5333    
 -1.1511507E-04   135.8306    
 -1.1311311E-04   136.6939    
 -1.1111114E-04   137.5831    
 -1.0910908E-04   137.9110    
 -1.0710712E-04   137.3551    
 -1.0510505E-04   136.1636    
 -1.0310319E-04   134.8455    
 -1.0110113E-04   133.7328    
 -9.9099059E-05   133.0403    
 -9.7097196E-05   132.6414    
 -9.5095129E-05   132.5459    
 -9.3093069E-05   132.8146    
 -9.1091104E-05   133.5155    
 -8.9089139E-05   134.3522    
 -8.7087079E-05   134.9633    
 -8.5085114E-05   134.8281    
 -8.3083047E-05   133.6607    
 -8.1081089E-05   131.7863    
 -7.9079124E-05   129.8916    
 -7.7077057E-05   128.5715    
 -7.5074997E-05   128.0152    
 -7.3073126E-05   128.0099    
 -7.1071066E-05   128.0862    
 -6.9069007E-05   127.7733    
 -6.7067136E-05   127.0120    
 -6.5065076E-05   125.7619    
 -6.3063111E-05   124.0822    
 -6.1061044E-05   122.1068    
 -5.9059083E-05   119.9016    
 -5.7057117E-05   117.6050    
 -5.5055058E-05   115.6250    
 -5.3052994E-05   114.1150    
 -5.1051127E-05   113.3034    
 -4.9049064E-05   112.9283    
 -4.7047000E-05   112.6881    
 -4.5045035E-05   112.3197    
 -4.3043074E-05   111.9056    
 -4.1041010E-05   111.4883    
 -3.9039045E-05   111.3207    
 -3.7036982E-05   111.6099    
 -3.5035016E-05   111.9993    
 -3.3033055E-05   112.4159    
 -3.1030992E-05   112.4182    
 -2.9029125E-05   112.0483    
 -2.7027061E-05   111.3266    
 -2.5024998E-05   110.6588    
 -2.3023034E-05   110.1172    
 -2.1021069E-05   110.0858    
 -1.9019006E-05   110.5023    
 -1.7017042E-05   110.8089    
 -1.5014979E-05   110.9967    
 -1.3013015E-05   110.5516    
 -1.1011050E-05   109.6478    
 -9.0089879E-06   108.6493    
 -7.0069245E-06   107.6607    
 -5.0050589E-06   106.9399    
 -3.0029958E-06   106.8950    
 -1.0009326E-06   107.4255    
  1.0009326E-06   107.4319    
  3.0029958E-06   106.9574    
  5.0050589E-06   106.9450    
  7.0070232E-06   107.5838    
  9.0089879E-06   108.6829    
  1.1010952E-05   109.8397    
  1.3013015E-05   110.5430    
  1.5015078E-05   110.9588    
  1.7016944E-05   110.8575    
  1.9019006E-05   110.5245    
  2.1021069E-05   110.1724    
  2.3023034E-05   110.1311    
  2.5024998E-05   110.6295    
  2.7027061E-05   111.2992    
  2.9029026E-05   112.0721    
  3.1030992E-05   112.4264    
  3.3033055E-05   112.4403    
  3.5035016E-05   111.9836    
  3.7037080E-05   111.5218    
  3.9039045E-05   111.3222    
  4.1041010E-05   111.4962    
  4.3043074E-05   111.9067    
  4.5045035E-05   112.3460    
  4.7047000E-05   112.6989    
  4.9049064E-05   112.9440    
  5.1051029E-05   113.3091    
  5.3053092E-05   114.1533    
  5.5055058E-05   115.6144    
  5.7057019E-05   117.6194    
  5.9059083E-05   119.9374    
  6.1061146E-05   122.1181    
  6.3063009E-05   124.1051    
  6.5065076E-05   125.7401    
  6.7067136E-05   126.9908    
  6.9069007E-05   127.7946    
  7.1071066E-05   128.0719    
  7.3073126E-05   128.0183    
  7.5075091E-05   128.0268    
  7.7077057E-05   128.5652    
  7.9079124E-05   129.8901    
  8.1081089E-05   131.7918    
  8.3083149E-05   133.6370    
  8.5085012E-05   134.7905    
  8.7087079E-05   134.9376    
  8.9089139E-05   134.3814    
  9.1091104E-05   133.5075    
  9.3093069E-05   132.7995    
  9.5095129E-05   132.5468    
  9.7097094E-05   132.6628    
  9.9099059E-05   133.0283    
  1.0110113E-04   133.7326    
  1.0310309E-04   134.8293    
  1.0510515E-04   136.1826    
  1.0710712E-04   137.3613    
  1.0910908E-04   137.9065    
  1.1111114E-04   137.5938    
  1.1311321E-04   136.6866    
  1.1511507E-04   135.8302    
  1.1711713E-04   135.5328    
  1.1911910E-04   135.9711    
  1.2112116E-04   136.9377    
  1.2312313E-04   138.0964    
  1.2512509E-04   139.2086    
  1.2712716E-04   140.1359    
  1.2912921E-04   140.7572    
  1.3113108E-04   141.0613    
  1.3313314E-04   141.1893    
  1.3513521E-04   141.6478    
  1.3713707E-04   143.1615    
  1.3913914E-04   146.3123    
  1.4114119E-04   151.0483    
  1.4314316E-04   156.7447    
  1.4514512E-04   162.3982    
  1.4714719E-04   167.3558    
  1.4914916E-04   171.6486    
  1.5115122E-04   175.8198    
  1.5315319E-04   180.4603    
  1.5515515E-04   185.6945    
  1.5715721E-04   190.9713    
  1.5915917E-04   195.5205    
  1.6116114E-04   198.7722    
  1.6316320E-04   200.7591    
  1.6516517E-04   202.1261    
  1.6716713E-04   203.6506    
  1.6916920E-04   205.9083    
  1.7117115E-04   208.8495    
  1.7317322E-04   211.8271    
  1.7517518E-04   214.0836    
  1.7717715E-04   215.1735    
  1.7917922E-04   215.3988    
  1.8118128E-04   215.7218    
  1.8318315E-04   217.4080    
  1.8518520E-04   221.3453    
  1.8718727E-04   227.6817    
  1.8918923E-04   235.9865    
  1.9119120E-04   245.6445    
  1.9319316E-04   256.4124    
  1.9519523E-04   268.3888    
  1.9719728E-04   281.7643    
  1.9919916E-04   296.4612    
  2.0120121E-04   312.0017    
  2.0320328E-04   327.8124    
  2.0520514E-04   343.6368    
  2.0720721E-04   359.6862    
  2.0920928E-04   376.3595    
  2.1121124E-04   393.8430    
  2.1321321E-04   411.9441    
  2.1521526E-04   430.2560    
  2.1721722E-04   448.5845    
  2.1921929E-04   467.4564    
  2.2122126E-04   488.0578    
  2.2322322E-04   511.7975    
  2.2522529E-04   539.4836    
  2.2722724E-04   570.7975    
  2.2922920E-04   604.4534    
  2.3123127E-04   638.9099    
  2.3323324E-04   673.4771    
  2.3523520E-04   708.8668    
  2.3723727E-04   746.9423    
  2.3923923E-04   789.6469    
  2.4124129E-04   837.7446    
  2.4324325E-04   890.6553    
  2.4524523E-04   947.0051    
  2.4724728E-04   1006.091    
  2.4924934E-04   1068.752    
  2.5125121E-04   1137.447    
  2.5325327E-04   1215.456    
  2.5525535E-04   1306.129    
  2.5725731E-04   1412.511    
  2.5925928E-04   1537.411    
  2.6126133E-04   1683.449    
  2.6326330E-04   1852.580    
  2.6526526E-04   2046.018    
  2.6726723E-04   2264.763    
  2.6926928E-04   2510.808    
  2.7127136E-04   2788.334    
  2.7327321E-04   3103.440    
  2.7527529E-04   3462.682    
  2.7727734E-04   3871.049    
  2.7927931E-04   4331.514    
  2.8128127E-04   4846.014    
  2.8328333E-04   5415.913    
  2.8528529E-04   6039.612    
  2.8728737E-04   6706.542    
  2.8928934E-04   7389.607    
  2.9129130E-04   8041.774    
  2.9329336E-04   8600.356    
  2.9529541E-04   8999.632    
  2.9729729E-04   9187.692    
  2.9929934E-04   9140.199    
  3.0130130E-04   8865.797    
  3.0330327E-04   8401.895    
  3.0530532E-04   7803.467    
  3.0730729E-04   7130.192    
  3.0930937E-04   6435.551    
  3.1131133E-04   5760.721    
  3.1331330E-04   5132.532    
  3.1531535E-04   4564.499    
  3.1731740E-04   4059.984    
  3.1931928E-04   3615.521    
  3.2132133E-04   3224.269    
  3.2332342E-04   2878.960    
  3.2532538E-04   2573.458    
  3.2732735E-04   2303.371    
  3.2932940E-04   2065.821    
  3.3133136E-04   1858.649    
  3.3333333E-04   1679.532    
  3.3533538E-04   1525.430    
  3.3733735E-04   1392.750    
  3.3933943E-04   1277.840    
  3.4134128E-04   1177.616    
  3.4334336E-04   1089.720    
  3.4534541E-04   1012.256    
  3.4734738E-04   943.3646    
  3.4934934E-04   881.0137    
  3.5135139E-04   823.4423    
  3.5335336E-04   769.6666    
  3.5535544E-04   719.6221    
  3.5735741E-04   673.7456    
  3.5935937E-04   632.2345    
  3.6136142E-04   594.7069    
  3.6336348E-04   560.2844    
  3.6536535E-04   528.1947    
  3.6736741E-04   498.1082    
  3.6936949E-04   470.0688    
  3.7137134E-04   444.0930    
  3.7337342E-04   419.8718    
  3.7537538E-04   396.9084    
  3.7737744E-04   374.8503    
  3.7937940E-04   353.6925    
  3.8138137E-04   333.7125    
  3.8338342E-04   315.1584    
  3.8538550E-04   298.1573    
  3.8738735E-04   282.7240    
  3.8938943E-04   268.8792    
  3.9139148E-04   256.5812    
  3.9339345E-04   245.6700    
  3.9539541E-04   235.8179    
  3.9739747E-04   226.7637    
  3.9939943E-04   218.6035    
  4.0140140E-04   211.8139    
  4.0340348E-04   206.8849    
  4.0540542E-04   203.8606    
  4.0740750E-04   202.1104    
  4.0940935E-04   200.6672    
  4.1141143E-04   198.7358    
  4.1341348E-04   196.0584    
  4.1541544E-04   192.7683    
  4.1741741E-04   189.0296    
  4.1941946E-04   184.7816    
  4.2142143E-04   179.8993    
  4.2342351E-04   174.4044    
  4.2542547E-04   168.5996    
  4.2742744E-04   162.8887    
  4.2942949E-04   157.4544    
  4.3143146E-04   152.1687    
  4.3343342E-04   146.8526    
  4.3543548E-04   141.5211    
  4.3743756E-04   136.4500    
  4.3943941E-04   131.9261    
  4.4144149E-04   127.9510    
  4.4344354E-04   124.2374    
  4.4544550E-04   120.4845    
  4.4744747E-04   116.6483    
  4.4944944E-04   113.0092    
  4.5145149E-04   109.8616    
  4.5345357E-04   107.2405    
  4.5545542E-04   104.8394    
  4.5745750E-04   102.2833    
  4.5945955E-04   99.44324    
  4.6146152E-04   96.54663    
  4.6346348E-04   94.00931    
  4.6546553E-04   92.12170    
  4.6746750E-04   90.91990    
  4.6946947E-04   90.17522    
  4.7147155E-04   89.59686    
  4.7347351E-04   88.91498    
  4.7547556E-04   87.90652    
  4.7747753E-04   86.40118    
  4.7947949E-04   84.34167    
  4.8148155E-04   81.80903    
  4.8348351E-04   79.05312    
  4.8548548E-04   76.40155    
  4.8748756E-04   74.11906    
  4.8948952E-04   72.22077    
  4.9149158E-04   70.52447    
  4.9349351E-04   68.73201    
  4.9549551E-04   66.57945    
  4.9749756E-04   64.01382    
  4.9949955E-04   61.20552    
  5.0150149E-04   58.51345    
  5.0350354E-04   56.28331    
  5.0550560E-04   54.70425    
  5.0750747E-04   53.69088    
  5.0950953E-04   52.95531    
  5.1151164E-04   52.18406    
  5.1351357E-04   51.16074    
  5.1551557E-04   49.90774    
  5.1751762E-04   48.55672    
  5.1951956E-04   47.27833    
  5.2152161E-04   46.16698    
  5.2352349E-04   45.27131    
  5.2552554E-04   44.55011    
  5.2752765E-04   43.93687    
  5.2952947E-04   43.34848    
  5.3153158E-04   42.70916    
  5.3353363E-04   42.05797    
  5.3553557E-04   41.55816    
  5.3753756E-04   41.37449    
  5.3953961E-04   41.53312    
  5.4154155E-04   41.82344    
  5.4354366E-04   41.88277    
  5.4554560E-04   41.41401    
  5.4754753E-04   40.40665    
  5.4954964E-04   39.12093    
  5.5155170E-04   37.88011    
  5.5355357E-04   36.83437    
  5.5555563E-04   35.92081    
  5.5755756E-04   34.96803    
  5.5955962E-04   33.87567    
  5.6156161E-04   32.69598    
  5.6356355E-04   31.53419    
  5.6556566E-04   30.45506    
  5.6756759E-04   29.45308    
  5.6956959E-04   28.53948    
  5.7157164E-04   27.80599    
  5.7357369E-04   27.36409    
  5.7557557E-04   27.19815    
  5.7757762E-04   27.15130    
  5.7957968E-04   27.02193    
  5.8158167E-04   26.77030    
  5.8358361E-04   26.59362    
  5.8558566E-04   26.80759    
  5.8758765E-04   27.60467    
  5.8958970E-04   28.83846    
  5.9159164E-04   30.14187    
  5.9359364E-04   31.10970    
  5.9559569E-04   31.52241    
  5.9759757E-04   31.37745    
  5.9959962E-04   30.80223    
  6.0160167E-04   29.98085    
  6.0360366E-04   29.08450    
  6.0560560E-04   28.29574    
  6.0760765E-04   27.78193    
  6.0960965E-04   27.61612    
  6.1161170E-04   27.72112    
  6.1361369E-04   27.94906    
  6.1561563E-04   28.15329    
  6.1761768E-04   28.29652    
  6.1961974E-04   28.39285    
  6.2162161E-04   28.38400    
  6.2362367E-04   28.11486    
  6.2562578E-04   27.41341    
  6.2762771E-04   26.26955    
  6.2962971E-04   24.89944    
  6.3163164E-04   23.63818    
  6.3363370E-04   22.72015    
  6.3563569E-04   22.11569    
  6.3763763E-04   21.60077    
  6.3963968E-04   20.96067    
  6.4164179E-04   20.14990    
  6.4364361E-04   19.32787    
  6.4564572E-04   18.65891    
  6.4764777E-04   18.19910    
  6.4964971E-04   17.82920    
  6.5165170E-04   17.38774    
  6.5365375E-04   16.77052    
  6.5565569E-04   15.97926    
  6.5765780E-04   15.10096    
  6.5965974E-04   14.17248    
  6.6166167E-04   13.26032    
  6.6366378E-04   12.41994    
  6.6566584E-04   11.76690    
  6.6766771E-04   11.38694    
  6.6966977E-04   11.29010    
  6.7167165E-04   11.36371    
  6.7367370E-04   11.43192    
  6.7567575E-04   11.38323    
  6.7767763E-04   11.22402    
  6.7967968E-04   11.05963    
  6.8168173E-04   11.00706    
  6.8368379E-04   11.09535    
  6.8568566E-04   11.25905    
  6.8768772E-04   11.39285    
  6.8968977E-04   11.46663    
  6.9169188E-04   11.52534    
  6.9369370E-04   11.70989    
  6.9569581E-04   12.12300    
  6.9769786E-04   12.78544    
  6.9969974E-04   13.60009    
  7.0170179E-04   14.40856    
  7.0370367E-04   15.06590    
  7.0570572E-04   15.50963    
  7.0770778E-04   15.74308    
  7.0970983E-04   15.83381    
  7.1171188E-04   15.83261    
  7.1371393E-04   15.76507    
  7.1571564E-04   15.59516    
  7.1771769E-04   15.31484    
  7.1971974E-04   14.93157    
  7.2172179E-04   14.48660    
  7.2372390E-04   14.04256    
  7.2572572E-04   13.68160    
  7.2772783E-04   13.44759    
  7.2972965E-04   13.35772    
  7.3173176E-04   13.36343    
  7.3373382E-04   13.37813    
  7.3573587E-04   13.28745    
  7.3773775E-04   12.99403    
  7.3973980E-04   12.44510    
  7.4174185E-04   11.67548    
  7.4374391E-04   10.74326    
  7.4574578E-04   9.736953    
  7.4774784E-04   8.728300    
  7.4974971E-04   7.804596    
  7.5175177E-04   7.030039    
  7.5375382E-04   6.493641    
  7.5575593E-04   6.242366    
  7.5775798E-04   6.277793    
  7.5975963E-04   6.541139    
  7.6176168E-04   6.930677    
  7.6376373E-04   7.351576    
  7.6576584E-04   7.720288    
  7.6776790E-04   7.989482    
  7.6976995E-04   8.143299    
  7.7177183E-04   8.176517    
  7.7377388E-04   8.129553    
  7.7577576E-04   8.049434    
  7.7777781E-04   7.985438    
  7.7977986E-04   7.985460    
  7.8178191E-04   8.045846    
  7.8378379E-04   8.152891    
  7.8578584E-04   8.270198    
  7.8778790E-04   8.358032    
  7.8979001E-04   8.387375    
  7.9179183E-04   8.332069    
  7.9379370E-04   8.187469    
  7.9579576E-04   7.968889    
  7.9779787E-04   7.721720    
  7.9979992E-04   7.486920    
  8.0180197E-04   7.297109    
  8.0380403E-04   7.164080    
  8.0580573E-04   7.070296    
  8.0780778E-04   7.016438    
  8.0980983E-04   7.015444    
  8.1181189E-04   7.084960    
  8.1381394E-04   7.219747    
  8.1581599E-04   7.398840    
  8.1781787E-04   7.587042    
  8.1981992E-04   7.740765    
  8.2182180E-04   7.851170    
  8.2382385E-04   7.903906    
  8.2582596E-04   7.893084    
  8.2782801E-04   7.825943    
  8.2982989E-04   7.750984    
  8.3183195E-04   7.737716    
  8.3383400E-04   7.868180    
  8.3583588E-04   8.169315    
  8.3783793E-04   8.584596    
  8.3983981E-04   8.973516    
  8.4184186E-04   9.179807    
  8.4384391E-04   9.112874    
  8.4584596E-04   8.783846    
  8.4784802E-04   8.312125    
  8.4985013E-04   7.832932    
  8.5185177E-04   7.424244    
  8.5385382E-04   7.107868    
  8.5585588E-04   6.850890    
  8.5785793E-04   6.628563    
  8.5986004E-04   6.460248    
  8.6186209E-04   6.371375    
  8.6386397E-04   6.365501    
  8.6586579E-04   6.406957    
  8.6786790E-04   6.431734    
  8.6986995E-04   6.415380    
  8.7187201E-04   6.354134    
  8.7387388E-04   6.308095    
  8.7587594E-04   6.315989    
  8.7787799E-04   6.417489    
  8.7988004E-04   6.596678    
  8.8188192E-04   6.810600    
  8.8388397E-04   7.003064    
  8.8588585E-04   7.091069    
  8.8788790E-04   7.029978    
  8.8988995E-04   6.806736    
  8.9189206E-04   6.479807    
  8.9389412E-04   6.154001    
  8.9589617E-04   5.929343    
  8.9789781E-04   5.832645    
  8.9989993E-04   5.797719    
  9.0190198E-04   5.734767    
  9.0390403E-04   5.607123    
  9.0590608E-04   5.460264    
  9.0790796E-04   5.400347    
  9.0991001E-04   5.481632    
  9.1191189E-04   5.660676    
  9.1391394E-04   5.814463    
  9.1591600E-04   5.847117    
  9.1791805E-04   5.743680    
  9.1991993E-04   5.582484    
  9.2192198E-04   5.450872    
  9.2392409E-04   5.364442    
  9.2592614E-04   5.279972    
  9.2792802E-04   5.142489    
  9.2993007E-04   4.970345    
  9.3193189E-04   4.836092    
  9.3393400E-04   4.808672    
  9.3593606E-04   4.881863    
  9.3793811E-04   4.987972    
  9.3994016E-04   5.062003    
  9.4194186E-04   5.092509    
  9.4394392E-04   5.153276    
  9.4594597E-04   5.320958    
  9.4794802E-04   5.615024    
  9.4995007E-04   5.987178    
  9.5195218E-04   6.364828    
  9.5395400E-04   6.678555    
  9.5595611E-04   6.886674    
  9.5795793E-04   6.955906    
  9.5995999E-04   6.863118    
  9.6196210E-04   6.598523    
  9.6396415E-04   6.194375    
  9.6596603E-04   5.737230    
  9.6796808E-04   5.317614    
  9.6997013E-04   4.999591    
  9.7197201E-04   4.822620    
  9.7397406E-04   4.791878    
  9.7597612E-04   4.904180    
  9.7797799E-04   5.138140    
  9.7998010E-04   5.432082    
  9.8198210E-04   5.699848    
  9.8398421E-04   5.854018    
  9.8598620E-04   5.869227    
  9.8798797E-04   5.780351    
  9.8998996E-04   5.658137    
  9.9199207E-04   5.537853    
  9.9399406E-04   5.401018    
  9.9599618E-04   5.233673    
  9.9799817E-04   5.067617    
  1.0000000E-03   4.984526    
