 -4.9999999E-03   1.280914    
 -4.9899900E-03   1.287325    
 -4.9799802E-03   1.294214    
 -4.9699699E-03   1.301668    
 -4.9599600E-03   1.309562    
 -4.9499501E-03   1.317637    
 -4.9399403E-03   1.325598    
 -4.9299300E-03   1.333110    
 -4.9199201E-03   1.340433    
 -4.9099098E-03   1.347848    
 -4.8998999E-03   1.355614    
 -4.8898896E-03   1.364052    
 -4.8798798E-03   1.373096    
 -4.8698699E-03   1.382213    
 -4.8598601E-03   1.390821    
 -4.8498502E-03   1.398323    
 -4.8398399E-03   1.404526    
 -4.8298300E-03   1.409601    
 -4.8198197E-03   1.414286    
 -4.8098098E-03   1.419424    
 -4.7997995E-03   1.425861    
 -4.7897897E-03   1.433954    
 -4.7797798E-03   1.443834    
 -4.7697700E-03   1.454888    
 -4.7597601E-03   1.466624    
 -4.7497498E-03   1.478631    
 -4.7397399E-03   1.490611    
 -4.7297296E-03   1.502925    
 -4.7197198E-03   1.515733    
 -4.7097094E-03   1.529276    
 -4.6996996E-03   1.543530    
 -4.6896897E-03   1.558092    
 -4.6796799E-03   1.572284    
 -4.6696700E-03   1.585659    
 -4.6596597E-03   1.597712    
 -4.6496498E-03   1.608723    
 -4.6396400E-03   1.618922    
 -4.6296297E-03   1.629048    
 -4.6196193E-03   1.639358    
 -4.6096095E-03   1.650070    
 -4.5995996E-03   1.660608    
 -4.5895898E-03   1.670526    
 -4.5795795E-03   1.679210    
 -4.5695696E-03   1.686422    
 -4.5595597E-03   1.692430    
 -4.5495499E-03   1.697818    
 -4.5395396E-03   1.703469    
 -4.5295293E-03   1.710052    
 -4.5195194E-03   1.717775    
 -4.5095095E-03   1.726374    
 -4.4994997E-03   1.735206    
 -4.4894894E-03   1.743611    
 -4.4794795E-03   1.750983    
 -4.4694697E-03   1.757300    
 -4.4594598E-03   1.762804    
 -4.4494495E-03   1.768014    
 -4.4394392E-03   1.773524    
 -4.4294293E-03   1.779440    
 -4.4194194E-03   1.785827    
 -4.4094096E-03   1.792533    
 -4.3993993E-03   1.799291    
 -4.3893894E-03   1.806370    
 -4.3793796E-03   1.814260    
 -4.3693697E-03   1.823661    
 -4.3593599E-03   1.835142    
 -4.3493495E-03   1.848912    
 -4.3393392E-03   1.864701    
 -4.3293294E-03   1.881432    
 -4.3193190E-03   1.897780    
 -4.3093092E-03   1.912502    
 -4.2992993E-03   1.924681    
 -4.2892895E-03   1.934024    
 -4.2792796E-03   1.940938    
 -4.2692693E-03   1.946170    
 -4.2592594E-03   1.950485    
 -4.2492491E-03   1.954489    
 -4.2392393E-03   1.958508    
 -4.2292294E-03   1.962528    
 -4.2192191E-03   1.966884    
 -4.2092092E-03   1.971667    
 -4.1991994E-03   1.977436    
 -4.1891895E-03   1.985035    
 -4.1791792E-03   1.995170    
 -4.1691693E-03   2.008124    
 -4.1591590E-03   2.023762    
 -4.1491492E-03   2.041249    
 -4.1391389E-03   2.059714    
 -4.1291290E-03   2.077956    
 -4.1191191E-03   2.095309    
 -4.1091093E-03   2.111548    
 -4.0990994E-03   2.126882    
 -4.0890891E-03   2.141845    
 -4.0790793E-03   2.156742    
 -4.0690694E-03   2.171618    
 -4.0590591E-03   2.186534    
 -4.0490492E-03   2.201111    
 -4.0390389E-03   2.215212    
 -4.0290290E-03   2.228691    
 -4.0190192E-03   2.241904    
 -4.0090089E-03   2.255083    
 -3.9989995E-03   2.268576    
 -3.9889892E-03   2.282157    
 -3.9789793E-03   2.295347    
 -3.9689690E-03   2.307166    
 -3.9589587E-03   2.316895    
 -3.9489488E-03   2.324088    
 -3.9389390E-03   2.328700    
 -3.9289291E-03   2.331649    
 -3.9189192E-03   2.334061    
 -3.9089089E-03   2.337297    
 -3.8988988E-03   2.342129    
 -3.8888890E-03   2.348827    
 -3.8788787E-03   2.357149    
 -3.8688693E-03   2.366443    
 -3.8588590E-03   2.375978    
 -3.8488489E-03   2.385303    
 -3.8388390E-03   2.394271    
 -3.8288287E-03   2.403285    
 -3.8188188E-03   2.412555    
 -3.8088090E-03   2.422423    
 -3.7987989E-03   2.432775    
 -3.7887890E-03   2.443349    
 -3.7787787E-03   2.453592    
 -3.7687689E-03   2.463250    
 -3.7587588E-03   2.472389    
 -3.7487489E-03   2.481262    
 -3.7387386E-03   2.490538    
 -3.7287287E-03   2.500607    
 -3.7187189E-03   2.511696    
 -3.7087088E-03   2.523679    
 -3.6986985E-03   2.536060    
 -3.6886886E-03   2.548615    
 -3.6786788E-03   2.561146    
 -3.6686689E-03   2.573980    
 -3.6586588E-03   2.587701    
 -3.6486485E-03   2.603130    
 -3.6386386E-03   2.620800    
 -3.6286288E-03   2.640712    
 -3.6186187E-03   2.662549    
 -3.6086084E-03   2.685527    
 -3.5985985E-03   2.708565    
 -3.5885887E-03   2.731186    
 -3.5785788E-03   2.753117    
 -3.5685685E-03   2.774491    
 -3.5585584E-03   2.795765    
 -3.5485486E-03   2.817270    
 -3.5385387E-03   2.839177    
 -3.5285288E-03   2.860990    
 -3.5185185E-03   2.882140    
 -3.5085084E-03   2.901922    
 -3.4984986E-03   2.920156    
 -3.4884887E-03   2.936880    
 -3.4784784E-03   2.952596    
 -3.4684683E-03   2.967951    
 -3.4584585E-03   2.983341    
 -3.4484486E-03   2.999189    
 -3.4384383E-03   3.015320    
 -3.4284284E-03   3.031762    
 -3.4184183E-03   3.048361    
 -3.4084085E-03   3.065505    
 -3.3983986E-03   3.083875    
 -3.3883883E-03   3.104329    
 -3.3783785E-03   3.127311    
 -3.3683684E-03   3.152947    
 -3.3583585E-03   3.180217    
 -3.3483487E-03   3.207934    
 -3.3383383E-03   3.234352    
 -3.3283283E-03   3.258122    
 -3.3183184E-03   3.278569    
 -3.3083083E-03   3.296048    
 -3.2982985E-03   3.311377    
 -3.2882884E-03   3.325822    
 -3.2782783E-03   3.340588    
 -3.2682684E-03   3.355879    
 -3.2582583E-03   3.371671    
 -3.2482482E-03   3.387288    
 -3.2382382E-03   3.402172    
 -3.2282281E-03   3.415710    
 -3.2182182E-03   3.428052    
 -3.2082084E-03   3.439789    
 -3.1981983E-03   3.451590    
 -3.1881882E-03   3.463683    
 -3.1781783E-03   3.476278    
 -3.1681682E-03   3.488546    
 -3.1581582E-03   3.500034    
 -3.1481483E-03   3.510294    
 -3.1381380E-03   3.519094    
 -3.1281281E-03   3.527161    
 -3.1181183E-03   3.535625    
 -3.1081082E-03   3.545489    
 -3.0980981E-03   3.557604    
 -3.0880882E-03   3.572334    
 -3.0780782E-03   3.589586    
 -3.0680681E-03   3.609109    
 -3.0580582E-03   3.630495    
 -3.0480481E-03   3.654147    
 -3.0380380E-03   3.680557    
 -3.0280282E-03   3.710490    
 -3.0180181E-03   3.744161    
 -3.0080082E-03   3.781276    
 -2.9979981E-03   3.820842    
 -2.9879878E-03   3.861226    
 -2.9779780E-03   3.900539    
 -2.9679681E-03   3.937672    
 -2.9579580E-03   3.972126    
 -2.9479479E-03   4.004647    
 -2.9379381E-03   4.036435    
 -2.9279280E-03   4.069185    
 -2.9179181E-03   4.104060    
 -2.9079081E-03   4.141221    
 -2.8978977E-03   4.180542    
 -2.8878879E-03   4.221287    
 -2.8778778E-03   4.262730    
 -2.8678679E-03   4.304519    
 -2.8578578E-03   4.347015    
 -2.8478478E-03   4.390751    
 -2.8378379E-03   4.436517    
 -2.8278281E-03   4.484479    
 -2.8178177E-03   4.534074    
 -2.8078076E-03   4.584474    
 -2.7977978E-03   4.634510    
 -2.7877877E-03   4.682878    
 -2.7777778E-03   4.729205    
 -2.7677678E-03   4.773566    
 -2.7577577E-03   4.816222    
 -2.7477478E-03   4.857673    
 -2.7377380E-03   4.897804    
 -2.7277276E-03   4.935874    
 -2.7177178E-03   4.971252    
 -2.7077077E-03   5.002765    
 -2.6976976E-03   5.030265    
 -2.6876878E-03   5.054067    
 -2.6776779E-03   5.075305    
 -2.6676676E-03   5.095860    
 -2.6576577E-03   5.116992    
 -2.6476476E-03   5.139833    
 -2.6376375E-03   5.164827    
 -2.6276277E-03   5.191404    
 -2.6176176E-03   5.219225    
 -2.6076075E-03   5.247818    
 -2.5975977E-03   5.277284    
 -2.5875878E-03   5.308204    
 -2.5775777E-03   5.341268    
 -2.5675676E-03   5.377121    
 -2.5575575E-03   5.415322    
 -2.5475475E-03   5.455330    
 -2.5375376E-03   5.495814    
 -2.5275275E-03   5.536233    
 -2.5175174E-03   5.576074    
 -2.5075076E-03   5.616209    
 -2.4974977E-03   5.658064    
 -2.4874876E-03   5.703366    
 -2.4774773E-03   5.753485    
 -2.4674674E-03   5.808642    
 -2.4574574E-03   5.868109    
 -2.4474475E-03   5.930268    
 -2.4374374E-03   5.993292    
 -2.4274273E-03   6.055826    
 -2.4174175E-03   6.117478    
 -2.4074076E-03   6.178977    
 -2.3973975E-03   6.241502    
 -2.3873874E-03   6.306469    
 -2.3773774E-03   6.374819    
 -2.3673673E-03   6.446271    
 -2.3573574E-03   6.520047    
 -2.3473476E-03   6.594602    
 -2.3373372E-03   6.668817    
 -2.3273274E-03   6.741529    
 -2.3173175E-03   6.812423    
 -2.3073072E-03   6.881563    
 -2.2972974E-03   6.949102    
 -2.2872873E-03   7.015141    
 -2.2772772E-03   7.079773    
 -2.2672673E-03   7.143018    
 -2.2572575E-03   7.205151    
 -2.2472474E-03   7.267049    
 -2.2372373E-03   7.330306    
 -2.2272274E-03   7.396100    
 -2.2172171E-03   7.466075    
 -2.2072073E-03   7.540820    
 -2.1971972E-03   7.620074    
 -2.1871871E-03   7.702888    
 -2.1771772E-03   7.787615    
 -2.1671674E-03   7.873672    
 -2.1571573E-03   7.960718    
 -2.1471472E-03   8.049202    
 -2.1371371E-03   8.140130    
 -2.1271270E-03   8.234468    
 -2.1171172E-03   8.332426    
 -2.1071073E-03   8.433104    
 -2.0970970E-03   8.534815    
 -2.0870871E-03   8.635332    
 -2.0770773E-03   8.733126    
 -2.0670672E-03   8.827411    
 -2.0570571E-03   8.918845    
 -2.0470468E-03   9.008624    
 -2.0370369E-03   9.098971    
 -2.0270271E-03   9.191425    
 -2.0170170E-03   9.287149    
 -2.0070069E-03   9.386204    
 -1.9969970E-03   9.488362    
 -1.9869870E-03   9.593742    
 -1.9769771E-03   9.702494    
 -1.9669670E-03   9.815321    
 -1.9569569E-03   9.933290    
 -1.9469468E-03   10.05742    
 -1.9369370E-03   10.18705    
 -1.9269269E-03   10.32113    
 -1.9169169E-03   10.45766    
 -1.9069071E-03   10.59461    
 -1.8968969E-03   10.73052    
 -1.8868870E-03   10.86471    
 -1.8768768E-03   10.99831    
 -1.8668667E-03   11.13271    
 -1.8568569E-03   11.26939    
 -1.8468469E-03   11.40950    
 -1.8368368E-03   11.55302    
 -1.8268268E-03   11.69977    
 -1.8168170E-03   11.84810    
 -1.8068068E-03   11.99826    
 -1.7967967E-03   12.15050    
 -1.7867868E-03   12.30604    
 -1.7767766E-03   12.46640    
 -1.7667668E-03   12.63215    
 -1.7567568E-03   12.80278    
 -1.7467467E-03   12.97638    
 -1.7367367E-03   13.14965    
 -1.7267269E-03   13.31962    
 -1.7167168E-03   13.48372    
 -1.7067066E-03   13.64169    
 -1.6966967E-03   13.79451    
 -1.6866866E-03   13.94498    
 -1.6766769E-03   14.09655    
 -1.6666666E-03   14.25203    
 -1.6566566E-03   14.41402    
 -1.6466468E-03   14.58409    
 -1.6366368E-03   14.76373    
 -1.6266268E-03   14.95467    
 -1.6166165E-03   15.15932    
 -1.6066066E-03   15.38054    
 -1.5965967E-03   15.62071    
 -1.5865864E-03   15.88145    
 -1.5765765E-03   16.16171    
 -1.5665665E-03   16.45919    
 -1.5565567E-03   16.76907    
 -1.5465467E-03   17.08672    
 -1.5365368E-03   17.40725    
 -1.5265265E-03   17.72802    
 -1.5165166E-03   18.04746    
 -1.5065067E-03   18.36558    
 -1.4964964E-03   18.68241    
 -1.4864864E-03   18.99813    
 -1.4764764E-03   19.31177    
 -1.4664661E-03   19.62268    
 -1.4564563E-03   19.92944    
 -1.4464463E-03   20.23271    
 -1.4364364E-03   20.53385    
 -1.4264265E-03   20.83628    
 -1.4164166E-03   21.14347    
 -1.4064063E-03   21.45946    
 -1.3963963E-03   21.78706    
 -1.3863865E-03   22.12744    
 -1.3763765E-03   22.48107    
 -1.3663666E-03   22.84760    
 -1.3563567E-03   23.22682    
 -1.3463463E-03   23.61900    
 -1.3363364E-03   24.02526    
 -1.3263260E-03   24.44648    
 -1.3163162E-03   24.88234    
 -1.3063062E-03   25.33190    
 -1.2962964E-03   25.79391    
 -1.2862860E-03   26.26657    
 -1.2762761E-03   26.74834    
 -1.2662662E-03   27.24003    
 -1.2562562E-03   27.74302    
 -1.2462464E-03   28.26058    
 -1.2362364E-03   28.79461    
 -1.2262261E-03   29.34620    
 -1.2162162E-03   29.91346    
 -1.2062063E-03   30.49432    
 -1.1961963E-03   31.08368    
 -1.1861864E-03   31.67797    
 -1.1761765E-03   32.27557    
 -1.1661662E-03   32.87675    
 -1.1561563E-03   33.48386    
 -1.1461460E-03   34.09936    
 -1.1361360E-03   34.72655    
 -1.1261262E-03   35.36661    
 -1.1161162E-03   36.02015    
 -1.1061059E-03   36.68717    
 -1.0960960E-03   37.36835    
 -1.0860860E-03   38.06639    
 -1.0760761E-03   38.78550    
 -1.0660662E-03   39.53135    
 -1.0560562E-03   40.30911    
 -1.0460459E-03   41.12237    
 -1.0360361E-03   41.97212    
 -1.0260261E-03   42.85830    
 -1.0160162E-03   43.77935    
 -1.0060063E-03   44.73533    
 -9.9599641E-04   45.72817    
 -9.8598609E-04   46.76326    
 -9.7597571E-04   47.84747    
 -9.6596580E-04   48.98869    
 -9.5595588E-04   50.19196    
 -9.4594597E-04   51.46068    
 -9.3593606E-04   52.79480    
 -9.2592573E-04   54.19100    
 -9.1591582E-04   55.64710    
 -9.0590591E-04   57.15919    
 -8.9589600E-04   58.72778    
 -8.8588602E-04   60.35244    
 -8.7587611E-04   62.03431    
 -8.6586579E-04   63.77408    
 -8.5585588E-04   65.57011    
 -8.4584596E-04   67.42149    
 -8.3583605E-04   69.32663    
 -8.2582614E-04   71.28666    
 -8.1581622E-04   73.30511    
 -8.0580550E-04   75.38934    
 -7.9579558E-04   77.54690    
 -7.8578567E-04   79.78736    
 -7.7577576E-04   82.11692    
 -7.6576584E-04   84.53972    
 -7.5575552E-04   87.05759    
 -7.4574561E-04   89.67153    
 -7.3573564E-04   92.38352    
 -7.2572572E-04   95.19886    
 -7.1571581E-04   98.12563    
 -7.0570590E-04   101.1750    
 -6.9569558E-04   104.3587    
 -6.8568566E-04   107.6883    
 -6.7567575E-04   111.1736    
 -6.6566584E-04   114.8244    
 -6.5565592E-04   118.6487    
 -6.4564601E-04   122.6571    
 -6.3563528E-04   126.8609    
 -6.2562537E-04   131.2731    
 -6.1561546E-04   135.9095    
 -6.0560554E-04   140.7835    
 -5.9559557E-04   145.9095    
 -5.8558566E-04   151.3033    
 -5.7557534E-04   156.9824    
 -5.6556542E-04   162.9709    
 -5.5555551E-04   169.2979    
 -5.4554560E-04   176.0012    
 -5.3553568E-04   183.1227    
 -5.2552577E-04   190.7053    
 -5.1551545E-04   198.7885    
 -5.0550554E-04   207.4072    
 -4.9549562E-04   216.5951    
 -4.8548568E-04   226.3838    
 -4.7547577E-04   236.8118    
 -4.6546545E-04   247.9280    
 -4.5545513E-04   259.7942    
 -4.4544521E-04   272.4845    
 -4.3543530E-04   286.0814    
 -4.2542536E-04   300.6748    
 -4.1541544E-04   316.3552    
 -4.0540553E-04   333.2132    
 -3.9539521E-04   351.3463    
 -3.8538530E-04   370.8539    
 -3.7537538E-04   391.8452    
 -3.6536544E-04   414.4398    
 -3.5535553E-04   438.7583    
 -3.4534562E-04   464.9143    
 -3.3533529E-04   493.0064    
 -3.2532538E-04   523.0963    
 -3.1531547E-04   555.2121    
 -3.0530553E-04   589.3323    
 -2.9529521E-04   625.3788    
 -2.8528529E-04   663.2008    
 -2.7527497E-04   702.5769    
 -2.6526506E-04   743.1849    
 -2.5525515E-04   784.6130    
 -2.4524523E-04   826.3420    
 -2.3523530E-04   867.7849    
 -2.2522538E-04   908.3099    
 -2.1521507E-04   947.3144    
 -2.0520514E-04   984.2772    
 -1.9519523E-04   1018.857    
 -1.8518530E-04   1050.920    
 -1.7517539E-04   1080.583    
 -1.6516546E-04   1108.202    
 -1.5515515E-04   1134.333    
 -1.4514523E-04   1159.664    
 -1.3513531E-04   1184.942    
 -1.2512499E-04   1210.875    
 -1.1511507E-04   1238.052    
 -1.0510515E-04   1266.873    
 -9.5094838E-05   1297.496    
 -8.5084917E-05   1329.767    
 -7.5074997E-05   1363.214    
 -6.5065076E-05   1397.015    
 -5.5055156E-05   1430.044    
 -4.5045235E-05   1460.923    
 -3.5034918E-05   1488.138    
 -2.5024998E-05   1510.181    
 -1.5015078E-05   1525.723    
 -5.0051581E-06   1533.766    
  5.0047620E-06   1533.761    
  1.5014683E-05   1525.721    
  2.5024998E-05   1510.181    
  3.5034918E-05   1488.137    
  4.5045235E-05   1460.923    
  5.5055156E-05   1430.044    
  6.5065076E-05   1397.015    
  7.5075390E-05   1363.212    
  8.5085310E-05   1329.766    
  9.5095231E-05   1297.496    
  1.0510515E-04   1266.873    
  1.1511507E-04   1238.052    
  1.2512499E-04   1210.874    
  1.3513531E-04   1184.942    
  1.4514523E-04   1159.664    
  1.5515515E-04   1134.333    
  1.6516507E-04   1108.202    
  1.7517500E-04   1080.584    
  1.8518491E-04   1050.920    
  1.9519523E-04   1018.857    
  2.0520514E-04   984.2778    
  2.1521546E-04   947.3123    
  2.2522538E-04   908.3099    
  2.3523530E-04   867.7850    
  2.4524523E-04   826.3418    
  2.5525552E-04   784.6117    
  2.6526547E-04   743.1830    
  2.7527538E-04   702.5739    
  2.8528529E-04   663.2003    
  2.9529521E-04   625.3784    
  3.0530515E-04   589.3339    
  3.1531547E-04   555.2122    
  3.2532538E-04   523.0960    
  3.3533529E-04   493.0060    
  3.4534521E-04   464.9157    
  3.5535512E-04   438.7606    
  3.6536506E-04   414.4411    
  3.7537538E-04   391.8451    
  3.8538568E-04   370.8526    
  3.9539562E-04   351.3454    
  4.0540553E-04   333.2133    
  4.1541544E-04   316.3550    
  4.2542536E-04   300.6747    
  4.3543568E-04   286.0804    
  4.4544559E-04   272.4830    
  4.5545553E-04   259.7938    
  4.6546545E-04   247.9279    
  4.7547536E-04   236.8119    
  4.8548527E-04   226.3841    
  4.9549562E-04   216.5952    
  5.0550554E-04   207.4070    
  5.1551545E-04   198.7884    
  5.2552536E-04   190.7053    
  5.3553528E-04   183.1232    
  5.4554519E-04   176.0017    
  5.5555592E-04   169.2975    
  5.6556583E-04   162.9704    
  5.7557574E-04   156.9821    
  5.8558566E-04   151.3033    
  5.9559557E-04   145.9095    
  6.0560554E-04   140.7835    
  6.1561581E-04   135.9091    
  6.2562578E-04   131.2730    
  6.3563569E-04   126.8610    
  6.4564560E-04   122.6574    
  6.5565552E-04   118.6489    
  6.6566543E-04   114.8245    
  6.7567575E-04   111.1738    
  6.8568566E-04   107.6881    
  6.9569558E-04   104.3588    
  7.0570549E-04   101.1751    
  7.1571540E-04   98.12600    
  7.2572572E-04   95.19886    
  7.3573604E-04   92.38372    
  7.4574596E-04   89.67186    
  7.5575593E-04   87.05783    
  7.6576584E-04   84.53957    
  7.7577576E-04   82.11703    
  7.8578567E-04   79.78741    
  7.9579599E-04   77.54701    
  8.0580590E-04   75.38934    
  8.1581582E-04   73.30515    
  8.2582573E-04   71.28683    
  8.3583564E-04   69.32680    
  8.4584556E-04   67.42167    
  8.5585588E-04   65.57016    
  8.6586579E-04   63.77422    
  8.7587576E-04   62.03440    
  8.8588567E-04   60.35241    
  8.9589600E-04   58.72776    
  9.0590632E-04   57.15926    
  9.1591623E-04   55.64679    
  9.2592614E-04   54.19137    
  9.3593606E-04   52.79475    
  9.4594597E-04   51.46069    
  9.5595588E-04   50.19193    
  9.6596620E-04   48.98841    
  9.7597612E-04   47.84758    
  9.8598609E-04   46.76329    
  9.9599594E-04   45.72794    
  1.0060059E-03   44.73536    
  1.0160158E-03   43.77935    
  1.0260261E-03   42.85820    
  1.0360361E-03   41.97222    
  1.0460459E-03   41.12227    
  1.0560559E-03   40.30901    
  1.0660662E-03   39.53135    
  1.0760761E-03   38.78559    
  1.0860864E-03   38.06630    
  1.0960964E-03   37.36831    
  1.1061063E-03   36.68712    
  1.1161162E-03   36.02015    
  1.1261262E-03   35.36666    
  1.1361360E-03   34.72654    
  1.1461463E-03   34.09938    
  1.1561563E-03   33.48382    
  1.1661662E-03   32.87676    
  1.1761761E-03   32.27565    
  1.1861860E-03   31.67810    
  1.1961960E-03   31.08354    
  1.2062063E-03   30.49440    
  1.2162162E-03   29.91353    
  1.2262261E-03   29.34617    
  1.2362364E-03   28.79468    
  1.2462464E-03   28.26055    
  1.2562562E-03   27.74306    
  1.2662666E-03   27.23998    
  1.2762765E-03   26.74831    
  1.2862864E-03   26.26654    
  1.2962964E-03   25.79397    
  1.3063062E-03   25.33189    
  1.3163162E-03   24.88228    
  1.3263265E-03   24.44635    
  1.3363364E-03   24.02528    
  1.3463463E-03   23.61902    
  1.3563563E-03   23.22688    
  1.3663662E-03   22.84767    
  1.3763761E-03   22.48117    
  1.3863865E-03   22.12742    
  1.3963963E-03   21.78699    
  1.4064066E-03   21.45952    
  1.4164166E-03   21.14351    
  1.4264265E-03   20.83627    
  1.4364364E-03   20.53392    
  1.4464468E-03   20.23267    
  1.4564566E-03   19.92950    
  1.4664666E-03   19.62255    
  1.4764764E-03   19.31186    
  1.4864864E-03   18.99811    
  1.4964964E-03   18.68237    
  1.5065067E-03   18.36555    
  1.5165166E-03   18.04747    
  1.5265265E-03   17.72804    
  1.5365364E-03   17.40726    
  1.5465464E-03   17.08660    
  1.5565562E-03   16.76913    
  1.5665665E-03   16.45916    
  1.5765765E-03   16.16176    
  1.5865868E-03   15.88141    
  1.5965967E-03   15.62068    
  1.6066066E-03   15.38052    
  1.6166165E-03   15.15934    
  1.6266268E-03   14.95469    
  1.6366368E-03   14.76374    
  1.6466463E-03   14.58404    
  1.6566566E-03   14.41405    
  1.6666669E-03   14.25188    
  1.6766764E-03   14.09645    
  1.6866868E-03   13.94493    
  1.6966963E-03   13.79456    
  1.7067066E-03   13.64168    
  1.7167169E-03   13.48393    
  1.7267264E-03   13.31958    
  1.7367367E-03   13.14970    
  1.7467464E-03   12.97632    
  1.7567567E-03   12.80261    
  1.7667669E-03   12.63202    
  1.7767772E-03   12.46621    
  1.7867868E-03   12.30607    
  1.7967972E-03   12.15050    
  1.8068067E-03   11.99821    
  1.8168170E-03   11.84814    
  1.8268273E-03   11.69966    
  1.8368368E-03   11.55303    
  1.8468471E-03   11.40963    
  1.8568566E-03   11.26939    
  1.8668670E-03   11.13270    
  1.8768765E-03   10.99831    
  1.8868868E-03   10.86476    
  1.8968971E-03   10.73050    
  1.9069066E-03   10.59463    
  1.9169169E-03   10.45767    
  1.9269264E-03   10.32117    
  1.9369368E-03   10.18701    
  1.9469471E-03   10.05737    
  1.9569567E-03   9.933347    
  1.9669670E-03   9.815269    
  1.9769764E-03   9.702321    
  1.9869867E-03   9.593778    
  1.9969963E-03   9.488338    
  2.0070074E-03   9.386060    
  2.0170177E-03   9.287028    
  2.0270273E-03   9.191461    
  2.0370376E-03   9.098983    
  2.0470470E-03   9.008523    
  2.0570573E-03   8.918644    
  2.0670677E-03   8.827463    
  2.0770773E-03   8.733150    
  2.0870876E-03   8.635402    
  2.0970970E-03   8.534847    
  2.1071073E-03   8.433204    
  2.1171169E-03   8.332376    
  2.1271273E-03   8.234426    
  2.1371376E-03   8.140180    
  2.1471470E-03   8.049217    
  2.1571573E-03   7.960780    
  2.1671669E-03   7.873788    
  2.1771772E-03   7.787613    
  2.1871876E-03   7.702746    
  2.1971972E-03   7.620011    
  2.2072075E-03   7.540760    
  2.2172169E-03   7.466037    
  2.2272272E-03   7.396064    
  2.2372368E-03   7.330245    
  2.2472471E-03   7.267093    
  2.2572575E-03   7.205168    
  2.2672669E-03   7.143053    
  2.2772772E-03   7.079813    
  2.2872868E-03   7.015157    
  2.2972971E-03   6.949091    
  2.3073074E-03   6.881586    
  2.3173168E-03   6.812391    
  2.3273272E-03   6.741602    
  2.3373368E-03   6.668865    
  2.3473478E-03   6.594582    
  2.3573574E-03   6.520021    
  2.3673677E-03   6.446309    
  2.3773781E-03   6.374758    
  2.3873874E-03   6.306623    
  2.3973978E-03   6.241496    
  2.4074074E-03   6.178974    
  2.4174177E-03   6.117469    
  2.4274280E-03   6.055833    
  2.4374374E-03   5.993274    
  2.4474477E-03   5.930242    
  2.4574574E-03   5.868121    
  2.4674677E-03   5.808710    
  2.4774773E-03   5.753460    
  2.4874876E-03   5.703391    
  2.4974979E-03   5.658012    
  2.5075073E-03   5.616186    
  2.5175177E-03   5.576066    
  2.5275273E-03   5.536165    
  2.5375376E-03   5.495805    
  2.5475479E-03   5.455228    
  2.5575573E-03   5.415422    
  2.5675676E-03   5.377153    
  2.5775773E-03   5.341404    
  2.5875876E-03   5.308297    
  2.5975970E-03   5.277288    
  2.6076073E-03   5.247784    
  2.6176176E-03   5.219216    
  2.6276272E-03   5.191363    
  2.6376375E-03   5.164802    
  2.6476469E-03   5.139920    
  2.6576573E-03   5.117003    
  2.6676676E-03   5.095893    
  2.6776772E-03   5.075377    
  2.6876875E-03   5.054000    
  2.6976978E-03   5.030271    
  2.7077082E-03   5.002781    
  2.7177185E-03   4.971184    
  2.7277281E-03   4.935945    
  2.7377382E-03   4.897831    
  2.7477478E-03   4.857690    
  2.7577581E-03   4.816288    
  2.7677678E-03   4.773527    
  2.7777781E-03   4.729264    
  2.7877884E-03   4.682854    
  2.7977978E-03   4.634491    
  2.8078081E-03   4.584447    
  2.8178177E-03   4.534053    
  2.8278281E-03   4.484458    
  2.8378384E-03   4.436535    
  2.8478478E-03   4.390754    
  2.8578581E-03   4.347020    
  2.8678677E-03   4.304535    
  2.8778780E-03   4.262690    
  2.8878874E-03   4.221330    
  2.8978977E-03   4.180526    
  2.9079081E-03   4.141220    
  2.9179177E-03   4.103969    
  2.9279280E-03   4.069199    
  2.9379374E-03   4.036481    
  2.9479477E-03   4.004630    
  2.9579580E-03   3.972183    
  2.9679677E-03   3.937641    
  2.9779780E-03   3.900528    
  2.9879876E-03   3.861202    
  2.9979979E-03   3.820810    
  3.0080073E-03   3.781234    
  3.0180176E-03   3.744107    
  3.0280279E-03   3.710497    
  3.0380383E-03   3.680593    
  3.0480486E-03   3.654208    
  3.0580582E-03   3.630488    
  3.0680685E-03   3.609052    
  3.0780789E-03   3.589545    
  3.0880882E-03   3.572353    
  3.0980986E-03   3.557618    
  3.1081082E-03   3.545514    
  3.1181185E-03   3.535647    
  3.1281279E-03   3.527263    
  3.1381382E-03   3.519157    
  3.1481485E-03   3.510304    
  3.1581582E-03   3.500029    
  3.1681685E-03   3.488557    
  3.1781779E-03   3.476219    
  3.1881882E-03   3.463662    
  3.1981985E-03   3.451618    
  3.2082081E-03   3.439809    
  3.2182185E-03   3.428066    
  3.2282281E-03   3.415678    
  3.2382382E-03   3.402150    
  3.2482478E-03   3.387334    
  3.2582581E-03   3.371636    
  3.2682684E-03   3.355857    
  3.2782780E-03   3.340527    
  3.2882884E-03   3.325819    
  3.2982978E-03   3.311406    
  3.3083081E-03   3.296077    
  3.3183184E-03   3.278576    
  3.3283280E-03   3.258096    
  3.3383383E-03   3.234349    
  3.3483477E-03   3.207874    
  3.3583581E-03   3.180245    
  3.3683677E-03   3.152894    
  3.3783787E-03   3.127315    
  3.3883890E-03   3.104273    
  3.3983986E-03   3.083879    
  3.4084090E-03   3.065515    
  3.4184183E-03   3.048326    
  3.4284287E-03   3.031733    
  3.4384390E-03   3.015341    
  3.4484486E-03   2.999185    
  3.4584589E-03   2.983358    
  3.4684683E-03   2.967932    
  3.4784786E-03   2.952580    
  3.4884890E-03   2.936901    
  3.4984986E-03   2.920152    
  3.5085089E-03   2.901930    
  3.5185185E-03   2.882148    
  3.5285288E-03   2.860981    
  3.5385382E-03   2.839176    
  3.5485486E-03   2.817305    
  3.5585589E-03   2.795763    
  3.5685685E-03   2.774512    
  3.5785788E-03   2.753140    
  3.5885882E-03   2.731235    
  3.5985985E-03   2.708580    
  3.6086089E-03   2.685556    
  3.6186185E-03   2.662598    
  3.6286288E-03   2.640722    
  3.6386382E-03   2.620758    
  3.6486485E-03   2.603138    
  3.6586581E-03   2.587692    
  3.6686684E-03   2.573956    
  3.6786788E-03   2.561158    
  3.6886882E-03   2.548619    
  3.6986985E-03   2.536051    
  3.7087081E-03   2.523649    
  3.7187191E-03   2.511717    
  3.7287294E-03   2.500644    
  3.7387391E-03   2.490555    
  3.7487494E-03   2.481284    
  3.7587588E-03   2.472394    
  3.7687691E-03   2.463223    
  3.7787787E-03   2.453604    
  3.7887890E-03   2.443348    
  3.7987994E-03   2.432800    
  3.8088090E-03   2.422443    
  3.8188193E-03   2.412567    
  3.8288287E-03   2.403276    
  3.8388390E-03   2.394287    
  3.8488493E-03   2.385302    
  3.8588590E-03   2.375990    
  3.8688693E-03   2.366439    
  3.8788787E-03   2.357130    
  3.8888890E-03   2.348834    
  3.8988986E-03   2.342067    
  3.9089089E-03   2.337291    
  3.9189192E-03   2.334045    
  3.9289286E-03   2.331665    
  3.9389390E-03   2.328718    
  3.9489483E-03   2.324011    
  3.9589587E-03   2.316912    
  3.9689690E-03   2.307171    
  3.9789788E-03   2.295318    
  3.9889892E-03   2.282172    
  3.9989986E-03   2.268578    
  4.0090089E-03   2.255054    
  4.0190183E-03   2.241833    
  4.0290286E-03   2.228670    
  4.0390389E-03   2.215190    
  4.0490488E-03   2.201105    
  4.0590595E-03   2.186504    
  4.0690694E-03   2.171591    
  4.0790793E-03   2.156718    
  4.0890896E-03   2.141813    
  4.0990994E-03   2.126886    
  4.1091098E-03   2.111514    
  4.1191191E-03   2.095318    
  4.1291295E-03   2.077909    
  4.1391389E-03   2.059705    
  4.1491492E-03   2.041237    
  4.1591595E-03   2.023719    
  4.1691693E-03   2.008148    
  4.1791797E-03   1.995221    
  4.1891891E-03   1.985075    
  4.1991994E-03   1.977472    
  4.2092097E-03   1.971670    
  4.2192191E-03   1.966898    
  4.2292294E-03   1.962536    
  4.2392388E-03   1.958532    
  4.2492491E-03   1.954502    
  4.2592590E-03   1.950483    
  4.2692693E-03   1.946159    
  4.2792796E-03   1.940925    
  4.2892890E-03   1.934047    
  4.2992993E-03   1.924666    
  4.3093087E-03   1.912483    
  4.3193190E-03   1.897769    
  4.3293294E-03   1.881442    
  4.3393392E-03   1.864727    
  4.3493495E-03   1.848922    
  4.3593589E-03   1.835109    
  4.3693692E-03   1.823637    
  4.3793786E-03   1.814301    
  4.3893890E-03   1.806351    
  4.3994002E-03   1.799278    
  4.4094096E-03   1.792518    
  4.4194199E-03   1.785840    
  4.4294293E-03   1.779424    
  4.4394396E-03   1.773486    
  4.4494499E-03   1.768048    
  4.4594598E-03   1.762807    
  4.4694701E-03   1.757269    
  4.4794795E-03   1.750957    
  4.4894898E-03   1.743581    
  4.4995002E-03   1.735177    
  4.5095095E-03   1.726364    
  4.5195199E-03   1.717830    
  4.5295293E-03   1.710040    
  4.5395396E-03   1.703476    
  4.5495494E-03   1.697841    
  4.5595597E-03   1.692438    
  4.5695701E-03   1.686418    
  4.5795795E-03   1.679203    
  4.5895898E-03   1.670516    
  4.5995992E-03   1.660606    
  4.6096095E-03   1.650069    
  4.6196198E-03   1.639356    
  4.6296297E-03   1.629012    
  4.6396400E-03   1.618911    
  4.6496494E-03   1.608686    
  4.6596597E-03   1.597709    
  4.6696691E-03   1.585617    
  4.6796794E-03   1.572337    
  4.6896897E-03   1.558098    
  4.6996991E-03   1.543526    
  4.7097094E-03   1.529278    
  4.7197193E-03   1.515747    
  4.7297296E-03   1.502947    
  4.7397404E-03   1.490656    
  4.7497503E-03   1.478639    
  4.7597606E-03   1.466614    
  4.7697700E-03   1.454894    
  4.7797803E-03   1.443794    
  4.7897897E-03   1.433939    
  4.7998000E-03   1.425865    
  4.8098103E-03   1.419415    
  4.8198197E-03   1.414281    
  4.8298300E-03   1.409607    
  4.8398399E-03   1.404531    
  4.8498502E-03   1.398323    
  4.8598605E-03   1.390818    
  4.8698699E-03   1.382200    
  4.8798802E-03   1.373090    
  4.8898896E-03   1.364041    
  4.8998999E-03   1.355608    
  4.9099098E-03   1.347807    
  4.9199201E-03   1.340434    
  4.9299304E-03   1.333131    
  4.9399398E-03   1.325526    
  4.9499501E-03   1.317645    
  4.9599595E-03   1.309618    
  4.9699699E-03   1.301670    
  4.9799802E-03   1.294212    
  4.9899896E-03   1.287373    
  4.9999999E-03   1.280913    
