 -4.9999999E-03   1.115084    
 -4.9899900E-03   1.114754    
 -4.9799802E-03   1.113092    
 -4.9699699E-03   1.111230    
 -4.9599600E-03   1.109762    
 -4.9499501E-03   1.108989    
 -4.9399403E-03   1.108842    
 -4.9299300E-03   1.108834    
 -4.9199201E-03   1.108706    
 -4.9099098E-03   1.108231    
 -4.8998999E-03   1.107283    
 -4.8898896E-03   1.105906    
 -4.8798798E-03   1.104311    
 -4.8698699E-03   1.102493    
 -4.8598601E-03   1.100481    
 -4.8498502E-03   1.098281    
 -4.8398399E-03   1.096069    
 -4.8298300E-03   1.094150    
 -4.8198197E-03   1.093258    
 -4.8098098E-03   1.094196    
 -4.7997995E-03   1.097767    
 -4.7897897E-03   1.104700    
 -4.7797798E-03   1.115005    
 -4.7697700E-03   1.128241    
 -4.7597601E-03   1.143385    
 -4.7497498E-03   1.159226    
 -4.7397399E-03   1.174541    
 -4.7297296E-03   1.188408    
 -4.7197198E-03   1.200535    
 -4.7097094E-03   1.211030    
 -4.6996996E-03   1.220680    
 -4.6896897E-03   1.230193    
 -4.6796799E-03   1.240213    
 -4.6696700E-03   1.251075    
 -4.6596597E-03   1.262527    
 -4.6496498E-03   1.274087    
 -4.6396400E-03   1.284895    
 -4.6296297E-03   1.294114    
 -4.6196193E-03   1.301178    
 -4.6096095E-03   1.305778    
 -4.5995996E-03   1.308225    
 -4.5895898E-03   1.308788    
 -4.5795795E-03   1.308350    
 -4.5695696E-03   1.307505    
 -4.5595597E-03   1.306873    
 -4.5495499E-03   1.306742    
 -4.5395396E-03   1.307401    
 -4.5295293E-03   1.308924    
 -4.5195194E-03   1.311438    
 -4.5095095E-03   1.315130    
 -4.4994997E-03   1.320369    
 -4.4894894E-03   1.327622    
 -4.4794795E-03   1.337276    
 -4.4694697E-03   1.349452    
 -4.4594598E-03   1.363802    
 -4.4494495E-03   1.379657    
 -4.4394392E-03   1.395935    
 -4.4294293E-03   1.411524    
 -4.4194194E-03   1.425277    
 -4.4094096E-03   1.436604    
 -4.3993993E-03   1.445565    
 -4.3893894E-03   1.452708    
 -4.3793796E-03   1.459052    
 -4.3693697E-03   1.465504    
 -4.3593599E-03   1.472806    
 -4.3493495E-03   1.481155    
 -4.3393392E-03   1.490029    
 -4.3293294E-03   1.498544    
 -4.3193190E-03   1.505631    
 -4.3093092E-03   1.510482    
 -4.2992993E-03   1.512672    
 -4.2892895E-03   1.512428    
 -4.2792796E-03   1.510520    
 -4.2692693E-03   1.508036    
 -4.2592594E-03   1.506061    
 -4.2492491E-03   1.505695    
 -4.2392393E-03   1.507336    
 -4.2292294E-03   1.511332    
 -4.2192191E-03   1.517549    
 -4.2092092E-03   1.525793    
 -4.1991994E-03   1.535512    
 -4.1891895E-03   1.546448    
 -4.1791792E-03   1.557824    
 -4.1691693E-03   1.569170    
 -4.1591590E-03   1.579760    
 -4.1491492E-03   1.589275    
 -4.1391389E-03   1.597527    
 -4.1291290E-03   1.604632    
 -4.1191191E-03   1.611172    
 -4.1091093E-03   1.617956    
 -4.0990994E-03   1.625740    
 -4.0890891E-03   1.634945    
 -4.0790793E-03   1.645522    
 -4.0690694E-03   1.656865    
 -4.0590591E-03   1.668042    
 -4.0490492E-03   1.677846    
 -4.0390389E-03   1.685789    
 -4.0290290E-03   1.691510    
 -4.0190192E-03   1.695655    
 -4.0090089E-03   1.699155    
 -3.9989995E-03   1.703374    
 -3.9889892E-03   1.709410    
 -3.9789793E-03   1.717830    
 -3.9689690E-03   1.728689    
 -3.9589587E-03   1.741482    
 -3.9489488E-03   1.755071    
 -3.9389390E-03   1.768377    
 -3.9289291E-03   1.780259    
 -3.9189192E-03   1.789866    
 -3.9089089E-03   1.796769    
 -3.8988988E-03   1.801023    
 -3.8888890E-03   1.802822    
 -3.8788787E-03   1.802977    
 -3.8688693E-03   1.802634    
 -3.8588590E-03   1.803245    
 -3.8488489E-03   1.806149    
 -3.8388390E-03   1.812886    
 -3.8288287E-03   1.824160    
 -3.8188188E-03   1.840075    
 -3.8088090E-03   1.859750    
 -3.7987989E-03   1.881490    
 -3.7887890E-03   1.903003    
 -3.7787787E-03   1.921955    
 -3.7687689E-03   1.936494    
 -3.7587588E-03   1.945642    
 -3.7487489E-03   1.949146    
 -3.7387386E-03   1.948019    
 -3.7287287E-03   1.943782    
 -3.7187189E-03   1.938171    
 -3.7087088E-03   1.932884    
 -3.6986985E-03   1.929388    
 -3.6886886E-03   1.928761    
 -3.6786788E-03   1.931682    
 -3.6686689E-03   1.938627    
 -3.6586588E-03   1.949665    
 -3.6486485E-03   1.964718    
 -3.6386386E-03   1.983073    
 -3.6286288E-03   2.003803    
 -3.6186187E-03   2.025386    
 -3.6086084E-03   2.046413    
 -3.5985985E-03   2.065365    
 -3.5885887E-03   2.081492    
 -3.5785788E-03   2.094450    
 -3.5685685E-03   2.104586    
 -3.5585584E-03   2.112886    
 -3.5485486E-03   2.120522    
 -3.5385387E-03   2.128373    
 -3.5285288E-03   2.137355    
 -3.5185185E-03   2.147716    
 -3.5085084E-03   2.159800    
 -3.4984986E-03   2.173552    
 -3.4884887E-03   2.189492    
 -3.4784784E-03   2.207927    
 -3.4684683E-03   2.229357    
 -3.4584585E-03   2.254168    
 -3.4484486E-03   2.282380    
 -3.4384383E-03   2.313671    
 -3.4284284E-03   2.347531    
 -3.4184183E-03   2.383096    
 -3.4084085E-03   2.419746    
 -3.3983986E-03   2.457117    
 -3.3883883E-03   2.495133    
 -3.3783785E-03   2.533623    
 -3.3683684E-03   2.572395    
 -3.3583585E-03   2.610986    
 -3.3483487E-03   2.648470    
 -3.3383383E-03   2.683876    
 -3.3283283E-03   2.715933    
 -3.3183184E-03   2.744057    
 -3.3083083E-03   2.767877    
 -3.2982985E-03   2.788026    
 -3.2882884E-03   2.805115    
 -3.2782783E-03   2.820139    
 -3.2682684E-03   2.833853    
 -3.2582583E-03   2.846815    
 -3.2482482E-03   2.858797    
 -3.2382382E-03   2.869951    
 -3.2282281E-03   2.880148    
 -3.2182182E-03   2.889942    
 -3.2082084E-03   2.899947    
 -3.1981983E-03   2.911186    
 -3.1881882E-03   2.924565    
 -3.1781783E-03   2.940597    
 -3.1681682E-03   2.959370    
 -3.1581582E-03   2.980365    
 -3.1481483E-03   3.002656    
 -3.1381380E-03   3.025559    
 -3.1281281E-03   3.048541    
 -3.1181183E-03   3.071376    
 -3.1081082E-03   3.094744    
 -3.0980981E-03   3.119005    
 -3.0880882E-03   3.144702    
 -3.0780782E-03   3.172004    
 -3.0680681E-03   3.200577    
 -3.0580582E-03   3.230272    
 -3.0480481E-03   3.260183    
 -3.0380380E-03   3.290192    
 -3.0280282E-03   3.320197    
 -3.0180181E-03   3.350228    
 -3.0080082E-03   3.380495    
 -2.9979981E-03   3.411048    
 -2.9879878E-03   3.441465    
 -2.9779780E-03   3.471041    
 -2.9679681E-03   3.499052    
 -2.9579580E-03   3.524738    
 -2.9479479E-03   3.548135    
 -2.9379381E-03   3.569555    
 -2.9279280E-03   3.589920    
 -2.9179181E-03   3.610550    
 -2.9079081E-03   3.632056    
 -2.8978977E-03   3.654987    
 -2.8878879E-03   3.679139    
 -2.8778778E-03   3.703846    
 -2.8678679E-03   3.727823    
 -2.8578578E-03   3.750474    
 -2.8478478E-03   3.771534    
 -2.8378379E-03   3.791228    
 -2.8278281E-03   3.811024    
 -2.8178177E-03   3.832328    
 -2.8078076E-03   3.856719    
 -2.7977978E-03   3.885066    
 -2.7877877E-03   3.918042    
 -2.7777778E-03   3.955240    
 -2.7677678E-03   3.995962    
 -2.7577577E-03   4.039065    
 -2.7477478E-03   4.083543    
 -2.7377380E-03   4.128756    
 -2.7277276E-03   4.174188    
 -2.7177178E-03   4.219944    
 -2.7077077E-03   4.265495    
 -2.6976976E-03   4.310839    
 -2.6876878E-03   4.355294    
 -2.6776779E-03   4.398275    
 -2.6676676E-03   4.438989    
 -2.6576577E-03   4.477254    
 -2.6476476E-03   4.513378    
 -2.6376375E-03   4.548305    
 -2.6276277E-03   4.584046    
 -2.6176176E-03   4.622602    
 -2.6076075E-03   4.666034    
 -2.5975977E-03   4.715563    
 -2.5875878E-03   4.771294    
 -2.5775777E-03   4.831945    
 -2.5675676E-03   4.895120    
 -2.5575575E-03   4.957766    
 -2.5475475E-03   5.017109    
 -2.5375376E-03   5.071234    
 -2.5275275E-03   5.119519    
 -2.5175174E-03   5.162756    
 -2.5075076E-03   5.202951    
 -2.4974977E-03   5.242478    
 -2.4874876E-03   5.283307    
 -2.4774773E-03   5.326953    
 -2.4674674E-03   5.373619    
 -2.4574574E-03   5.422932    
 -2.4474475E-03   5.474108    
 -2.4374374E-03   5.526528    
 -2.4274273E-03   5.580116    
 -2.4174175E-03   5.635194    
 -2.4074076E-03   5.692261    
 -2.3973975E-03   5.751376    
 -2.3873874E-03   5.812180    
 -2.3773774E-03   5.873207    
 -2.3673673E-03   5.932810    
 -2.3573574E-03   5.989401    
 -2.3473476E-03   6.042414    
 -2.3373372E-03   6.092414    
 -2.3273274E-03   6.141686    
 -2.3173175E-03   6.193810    
 -2.3073072E-03   6.251980    
 -2.2972974E-03   6.318872    
 -2.2872873E-03   6.395793    
 -2.2772772E-03   6.481596    
 -2.2672673E-03   6.573900    
 -2.2572575E-03   6.669289    
 -2.2472474E-03   6.764119    
 -2.2372373E-03   6.855914    
 -2.2272274E-03   6.942973    
 -2.2172171E-03   7.024980    
 -2.2072073E-03   7.102193    
 -2.1971972E-03   7.174988    
 -2.1871871E-03   7.243234    
 -2.1771772E-03   7.306678    
 -2.1671674E-03   7.364539    
 -2.1571573E-03   7.416729    
 -2.1471472E-03   7.463782    
 -2.1371371E-03   7.506738    
 -2.1271270E-03   7.548109    
 -2.1171172E-03   7.590374    
 -2.1071073E-03   7.635919    
 -2.0970970E-03   7.686003    
 -2.0870871E-03   7.741831    
 -2.0770773E-03   7.802808    
 -2.0670672E-03   7.868666    
 -2.0570571E-03   7.938736    
 -2.0470468E-03   8.013537    
 -2.0370369E-03   8.093776    
 -2.0270271E-03   8.181441    
 -2.0170170E-03   8.277671    
 -2.0070069E-03   8.384022    
 -1.9969970E-03   8.500318    
 -1.9869870E-03   8.625545    
 -1.9769771E-03   8.756991    
 -1.9669670E-03   8.890994    
 -1.9569569E-03   9.023170    
 -1.9469468E-03   9.149158    
 -1.9369370E-03   9.266086    
 -1.9269269E-03   9.371489    
 -1.9169169E-03   9.465156    
 -1.9069071E-03   9.548309    
 -1.8968969E-03   9.624020    
 -1.8868870E-03   9.695984    
 -1.8768768E-03   9.768406    
 -1.8668667E-03   9.844687    
 -1.8568569E-03   9.927580    
 -1.8468469E-03   10.01844    
 -1.8368368E-03   10.11747    
 -1.8268268E-03   10.22364    
 -1.8168170E-03   10.33624    
 -1.8068068E-03   10.45408    
 -1.7967967E-03   10.57720    
 -1.7867868E-03   10.70564    
 -1.7767766E-03   10.84116    
 -1.7667668E-03   10.98479    
 -1.7567568E-03   11.13828    
 -1.7467467E-03   11.30291    
 -1.7367367E-03   11.47986    
 -1.7267269E-03   11.67029    
 -1.7167168E-03   11.87449    
 -1.7067066E-03   12.09219    
 -1.6966967E-03   12.32301    
 -1.6866866E-03   12.56515    
 -1.6766769E-03   12.81541    
 -1.6666666E-03   13.07009    
 -1.6566566E-03   13.32446    
 -1.6466468E-03   13.57489    
 -1.6366368E-03   13.81779    
 -1.6266268E-03   14.05211    
 -1.6166165E-03   14.27871    
 -1.6066066E-03   14.50032    
 -1.5965967E-03   14.72075    
 -1.5865864E-03   14.94357    
 -1.5765765E-03   15.17152    
 -1.5665665E-03   15.40609    
 -1.5565567E-03   15.64669    
 -1.5465467E-03   15.89206    
 -1.5365368E-03   16.14019    
 -1.5265265E-03   16.38956    
 -1.5165166E-03   16.63879    
 -1.5065067E-03   16.88889    
 -1.4964964E-03   17.14063    
 -1.4864864E-03   17.39576    
 -1.4764764E-03   17.65655    
 -1.4664661E-03   17.92498    
 -1.4564563E-03   18.20318    
 -1.4464463E-03   18.49269    
 -1.4364364E-03   18.79441    
 -1.4264265E-03   19.10883    
 -1.4164166E-03   19.43507    
 -1.4064063E-03   19.77086    
 -1.3963963E-03   20.11338    
 -1.3863865E-03   20.45921    
 -1.3763765E-03   20.80534    
 -1.3663666E-03   21.15012    
 -1.3563567E-03   21.49426    
 -1.3463463E-03   21.84002    
 -1.3363364E-03   22.19171    
 -1.3263260E-03   22.55342    
 -1.3163162E-03   22.92877    
 -1.3063062E-03   23.32057    
 -1.2962964E-03   23.72848    
 -1.2862860E-03   24.15150    
 -1.2762761E-03   24.58694    
 -1.2662662E-03   25.03243    
 -1.2562562E-03   25.48643    
 -1.2462464E-03   25.94814    
 -1.2362364E-03   26.41758    
 -1.2262261E-03   26.89546    
 -1.2162162E-03   27.38287    
 -1.2062063E-03   27.88122    
 -1.1961963E-03   28.39179    
 -1.1861864E-03   28.91726    
 -1.1761765E-03   29.45985    
 -1.1661662E-03   30.02249    
 -1.1561563E-03   30.60789    
 -1.1461460E-03   31.21840    
 -1.1361360E-03   31.85466    
 -1.1261262E-03   32.51731    
 -1.1161162E-03   33.20601    
 -1.1061059E-03   33.92265    
 -1.0960960E-03   34.67039    
 -1.0860860E-03   35.45543    
 -1.0760761E-03   36.28585    
 -1.0660662E-03   37.16934    
 -1.0560562E-03   38.11147    
 -1.0460459E-03   39.11509    
 -1.0360361E-03   40.17770    
 -1.0260261E-03   41.29364    
 -1.0160162E-03   42.45582    
 -1.0060063E-03   43.65905    
 -9.9599641E-04   44.90305    
 -9.8598609E-04   46.19205    
 -9.7597571E-04   47.53631    
 -9.6596580E-04   48.94822    
 -9.5595588E-04   50.43963    
 -9.4594597E-04   52.02008    
 -9.3593606E-04   53.69139    
 -9.2592573E-04   55.45152    
 -9.1591582E-04   57.29352    
 -9.0590591E-04   59.20924    
 -8.9589600E-04   61.19064    
 -8.8588602E-04   63.23295    
 -8.7587611E-04   65.33347    
 -8.6586579E-04   67.49211    
 -8.5585588E-04   69.70956    
 -8.4584596E-04   71.98759    
 -8.3583605E-04   74.32903    
 -8.2582614E-04   76.74097    
 -8.1581622E-04   79.23336    
 -8.0580550E-04   81.82351    
 -7.9579558E-04   84.53216    
 -7.8578567E-04   87.38496    
 -7.7577576E-04   90.40735    
 -7.6576584E-04   93.62093    
 -7.5575552E-04   97.04390    
 -7.4574561E-04   100.6868    
 -7.3573564E-04   104.5564    
 -7.2572572E-04   108.6596    
 -7.1571581E-04   113.0034    
 -7.0570590E-04   117.5996    
 -6.9569558E-04   122.4669    
 -6.8568566E-04   127.6271    
 -6.7567575E-04   133.1073    
 -6.6566584E-04   138.9369    
 -6.5565592E-04   145.1484    
 -6.4564601E-04   151.7751    
 -6.3563528E-04   158.8544    
 -6.2562537E-04   166.4240    
 -6.1561546E-04   174.5280    
 -6.0560554E-04   183.2089    
 -5.9559557E-04   192.5132    
 -5.8558566E-04   202.4870    
 -5.7557534E-04   213.1794    
 -5.6556542E-04   224.6433    
 -5.5555551E-04   236.9424    
 -5.4554560E-04   250.1533    
 -5.3553568E-04   264.3659    
 -5.2552577E-04   279.6838    
 -5.1551545E-04   296.2175    
 -5.0550554E-04   314.0744    
 -4.9549562E-04   333.3581    
 -4.8548568E-04   354.1518    
 -4.7547577E-04   376.5229    
 -4.6546545E-04   400.5125    
 -4.5545513E-04   426.1339    
 -4.4544521E-04   453.3633    
 -4.3543530E-04   482.1278    
 -4.2542536E-04   512.2780    
 -4.1541544E-04   543.5693    
 -4.0540553E-04   575.6361    
 -3.9539521E-04   607.9818    
 -3.8538530E-04   639.9807    
 -3.7537538E-04   670.9142    
 -3.6536544E-04   700.0205    
 -3.5535553E-04   726.5505    
 -3.4534562E-04   749.8532    
 -3.3533529E-04   769.4359    
 -3.2532538E-04   785.0147    
 -3.1531547E-04   796.5392    
 -3.0530553E-04   804.1957    
 -2.9529521E-04   808.3794    
 -2.8528529E-04   809.6609    
 -2.7527497E-04   808.7247    
 -2.6526506E-04   806.3375    
 -2.5525515E-04   803.2858    
 -2.4524523E-04   800.3476    
 -2.3523530E-04   798.2509    
 -2.2522538E-04   797.6508    
 -2.1521507E-04   799.0998    
 -2.0520514E-04   803.0419    
 -1.9519523E-04   809.7924    
 -1.8518530E-04   819.5577    
 -1.7517539E-04   832.4329    
 -1.6516546E-04   848.4371    
 -1.5515515E-04   867.5313    
 -1.4514523E-04   889.6396    
 -1.3513531E-04   914.6588    
 -1.2512499E-04   942.4370    
 -1.1511507E-04   972.7612    
 -1.0510515E-04   1005.309    
 -9.5094838E-05   1039.614    
 -8.5084917E-05   1075.027    
 -7.5074997E-05   1110.717    
 -6.5065076E-05   1145.676    
 -5.5055156E-05   1178.768    
 -4.5045235E-05   1208.782    
 -3.5034918E-05   1234.530    
 -2.5024998E-05   1254.919    
 -1.5015078E-05   1269.053    
 -5.0051581E-06   1276.302    
  5.0047620E-06   1276.291    
  1.5014683E-05   1269.054    
  2.5024998E-05   1254.920    
  3.5034918E-05   1234.530    
  4.5045235E-05   1208.782    
  5.5055156E-05   1178.767    
  6.5065076E-05   1145.676    
  7.5075390E-05   1110.716    
  8.5085310E-05   1075.026    
  9.5095231E-05   1039.611    
  1.0510515E-04   1005.310    
  1.1511507E-04   972.7621    
  1.2512499E-04   942.4369    
  1.3513531E-04   914.6590    
  1.4514523E-04   889.6400    
  1.5515515E-04   867.5309    
  1.6516507E-04   848.4367    
  1.7517500E-04   832.4326    
  1.8518491E-04   819.5582    
  1.9519523E-04   809.7922    
  2.0520514E-04   803.0415    
  2.1521546E-04   799.1006    
  2.2522538E-04   797.6509    
  2.3523530E-04   798.2509    
  2.4524523E-04   800.3478    
  2.5525552E-04   803.2861    
  2.6526547E-04   806.3377    
  2.7527538E-04   808.7242    
  2.8528529E-04   809.6611    
  2.9529521E-04   808.3796    
  3.0530515E-04   804.1966    
  3.1531547E-04   796.5394    
  3.2532538E-04   785.0147    
  3.3533529E-04   769.4359    
  3.4534521E-04   749.8540    
  3.5535512E-04   726.5516    
  3.6536506E-04   700.0212    
  3.7537538E-04   670.9139    
  3.8538568E-04   639.9791    
  3.9539562E-04   607.9804    
  4.0540553E-04   575.6362    
  4.1541544E-04   543.5692    
  4.2542536E-04   512.2783    
  4.3543568E-04   482.1268    
  4.4544559E-04   453.3627    
  4.5545553E-04   426.1330    
  4.6546545E-04   400.5127    
  4.7547536E-04   376.5237    
  4.8548527E-04   354.1532    
  4.9549562E-04   333.3583    
  5.0550554E-04   314.0747    
  5.1551545E-04   296.2176    
  5.2552536E-04   279.6847    
  5.3553528E-04   264.3672    
  5.4554519E-04   250.1538    
  5.5555592E-04   236.9418    
  5.6556583E-04   224.6430    
  5.7557574E-04   213.1790    
  5.8558566E-04   202.4871    
  5.9559557E-04   192.5133    
  6.0560554E-04   183.2090    
  6.1561581E-04   174.5276    
  6.2562578E-04   166.4240    
  6.3563569E-04   158.8543    
  6.4564560E-04   151.7754    
  6.5565552E-04   145.1488    
  6.6566543E-04   138.9374    
  6.7567575E-04   133.1072    
  6.8568566E-04   127.6272    
  6.9569558E-04   122.4669    
  7.0570549E-04   117.5998    
  7.1571540E-04   113.0032    
  7.2572572E-04   108.6596    
  7.3573604E-04   104.5566    
  7.4574596E-04   100.6866    
  7.5575593E-04   97.04367    
  7.6576584E-04   93.62087    
  7.7577576E-04   90.40730    
  7.8578567E-04   87.38496    
  7.9579599E-04   84.53239    
  8.0580590E-04   81.82319    
  8.1581582E-04   79.23327    
  8.2582573E-04   76.74124    
  8.3583564E-04   74.32920    
  8.4584556E-04   71.98760    
  8.5585588E-04   69.70958    
  8.6586579E-04   67.49218    
  8.7587576E-04   65.33348    
  8.8588567E-04   63.23288    
  8.9589600E-04   61.19070    
  9.0590632E-04   59.20922    
  9.1591623E-04   57.29339    
  9.2592614E-04   55.45138    
  9.3593606E-04   53.69139    
  9.4594597E-04   52.02011    
  9.5595588E-04   50.43971    
  9.6596620E-04   48.94820    
  9.7597612E-04   47.53611    
  9.8598609E-04   46.19206    
  9.9599594E-04   44.90320    
  1.0060059E-03   43.65931    
  1.0160158E-03   42.45600    
  1.0260261E-03   41.29355    
  1.0360361E-03   40.17770    
  1.0460459E-03   39.11510    
  1.0560559E-03   38.11166    
  1.0660662E-03   37.16934    
  1.0760761E-03   36.28589    
  1.0860864E-03   35.45563    
  1.0960964E-03   34.67045    
  1.1061063E-03   33.92259    
  1.1161162E-03   33.20607    
  1.1261262E-03   32.51730    
  1.1361360E-03   31.85470    
  1.1461463E-03   31.21836    
  1.1561563E-03   30.60787    
  1.1661662E-03   30.02248    
  1.1761761E-03   29.45983    
  1.1861860E-03   28.91732    
  1.1961960E-03   28.39188    
  1.2062063E-03   27.88120    
  1.2162162E-03   27.38290    
  1.2262261E-03   26.89539    
  1.2362364E-03   26.41756    
  1.2462464E-03   25.94817    
  1.2562562E-03   25.48645    
  1.2662666E-03   25.03234    
  1.2762765E-03   24.58694    
  1.2862864E-03   24.15137    
  1.2962964E-03   23.72856    
  1.3063062E-03   23.32060    
  1.3163162E-03   22.92876    
  1.3263265E-03   22.55348    
  1.3363364E-03   22.19173    
  1.3463463E-03   21.84013    
  1.3563563E-03   21.49426    
  1.3663662E-03   21.15001    
  1.3763761E-03   20.80523    
  1.3863865E-03   20.45931    
  1.3963963E-03   20.11340    
  1.4064066E-03   19.77094    
  1.4164166E-03   19.43514    
  1.4264265E-03   19.10888    
  1.4364364E-03   18.79441    
  1.4464468E-03   18.49268    
  1.4564566E-03   18.20322    
  1.4664666E-03   17.92507    
  1.4764764E-03   17.65657    
  1.4864864E-03   17.39579    
  1.4964964E-03   17.14068    
  1.5065067E-03   16.88889    
  1.5165166E-03   16.63876    
  1.5265265E-03   16.38949    
  1.5365364E-03   16.14018    
  1.5465464E-03   15.89211    
  1.5565562E-03   15.64681    
  1.5665665E-03   15.40608    
  1.5765765E-03   15.17159    
  1.5865868E-03   14.94357    
  1.5965967E-03   14.72075    
  1.6066066E-03   14.50036    
  1.6166165E-03   14.27867    
  1.6266268E-03   14.05206    
  1.6366368E-03   13.81783    
  1.6466463E-03   13.57498    
  1.6566566E-03   13.32449    
  1.6666669E-03   13.07010    
  1.6766764E-03   12.81544    
  1.6866868E-03   12.56521    
  1.6966963E-03   12.32306    
  1.7067066E-03   12.09218    
  1.7167169E-03   11.87441    
  1.7267264E-03   11.67044    
  1.7367367E-03   11.47988    
  1.7467464E-03   11.30293    
  1.7567567E-03   11.13826    
  1.7667669E-03   10.98478    
  1.7767772E-03   10.84121    
  1.7867868E-03   10.70564    
  1.7967972E-03   10.57707    
  1.8068067E-03   10.45414    
  1.8168170E-03   10.33616    
  1.8268273E-03   10.22365    
  1.8368368E-03   10.11747    
  1.8468471E-03   10.01835    
  1.8568566E-03   9.927535    
  1.8668670E-03   9.844662    
  1.8768765E-03   9.768380    
  1.8868868E-03   9.696051    
  1.8968971E-03   9.624103    
  1.9069066E-03   9.548306    
  1.9169169E-03   9.465161    
  1.9269264E-03   9.371413    
  1.9369368E-03   9.266071    
  1.9469471E-03   9.149272    
  1.9569567E-03   9.023192    
  1.9669670E-03   8.890979    
  1.9769764E-03   8.757036    
  1.9869867E-03   8.625665    
  1.9969963E-03   8.500473    
  2.0070074E-03   8.383928    
  2.0170177E-03   8.277743    
  2.0270273E-03   8.181356    
  2.0370376E-03   8.093843    
  2.0470470E-03   8.013425    
  2.0570573E-03   7.938715    
  2.0670677E-03   7.868642    
  2.0770773E-03   7.802805    
  2.0870876E-03   7.741869    
  2.0970970E-03   7.686037    
  2.1071073E-03   7.635827    
  2.1171169E-03   7.590356    
  2.1271273E-03   7.548137    
  2.1371376E-03   7.506715    
  2.1471470E-03   7.463768    
  2.1571573E-03   7.416853    
  2.1671669E-03   7.364606    
  2.1771772E-03   7.306643    
  2.1871876E-03   7.243231    
  2.1971972E-03   7.175081    
  2.2072075E-03   7.102247    
  2.2172169E-03   7.024967    
  2.2272272E-03   6.942937    
  2.2372368E-03   6.855811    
  2.2472471E-03   6.764140    
  2.2572575E-03   6.669274    
  2.2672669E-03   6.573915    
  2.2772772E-03   6.481615    
  2.2872868E-03   6.395782    
  2.2972971E-03   6.318875    
  2.3073074E-03   6.251982    
  2.3173168E-03   6.193832    
  2.3273272E-03   6.141683    
  2.3373368E-03   6.092387    
  2.3473478E-03   6.042325    
  2.3573574E-03   5.989399    
  2.3673677E-03   5.932741    
  2.3773781E-03   5.873197    
  2.3873874E-03   5.812083    
  2.3973978E-03   5.751343    
  2.4074074E-03   5.692273    
  2.4174177E-03   5.635215    
  2.4274280E-03   5.580291    
  2.4374374E-03   5.526542    
  2.4474477E-03   5.474057    
  2.4574574E-03   5.422927    
  2.4674677E-03   5.373653    
  2.4774773E-03   5.326919    
  2.4874876E-03   5.283290    
  2.4974979E-03   5.242414    
  2.5075073E-03   5.202947    
  2.5175177E-03   5.162825    
  2.5275273E-03   5.119540    
  2.5375376E-03   5.071237    
  2.5475479E-03   5.017152    
  2.5575573E-03   4.957817    
  2.5675676E-03   4.895092    
  2.5775773E-03   4.831914    
  2.5875876E-03   4.771300    
  2.5975970E-03   4.715538    
  2.6076073E-03   4.666082    
  2.6176176E-03   4.622601    
  2.6276272E-03   4.584031    
  2.6376375E-03   4.548274    
  2.6476469E-03   4.513299    
  2.6576573E-03   4.477275    
  2.6676676E-03   4.438976    
  2.6776772E-03   4.398260    
  2.6876875E-03   4.355302    
  2.6976978E-03   4.310819    
  2.7077082E-03   4.265552    
  2.7177185E-03   4.219910    
  2.7277281E-03   4.174222    
  2.7377382E-03   4.128727    
  2.7477478E-03   4.083547    
  2.7577581E-03   4.039004    
  2.7677678E-03   3.995957    
  2.7777781E-03   3.955234    
  2.7877884E-03   3.918023    
  2.7977978E-03   3.885069    
  2.8078081E-03   3.856605    
  2.8178177E-03   3.832320    
  2.8278281E-03   3.811007    
  2.8378384E-03   3.791227    
  2.8478478E-03   3.771524    
  2.8578581E-03   3.750487    
  2.8678677E-03   3.727886    
  2.8778780E-03   3.703797    
  2.8878874E-03   3.679164    
  2.8978977E-03   3.654966    
  2.9079081E-03   3.632052    
  2.9179177E-03   3.610519    
  2.9279280E-03   3.589914    
  2.9379374E-03   3.569529    
  2.9479477E-03   3.548095    
  2.9579580E-03   3.524730    
  2.9679677E-03   3.499094    
  2.9779780E-03   3.471047    
  2.9879876E-03   3.441540    
  2.9979979E-03   3.411088    
  3.0080073E-03   3.380517    
  3.0180176E-03   3.350184    
  3.0280279E-03   3.320210    
  3.0380383E-03   3.290154    
  3.0480486E-03   3.260137    
  3.0580582E-03   3.230291    
  3.0680685E-03   3.200599    
  3.0780789E-03   3.171924    
  3.0880882E-03   3.144716    
  3.0980986E-03   3.118992    
  3.1081082E-03   3.094750    
  3.1181185E-03   3.071389    
  3.1281279E-03   3.048498    
  3.1381382E-03   3.025575    
  3.1481485E-03   3.002648    
  3.1581582E-03   2.980381    
  3.1681685E-03   2.959415    
  3.1781779E-03   2.940605    
  3.1881882E-03   2.924570    
  3.1981985E-03   2.911161    
  3.2082081E-03   2.899900    
  3.2182185E-03   2.889845    
  3.2282281E-03   2.880203    
  3.2382382E-03   2.869956    
  3.2482478E-03   2.858767    
  3.2582581E-03   2.846780    
  3.2682684E-03   2.833859    
  3.2782780E-03   2.820150    
  3.2882884E-03   2.805105    
  3.2982978E-03   2.788028    
  3.3083081E-03   2.767933    
  3.3183184E-03   2.744043    
  3.3283280E-03   2.715947    
  3.3383383E-03   2.683865    
  3.3483477E-03   2.648486    
  3.3583581E-03   2.610984    
  3.3683677E-03   2.572376    
  3.3783787E-03   2.533601    
  3.3883890E-03   2.495122    
  3.3983986E-03   2.457124    
  3.4084090E-03   2.419720    
  3.4184183E-03   2.383104    
  3.4284287E-03   2.347434    
  3.4384390E-03   2.313667    
  3.4484486E-03   2.282399    
  3.4584589E-03   2.254143    
  3.4684683E-03   2.229347    
  3.4784786E-03   2.207902    
  3.4884890E-03   2.189499    
  3.4984986E-03   2.173546    
  3.5085089E-03   2.159763    
  3.5185185E-03   2.147712    
  3.5285288E-03   2.137353    
  3.5385382E-03   2.128365    
  3.5485486E-03   2.120515    
  3.5585589E-03   2.112936    
  3.5685685E-03   2.104572    
  3.5785788E-03   2.094455    
  3.5885882E-03   2.081470    
  3.5985985E-03   2.065358    
  3.6086089E-03   2.046419    
  3.6186185E-03   2.025364    
  3.6286288E-03   2.003830    
  3.6386382E-03   1.983110    
  3.6486485E-03   1.964735    
  3.6586581E-03   1.949650    
  3.6686684E-03   1.938611    
  3.6786788E-03   1.931698    
  3.6886882E-03   1.928770    
  3.6986985E-03   1.929393    
  3.7087081E-03   1.932897    
  3.7187191E-03   1.938190    
  3.7287294E-03   1.943784    
  3.7387391E-03   1.948043    
  3.7487494E-03   1.949118    
  3.7587588E-03   1.945633    
  3.7687691E-03   1.936489    
  3.7787787E-03   1.921945    
  3.7887890E-03   1.903001    
  3.7987994E-03   1.881471    
  3.8088090E-03   1.859762    
  3.8188193E-03   1.840104    
  3.8288287E-03   1.824145    
  3.8388390E-03   1.812882    
  3.8488493E-03   1.806175    
  3.8588590E-03   1.803264    
  3.8688693E-03   1.802651    
  3.8788787E-03   1.802980    
  3.8888890E-03   1.802834    
  3.8988986E-03   1.800976    
  3.9089089E-03   1.796768    
  3.9189192E-03   1.789848    
  3.9289286E-03   1.780231    
  3.9389390E-03   1.768367    
  3.9489483E-03   1.755055    
  3.9589587E-03   1.741457    
  3.9689690E-03   1.728667    
  3.9789788E-03   1.717809    
  3.9889892E-03   1.709391    
  3.9989986E-03   1.703349    
  4.0090089E-03   1.699157    
  4.0190183E-03   1.695571    
  4.0290286E-03   1.691539    
  4.0390389E-03   1.685797    
  4.0490488E-03   1.677915    
  4.0590595E-03   1.668010    
  4.0690694E-03   1.656862    
  4.0790793E-03   1.645563    
  4.0890896E-03   1.634946    
  4.0990994E-03   1.625767    
  4.1091098E-03   1.617937    
  4.1191191E-03   1.611187    
  4.1291295E-03   1.604613    
  4.1391389E-03   1.597528    
  4.1491492E-03   1.589273    
  4.1591595E-03   1.579806    
  4.1691693E-03   1.569139    
  4.1791797E-03   1.557825    
  4.1891891E-03   1.546421    
  4.1991994E-03   1.535502    
  4.2092097E-03   1.525768    
  4.2192191E-03   1.517537    
  4.2292294E-03   1.511325    
  4.2392388E-03   1.507284    
  4.2492491E-03   1.505681    
  4.2592590E-03   1.506085    
  4.2692693E-03   1.508045    
  4.2792796E-03   1.510522    
  4.2892890E-03   1.512400    
  4.2992993E-03   1.512674    
  4.3093087E-03   1.510490    
  4.3193190E-03   1.505638    
  4.3293294E-03   1.498535    
  4.3393392E-03   1.490034    
  4.3493495E-03   1.481179    
  4.3593589E-03   1.472802    
  4.3693692E-03   1.465519    
  4.3793786E-03   1.459031    
  4.3893890E-03   1.452727    
  4.3994002E-03   1.445622    
  4.4094096E-03   1.436610    
  4.4194199E-03   1.425261    
  4.4294293E-03   1.411535    
  4.4394396E-03   1.395922    
  4.4494499E-03   1.379639    
  4.4594598E-03   1.363804    
  4.4694701E-03   1.349443    
  4.4794795E-03   1.337283    
  4.4894898E-03   1.327609    
  4.4995002E-03   1.320359    
  4.5095095E-03   1.315126    
  4.5195199E-03   1.311427    
  4.5295293E-03   1.308937    
  4.5395396E-03   1.307402    
  4.5495494E-03   1.306756    
  4.5595597E-03   1.306858    
  4.5695701E-03   1.307525    
  4.5795795E-03   1.308352    
  4.5895898E-03   1.308796    
  4.5995992E-03   1.308226    
  4.6096095E-03   1.305817    
  4.6196198E-03   1.301212    
  4.6296297E-03   1.294119    
  4.6396400E-03   1.284915    
  4.6496494E-03   1.274104    
  4.6596597E-03   1.262530    
  4.6696691E-03   1.251038    
  4.6796794E-03   1.240196    
  4.6896897E-03   1.230189    
  4.6996991E-03   1.220667    
  4.7097094E-03   1.211046    
  4.7197193E-03   1.200527    
  4.7297296E-03   1.188434    
  4.7397404E-03   1.174531    
  4.7497503E-03   1.159248    
  4.7597606E-03   1.143386    
  4.7697700E-03   1.128250    
  4.7797803E-03   1.115040    
  4.7897897E-03   1.104703    
  4.7998000E-03   1.097805    
  4.8098103E-03   1.094221    
  4.8198197E-03   1.093252    
  4.8298300E-03   1.094182    
  4.8398399E-03   1.096092    
  4.8498502E-03   1.098303    
  4.8598605E-03   1.100453    
  4.8698699E-03   1.102524    
  4.8798802E-03   1.104290    
  4.8898896E-03   1.105902    
  4.8998999E-03   1.107279    
  4.9099098E-03   1.108218    
  4.9199201E-03   1.108701    
  4.9299304E-03   1.108862    
  4.9399398E-03   1.108829    
  4.9499501E-03   1.108993    
  4.9599595E-03   1.109797    
  4.9699699E-03   1.111211    
  4.9799802E-03   1.113086    
  4.9899896E-03   1.114712    
  4.9999999E-03   1.115065    
