 -4.9999999E-03  0.2508200    
 -4.9899900E-03  0.2374783    
 -4.9799802E-03  0.2327435    
 -4.9699699E-03  0.2377247    
 -4.9599600E-03  0.2485743    
 -4.9499501E-03  0.2585938    
 -4.9399403E-03  0.2614537    
 -4.9299300E-03  0.2548654    
 -4.9199201E-03  0.2421252    
 -4.9099098E-03  0.2315127    
 -4.8998999E-03  0.2325849    
 -4.8898896E-03  0.2523819    
 -4.8798798E-03  0.2917199    
 -4.8698699E-03  0.3450665    
 -4.8598601E-03  0.4023464    
 -4.8498502E-03  0.4536900    
 -4.8398399E-03  0.4931881    
 -4.8298300E-03  0.5213498    
 -4.8198197E-03  0.5443788    
 -4.8098098E-03  0.5705314    
 -4.7997995E-03  0.6056764    
 -4.7897897E-03  0.6500444    
 -4.7797798E-03  0.6974973    
 -4.7697700E-03  0.7380921    
 -4.7597601E-03  0.7625476    
 -4.7497498E-03  0.7668898    
 -4.7397399E-03  0.7544765    
 -4.7297296E-03  0.7350013    
 -4.7197198E-03  0.7207091    
 -4.7097094E-03  0.7209311    
 -4.6996996E-03  0.7384464    
 -4.6896897E-03  0.7686830    
 -4.6796799E-03  0.8018318    
 -4.6696700E-03  0.8281658    
 -4.6596597E-03  0.8422996    
 -4.6496498E-03  0.8464358    
 -4.6396400E-03  0.8487638    
 -4.6296297E-03  0.8602551    
 -4.6196193E-03  0.8889884    
 -4.6096095E-03  0.9360570    
 -4.5995996E-03  0.9947048    
 -4.5895898E-03   1.052686    
 -4.5795795E-03   1.097555    
 -4.5695696E-03   1.121521    
 -4.5595597E-03   1.125084    
 -4.5495499E-03   1.116287    
 -4.5395396E-03   1.107383    
 -4.5295293E-03   1.109053    
 -4.5195194E-03   1.126295    
 -4.5095095E-03   1.156429    
 -4.4994997E-03   1.190499    
 -4.4894894E-03   1.217841    
 -4.4794795E-03   1.230275    
 -4.4694697E-03   1.225649    
 -4.4594598E-03   1.207727    
 -4.4494495E-03   1.183466    
 -4.4394392E-03   1.159033    
 -4.4294293E-03   1.136565    
 -4.4194194E-03   1.113328    
 -4.4094096E-03   1.083504    
 -4.3993993E-03   1.041916    
 -4.3893894E-03  0.9880521    
 -4.3793796E-03  0.9275311    
 -4.3693697E-03  0.8710624    
 -4.3593599E-03  0.8303997    
 -4.3493495E-03  0.8137761    
 -4.3393392E-03  0.8222825    
 -4.3293294E-03  0.8494753    
 -4.3193190E-03  0.8836877    
 -4.3093092E-03  0.9125947    
 -4.2992993E-03  0.9275524    
 -4.2892895E-03  0.9272198    
 -4.2792796E-03  0.9154274    
 -4.2692693E-03  0.9000342    
 -4.2592594E-03  0.8872461    
 -4.2492491E-03  0.8797351    
 -4.2392393E-03  0.8751202    
 -4.2292294E-03  0.8679701    
 -4.2192191E-03  0.8535578    
 -4.2092092E-03  0.8306152    
 -4.1991994E-03  0.8030549    
 -4.1891895E-03  0.7783790    
 -4.1791792E-03  0.7646489    
 -4.1691693E-03  0.7668499    
 -4.1591590E-03  0.7844558    
 -4.1491492E-03  0.8116176    
 -4.1391389E-03  0.8400896    
 -4.1291290E-03  0.8625867    
 -4.1191191E-03  0.8760094    
 -4.1091093E-03  0.8820553    
 -4.0990994E-03  0.8858119    
 -4.0890891E-03  0.8922766    
 -4.0790793E-03  0.9032592    
 -4.0690694E-03  0.9161183    
 -4.0590591E-03  0.9249727    
 -4.0490492E-03  0.9239106    
 -4.0390389E-03  0.9108238    
 -4.0290290E-03  0.8892469    
 -4.0190192E-03  0.8678668    
 -4.0090089E-03  0.8570851    
 -3.9989995E-03  0.8639742    
 -3.9889892E-03  0.8889060    
 -3.9789793E-03  0.9246041    
 -3.9689690E-03  0.9586213    
 -3.9589587E-03  0.9791876    
 -3.9489488E-03  0.9802787    
 -3.9389390E-03  0.9649985    
 -3.9289291E-03  0.9453954    
 -3.9189192E-03  0.9374198    
 -3.9089089E-03  0.9549409    
 -3.8988988E-03   1.003343    
 -3.8888890E-03   1.077474    
 -3.8788787E-03   1.162879    
 -3.8688693E-03   1.241644    
 -3.8588590E-03   1.298895    
 -3.8488489E-03   1.328288    
 -3.8388390E-03   1.333487    
 -3.8288287E-03   1.325575    
 -3.8188188E-03   1.317975    
 -3.8088090E-03   1.320385    
 -3.7987989E-03   1.335099    
 -3.7887890E-03   1.357172    
 -3.7787787E-03   1.377181    
 -3.7687689E-03   1.386057    
 -3.7587588E-03   1.379257    
 -3.7487489E-03   1.358178    
 -3.7387386E-03   1.328669    
 -3.7287287E-03   1.298038    
 -3.7187189E-03   1.271324    
 -3.7087088E-03   1.249893    
 -3.6986985E-03   1.232102    
 -3.6886886E-03   1.215893    
 -3.6786788E-03   1.201598    
 -3.6686689E-03   1.193143    
 -3.6586588E-03   1.196901    
 -3.6486485E-03   1.218081    
 -3.6386386E-03   1.257162    
 -3.6286288E-03   1.307571    
 -3.6186187E-03   1.356895    
 -3.6086084E-03   1.390365    
 -3.5985985E-03   1.396929    
 -3.5885887E-03   1.373914    
 -3.5785788E-03   1.328717    
 -3.5685685E-03   1.276198    
 -3.5585584E-03   1.233432    
 -3.5485486E-03   1.212913    
 -3.5385387E-03   1.218510    
 -3.5285288E-03   1.243720    
 -3.5185185E-03   1.276074    
 -3.5085084E-03   1.302601    
 -3.4984986E-03   1.315186    
 -3.4884887E-03   1.314162    
 -3.4784784E-03   1.306629    
 -3.4684683E-03   1.301954    
 -3.4584585E-03   1.307085    
 -3.4484486E-03   1.321432    
 -3.4384383E-03   1.337881    
 -3.4284284E-03   1.345435    
 -3.4184183E-03   1.335656    
 -3.4084085E-03   1.307416    
 -3.3983986E-03   1.268751    
 -3.3883883E-03   1.234569    
 -3.3783785E-03   1.220578    
 -3.3683684E-03   1.237242    
 -3.3583585E-03   1.284184    
 -3.3483487E-03   1.350886    
 -3.3383383E-03   1.420168    
 -3.3283283E-03   1.475326    
 -3.3183184E-03   1.506102    
 -3.3083083E-03   1.512273    
 -3.2982985E-03   1.502155    
 -3.2882884E-03   1.488158    
 -3.2782783E-03   1.481014    
 -3.2682684E-03   1.485064    
 -3.2582583E-03   1.497756    
 -3.2482482E-03   1.513006    
 -3.2382382E-03   1.525388    
 -3.2282281E-03   1.535064    
 -3.2182182E-03   1.548269    
 -3.2082084E-03   1.575025    
 -3.1981983E-03   1.622939    
 -3.1881882E-03   1.692637    
 -3.1781783E-03   1.774432    
 -3.1681682E-03   1.850563    
 -3.1581582E-03   1.901491    
 -3.1481483E-03   1.912620    
 -3.1381380E-03   1.880971    
 -3.1281281E-03   1.816350    
 -3.1181183E-03   1.738369    
 -3.1081082E-03   1.668612    
 -3.0980981E-03   1.623660    
 -3.0880882E-03   1.609410    
 -3.0780782E-03   1.621214    
 -3.0680681E-03   1.647367    
 -3.0580582E-03   1.676011    
 -3.0480481E-03   1.699875    
 -3.0380380E-03   1.718845    
 -3.0280282E-03   1.737129    
 -3.0180181E-03   1.758991    
 -3.0080082E-03   1.783182    
 -2.9979981E-03   1.801296    
 -2.9879878E-03   1.800640    
 -2.9779780E-03   1.769965    
 -2.9679681E-03   1.705517    
 -2.9579580E-03   1.616019    
 -2.9479479E-03   1.521293    
 -2.9379381E-03   1.446477    
 -2.9279280E-03   1.412921    
 -2.9179181E-03   1.430630    
 -2.9079081E-03   1.494609    
 -2.8978977E-03   1.586827    
 -2.8878879E-03   1.684607    
 -2.8778778E-03   1.769353    
 -2.8678679E-03   1.833588    
 -2.8578578E-03   1.882956    
 -2.8478478E-03   1.931925    
 -2.8378379E-03   1.996235    
 -2.8278281E-03   2.084368    
 -2.8178177E-03   2.193651    
 -2.8078076E-03   2.310864    
 -2.7977978E-03   2.419719    
 -2.7877877E-03   2.507315    
 -2.7777778E-03   2.571744    
 -2.7677678E-03   2.622731    
 -2.7577577E-03   2.676848    
 -2.7477478E-03   2.750574    
 -2.7377380E-03   2.851574    
 -2.7277276E-03   2.975340    
 -2.7177178E-03   3.106217    
 -2.7077077E-03   3.224034    
 -2.6976976E-03   3.313157    
 -2.6876878E-03   3.367449    
 -2.6776779E-03   3.393085    
 -2.6676676E-03   3.403752    
 -2.6576577E-03   3.413693    
 -2.6476476E-03   3.431168    
 -2.6376375E-03   3.454069    
 -2.6276277E-03   3.472448    
 -2.6176176E-03   3.474287    
 -2.6076075E-03   3.452974    
 -2.5975977E-03   3.412272    
 -2.5875878E-03   3.365491    
 -2.5775777E-03   3.330854    
 -2.5675676E-03   3.322933    
 -2.5575575E-03   3.345947    
 -2.5475475E-03   3.391000    
 -2.5375376E-03   3.440139    
 -2.5275275E-03   3.473844    
 -2.5175174E-03   3.480324    
 -2.5075076E-03   3.460853    
 -2.4974977E-03   3.430619    
 -2.4874876E-03   3.411672    
 -2.4774773E-03   3.424095    
 -2.4674674E-03   3.477373    
 -2.4574574E-03   3.565737    
 -2.4474475E-03   3.670983    
 -2.4374374E-03   3.769318    
 -2.4274273E-03   3.840309    
 -2.4174175E-03   3.874205    
 -2.4074076E-03   3.873806    
 -2.3973975E-03   3.850393    
 -2.3873874E-03   3.817209    
 -2.3773774E-03   3.783191    
 -2.3673673E-03   3.749147    
 -2.3573574E-03   3.710102    
 -2.3473476E-03   3.659701    
 -2.3373372E-03   3.596617    
 -2.3273274E-03   3.528643    
 -2.3173175E-03   3.470897    
 -2.3073072E-03   3.440678    
 -2.2972974E-03   3.451138    
 -2.2872873E-03   3.504921    
 -2.2772772E-03   3.593704    
 -2.2672673E-03   3.700924    
 -2.2572575E-03   3.809119    
 -2.2472474E-03   3.905529    
 -2.2372373E-03   3.986117    
 -2.2272274E-03   4.054615    
 -2.2172171E-03   4.117187    
 -2.2072073E-03   4.178222    
 -2.1971972E-03   4.236129    
 -2.1871871E-03   4.284801    
 -2.1771772E-03   4.318440    
 -2.1671674E-03   4.336299    
 -2.1571573E-03   4.347427    
 -2.1471472E-03   4.368324    
 -2.1371371E-03   4.416902    
 -2.1271270E-03   4.503710    
 -2.1171172E-03   4.624861    
 -2.1071073E-03   4.761314    
 -2.0970970E-03   4.884001    
 -2.0870871E-03   4.965738    
 -2.0770773E-03   4.992635    
 -2.0670672E-03   4.972154    
 -2.0570571E-03   4.932208    
 -2.0470468E-03   4.911525    
 -2.0370369E-03   4.945714    
 -2.0270271E-03   5.053026    
 -2.0170170E-03   5.228071    
 -2.0070069E-03   5.443520    
 -1.9969970E-03   5.662307    
 -1.9869870E-03   5.852257    
 -1.9769771E-03   5.998260    
 -1.9669670E-03   6.107632    
 -1.9569569E-03   6.204137    
 -1.9469468E-03   6.315486    
 -1.9369370E-03   6.460034    
 -1.9269269E-03   6.637475    
 -1.9169169E-03   6.828715    
 -1.9069071E-03   7.004520    
 -1.8968969E-03   7.138879    
 -1.8868870E-03   7.221322    
 -1.8768768E-03   7.262042    
 -1.8668667E-03   7.287261    
 -1.8568569E-03   7.329796    
 -1.8468469E-03   7.415059    
 -1.8368368E-03   7.552062    
 -1.8268268E-03   7.732492    
 -1.8168170E-03   7.937125    
 -1.8068068E-03   8.146140    
 -1.7967967E-03   8.350043    
 -1.7867868E-03   8.552286    
 -1.7767766E-03   8.765447    
 -1.7667668E-03   9.002262    
 -1.7567568E-03   9.264519    
 -1.7467467E-03   9.538123    
 -1.7367367E-03   9.794551    
 -1.7267269E-03   10.00096    
 -1.7167168E-03   10.13181    
 -1.7067066E-03   10.18063    
 -1.6966967E-03   10.16183    
 -1.6866866E-03   10.10625    
 -1.6766769E-03   10.04960    
 -1.6666666E-03   10.02019    
 -1.6566566E-03   10.03052    
 -1.6466468E-03   10.07663    
 -1.6366368E-03   10.14376    
 -1.6266268E-03   10.21697    
 -1.6166165E-03   10.28785    
 -1.6066066E-03   10.35829    
 -1.5965967E-03   10.43632    
 -1.5865864E-03   10.52962    
 -1.5765765E-03   10.63910    
 -1.5665665E-03   10.75778    
 -1.5565567E-03   10.87448    
 -1.5465467E-03   10.98436    
 -1.5365368E-03   11.09427    
 -1.5265265E-03   11.22668    
 -1.5165166E-03   11.41446    
 -1.5065067E-03   11.68789    
 -1.4964964E-03   12.06199    
 -1.4864864E-03   12.52705    
 -1.4764764E-03   13.04957    
 -1.4664661E-03   13.58131    
 -1.4564563E-03   14.07634    
 -1.4464463E-03   14.50481    
 -1.4364364E-03   14.86291    
 -1.4264265E-03   15.16835    
 -1.4164166E-03   15.45012    
 -1.4064063E-03   15.73319    
 -1.3963963E-03   16.02688    
 -1.3863865E-03   16.32273    
 -1.3763765E-03   16.60286    
 -1.3663666E-03   16.85131    
 -1.3563567E-03   17.06777    
 -1.3463463E-03   17.27086    
 -1.3363364E-03   17.49190    
 -1.3263260E-03   17.75971    
 -1.3163162E-03   18.08699    
 -1.3063062E-03   18.45964    
 -1.2962964E-03   18.83989    
 -1.2862860E-03   19.18268    
 -1.2762761E-03   19.45543    
 -1.2662662E-03   19.65430    
 -1.2562562E-03   19.81051    
 -1.2462464E-03   19.98016    
 -1.2362364E-03   20.22235    
 -1.2262261E-03   20.57673    
 -1.2162162E-03   21.04721    
 -1.2062063E-03   21.60162    
 -1.1961963E-03   22.18650    
 -1.1861864E-03   22.75171    
 -1.1761765E-03   23.27151    
 -1.1661662E-03   23.75380    
 -1.1561563E-03   24.23454    
 -1.1461460E-03   24.75639    
 -1.1361360E-03   25.34595    
 -1.1261262E-03   25.99558    
 -1.1161162E-03   26.66610    
 -1.1061059E-03   27.30140    
 -1.0960960E-03   27.85568    
 -1.0860860E-03   28.31911    
 -1.0760761E-03   28.72673    
 -1.0660662E-03   29.15008    
 -1.0560562E-03   29.67070    
 -1.0460459E-03   30.35092    
 -1.0360361E-03   31.20768    
 -1.0260261E-03   32.20816    
 -1.0160162E-03   33.28549    
 -1.0060063E-03   34.36730    
 -9.9599641E-04   35.40603    
 -9.8598609E-04   36.39856    
 -9.7597571E-04   37.38286    
 -9.6596580E-04   38.41930    
 -9.5595588E-04   39.56260    
 -9.4594597E-04   40.83696    
 -9.3593606E-04   42.22747    
 -9.2592573E-04   43.69003    
 -9.1591582E-04   45.17853    
 -9.0590591E-04   46.66727    
 -8.9589600E-04   48.16852    
 -8.8588602E-04   49.72768    
 -8.7587611E-04   51.40208    
 -8.6586579E-04   53.23422    
 -8.5585588E-04   55.22628    
 -8.4584596E-04   57.33691    
 -8.3583605E-04   59.49026    
 -8.2582614E-04   61.60843    
 -8.1581622E-04   63.63951    
 -8.0580550E-04   65.57664    
 -7.9579558E-04   67.45937    
 -7.8578567E-04   69.35731    
 -7.7577576E-04   71.34383    
 -7.6576584E-04   73.47127    
 -7.5575552E-04   75.76070    
 -7.4574561E-04   78.20724    
 -7.3573564E-04   80.79538    
 -7.2572572E-04   83.51846    
 -7.1571581E-04   86.38766    
 -7.0570590E-04   89.42863    
 -6.9569558E-04   92.66905    
 -6.8568566E-04   96.12559    
 -6.7567575E-04   99.79639    
 -6.6566584E-04   103.6685    
 -6.5565592E-04   107.7370    
 -6.4564601E-04   112.0216    
 -6.3563528E-04   116.5746    
 -6.2562537E-04   121.4661    
 -6.1561546E-04   126.7593    
 -6.0560554E-04   132.4744    
 -5.9559557E-04   138.5671    
 -5.8558566E-04   144.9313    
 -5.7557534E-04   151.4362    
 -5.6556542E-04   157.9775    
 -5.5555551E-04   164.5344    
 -5.4554560E-04   171.1978    
 -5.3553568E-04   178.1596    
 -5.2552577E-04   185.6693    
 -5.1551545E-04   193.9577    
 -5.0550554E-04   203.1742    
 -4.9549562E-04   213.3537    
 -4.8548568E-04   224.4268    
 -4.7547577E-04   236.2771    
 -4.6546545E-04   248.8147    
 -4.5545513E-04   262.0343    
 -4.4544521E-04   276.0427    
 -4.3543530E-04   291.0263    
 -4.2542536E-04   307.1969    
 -4.1541544E-04   324.7198    
 -4.0540553E-04   343.6710    
 -3.9539521E-04   364.0392    
 -3.8538530E-04   385.7769    
 -3.7537538E-04   408.8748    
 -3.6536544E-04   433.4229    
 -3.5535553E-04   459.6331    
 -3.4534562E-04   487.8063    
 -3.3533529E-04   518.2487    
 -3.2532538E-04   551.1729    
 -3.1531547E-04   586.6155    
 -3.0530553E-04   624.4148    
 -2.9529521E-04   664.2365    
 -2.8528529E-04   705.6355    
 -2.7527497E-04   748.1446    
 -2.6526506E-04   791.3087    
 -2.5525515E-04   834.7032    
 -2.4524523E-04   877.8914    
 -2.3523530E-04   920.3832    
 -2.2522538E-04   961.6281    
 -2.1521507E-04   1001.059    
 -2.0520514E-04   1038.181    
 -1.9519523E-04   1072.703    
 -1.8518530E-04   1104.641    
 -1.7517539E-04   1134.344    
 -1.6516546E-04   1162.450    
 -1.5515515E-04   1189.737    
 -1.4514523E-04   1216.943    
 -1.3513531E-04   1244.629    
 -1.2512499E-04   1273.086    
 -1.1511507E-04   1302.365    
 -1.0510515E-04   1332.362    
 -9.5094838E-05   1362.932    
 -8.5084917E-05   1393.957    
 -7.5074997E-05   1425.299    
 -6.5065076E-05   1456.726    
 -5.5055156E-05   1487.698    
 -4.5045235E-05   1517.277    
 -3.5034918E-05   1544.077    
 -2.5024998E-05   1566.398    
 -1.5015078E-05   1582.504    
 -5.0051581E-06   1590.977    
  5.0047620E-06   1590.965    
  1.5014683E-05   1582.505    
  2.5024998E-05   1566.398    
  3.5034918E-05   1544.076    
  4.5045235E-05   1517.276    
  5.5055156E-05   1487.698    
  6.5065076E-05   1456.726    
  7.5075390E-05   1425.298    
  8.5085310E-05   1393.956    
  9.5095231E-05   1362.932    
  1.0510515E-04   1332.362    
  1.1511507E-04   1302.365    
  1.2512499E-04   1273.086    
  1.3513531E-04   1244.629    
  1.4514523E-04   1216.943    
  1.5515515E-04   1189.737    
  1.6516507E-04   1162.452    
  1.7517500E-04   1134.346    
  1.8518491E-04   1104.641    
  1.9519523E-04   1072.703    
  2.0520514E-04   1038.182    
  2.1521546E-04   1001.058    
  2.2522538E-04   961.6277    
  2.3523530E-04   920.3827    
  2.4524523E-04   877.8914    
  2.5525552E-04   834.7014    
  2.6526547E-04   791.3065    
  2.7527538E-04   748.1434    
  2.8528529E-04   705.6357    
  2.9529521E-04   664.2369    
  3.0530515E-04   624.4164    
  3.1531547E-04   586.6156    
  3.2532538E-04   551.1728    
  3.3533529E-04   518.2491    
  3.4534521E-04   487.8075    
  3.5535512E-04   459.6347    
  3.6536506E-04   433.4236    
  3.7537538E-04   408.8749    
  3.8538568E-04   385.7772    
  3.9539562E-04   364.0383    
  4.0540553E-04   343.6710    
  4.1541544E-04   324.7197    
  4.2542536E-04   307.1967    
  4.3543568E-04   291.0255    
  4.4544559E-04   276.0421    
  4.5545553E-04   262.0342    
  4.6546545E-04   248.8145    
  4.7547536E-04   236.2775    
  4.8548527E-04   224.4271    
  4.9549562E-04   213.3538    
  5.0550554E-04   203.1742    
  5.1551545E-04   193.9580    
  5.2552536E-04   185.6694    
  5.3553528E-04   178.1604    
  5.4554519E-04   171.1976    
  5.5555592E-04   164.5348    
  5.6556583E-04   157.9778    
  5.7557574E-04   151.4357    
  5.8558566E-04   144.9313    
  5.9559557E-04   138.5670    
  6.0560554E-04   132.4743    
  6.1561581E-04   126.7589    
  6.2562578E-04   121.4663    
  6.3563569E-04   116.5742    
  6.4564560E-04   112.0219    
  6.5565552E-04   107.7372    
  6.6566543E-04   103.6685    
  6.7567575E-04   99.79634    
  6.8568566E-04   96.12564    
  6.9569558E-04   92.66914    
  7.0570549E-04   89.42858    
  7.1571540E-04   86.38750    
  7.2572572E-04   83.51842    
  7.3573604E-04   80.79495    
  7.4574596E-04   78.20723    
  7.5575593E-04   75.76051    
  7.6576584E-04   73.47127    
  7.7577576E-04   71.34367    
  7.8578567E-04   69.35729    
  7.9579599E-04   67.45919    
  8.0580590E-04   65.57688    
  8.1581582E-04   63.63990    
  8.2582573E-04   61.60868    
  8.3583564E-04   59.49045    
  8.4584556E-04   57.33693    
  8.5585588E-04   55.22625    
  8.6586579E-04   53.23425    
  8.7587576E-04   51.40223    
  8.8588567E-04   49.72753    
  8.9589600E-04   48.16846    
  9.0590632E-04   46.66730    
  9.1591623E-04   45.17841    
  9.2592614E-04   43.69005    
  9.3593606E-04   42.22747    
  9.4594597E-04   40.83697    
  9.5595588E-04   39.56262    
  9.6596620E-04   38.41927    
  9.7597612E-04   37.38259    
  9.8598609E-04   36.39851    
  9.9599594E-04   35.40646    
  1.0060059E-03   34.36741    
  1.0160158E-03   33.28555    
  1.0260261E-03   32.20813    
  1.0360361E-03   31.20763    
  1.0460459E-03   30.35092    
  1.0560559E-03   29.67088    
  1.0660662E-03   29.15011    
  1.0760761E-03   28.72679    
  1.0860864E-03   28.31943    
  1.0960964E-03   27.85596    
  1.1061063E-03   27.30138    
  1.1161162E-03   26.66612    
  1.1261262E-03   25.99559    
  1.1361360E-03   25.34594    
  1.1461463E-03   24.75644    
  1.1561563E-03   24.23453    
  1.1661662E-03   23.75380    
  1.1761761E-03   23.27143    
  1.1861860E-03   22.75179    
  1.1961960E-03   22.18656    
  1.2062063E-03   21.60157    
  1.2162162E-03   21.04718    
  1.2262261E-03   20.57672    
  1.2362364E-03   20.22241    
  1.2462464E-03   19.98022    
  1.2562562E-03   19.81051    
  1.2662666E-03   19.65419    
  1.2762765E-03   19.45529    
  1.2862864E-03   19.18265    
  1.2962964E-03   18.83989    
  1.3063062E-03   18.45965    
  1.3163162E-03   18.08701    
  1.3263265E-03   17.75980    
  1.3363364E-03   17.49187    
  1.3463463E-03   17.27079    
  1.3563563E-03   17.06787    
  1.3663662E-03   16.85133    
  1.3763761E-03   16.60266    
  1.3863865E-03   16.32277    
  1.3963963E-03   16.02687    
  1.4064066E-03   15.73302    
  1.4164166E-03   15.45014    
  1.4264265E-03   15.16836    
  1.4364364E-03   14.86293    
  1.4464468E-03   14.50504    
  1.4564566E-03   14.07613    
  1.4664666E-03   13.58127    
  1.4764764E-03   13.04954    
  1.4864864E-03   12.52704    
  1.4964964E-03   12.06197    
  1.5065067E-03   11.68789    
  1.5165166E-03   11.41449    
  1.5265265E-03   11.22667    
  1.5365364E-03   11.09418    
  1.5465464E-03   10.98451    
  1.5565562E-03   10.87460    
  1.5665665E-03   10.75781    
  1.5765765E-03   10.63906    
  1.5865868E-03   10.52963    
  1.5965967E-03   10.43624    
  1.6066066E-03   10.35829    
  1.6166165E-03   10.28794    
  1.6266268E-03   10.21700    
  1.6366368E-03   10.14376    
  1.6466463E-03   10.07659    
  1.6566566E-03   10.03052    
  1.6666669E-03   10.02015    
  1.6766764E-03   10.04959    
  1.6866868E-03   10.10611    
  1.6966963E-03   10.16183    
  1.7067066E-03   10.18063    
  1.7167169E-03   10.13194    
  1.7267264E-03   10.00101    
  1.7367367E-03   9.794528    
  1.7467464E-03   9.538186    
  1.7567567E-03   9.264459    
  1.7667669E-03   9.002260    
  1.7767772E-03   8.765491    
  1.7867868E-03   8.552281    
  1.7967972E-03   8.350165    
  1.8068067E-03   8.146185    
  1.8168170E-03   7.937106    
  1.8268273E-03   7.732595    
  1.8368368E-03   7.552099    
  1.8468471E-03   7.415087    
  1.8568566E-03   7.329804    
  1.8668670E-03   7.287226    
  1.8768765E-03   7.261895    
  1.8868868E-03   7.221450    
  1.8968971E-03   7.138872    
  1.9069066E-03   7.004506    
  1.9169169E-03   6.828706    
  1.9269264E-03   6.637662    
  1.9369368E-03   6.460095    
  1.9469471E-03   6.315435    
  1.9569567E-03   6.204024    
  1.9669670E-03   6.107616    
  1.9769764E-03   5.998413    
  1.9869867E-03   5.852249    
  1.9969963E-03   5.662382    
  2.0070074E-03   5.443508    
  2.0170177E-03   5.227975    
  2.0270273E-03   5.053128    
  2.0370376E-03   4.945662    
  2.0470470E-03   4.911594    
  2.0570573E-03   4.932167    
  2.0670677E-03   4.972224    
  2.0770773E-03   4.992629    
  2.0870876E-03   4.965802    
  2.0970970E-03   4.884015    
  2.1071073E-03   4.761365    
  2.1171169E-03   4.624853    
  2.1271273E-03   4.503755    
  2.1371376E-03   4.416949    
  2.1471470E-03   4.368239    
  2.1571573E-03   4.347487    
  2.1671669E-03   4.336338    
  2.1771772E-03   4.318470    
  2.1871876E-03   4.284798    
  2.1971972E-03   4.236144    
  2.2072075E-03   4.178190    
  2.2172169E-03   4.117149    
  2.2272272E-03   4.054564    
  2.2372368E-03   3.986140    
  2.2472471E-03   3.905537    
  2.2572575E-03   3.809138    
  2.2672669E-03   3.700909    
  2.2772772E-03   3.593719    
  2.2872868E-03   3.504902    
  2.2972971E-03   3.451156    
  2.3073074E-03   3.440737    
  2.3173168E-03   3.470872    
  2.3273272E-03   3.528692    
  2.3373368E-03   3.596711    
  2.3473478E-03   3.659706    
  2.3573574E-03   3.710108    
  2.3673677E-03   3.749240    
  2.3773781E-03   3.783200    
  2.3873874E-03   3.817194    
  2.3973978E-03   3.850279    
  2.4074074E-03   3.873837    
  2.4174177E-03   3.874200    
  2.4274280E-03   3.840252    
  2.4374374E-03   3.769285    
  2.4474477E-03   3.670887    
  2.4574574E-03   3.565755    
  2.4674677E-03   3.477338    
  2.4774773E-03   3.424138    
  2.4874876E-03   3.411700    
  2.4974979E-03   3.430591    
  2.5075073E-03   3.460866    
  2.5175177E-03   3.480263    
  2.5275273E-03   3.473977    
  2.5375376E-03   3.440198    
  2.5475479E-03   3.391086    
  2.5575573E-03   3.345910    
  2.5675676E-03   3.322962    
  2.5775773E-03   3.330886    
  2.5875876E-03   3.365402    
  2.5975970E-03   3.412259    
  2.6076073E-03   3.453028    
  2.6176176E-03   3.474328    
  2.6276272E-03   3.472471    
  2.6376375E-03   3.454060    
  2.6476469E-03   3.431261    
  2.6576573E-03   3.413726    
  2.6676676E-03   3.403742    
  2.6776772E-03   3.393076    
  2.6876875E-03   3.367431    
  2.6976978E-03   3.313144    
  2.7077082E-03   3.224087    
  2.7177185E-03   3.106088    
  2.7277281E-03   2.975327    
  2.7377382E-03   2.851662    
  2.7477478E-03   2.750562    
  2.7577581E-03   2.676861    
  2.7677678E-03   2.622692    
  2.7777781E-03   2.571778    
  2.7877884E-03   2.507241    
  2.7977978E-03   2.419743    
  2.8078081E-03   2.310935    
  2.8178177E-03   2.193651    
  2.8278281E-03   2.084376    
  2.8378384E-03   1.996239    
  2.8478478E-03   1.931930    
  2.8578581E-03   1.882938    
  2.8678677E-03   1.833665    
  2.8778780E-03   1.769359    
  2.8878874E-03   1.684621    
  2.8978977E-03   1.586832    
  2.9079081E-03   1.494626    
  2.9179177E-03   1.430689    
  2.9279280E-03   1.412951    
  2.9379374E-03   1.446525    
  2.9479477E-03   1.521319    
  2.9579580E-03   1.616024    
  2.9679677E-03   1.705475    
  2.9779780E-03   1.769989    
  2.9879876E-03   1.800716    
  2.9979979E-03   1.801253    
  3.0080073E-03   1.783084    
  3.0180176E-03   1.759076    
  3.0280279E-03   1.737263    
  3.0380383E-03   1.718790    
  3.0480486E-03   1.699925    
  3.0580582E-03   1.676003    
  3.0680685E-03   1.647395    
  3.0780789E-03   1.621156    
  3.0880882E-03   1.609399    
  3.0980986E-03   1.623768    
  3.1081082E-03   1.668616    
  3.1181185E-03   1.738316    
  3.1281279E-03   1.816328    
  3.1381382E-03   1.880943    
  3.1481485E-03   1.912605    
  3.1581582E-03   1.901489    
  3.1681685E-03   1.850655    
  3.1781779E-03   1.774424    
  3.1881882E-03   1.692641    
  3.1981985E-03   1.622948    
  3.2082081E-03   1.575013    
  3.2182185E-03   1.548267    
  3.2282281E-03   1.535069    
  3.2382382E-03   1.525404    
  3.2482478E-03   1.512985    
  3.2582581E-03   1.497781    
  3.2682684E-03   1.485062    
  3.2782780E-03   1.480982    
  3.2882884E-03   1.488144    
  3.2982978E-03   1.502111    
  3.3083081E-03   1.512225    
  3.3183184E-03   1.506091    
  3.3283280E-03   1.475287    
  3.3383383E-03   1.420158    
  3.3483477E-03   1.350883    
  3.3583581E-03   1.284187    
  3.3683677E-03   1.237271    
  3.3783787E-03   1.220672    
  3.3883890E-03   1.234495    
  3.3983986E-03   1.268780    
  3.4084090E-03   1.307406    
  3.4184183E-03   1.335662    
  3.4284287E-03   1.345397    
  3.4384390E-03   1.337849    
  3.4484486E-03   1.321436    
  3.4584589E-03   1.307085    
  3.4684683E-03   1.301964    
  3.4784786E-03   1.306595    
  3.4884890E-03   1.314136    
  3.4984986E-03   1.315205    
  3.5085089E-03   1.302583    
  3.5185185E-03   1.276087    
  3.5285288E-03   1.243714    
  3.5385382E-03   1.218493    
  3.5485486E-03   1.212894    
  3.5585589E-03   1.233436    
  3.5685685E-03   1.276177    
  3.5785788E-03   1.328707    
  3.5885882E-03   1.373930    
  3.5985985E-03   1.396914    
  3.6086089E-03   1.390351    
  3.6186185E-03   1.356826    
  3.6286288E-03   1.307572    
  3.6386382E-03   1.257120    
  3.6486485E-03   1.218074    
  3.6586581E-03   1.196845    
  3.6686684E-03   1.193150    
  3.6786788E-03   1.201582    
  3.6886882E-03   1.215837    
  3.6986985E-03   1.232089    
  3.7087081E-03   1.249884    
  3.7187191E-03   1.271304    
  3.7287294E-03   1.298057    
  3.7387391E-03   1.328649    
  3.7487494E-03   1.358185    
  3.7587588E-03   1.379256    
  3.7687691E-03   1.386063    
  3.7787787E-03   1.377172    
  3.7887890E-03   1.357196    
  3.7987994E-03   1.335113    
  3.8088090E-03   1.320396    
  3.8188193E-03   1.318009    
  3.8288287E-03   1.325581    
  3.8388390E-03   1.333471    
  3.8488493E-03   1.328288    
  3.8588590E-03   1.298893    
  3.8688693E-03   1.241642    
  3.8788787E-03   1.162880    
  3.8888890E-03   1.077468    
  3.8988986E-03   1.003336    
  3.9089089E-03  0.9549574    
  3.9189192E-03  0.9374213    
  3.9289286E-03  0.9453963    
  3.9389390E-03  0.9650033    
  3.9489483E-03  0.9802602    
  3.9589587E-03  0.9791510    
  3.9689690E-03  0.9585969    
  3.9789788E-03  0.9245427    
  3.9889892E-03  0.8889058    
  3.9989986E-03  0.8639398    
  4.0090089E-03  0.8570906    
  4.0190183E-03  0.8678610    
  4.0290286E-03  0.8892214    
  4.0390389E-03  0.9108347    
  4.0490488E-03  0.9239443    
  4.0590595E-03  0.9249954    
  4.0690694E-03  0.9161512    
  4.0790793E-03  0.9031950    
  4.0890896E-03  0.8922914    
  4.0990994E-03  0.8858048    
  4.1091098E-03  0.8820783    
  4.1191191E-03  0.8760016    
  4.1291295E-03  0.8625273    
  4.1391389E-03  0.8400846    
  4.1491492E-03  0.8116093    
  4.1591595E-03  0.7844379    
  4.1691693E-03  0.7668503    
  4.1791797E-03  0.7646489    
  4.1891891E-03  0.7783471    
  4.1991994E-03  0.8030614    
  4.2092097E-03  0.8306165    
  4.2192191E-03  0.8535496    
  4.2292294E-03  0.8679668    
  4.2392388E-03  0.8751304    
  4.2492491E-03  0.8797140    
  4.2592590E-03  0.8872691    
  4.2692693E-03  0.9000456    
  4.2792796E-03  0.9154339    
  4.2892890E-03  0.9272091    
  4.2992993E-03  0.9275600    
  4.3093087E-03  0.9125221    
  4.3193190E-03  0.8836970    
  4.3293294E-03  0.8494893    
  4.3393392E-03  0.8223187    
  4.3493495E-03  0.8137699    
  4.3593589E-03  0.8303931    
  4.3693692E-03  0.8710492    
  4.3793786E-03  0.9275123    
  4.3893890E-03  0.9880055    
  4.3994002E-03   1.041873    
  4.4094096E-03   1.083508    
  4.4194199E-03   1.113313    
  4.4294293E-03   1.136571    
  4.4394396E-03   1.159024    
  4.4494499E-03   1.183445    
  4.4594598E-03   1.207736    
  4.4694701E-03   1.225725    
  4.4794795E-03   1.230293    
  4.4894898E-03   1.217842    
  4.4995002E-03   1.190519    
  4.5095095E-03   1.156447    
  4.5195199E-03   1.126293    
  4.5295293E-03   1.109074    
  4.5395396E-03   1.107371    
  4.5495494E-03   1.116274    
  4.5595597E-03   1.125103    
  4.5695701E-03   1.121523    
  4.5795795E-03   1.097554    
  4.5895898E-03   1.052700    
  4.5995992E-03  0.9946811    
  4.6096095E-03  0.9360701    
  4.6196198E-03  0.8889775    
  4.6296297E-03  0.8602682    
  4.6396400E-03  0.8487638    
  4.6496494E-03  0.8463952    
  4.6596597E-03  0.8423069    
  4.6696691E-03  0.8281577    
  4.6796794E-03  0.8017881    
  4.6896897E-03  0.7686807    
  4.6996991E-03  0.7384351    
  4.7097094E-03  0.7209413    
  4.7197193E-03  0.7206627    
  4.7297296E-03  0.7350291    
  4.7397404E-03  0.7544830    
  4.7497503E-03  0.7669106    
  4.7597606E-03  0.7625653    
  4.7697700E-03  0.7380852    
  4.7797803E-03  0.6975013    
  4.7897897E-03  0.6500441    
  4.7998000E-03  0.6056800    
  4.8098103E-03  0.5705352    
  4.8198197E-03  0.5443909    
  4.8298300E-03  0.5213801    
  4.8398399E-03  0.4931781    
  4.8498502E-03  0.4536760    
  4.8598605E-03  0.4023367    
  4.8698699E-03  0.3450520    
  4.8798802E-03  0.2917410    
  4.8898896E-03  0.2523827    
  4.8998999E-03  0.2325976    
  4.9099098E-03  0.2314897    
  4.9199201E-03  0.2421228    
  4.9299304E-03  0.2548200    
  4.9399398E-03  0.2614416    
  4.9499501E-03  0.2585894    
  4.9599595E-03  0.2485928    
  4.9699699E-03  0.2377125    
  4.9799802E-03  0.2327519    
  4.9899896E-03  0.2374651    
  4.9999999E-03  0.2508193    
