           N LOWER =  1  N UPPER= 14  WAVELENGTH (angstroms)=   916.44
                electronic density(1/cm**3)       1.000E+13
                conversion factor for wlengths=f0 5.808E-01
                wings factor                  =   3.319E-03

T(K)                2.500E+03                5.000E+03                1.000E+04
RO/Debye            2.637E-01                1.864E-01                1.318E-01
width Stark         6.215E-02                6.219E-02                6.107E-02
width incl.Dop.     7.122E-02                7.824E-02                8.868E-02

  0.000E+00  5.944E+00 ( 6.539E+00 )  5.490E+00 ( 6.528E+00 )  4.887E+00 ( 6.632E+00 )
  2.512E-03  5.938E+00 ( 6.528E+00 )  5.486E+00 ( 6.520E+00 )  4.884E+00 ( 6.624E+00 )
  3.981E-03  5.929E+00 ( 6.515E+00 )  5.479E+00 ( 6.507E+00 )  4.880E+00 ( 6.612E+00 )
  6.310E-03  5.908E+00 ( 6.483E+00 )  5.462E+00 ( 6.476E+00 )  4.869E+00 ( 6.582E+00 )
  1.000E-02  5.855E+00 ( 6.409E+00 )  5.422E+00 ( 6.405E+00 )  4.841E+00 ( 6.507E+00 )
  1.585E-02  5.724E+00 ( 6.236E+00 )  5.321E+00 ( 6.234E+00 )  4.773E+00 ( 6.324E+00 )
  2.512E-02  5.408E+00 ( 5.822E+00 )  5.076E+00 ( 5.823E+00 )  4.606E+00 ( 5.886E+00 )
  3.981E-02  4.698E+00 ( 4.887E+00 )  4.518E+00 ( 4.887E+00 )  4.215E+00 ( 4.900E+00 )
  6.310E-02  3.353E+00 ( 3.201E+00 )  3.405E+00 ( 3.198E+00 )  3.389E+00 ( 3.165E+00 )
  1.000E-01  1.622E+00 ( 1.404E+00 )  1.796E+00 ( 1.400E+00 )  2.025E+00 ( 1.370E+00 )
  1.585E-01  5.001E-01 ( 4.462E-01 )  5.628E-01 ( 4.443E-01 )  6.982E-01 ( 4.343E-01 )
  2.512E-01  1.356E-01 ( 1.294E-01 )  1.424E-01 ( 1.292E-01 )  1.577E-01 ( 1.271E-01 )
  3.981E-01  3.863E-02 ( 3.797E-02 )  3.937E-02 ( 3.800E-02 )  4.060E-02 ( 3.774E-02 )
  6.310E-01  1.107E-02 ( 1.099E-02 )  1.116E-02 ( 1.100E-02 )  1.134E-02 ( 1.101E-02 )
  1.000E+00  3.408E-03 ( 3.400E-03 )  3.417E-03 ( 3.401E-03 )  3.434E-03 ( 3.401E-03 )
  1.585E+00  1.060E-03 ( 1.059E-03 )  1.061E-03 ( 1.059E-03 )  1.064E-03 ( 1.059E-03 )
  2.512E+00  3.337E-04 ( 3.335E-04 )  3.338E-04 ( 3.336E-04 )  3.341E-04 ( 3.336E-04 )
  3.981E+00  1.053E-04 ( 1.053E-04 )  1.053E-04 ( 1.053E-04 )  1.054E-04 ( 1.053E-04 )
  6.310E+00                           3.330E-05 ( 3.329E-05 )  3.330E-05 ( 3.329E-05 )

T(K)                1.995E+04                3.981E+04                7.943E+04
RO/Debye            9.333E-02                6.607E-02                4.678E-02
width Stark         5.921E-02                5.697E-02                5.460E-02
width incl.Dop.     1.073E-01                1.356E-01                1.798E-01

  0.000E+00  4.146E+00 ( 6.833E+00 )  3.340E+00 ( 7.104E+00 )  2.577E+00 ( 7.428E+00 )
  6.310E-03  4.135E+00 ( 6.779E+00 )  3.335E+00 ( 7.045E+00 )  2.575E+00 ( 7.360E+00 )
  1.000E-02  4.119E+00 ( 6.696E+00 )  3.327E+00 ( 6.950E+00 )  2.572E+00 ( 7.249E+00 )
  1.585E-02  4.079E+00 ( 6.492E+00 )  3.308E+00 ( 6.717E+00 )  2.563E+00 ( 6.979E+00 )
  2.512E-02  3.982E+00 ( 6.005E+00 )  3.259E+00 ( 6.163E+00 )  2.541E+00 ( 6.344E+00 )
  3.981E-02  3.747E+00 ( 4.930E+00 )  3.139E+00 ( 4.972E+00 )  2.487E+00 ( 5.018E+00 )
  6.310E-02  3.223E+00 ( 3.113E+00 )  2.859E+00 ( 3.045E+00 )  2.358E+00 ( 2.965E+00 )
  1.000E-01  2.231E+00 ( 1.318E+00 )  2.266E+00 ( 1.251E+00 )  2.061E+00 ( 1.178E+00 )
  1.585E-01  9.585E-01 ( 4.161E-01 )  1.287E+00 ( 3.925E-01 )  1.477E+00 ( 3.663E-01 )
  2.512E-01  2.061E-01 ( 1.231E-01 )  3.630E-01 ( 1.172E-01 )  6.562E-01 ( 1.101E-01 )
  3.981E-01  4.336E-02 ( 3.702E-02 )  5.348E-02 ( 3.578E-02 )  1.125E-01 ( 3.401E-02 )
  6.310E-01  1.198E-02 ( 1.135E-02 )  1.247E-02 ( 1.112E-02 )  1.411E-02 ( 1.075E-02 )
  1.000E+00  3.479E-03 ( 3.402E-03 )  3.584E-03 ( 3.433E-03 )  3.673E-03 ( 3.360E-03 )
  1.585E+00  1.068E-03 ( 1.059E-03 )  1.077E-03 ( 1.059E-03 )  1.108E-03 ( 1.074E-03 )
  2.512E+00  3.347E-04 ( 3.336E-04 )  3.357E-04 ( 3.336E-04 )  3.381E-04 ( 3.336E-04 )
  3.981E+00  1.054E-04 ( 1.053E-04 )  1.056E-04 ( 1.053E-04 )  1.058E-04 ( 1.053E-04 )
  6.310E+00  3.331E-05 ( 3.329E-05 )  3.333E-05 ( 3.329E-05 )  3.336E-05 ( 3.329E-05 )
  1.000E+01                                                    1.054E-05 ( 1.053E-05 )

T(K)                1.585E+05                3.162E+05                6.310E+05
RO/Debye            3.311E-02                2.344E-02                1.660E-02
width Stark         5.222E-02                4.981E-02                4.723E-02
width incl.Dop.     2.399E-01                3.329E-01                4.657E-01

  0.000E+00  1.927E+00 ( 7.788E+00 )  1.410E+00 ( 8.179E+00 )  1.018E+00 ( 8.616E+00 )
  6.310E-03  1.926E+00 ( 7.707E+00 )  1.409E+00 ( 8.085E+00 )  1.018E+00 ( 8.505E+00 )
  1.000E-02  1.924E+00 ( 7.578E+00 )  1.409E+00 ( 7.936E+00 )  1.018E+00 ( 8.331E+00 )
  1.585E-02  1.921E+00 ( 7.267E+00 )  1.408E+00 ( 7.575E+00 )  1.017E+00 ( 7.916E+00 )
  2.512E-02  1.912E+00 ( 6.540E+00 )  1.404E+00 ( 6.747E+00 )  1.016E+00 ( 6.965E+00 )
  3.981E-02  1.890E+00 ( 5.059E+00 )  1.396E+00 ( 5.088E+00 )  1.013E+00 ( 5.092E+00 )
  6.310E-02  1.835E+00 ( 2.872E+00 )  1.374E+00 ( 2.762E+00 )  1.005E+00 ( 2.630E+00 )
  1.000E-01  1.706E+00 ( 1.104E+00 )  1.322E+00 ( 1.027E+00 )  9.851E-01 ( 9.541E-01 )
  1.585E-01  1.420E+00 ( 3.406E-01 )  1.201E+00 ( 3.164E-01 )  9.372E-01 ( 2.946E-01 )
  2.512E-01  9.004E-01 ( 1.027E-01 )  9.425E-01 ( 9.576E-02 )  8.269E-01 ( 8.930E-02 )
  3.981E-01  2.970E-01 ( 3.201E-02 )  5.154E-01 ( 2.987E-02 )  6.042E-01 ( 2.786E-02 )
  6.310E-01  2.937E-02 ( 1.020E-02 )  1.185E-01 ( 9.565E-03 )  2.761E-01 ( 8.928E-03 )
  1.000E+00  3.927E-03 ( 3.230E-03 )  6.795E-03 ( 3.056E-03 )  4.096E-02 ( 2.859E-03 )
  1.585E+00  1.115E-03 ( 1.046E-03 )  1.147E-03 ( 9.999E-04 )  1.546E-03 ( 9.419E-04 )
  2.512E+00  3.449E-04 ( 3.363E-04 )  3.426E-04 ( 3.256E-04 )  3.442E-04 ( 3.098E-04 )
  3.981E+00  1.064E-04 ( 1.053E-04 )  1.074E-04 ( 1.053E-04 )  1.054E-04 ( 1.014E-04 )
  6.310E+00  3.342E-05 ( 3.329E-05 )  3.356E-05 ( 3.329E-05 )  3.348E-05 ( 3.297E-05 )
  1.000E+01  1.055E-05 ( 1.053E-05 )  1.057E-05 ( 1.053E-05 )  1.070E-05 ( 1.064E-05 )
  1.585E+01  3.339E-06 ( 3.337E-06 )  3.341E-06 ( 3.337E-06 )  3.345E-06 ( 3.337E-06 )
  2.512E+01                                                    1.059E-06 ( 1.058E-06 )

T(K)                1.259E+06
RO/Debye            1.175E-02
width Stark         4.414E-02
width incl.Dop.     6.452E-01

  0.000E+00  7.290E-01 ( 9.137E+00 )
  6.310E-03  7.290E-01 ( 9.003E+00 )
  1.000E-02  7.289E-01 ( 8.798E+00 )
  1.585E-02  7.287E-01 ( 8.310E+00 )
  2.512E-02  7.283E-01 ( 7.196E+00 )
  3.981E-02  7.271E-01 ( 5.049E+00 )
  6.310E-02  7.242E-01 ( 2.467E+00 )
  1.000E-01  7.169E-01 ( 8.805E-01 )
  1.585E-01  6.989E-01 ( 2.740E-01 )
  2.512E-01  6.557E-01 ( 8.362E-02 )
  3.981E-01  5.585E-01 ( 2.505E-02 )
  6.310E-01  3.736E-01 ( 8.111E-03 )
  1.000E+00  1.368E-01 ( 2.662E-03 )
  1.585E+00  1.190E-02 ( 8.791E-04 )
  2.512E+00  3.875E-04 ( 2.907E-04 )
  3.981E+00  1.040E-04 ( 9.600E-05 )
  6.310E+00  3.253E-05 ( 3.154E-05 )
  1.000E+01  1.042E-05 ( 1.030E-05 )
  1.585E+01  3.355E-06 ( 3.339E-06 )
  2.512E+01  1.060E-06 ( 1.058E-06 )
  3.981E+01  3.364E-07 ( 3.361E-07 )
