 -1.0000000E-03   2.172840    
 -9.9799817E-04   3.367940    
 -9.9599606E-04   4.059974    
 -9.9399406E-04   3.518789    
 -9.9199207E-04   2.255836    
 -9.8999008E-04   1.534662    
 -9.8798808E-04   2.140948    
 -9.8598609E-04   3.606880    
 -9.8398409E-04   4.638676    
 -9.8198210E-04   4.353264    
 -9.7998010E-04   3.115059    
 -9.7797811E-04   2.176055    
 -9.7597600E-04   2.453735    
 -9.7397406E-04   3.638016    
 -9.7197207E-04   4.502712    
 -9.6997002E-04   4.104026    
 -9.6796808E-04   2.720979    
 -9.6596603E-04   1.612403    
 -9.6396403E-04   1.815080    
 -9.6196210E-04   3.147614    
 -9.5995999E-04   4.381248    
 -9.5795805E-04   4.408403    
 -9.5595611E-04   3.293059    
 -9.5395400E-04   2.173207    
 -9.5195207E-04   2.158332    
 -9.4995002E-04   3.250883    
 -9.4794802E-04   4.378206    
 -9.4594609E-04   4.458649    
 -9.4394403E-04   3.465556    
 -9.4194204E-04   2.443840    
 -9.3993999E-04   2.473740    
 -9.3793799E-04   3.597305    
 -9.3593606E-04   4.771480    
 -9.3393400E-04   4.885228    
 -9.3193201E-04   3.846700    
 -9.2993007E-04   2.664750    
 -9.2792802E-04   2.455716    
 -9.2592603E-04   3.339573    
 -9.2392397E-04   4.328906    
 -9.2192198E-04   4.325160    
 -9.1992004E-04   3.230839    
 -9.1791799E-04   2.088974    
 -9.1591600E-04   2.075357    
 -9.1391394E-04   3.318518    
 -9.1191201E-04   4.721691    
 -9.0991001E-04   4.979754    
 -9.0790796E-04   3.838535    
 -9.0590597E-04   2.368498    
 -9.0390403E-04   1.985888    
 -9.0190198E-04   3.127830    
 -8.9989998E-04   4.853934    
 -8.9789793E-04   5.738729    
 -8.9589600E-04   5.205942    
 -8.9389400E-04   4.012674    
 -8.9189195E-04   3.461233    
 -8.8988995E-04   4.111983    
 -8.8788802E-04   5.262059    
 -8.8588597E-04   5.687414    
 -8.8388397E-04   4.880170    
 -8.8188192E-04   3.581227    
 -8.7987998E-04   3.044784    
 -8.7787799E-04   3.801137    
 -8.7587594E-04   5.111339    
 -8.7387394E-04   5.682640    
 -8.7187201E-04   4.945168    
 -8.6986995E-04   3.627269    
 -8.6786796E-04   3.052148    
 -8.6586591E-04   3.838960    
 -8.6386397E-04   5.269659    
 -8.6186186E-04   5.966526    
 -8.5985992E-04   5.235628    
 -8.5785793E-04   3.764778    
 -8.5585588E-04   2.991810    
 -8.5385394E-04   3.733268    
 -8.5185195E-04   5.396471    
 -8.4984989E-04   6.540595    
 -8.4784796E-04   6.242801    
 -8.4584596E-04   4.951296    
 -8.4384391E-04   4.001659    
 -8.4184197E-04   4.290370    
 -8.3983986E-04   5.405432    
 -8.3783793E-04   6.052907    
 -8.3583593E-04   5.383263    
 -8.3383388E-04   3.874081    
 -8.3183195E-04   2.911080    
 -8.2982989E-04   3.433546    
 -8.2782790E-04   5.000739    
 -8.2582590E-04   6.173449    
 -8.2382391E-04   5.885583    
 -8.2182192E-04   4.486211    
 -8.1981992E-04   3.417916    
 -8.1781787E-04   3.852945    
 -8.1581593E-04   5.565091    
 -8.1381388E-04   7.152520    
 -8.1181189E-04   7.365986    
 -8.0980989E-04   6.274779    
 -8.0780784E-04   5.152112    
 -8.0580590E-04   5.198731    
 -8.0380391E-04   6.376630    
 -8.0180186E-04   7.466750    
 -7.9979986E-04   7.292492    
 -7.9779787E-04   5.893635    
 -7.9579587E-04   4.502400    
 -7.9379388E-04   4.339755    
 -7.9179183E-04   5.422935    
 -7.8978989E-04   6.569077    
 -7.8778784E-04   6.579724    
 -7.8578584E-04   5.447136    
 -7.8378391E-04   4.384715    
 -7.8178186E-04   4.640373    
 -7.7977986E-04   6.243427    
 -7.7777787E-04   7.932452    
 -7.7577581E-04   8.345098    
 -7.7377388E-04   7.324164    
 -7.7177183E-04   6.046348    
 -7.6976983E-04   5.877469    
 -7.6776784E-04   7.031242    
 -7.6576584E-04   8.371614    
 -7.6376385E-04   8.537749    
 -7.6176180E-04   7.287989    
 -7.5975980E-04   5.747070    
 -7.5775781E-04   5.305146    
 -7.5575581E-04   6.262136    
 -7.5375382E-04   7.542745    
 -7.5175177E-04   7.794013    
 -7.4974983E-04   6.745271    
 -7.4774784E-04   5.494788    
 -7.4574584E-04   5.397266    
 -7.4374385E-04   6.670120    
 -7.4174179E-04   8.076706    
 -7.3973980E-04   8.114702    
 -7.3773781E-04   6.529812    
 -7.3573581E-04   4.679659    
 -7.3373382E-04   4.325471    
 -7.3173176E-04   5.958175    
 -7.2972977E-04   8.269055    
 -7.2772783E-04   9.316864    
 -7.2572578E-04   8.320223    
 -7.2372379E-04   6.374668    
 -7.2172179E-04   5.408434    
 -7.1971974E-04   6.366183    
 -7.1771780E-04   8.339090    
 -7.1571581E-04   9.465716    
 -7.1371376E-04   8.734603    
 -7.1171182E-04   6.947025    
 -7.0970977E-04   5.918875    
 -7.0770778E-04   6.722075    
 -7.0570578E-04   8.627227    
 -7.0370373E-04   9.823040    
 -7.0170179E-04   9.152965    
 -6.9969974E-04   7.237497    
 -6.9769775E-04   5.869456    
 -6.9569581E-04   6.295463    
 -6.9369370E-04   8.037010    
 -6.9169176E-04   9.370859    
 -6.8968977E-04   9.006517    
 -6.8768772E-04   7.295245    
 -6.8568578E-04   5.848525    
 -6.8368373E-04   5.935789    
 -6.8168173E-04   7.285394    
 -6.7967980E-04   8.416632    
 -6.7767769E-04   8.178144    
 -6.7567575E-04   6.921517    
 -6.7367376E-04   6.152846    
 -6.7167170E-04   6.984419    
 -6.6966977E-04   8.950447    
 -6.6766771E-04   10.38170    
 -6.6566572E-04   10.00964    
 -6.6366373E-04   8.241493    
 -6.6166167E-04   6.810416    
 -6.5965974E-04   7.133622    
 -6.5765769E-04   8.927407    
 -6.5565569E-04   10.46638    
 -6.5365370E-04   10.24773    
 -6.5165170E-04   8.459606    
 -6.4964971E-04   6.817877    
 -6.4764777E-04   6.921384    
 -6.4564572E-04   8.697567    
 -6.4364373E-04   10.47407    
 -6.4164173E-04   10.57754    
 -6.3963968E-04   8.970272    
 -6.3763774E-04   7.275383    
 -6.3563569E-04   7.203954    
 -6.3363370E-04   8.890071    
 -6.3163170E-04   10.76187    
 -6.2962971E-04   11.06761    
 -6.2762771E-04   9.583903    
 -6.2562566E-04   7.832407    
 -6.2362367E-04   7.601503    
 -6.2162167E-04   9.213973    
 -6.1961968E-04   11.22612    
 -6.1761768E-04   11.85357    
 -6.1561569E-04   10.71019    
 -6.1361369E-04   9.169951    
 -6.1161170E-04   9.000444    
 -6.0960965E-04   10.58936    
 -6.0760765E-04   12.55096    
 -6.0560566E-04   13.08098    
 -6.0360366E-04   11.73314    
 -6.0160167E-04   9.864182    
 -5.9959962E-04   9.294610    
 -5.9759768E-04   10.49795    
 -5.9559563E-04   12.12655    
 -5.9359364E-04   12.37071    
 -5.9159164E-04   10.82180    
 -5.8958959E-04   8.973783    
 -5.8758765E-04   8.809424    
 -5.8558560E-04   10.80070    
 -5.8358361E-04   13.30138    
 -5.8158167E-04   13.99522    
 -5.7957962E-04   12.09345    
 -5.7757762E-04   9.168919    
 -5.7557563E-04   7.795835    
 -5.7357363E-04   9.218569    
 -5.7157158E-04   12.24415    
 -5.6956959E-04   14.37969    
 -5.6756765E-04   14.12835    
 -5.6556566E-04   12.29089    
 -5.6356360E-04   11.05059    
 -5.6156161E-04   11.80768    
 -5.5955962E-04   13.85275    
 -5.5755756E-04   15.15056    
 -5.5555563E-04   14.42455    
 -5.5355357E-04   12.47560    
 -5.5155164E-04   11.43925    
 -5.4954959E-04   12.71497    
 -5.4754759E-04   15.58022    
 -5.4554560E-04   17.86962    
 -5.4354360E-04   18.01494    
 -5.4154155E-04   16.51566    
 -5.3953961E-04   15.36739    
 -5.3753756E-04   16.06964    
 -5.3553557E-04   18.15197    
 -5.3353363E-04   19.66157    
 -5.3153158E-04   19.12278    
 -5.2952959E-04   16.99468    
 -5.2752759E-04   15.22301    
 -5.2552560E-04   15.30848    
 -5.2352354E-04   16.85248    
 -5.2152161E-04   17.99901    
 -5.1951956E-04   17.36069    
 -5.1751756E-04   15.48390    
 -5.1551557E-04   14.35691    
 -5.1351357E-04   15.40827    
 -5.1151158E-04   18.00082    
 -5.0950953E-04   19.93399    
 -5.0750753E-04   19.55144    
 -5.0550560E-04   17.40896    
 -5.0350348E-04   15.79438    
 -5.0150155E-04   16.52414    
 -4.9949955E-04   19.13769    
 -4.9749750E-04   21.26593    
 -4.9549557E-04   20.90080    
 -4.9349351E-04   18.39121    
 -4.9149158E-04   16.21710    
 -4.8948952E-04   16.66394    
 -4.8748756E-04   19.62304    
 -4.8548554E-04   22.63462    
 -4.8348351E-04   23.15178    
 -4.8148152E-04   20.90935    
 -4.7947955E-04   18.15040    
 -4.7747753E-04   17.48208    
 -4.7547551E-04   19.43662    
 -4.7347351E-04   22.06132    
 -4.7147155E-04   22.88691    
 -4.6946947E-04   21.35382    
 -4.6746750E-04   19.36198    
 -4.6546553E-04   19.38920    
 -4.6346348E-04   22.07267    
 -4.6146152E-04   25.57337    
 -4.5945949E-04   27.31816    
 -4.5745753E-04   26.42844    
 -4.5545548E-04   24.45011    
 -4.5345351E-04   23.72507    
 -4.5145149E-04   25.03584    
 -4.4944949E-04   26.86645    
 -4.4744747E-04   26.98811    
 -4.4544550E-04   24.76775    
 -4.4344345E-04   21.92116    
 -4.4144149E-04   20.93488    
 -4.3943946E-04   22.70515    
 -4.3743750E-04   25.74714    
 -4.3543545E-04   27.72723    
 -4.3343348E-04   27.77356    
 -4.3143152E-04   27.25123    
 -4.2942943E-04   28.21711    
 -4.2742747E-04   31.09041    
 -4.2542547E-04   33.98571    
 -4.2342345E-04   34.43047    
 -4.2142143E-04   31.86500    
 -4.1941946E-04   28.37264    
 -4.1741747E-04   26.85387    
 -4.1541544E-04   28.28853    
 -4.1341342E-04   30.79354    
 -4.1141146E-04   31.46264    
 -4.0940940E-04   29.22931    
 -4.0740744E-04   26.01441    
 -4.0540542E-04   24.92127    
 -4.0340348E-04   27.24078    
 -4.0140140E-04   31.14471    
 -3.9939943E-04   33.42699    
 -3.9739747E-04   32.63959    
 -3.9539541E-04   30.55129    
 -3.9339345E-04   30.46609    
 -3.9139143E-04   33.95468    
 -3.8938943E-04   39.18430    
 -3.8738741E-04   42.55478    
 -3.8538544E-04   42.11620    
 -3.8338342E-04   39.50806    
 -3.8138143E-04   38.45535    
 -3.7937940E-04   41.22863    
 -3.7737744E-04   46.41619    
 -3.7537538E-04   50.22234    
 -3.7337342E-04   50.02422    
 -3.7137140E-04   46.83656    
 -3.6936937E-04   44.27134    
 -3.6736741E-04   45.02628    
 -3.6536541E-04   48.31639    
 -3.6336345E-04   50.76373    
 -3.6136137E-04   49.85266    
 -3.5935940E-04   46.60094    
 -3.5735741E-04   44.70932    
 -3.5535538E-04   47.00912    
 -3.5335336E-04   52.58706    
 -3.5135139E-04   57.49482    
 -3.4934940E-04   58.38445    
 -3.4734738E-04   55.67833    
 -3.4534535E-04   53.14238    
 -3.4334339E-04   54.31510    
 -3.4134134E-04   59.20620    
 -3.3933937E-04   64.42745    
 -3.3733735E-04   66.62217    
 -3.3533535E-04   65.80850    
 -3.3333339E-04   65.34763    
 -3.3133136E-04   68.54071    
 -3.2932940E-04   75.23079    
 -3.2732735E-04   81.77332    
 -3.2532538E-04   84.48622    
 -3.2332336E-04   83.25081    
 -3.2132133E-04   81.70693    
 -3.1931934E-04   83.83588    
 -3.1731738E-04   90.19507    
 -3.1531529E-04   97.44381    
 -3.1331333E-04   101.6714    
 -3.1131133E-04   102.1620    
 -3.0930937E-04   101.9442    
 -3.0730729E-04   104.5340    
 -3.0530532E-04   110.1672    
 -3.0330333E-04   115.3329    
 -3.0130130E-04   116.2274    
 -2.9929934E-04   112.8041    
 -2.9729735E-04   109.3280    
 -2.9529538E-04   110.7364    
 -2.9329330E-04   118.1427    
 -2.9129133E-04   127.7996    
 -2.8928934E-04   134.6080    
 -2.8728732E-04   136.7641    
 -2.8528529E-04   137.1515    
 -2.8328333E-04   140.1489    
 -2.8128127E-04   147.0941    
 -2.7927931E-04   154.9415    
 -2.7727729E-04   159.4782    
 -2.7527532E-04   159.8877    
 -2.7327327E-04   159.9648    
 -2.7127130E-04   164.6120    
 -2.6926928E-04   174.9738    
 -2.6726729E-04   187.1231    
 -2.6526532E-04   195.8504    
 -2.6326330E-04   200.0236    
 -2.6126127E-04   204.0833    
 -2.5925928E-04   213.9889    
 -2.5725731E-04   231.1476    
 -2.5525529E-04   250.4078    
 -2.5325327E-04   264.2607    
 -2.5125127E-04   269.6791    
 -2.4924931E-04   271.1483    
 -2.4724723E-04   276.7768    
 -2.4524526E-04   290.9727    
 -2.4324325E-04   310.3945    
 -2.4124124E-04   326.9595    
 -2.3923923E-04   335.0603    
 -2.3723727E-04   336.2613    
 -2.3523530E-04   337.1776    
 -2.3323324E-04   342.8537    
 -2.3123127E-04   352.2173    
 -2.2922926E-04   359.8528    
 -2.2722724E-04   362.1649    
 -2.2522523E-04   361.5055    
 -2.2322327E-04   363.9334    
 -2.2122126E-04   372.8619    
 -2.1921925E-04   385.0395    
 -2.1721722E-04   393.3451    
 -2.1521526E-04   393.9065    
 -2.1321321E-04   390.5448    
 -2.1121124E-04   391.8202    
 -2.0920922E-04   403.0979    
 -2.0720721E-04   421.2998    
 -2.0520520E-04   437.6793    
 -2.0320324E-04   446.1373    
 -2.0120127E-04   449.1528    
 -1.9919920E-04   455.2660    
 -1.9719724E-04   470.3581    
 -1.9519523E-04   491.4524    
 -1.9319321E-04   509.3464    
 -1.9119120E-04   518.1114    
 -1.8918923E-04   522.0802    
 -1.8718716E-04   533.1290    
 -1.8518520E-04   560.1402    
 -1.8318319E-04   600.6226    
 -1.8118123E-04   642.9056    
 -1.7917916E-04   677.2147    
 -1.7717719E-04   705.1719    
 -1.7517518E-04   738.2170    
 -1.7317318E-04   786.2419    
 -1.7117115E-04   847.4888    
 -1.6916920E-04   910.2484    
 -1.6716713E-04   965.4215    
 -1.6516517E-04   1017.625    
 -1.6316320E-04   1083.053    
 -1.6116124E-04   1174.825    
 -1.5915917E-04   1289.537    
 -1.5715721E-04   1409.226    
 -1.5515515E-04   1518.793    
 -1.5315319E-04   1623.191    
 -1.5115112E-04   1747.392    
 -1.4914916E-04   1916.977    
 -1.4714719E-04   2136.714    
 -1.4514512E-04   2387.661    
 -1.4314307E-04   2647.415    
 -1.4114119E-04   2915.351    
 -1.3913914E-04   3217.810    
 -1.3713718E-04   3585.812    
 -1.3513521E-04   4025.351    
 -1.3313314E-04   4510.960    
 -1.3113118E-04   5014.206    
 -1.2912911E-04   5544.772    
 -1.2712716E-04   6161.293    
 -1.2512520E-04   6928.939    
 -1.2312313E-04   7844.311    
 -1.2112106E-04   8784.653    
 -1.1911920E-04   9531.208    
 -1.1711713E-04   9866.410    
 -1.1511507E-04   9687.364    
 -1.1311311E-04   9062.708    
 -1.1111114E-04   8193.056    
 -1.0910908E-04   7303.236    
 -1.0710712E-04   6537.501    
 -1.0510505E-04   5920.324    
 -1.0310319E-04   5395.063    
 -1.0110113E-04   4897.351    
 -9.9099059E-05   4406.581    
 -9.7097196E-05   3945.324    
 -9.5095129E-05   3543.264    
 -9.3093069E-05   3205.399    
 -9.1091104E-05   2910.450    
 -8.9089139E-05   2634.741    
 -8.7087079E-05   2374.435    
 -8.5085114E-05   2145.201    
 -8.3083047E-05   1962.188    
 -8.1081089E-05   1821.778    
 -7.9079124E-05   1702.431    
 -7.7077057E-05   1582.600    
 -7.5074997E-05   1457.803    
 -7.3073126E-05   1340.996    
 -7.1071066E-05   1247.285    
 -6.9069007E-05   1178.462    
 -6.7067136E-05   1121.488    
 -6.5065076E-05   1061.238    
 -6.3063111E-05   994.2827    
 -6.1061044E-05   930.5296    
 -5.9059083E-05   882.3182    
 -5.7057117E-05   852.0670    
 -5.5055058E-05   830.2799    
 -5.3052994E-05   804.8950    
 -5.1051127E-05   772.2650    
 -4.9049064E-05   739.0899    
 -4.7047000E-05   714.6477    
 -4.5045035E-05   701.2430    
 -4.3043074E-05   692.7017    
 -4.1041010E-05   681.3447    
 -3.9039045E-05   666.0334    
 -3.7036982E-05   652.6379    
 -3.5035016E-05   647.3071    
 -3.3033055E-05   649.3544    
 -3.1030992E-05   651.4550    
 -2.9029125E-05   647.2797    
 -2.7027061E-05   637.9703    
 -2.5024998E-05   631.8185    
 -2.3023034E-05   636.2244    
 -2.1021069E-05   650.3535    
 -1.9019006E-05   665.5375    
 -1.7017042E-05   673.1697    
 -1.5014979E-05   672.5315    
 -1.3013015E-05   670.4410    
 -1.1011050E-05   674.4238    
 -9.0089879E-06   684.5078    
 -7.0069245E-06   693.5923    
 -5.0050589E-06   694.6542    
 -3.0029958E-06   687.9985    
 -1.0009326E-06   680.4622    
  1.0009326E-06   680.4615    
  3.0029958E-06   687.9747    
  5.0050589E-06   694.6419    
  7.0070232E-06   693.6307    
  9.0089879E-06   684.5012    
  1.1010952E-05   674.4208    
  1.3013015E-05   670.4540    
  1.5015078E-05   672.4932    
  1.7016944E-05   673.1192    
  1.9019006E-05   665.5338    
  2.1021069E-05   650.3571    
  2.3023034E-05   636.2214    
  2.5024998E-05   631.8236    
  2.7027061E-05   637.9765    
  2.9029026E-05   647.2701    
  3.1030992E-05   651.4562    
  3.3033055E-05   649.3596    
  3.5035016E-05   647.3184    
  3.7037080E-05   652.6328    
  3.9039045E-05   666.0334    
  4.1041010E-05   681.3412    
  4.3043074E-05   692.7134    
  4.5045035E-05   701.2399    
  4.7047000E-05   714.6439    
  4.9049064E-05   739.0917    
  5.1051029E-05   772.2581    
  5.3053092E-05   804.9060    
  5.5055058E-05   830.2850    
  5.7057019E-05   852.0709    
  5.9059083E-05   882.3161    
  6.1061146E-05   930.5305    
  6.3063009E-05   994.2957    
  6.5065076E-05   1061.236    
  6.7067136E-05   1121.482    
  6.9069007E-05   1178.466    
  7.1071066E-05   1247.288    
  7.3073126E-05   1341.003    
  7.5075091E-05   1457.799    
  7.7077057E-05   1582.601    
  7.9079124E-05   1702.428    
  8.1081089E-05   1821.780    
  8.3083149E-05   1962.195    
  8.5085012E-05   2145.195    
  8.7087079E-05   2374.435    
  8.9089139E-05   2634.738    
  9.1091104E-05   2910.454    
  9.3093069E-05   3205.399    
  9.5095129E-05   3543.265    
  9.7097094E-05   3945.299    
  9.9099059E-05   4406.582    
  1.0110113E-04   4897.353    
  1.0310309E-04   5395.031    
  1.0510515E-04   5920.352    
  1.0710712E-04   6537.508    
  1.0910908E-04   7303.237    
  1.1111114E-04   8193.057    
  1.1311321E-04   9062.758    
  1.1511507E-04   9687.368    
  1.1711713E-04   9866.406    
  1.1911910E-04   9531.246    
  1.2112116E-04   8784.607    
  1.2312313E-04   7844.316    
  1.2512509E-04   6928.976    
  1.2712716E-04   6161.293    
  1.2912921E-04   5544.741    
  1.3113108E-04   5014.236    
  1.3313314E-04   4510.963    
  1.3513521E-04   4025.346    
  1.3713707E-04   3585.824    
  1.3913914E-04   3217.814    
  1.4114119E-04   2915.351    
  1.4314316E-04   2647.412    
  1.4514512E-04   2387.663    
  1.4714719E-04   2136.718    
  1.4914916E-04   1916.974    
  1.5115122E-04   1747.383    
  1.5315319E-04   1623.189    
  1.5515515E-04   1518.792    
  1.5715721E-04   1409.227    
  1.5915917E-04   1289.535    
  1.6116114E-04   1174.830    
  1.6316320E-04   1083.055    
  1.6516517E-04   1017.624    
  1.6716713E-04   965.4186    
  1.6916920E-04   910.2457    
  1.7117115E-04   847.4885    
  1.7317322E-04   786.2438    
  1.7517518E-04   738.2167    
  1.7717715E-04   705.1648    
  1.7917922E-04   677.2158    
  1.8118128E-04   642.9025    
  1.8318315E-04   600.6249    
  1.8518520E-04   560.1390    
  1.8718727E-04   533.1311    
  1.8918923E-04   522.0816    
  1.9119120E-04   518.1124    
  1.9319316E-04   509.3507    
  1.9519523E-04   491.4536    
  1.9719728E-04   470.3622    
  1.9919916E-04   455.2698    
  2.0120121E-04   449.1597    
  2.0320328E-04   446.1381    
  2.0520514E-04   437.6730    
  2.0720721E-04   421.3022    
  2.0920928E-04   403.0972    
  2.1121124E-04   391.8202    
  2.1321321E-04   390.5454    
  2.1521526E-04   393.9049    
  2.1721722E-04   393.3455    
  2.1921929E-04   385.0408    
  2.2122126E-04   372.8599    
  2.2322322E-04   363.9337    
  2.2522529E-04   361.5022    
  2.2722724E-04   362.1656    
  2.2922920E-04   359.8524    
  2.3123127E-04   352.2172    
  2.3323324E-04   342.8535    
  2.3523520E-04   337.1739    
  2.3723727E-04   336.2620    
  2.3923923E-04   335.0615    
  2.4124129E-04   326.9610    
  2.4324325E-04   310.3952    
  2.4524523E-04   290.9752    
  2.4724728E-04   276.7739    
  2.4924934E-04   271.1498    
  2.5125121E-04   269.6794    
  2.5325327E-04   264.2601    
  2.5525535E-04   250.4085    
  2.5725731E-04   231.1478    
  2.5925928E-04   213.9887    
  2.6126133E-04   204.0867    
  2.6326330E-04   200.0230    
  2.6526526E-04   195.8537    
  2.6726723E-04   187.1235    
  2.6926928E-04   174.9751    
  2.7127136E-04   164.6121    
  2.7327321E-04   159.9630    
  2.7527529E-04   159.8871    
  2.7727734E-04   159.4806    
  2.7927931E-04   154.9398    
  2.8128127E-04   147.0949    
  2.8328333E-04   140.1484    
  2.8528529E-04   137.1509    
  2.8728737E-04   136.7633    
  2.8928934E-04   134.6084    
  2.9129130E-04   127.7991    
  2.9329336E-04   118.1412    
  2.9529541E-04   110.7353    
  2.9729729E-04   109.3254    
  2.9929934E-04   112.8041    
  3.0130130E-04   116.2278    
  3.0330327E-04   115.3339    
  3.0530532E-04   110.1670    
  3.0730729E-04   104.5341    
  3.0930937E-04   101.9426    
  3.1131133E-04   102.1625    
  3.1331330E-04   101.6715    
  3.1531535E-04   97.44421    
  3.1731740E-04   90.19263    
  3.1931928E-04   83.83730    
  3.2132133E-04   81.70616    
  3.2332342E-04   83.24856    
  3.2532538E-04   84.48625    
  3.2732735E-04   81.77290    
  3.2932940E-04   75.23219    
  3.3133136E-04   68.54126    
  3.3333333E-04   65.34792    
  3.3533538E-04   65.81153    
  3.3733735E-04   66.62022    
  3.3933943E-04   64.42712    
  3.4134128E-04   59.20608    
  3.4334336E-04   54.31584    
  3.4534541E-04   53.14015    
  3.4734738E-04   55.67735    
  3.4934934E-04   58.38602    
  3.5135139E-04   57.49414    
  3.5335336E-04   52.58926    
  3.5535544E-04   47.00829    
  3.5735741E-04   44.70894    
  3.5935937E-04   46.60045    
  3.6136142E-04   49.85374    
  3.6336348E-04   50.76153    
  3.6536535E-04   48.31826    
  3.6736741E-04   45.02636    
  3.6936949E-04   44.27055    
  3.7137134E-04   46.83770    
  3.7337342E-04   50.02278    
  3.7537538E-04   50.22120    
  3.7737744E-04   46.41623    
  3.7937940E-04   41.22963    
  3.8138137E-04   38.45388    
  3.8338342E-04   39.50900    
  3.8538550E-04   42.11829    
  3.8738735E-04   42.55671    
  3.8938943E-04   39.18518    
  3.9139148E-04   33.95417    
  3.9339345E-04   30.46613    
  3.9539541E-04   30.55104    
  3.9739747E-04   32.63997    
  3.9939943E-04   33.42724    
  4.0140140E-04   31.14534    
  4.0340348E-04   27.24099    
  4.0540542E-04   24.92189    
  4.0740750E-04   26.01396    
  4.0940935E-04   29.22975    
  4.1141143E-04   31.46139    
  4.1341348E-04   30.79547    
  4.1541544E-04   28.28853    
  4.1741741E-04   26.85438    
  4.1941946E-04   28.37278    
  4.2142143E-04   31.86576    
  4.2342351E-04   34.43167    
  4.2542547E-04   33.98568    
  4.2742744E-04   31.08973    
  4.2942949E-04   28.21585    
  4.3143146E-04   27.25095    
  4.3343342E-04   27.77119    
  4.3543548E-04   27.72695    
  4.3743756E-04   25.74833    
  4.3943941E-04   22.70543    
  4.4144149E-04   20.93489    
  4.4344354E-04   21.92134    
  4.4544550E-04   24.76764    
  4.4744747E-04   26.98780    
  4.4944944E-04   26.86805    
  4.5145149E-04   25.03619    
  4.5345357E-04   23.72547    
  4.5545542E-04   24.45037    
  4.5745750E-04   26.42883    
  4.5945955E-04   27.31961    
  4.6146152E-04   25.57250    
  4.6346348E-04   22.07195    
  4.6546553E-04   19.38906    
  4.6746750E-04   19.36231    
  4.6946947E-04   21.35430    
  4.7147155E-04   22.88667    
  4.7347351E-04   22.06174    
  4.7547556E-04   19.43576    
  4.7747753E-04   17.48336    
  4.7947949E-04   18.15005    
  4.8148155E-04   20.90946    
  4.8348351E-04   23.15158    
  4.8548548E-04   22.63661    
  4.8748756E-04   19.62343    
  4.8948952E-04   16.66454    
  4.9149158E-04   16.21803    
  4.9349351E-04   18.39129    
  4.9549551E-04   20.89957    
  4.9749756E-04   21.26758    
  4.9949955E-04   19.13896    
  5.0150149E-04   16.52466    
  5.0350354E-04   15.79383    
  5.0550560E-04   17.41135    
  5.0750747E-04   19.55200    
  5.0950953E-04   19.93354    
  5.1151164E-04   17.99992    
  5.1351357E-04   15.40831    
  5.1551557E-04   14.35671    
  5.1751762E-04   15.48493    
  5.1951956E-04   17.36074    
  5.2152161E-04   17.99809    
  5.2352349E-04   16.85175    
  5.2552554E-04   15.30852    
  5.2752765E-04   15.22263    
  5.2952947E-04   16.99698    
  5.3153158E-04   19.12322    
  5.3353363E-04   19.66164    
  5.3553557E-04   18.15081    
  5.3753756E-04   16.06902    
  5.3953961E-04   15.36750    
  5.4154155E-04   16.51510    
  5.4354366E-04   18.01477    
  5.4554560E-04   17.87041    
  5.4754753E-04   15.58185    
  5.4954964E-04   12.71278    
  5.5155170E-04   11.43872    
  5.5355357E-04   12.47513    
  5.5555563E-04   14.42478    
  5.5755756E-04   15.15145    
  5.5955962E-04   13.85268    
  5.6156161E-04   11.80695    
  5.6356355E-04   11.05196    
  5.6556566E-04   12.29124    
  5.6756759E-04   14.13001    
  5.6956959E-04   14.37897    
  5.7157164E-04   12.24489    
  5.7357369E-04   9.219392    
  5.7557557E-04   7.796419    
  5.7757762E-04   9.168541    
  5.7957968E-04   12.09228    
  5.8158167E-04   13.99512    
  5.8358361E-04   13.30136    
  5.8558566E-04   10.80120    
  5.8758765E-04   8.809790    
  5.8958970E-04   8.973770    
  5.9159164E-04   10.82104    
  5.9359364E-04   12.37015    
  5.9559569E-04   12.12662    
  5.9759757E-04   10.49728    
  5.9959962E-04   9.294844    
  6.0160167E-04   9.864092    
  6.0360366E-04   11.73302    
  6.0560560E-04   13.08084    
  6.0760765E-04   12.55076    
  6.0960965E-04   10.58879    
  6.1161170E-04   8.999754    
  6.1361369E-04   9.169977    
  6.1561563E-04   10.70980    
  6.1761768E-04   11.85332    
  6.1961974E-04   11.22701    
  6.2162161E-04   9.214231    
  6.2362367E-04   7.601455    
  6.2562578E-04   7.831666    
  6.2762771E-04   9.584240    
  6.2962971E-04   11.06785    
  6.3163164E-04   10.76075    
  6.3363370E-04   8.889796    
  6.3563569E-04   7.203692    
  6.3763763E-04   7.275563    
  6.3963968E-04   8.970193    
  6.4164179E-04   10.57653    
  6.4364361E-04   10.47266    
  6.4564572E-04   8.698224    
  6.4764777E-04   6.921925    
  6.4964971E-04   6.817714    
  6.5165170E-04   8.460043    
  6.5365375E-04   10.24855    
  6.5565569E-04   10.46559    
  6.5765780E-04   8.926726    
  6.5965974E-04   7.133616    
  6.6166167E-04   6.809700    
  6.6366378E-04   8.241550    
  6.6566584E-04   10.01175    
  6.6766771E-04   10.38175    
  6.6966977E-04   8.950150    
  6.7167165E-04   6.984374    
  6.7367370E-04   6.152381    
  6.7567575E-04   6.921879    
  6.7767763E-04   8.177817    
  6.7967968E-04   8.416966    
  6.8168173E-04   7.285398    
  6.8368379E-04   5.936674    
  6.8568566E-04   5.848494    
  6.8768772E-04   7.296071    
  6.8968977E-04   9.005767    
  6.9169188E-04   9.371202    
  6.9369370E-04   8.037420    
  6.9569581E-04   6.295698    
  6.9769786E-04   5.870505    
  6.9969974E-04   7.237083    
  7.0170179E-04   9.152837    
  7.0370367E-04   9.822834    
  7.0570572E-04   8.628135    
  7.0770778E-04   6.721604    
  7.0970983E-04   5.919818    
  7.1171188E-04   6.946504    
  7.1371393E-04   8.734577    
  7.1571564E-04   9.466233    
  7.1771769E-04   8.339275    
  7.1971974E-04   6.366595    
  7.2172179E-04   5.409150    
  7.2372390E-04   6.373435    
  7.2572572E-04   8.319337    
  7.2772783E-04   9.317098    
  7.2972965E-04   8.268441    
  7.3173176E-04   5.959055    
  7.3373382E-04   4.325293    
  7.3573587E-04   4.679384    
  7.3773775E-04   6.529687    
  7.3973980E-04   8.114721    
  7.4174185E-04   8.076935    
  7.4374391E-04   6.669944    
  7.4574578E-04   5.398110    
  7.4774784E-04   5.494694    
  7.4974971E-04   6.745056    
  7.5175177E-04   7.794073    
  7.5375382E-04   7.542494    
  7.5575593E-04   6.260719    
  7.5775798E-04   5.305993    
  7.5975963E-04   5.746729    
  7.6176168E-04   7.287874    
  7.6376373E-04   8.537501    
  7.6576584E-04   8.372620    
  7.6776790E-04   7.030677    
  7.6976995E-04   5.876913    
  7.7177183E-04   6.046068    
  7.7377388E-04   7.324662    
  7.7577576E-04   8.346006    
  7.7777781E-04   7.931663    
  7.7977986E-04   6.243417    
  7.8178191E-04   4.641332    
  7.8378379E-04   4.385165    
  7.8578584E-04   5.446856    
  7.8778790E-04   6.579042    
  7.8979001E-04   6.568701    
  7.9179183E-04   5.423305    
  7.9379370E-04   4.340529    
  7.9579576E-04   4.503199    
  7.9779787E-04   5.893705    
  7.9979992E-04   7.291339    
  8.0180197E-04   7.466538    
  8.0380403E-04   6.376866    
  8.0580573E-04   5.198763    
  8.0780778E-04   5.151350    
  8.0980983E-04   6.275457    
  8.1181189E-04   7.365921    
  8.1381394E-04   7.153066    
  8.1581599E-04   5.565292    
  8.1781787E-04   3.853183    
  8.1981992E-04   3.418368    
  8.2182180E-04   4.484727    
  8.2382385E-04   5.885198    
  8.2582596E-04   6.172958    
  8.2782801E-04   5.000720    
  8.2982989E-04   3.432743    
  8.3183195E-04   2.910571    
  8.3383400E-04   3.875012    
  8.3583588E-04   5.382960    
  8.3783793E-04   6.053172    
  8.3983981E-04   5.404934    
  8.4184186E-04   4.291483    
  8.4384391E-04   4.001645    
  8.4584596E-04   4.951308    
  8.4784802E-04   6.243451    
  8.4985013E-04   6.540568    
  8.5185177E-04   5.397524    
  8.5385382E-04   3.734454    
  8.5585588E-04   2.991710    
  8.5785793E-04   3.765050    
  8.5986004E-04   5.236021    
  8.6186209E-04   5.966288    
  8.6386397E-04   5.269158    
  8.6586579E-04   3.837706    
  8.6786790E-04   3.051805    
  8.6986995E-04   3.627353    
  8.7187201E-04   4.945093    
  8.7387388E-04   5.682624    
  8.7587594E-04   5.110815    
  8.7787799E-04   3.801028    
  8.7988004E-04   3.044097    
  8.8188192E-04   3.581232    
  8.8388397E-04   4.880533    
  8.8588585E-04   5.687028    
  8.8788790E-04   5.262553    
  8.8988995E-04   4.111827    
  8.9189206E-04   3.461866    
  8.9389412E-04   4.013280    
  8.9589617E-04   5.206300    
  8.9789781E-04   5.739198    
  8.9989993E-04   4.852759    
  9.0190198E-04   3.128242    
  9.0390403E-04   1.986057    
  9.0590608E-04   2.367543    
  9.0790796E-04   3.838553    
  9.0991001E-04   4.979953    
  9.1191189E-04   4.721035    
  9.1391394E-04   3.318220    
  9.1591600E-04   2.075815    
  9.1791805E-04   2.088919    
  9.1991993E-04   3.230324    
  9.2192198E-04   4.325081    
  9.2392409E-04   4.329550    
  9.2592614E-04   3.338382    
  9.2792802E-04   2.455556    
  9.2993007E-04   2.664579    
  9.3193189E-04   3.846982    
  9.3393400E-04   4.885570    
  9.3593606E-04   4.771445    
  9.3793811E-04   3.596144    
  9.3994016E-04   2.473475    
  9.4194186E-04   2.443762    
  9.4394392E-04   3.465266    
  9.4594597E-04   4.459130    
  9.4794802E-04   4.378378    
  9.4995007E-04   3.250428    
  9.5195218E-04   2.157822    
  9.5395400E-04   2.173186    
  9.5595611E-04   3.293046    
  9.5795793E-04   4.408288    
  9.5995999E-04   4.381303    
  9.6196210E-04   3.147562    
  9.6396415E-04   1.815423    
  9.6596603E-04   1.612186    
  9.6796808E-04   2.721328    
  9.6997013E-04   4.104372    
  9.7197201E-04   4.502796    
  9.7397406E-04   3.638500    
  9.7597612E-04   2.453822    
  9.7797799E-04   2.175425    
  9.7998010E-04   3.115159    
  9.8198210E-04   4.353175    
  9.8398421E-04   4.638346    
  9.8598620E-04   3.606870    
  9.8798797E-04   2.140963    
  9.8998996E-04   1.533617    
  9.9199207E-04   2.255551    
  9.9399406E-04   3.519026    
  9.9599618E-04   4.059652    
  9.9799817E-04   3.368136    
  1.0000000E-03   2.172439    
