 -2.0000001E-03   2.905660    
 -1.9959963E-03   2.756659    
 -1.9919921E-03   2.741888    
 -1.9879881E-03   2.830473    
 -1.9839841E-03   2.897979    
 -1.9799802E-03   2.814408    
 -1.9759762E-03   2.541343    
 -1.9719722E-03   2.164193    
 -1.9679682E-03   1.843634    
 -1.9639642E-03   1.714044    
 -1.9599602E-03   1.810165    
 -1.9559562E-03   2.053351    
 -1.9519520E-03   2.306774    
 -1.9479481E-03   2.453372    
 -1.9439441E-03   2.449446    
 -1.9399400E-03   2.329912    
 -1.9359362E-03   2.180787    
 -1.9319321E-03   2.100426    
 -1.9279281E-03   2.166215    
 -1.9239242E-03   2.415483    
 -1.9199200E-03   2.827676    
 -1.9159161E-03   3.319330    
 -1.9119122E-03   3.763432    
 -1.9079080E-03   4.033358    
 -1.9039041E-03   4.065220    
 -1.8999000E-03   3.894074    
 -1.8958960E-03   3.638000    
 -1.8918922E-03   3.434090    
 -1.8878881E-03   3.357788    
 -1.8838841E-03   3.383574    
 -1.8798800E-03   3.408826    
 -1.8758760E-03   3.329154    
 -1.8718721E-03   3.108431    
 -1.8678680E-03   2.800032    
 -1.8638640E-03   2.505377    
 -1.8598601E-03   2.307884    
 -1.8558560E-03   2.229160    
 -1.8518521E-03   2.234625    
 -1.8478479E-03   2.277457    
 -1.8438440E-03   2.335603    
 -1.8398401E-03   2.416178    
 -1.8358360E-03   2.530074    
 -1.8318320E-03   2.668416    
 -1.8278279E-03   2.806923    
 -1.8238240E-03   2.942451    
 -1.8198200E-03   3.115906    
 -1.8158159E-03   3.393852    
 -1.8118119E-03   3.810384    
 -1.8078081E-03   4.308836    
 -1.8038040E-03   4.740113    
 -1.7998000E-03   4.935456    
 -1.7957959E-03   4.816828    
 -1.7917920E-03   4.464193    
 -1.7877880E-03   4.084176    
 -1.7837839E-03   3.891448    
 -1.7797799E-03   3.971975    
 -1.7757760E-03   4.226357    
 -1.7717719E-03   4.435194    
 -1.7677679E-03   4.401449    
 -1.7637638E-03   4.081748    
 -1.7597600E-03   3.612743    
 -1.7557560E-03   3.221293    
 -1.7517519E-03   3.081999    
 -1.7477479E-03   3.218161    
 -1.7437440E-03   3.509805    
 -1.7397399E-03   3.791444    
 -1.7357359E-03   3.963902    
 -1.7317318E-03   4.043726    
 -1.7277279E-03   4.118837    
 -1.7237237E-03   4.261714    
 -1.7197198E-03   4.459023    
 -1.7157159E-03   4.620001    
 -1.7117118E-03   4.645265    
 -1.7077079E-03   4.504540    
 -1.7037039E-03   4.265819    
 -1.6996998E-03   4.051153    
 -1.6956959E-03   3.960692    
 -1.6916919E-03   4.010511    
 -1.6876878E-03   4.130135    
 -1.6836839E-03   4.214125    
 -1.6796797E-03   4.189547    
 -1.6756759E-03   4.057035    
 -1.6716719E-03   3.882508    
 -1.6676678E-03   3.752879    
 -1.6636639E-03   3.727627    
 -1.6596598E-03   3.809088    
 -1.6556558E-03   3.946902    
 -1.6516518E-03   4.067853    
 -1.6476478E-03   4.111817    
 -1.6436438E-03   4.062137    
 -1.6396398E-03   3.954194    
 -1.6356357E-03   3.859657    
 -1.6316319E-03   3.850638    
 -1.6276278E-03   3.955953    
 -1.6236238E-03   4.135459    
 -1.6196198E-03   4.292716    
 -1.6156157E-03   4.323324    
 -1.6116118E-03   4.183299    
 -1.6076078E-03   3.928104    
 -1.6036037E-03   3.695948    
 -1.5995997E-03   3.634681    
 -1.5955957E-03   3.813955    
 -1.5915917E-03   4.174817    
 -1.5875878E-03   4.557064    
 -1.5835837E-03   4.789178    
 -1.5795798E-03   4.789117    
 -1.5755757E-03   4.613204    
 -1.5715717E-03   4.421200    
 -1.5675678E-03   4.383504    
 -1.5635637E-03   4.586576    
 -1.5595597E-03   4.997130    
 -1.5555557E-03   5.494027    
 -1.5515516E-03   5.939196    
 -1.5475478E-03   6.242499    
 -1.5435437E-03   6.372487    
 -1.5395397E-03   6.334298    
 -1.5355357E-03   6.134263    
 -1.5315317E-03   5.771703    
 -1.5275277E-03   5.259210    
 -1.5235236E-03   4.648235    
 -1.5195196E-03   4.028865    
 -1.5155156E-03   3.497663    
 -1.5115116E-03   3.113249    
 -1.5075076E-03   2.872452    
 -1.5035035E-03   2.730477    
 -1.4994997E-03   2.644597    
 -1.4954957E-03   2.609673    
 -1.4914917E-03   2.657429    
 -1.4874877E-03   2.820070    
 -1.4834836E-03   3.089291    
 -1.4794796E-03   3.410089    
 -1.4754756E-03   3.715105    
 -1.4714716E-03   3.975626    
 -1.4674676E-03   4.224123    
 -1.4634635E-03   4.527809    
 -1.4594595E-03   4.926768    
 -1.4554557E-03   5.385417    
 -1.4514516E-03   5.797400    
 -1.4474476E-03   6.048058    
 -1.4434436E-03   6.091762    
 -1.4394395E-03   5.982130    
 -1.4354356E-03   5.831475    
 -1.4314316E-03   5.723670    
 -1.4274275E-03   5.640259    
 -1.4234236E-03   5.462689    
 -1.4194195E-03   5.054568    
 -1.4154156E-03   4.380651    
 -1.4114116E-03   3.569858    
 -1.4074075E-03   2.879813    
 -1.4034036E-03   2.573557    
 -1.3993995E-03   2.770880    
 -1.3953955E-03   3.375772    
 -1.3913916E-03   4.119953    
 -1.3873874E-03   4.698261    
 -1.3833835E-03   4.926485    
 -1.3793795E-03   4.821803    
 -1.3753754E-03   4.569049    
 -1.3713716E-03   4.393891    
 -1.3673675E-03   4.420960    
 -1.3633635E-03   4.600456    
 -1.3593596E-03   4.744510    
 -1.3553554E-03   4.653575    
 -1.3513515E-03   4.254767    
 -1.3473475E-03   3.670403    
 -1.3433434E-03   3.165789    
 -1.3393395E-03   3.009390    
 -1.3353354E-03   3.311087    
 -1.3313314E-03   3.950200    
 -1.3273275E-03   4.628742    
 -1.3233233E-03   5.037779    
 -1.3193195E-03   5.032157    
 -1.3153154E-03   4.712879    
 -1.3113114E-03   4.353985    
 -1.3073074E-03   4.227378    
 -1.3033034E-03   4.419442    
 -1.2992994E-03   4.781323    
 -1.2952955E-03   5.032143    
 -1.2912914E-03   4.961724    
 -1.2872875E-03   4.591685    
 -1.2832835E-03   4.176483    
 -1.2792794E-03   4.042842    
 -1.2752755E-03   4.366781    
 -1.2712714E-03   5.045085    
 -1.2672674E-03   5.757064    
 -1.2632634E-03   6.175580    
 -1.2592594E-03   6.184142    
 -1.2552554E-03   5.950541    
 -1.2512513E-03   5.799644    
 -1.2472473E-03   5.977599    
 -1.2432433E-03   6.475863    
 -1.2392394E-03   7.040740    
 -1.2352354E-03   7.360567    
 -1.2312314E-03   7.297852    
 -1.2272274E-03   6.999687    
 -1.2232234E-03   6.806460    
 -1.2192193E-03   7.030983    
 -1.2152153E-03   7.759875    
 -1.2112113E-03   8.811003    
 -1.2072073E-03   9.868542    
 -1.2032033E-03   10.68020    
 -1.1991992E-03   11.17948    
 -1.1951954E-03   11.45632    
 -1.1911913E-03   11.62889    
 -1.1871873E-03   11.72630    
 -1.1831833E-03   11.68452    
 -1.1791792E-03   11.44048    
 -1.1751753E-03   11.03824    
 -1.1711712E-03   10.64254    
 -1.1671672E-03   10.43554    
 -1.1631633E-03   10.48031    
 -1.1591592E-03   10.65505    
 -1.1551552E-03   10.72066    
 -1.1511513E-03   10.47608    
 -1.1471473E-03   9.893906    
 -1.1431432E-03   9.137096    
 -1.1391392E-03   8.457178    
 -1.1351353E-03   8.045768    
 -1.1311313E-03   7.952677    
 -1.1271272E-03   8.098326    
 -1.1231232E-03   8.358445    
 -1.1191192E-03   8.630890    
 -1.1151151E-03   8.850841    
 -1.1111113E-03   8.967459    
 -1.1071071E-03   8.939203    
 -1.1031033E-03   8.769896    
 -1.0990992E-03   8.563931    
 -1.0950952E-03   8.514934    
 -1.0910912E-03   8.805960    
 -1.0870872E-03   9.466317    
 -1.0830831E-03   10.29319    
 -1.0790792E-03   10.93023    
 -1.0750751E-03   11.08290    
 -1.0710711E-03   10.72765    
 -1.0670673E-03   10.16573    
 -1.0630632E-03   9.846440    
 -1.0590592E-03   10.06731    
 -1.0550552E-03   10.74756    
 -1.0510512E-03   11.44393    
 -1.0470471E-03   11.61664    
 -1.0430432E-03   10.98082    
 -1.0390391E-03   9.700977    
 -1.0350351E-03   8.308524    
 -1.0310311E-03   7.390367    
 -1.0270271E-03   7.258519    
 -1.0230232E-03   7.818266    
 -1.0190191E-03   8.683352    
 -1.0150151E-03   9.449009    
 -1.0110112E-03   9.918715    
 -1.0070070E-03   10.13913    
 -1.0030031E-03   10.25511    
 -9.9899911E-04   10.33249    
 -9.9499500E-04   10.27926    
 -9.9099113E-04   9.934680    
 -9.8698703E-04   9.237265    
 -9.8298315E-04   8.339622    
 -9.7897905E-04   7.571248    
 -9.7497512E-04   7.268986    
 -9.7097107E-04   7.586880    
 -9.6696703E-04   8.408910    
 -9.6296304E-04   9.412146    
 -9.5895911E-04   10.23584    
 -9.5495506E-04   10.65518    
 -9.5095101E-04   10.66354    
 -9.4694702E-04   10.43923    
 -9.4294309E-04   10.21716    
 -9.3893893E-04   10.14951    
 -9.3493500E-04   10.21905    
 -9.3093107E-04   10.24790    
 -9.2692696E-04   10.00551    
 -9.2292303E-04   9.368517    
 -9.1891899E-04   8.442067    
 -9.1491506E-04   7.576527    
 -9.1091095E-04   7.230443    
 -9.0690702E-04   7.744601    
 -9.0290298E-04   9.148171    
 -8.9889899E-04   11.11596    
 -8.9489494E-04   13.13257    
 -8.9089101E-04   14.76837    
 -8.8688690E-04   15.89976    
 -8.8288297E-04   16.73178    
 -8.7887893E-04   17.59582    
 -8.7487500E-04   18.67665    
 -8.7087089E-04   19.85715    
 -8.6686696E-04   20.81145    
 -8.6286303E-04   21.26577    
 -8.5885887E-04   21.25443    
 -8.5485494E-04   21.14408    
 -8.5085095E-04   21.40250    
 -8.4684690E-04   22.25720    
 -8.4284286E-04   23.49662    
 -8.3883893E-04   24.56703    
 -8.3483494E-04   24.92004    
 -8.3083089E-04   24.36959    
 -8.2682684E-04   23.21868    
 -8.2282291E-04   22.05979    
 -8.1881881E-04   21.39658    
 -8.1481488E-04   21.33950    
 -8.1081083E-04   21.57119    
 -8.0680696E-04   21.60439    
 -8.0280280E-04   21.11661    
 -7.9879886E-04   20.16420    
 -7.9479493E-04   19.13320    
 -7.9079083E-04   18.49902    
 -7.8678690E-04   18.57287    
 -7.8278285E-04   19.37395    
 -7.7877886E-04   20.67945    
 -7.7477482E-04   22.15160    
 -7.7077089E-04   23.46361    
 -7.6676684E-04   24.35260    
 -7.6276285E-04   24.64792    
 -7.5875880E-04   24.30755    
 -7.5475487E-04   23.46123    
 -7.5075077E-04   22.41723    
 -7.4674684E-04   21.57149    
 -7.4274279E-04   21.24470    
 -7.3873874E-04   21.52378    
 -7.3473481E-04   22.23514    
 -7.3073083E-04   23.06424    
 -7.2672690E-04   23.75914    
 -7.2272273E-04   24.27466    
 -7.1871880E-04   24.76300    
 -7.1471481E-04   25.43204    
 -7.1071077E-04   26.37328    
 -7.0670672E-04   27.48421    
 -7.0270279E-04   28.54175    
 -6.9869880E-04   29.33175    
 -6.9469475E-04   29.75915    
 -6.9069071E-04   29.84239    
 -6.8668678E-04   29.64911    
 -6.8268267E-04   29.22999    
 -6.7867874E-04   28.63471    
 -6.7467469E-04   27.97805    
 -6.7067071E-04   27.49399    
 -6.6666678E-04   27.49107    
 -6.6266273E-04   28.22174    
 -6.5865880E-04   29.73442    
 -6.5465469E-04   31.80952    
 -6.5065076E-04   34.02156    
 -6.4664672E-04   35.89439    
 -6.4264267E-04   37.06866    
 -6.3863868E-04   37.41483    
 -6.3463475E-04   37.06748    
 -6.3063059E-04   36.37873    
 -6.2662666E-04   35.80945    
 -6.2262267E-04   35.76888    
 -6.1861874E-04   36.44128    
 -6.1461458E-04   37.66964    
 -6.1061064E-04   38.98851    
 -6.0660666E-04   39.84035    
 -6.0260261E-04   39.88483    
 -5.9859868E-04   39.22681    
 -5.9459469E-04   38.38889    
 -5.9059076E-04   37.99598    
 -5.8658660E-04   38.36512    
 -5.8258267E-04   39.26511    
 -5.7857868E-04   40.04676    
 -5.7457463E-04   40.09655    
 -5.7057058E-04   39.31101    
 -5.6656665E-04   38.28112    
 -5.6256255E-04   38.03721    
 -5.5855862E-04   39.50016    
 -5.5455457E-04   43.00935    
 -5.5055064E-04   48.21410    
 -5.4654654E-04   54.33549    
 -5.4254261E-04   60.59613    
 -5.3853856E-04   66.48199    
 -5.3453457E-04   71.70663    
 -5.3053064E-04   76.02531    
 -5.2652659E-04   79.12750    
 -5.2252255E-04   80.77236    
 -5.1851856E-04   81.07351    
 -5.1451463E-04   80.63445    
 -5.1051058E-04   80.34788    
 -5.0650653E-04   80.91353    
 -5.0250255E-04   82.41560    
 -4.9849862E-04   84.29147    
 -4.9449445E-04   85.78983    
 -4.9049052E-04   86.59833    
 -4.8648650E-04   87.19225    
 -4.8248249E-04   88.61820    
 -4.7847847E-04   91.81560    
 -4.7447454E-04   96.95726    
 -4.7047061E-04   103.2746    
 -4.6646647E-04   109.5222    
 -4.6246254E-04   114.7618    
 -4.5845853E-04   118.9512    
 -4.5445448E-04   122.9675    
 -4.5045046E-04   128.0659    
 -4.4644653E-04   135.1627    
 -4.4244251E-04   144.3697    
 -4.3843850E-04   155.0016    
 -4.3443445E-04   165.9204    
 -4.3043052E-04   175.9757    
 -4.2642641E-04   184.3032    
 -4.2242248E-04   190.5049    
 -4.1841844E-04   194.7411    
 -4.1441442E-04   197.7812    
 -4.1041040E-04   200.8808    
 -4.0640647E-04   205.3661    
 -4.0240254E-04   212.0344    
 -3.9839841E-04   220.6739    
 -3.9439448E-04   230.0943    
 -3.9039046E-04   238.8260    
 -3.8638641E-04   246.0743    
 -3.8238239E-04   252.3628    
 -3.7837846E-04   259.3160    
 -3.7437433E-04   268.6208    
 -3.7037040E-04   280.7936    
 -3.6636638E-04   294.6301    
 -3.6236245E-04   307.7404    
 -3.5835832E-04   317.9460    
 -3.5435439E-04   324.6351    
 -3.5035037E-04   329.2048    
 -3.4634635E-04   334.2999    
 -3.4234230E-04   342.3826    
 -3.3833840E-04   354.4942    
 -3.3433427E-04   369.9977    
 -3.3033034E-04   387.2884    
 -3.2632641E-04   404.9119    
 -3.2232248E-04   422.3373    
 -3.1831834E-04   440.0063    
 -3.1431441E-04   458.8094    
 -3.1031031E-04   479.5394    
 -3.0630638E-04   502.6742    
 -3.0230224E-04   528.4833    
 -2.9829831E-04   557.1461    
 -2.9429438E-04   588.6238    
 -2.9029025E-04   622.3589    
 -2.8628614E-04   657.1885    
 -2.8228239E-04   691.7712    
 -2.7827828E-04   725.5067    
 -2.7427435E-04   759.3748    
 -2.7027042E-04   796.0790    
 -2.6626629E-04   839.2021    
 -2.6226236E-04   891.6534    
 -2.5825822E-04   954.2412    
 -2.5425432E-04   1025.106    
 -2.5025039E-04   1100.470    
 -2.4624626E-04   1176.342    
 -2.4224212E-04   1250.445    
 -2.3823840E-04   1323.559    
 -2.3423426E-04   1399.633    
 -2.3023014E-04   1484.507    
 -2.2622621E-04   1583.658    
 -2.2222228E-04   1699.745    
 -2.1821816E-04   1830.988    
 -2.1421423E-04   1971.190    
 -2.1021010E-04   2111.852    
 -2.0620637E-04   2245.393    
 -2.0220225E-04   2368.180    
 -1.9819812E-04   2481.360    
 -1.9419439E-04   2588.839    
 -1.9019026E-04   2693.242    
 -1.8618614E-04   2791.857    
 -1.8218221E-04   2875.572    
 -1.7817828E-04   2931.610    
 -1.7417416E-04   2949.202    
 -1.7017023E-04   2924.899    
 -1.6616609E-04   2864.535    
 -1.6216218E-04   2780.365    
 -1.5815825E-04   2684.859    
 -1.5415411E-04   2585.056    
 -1.5014999E-04   2480.625    
 -1.4614625E-04   2366.803    
 -1.4214213E-04   2240.146    
 -1.3813801E-04   2103.215    
 -1.3413427E-04   1965.025    
 -1.3013015E-04   1836.942    
 -1.2612622E-04   1726.835    
 -1.2212209E-04   1635.109    
 -1.1811817E-04   1555.310    
 -1.1411423E-04   1478.684    
 -1.1011012E-04   1399.641    
 -1.0610599E-04   1318.685    
 -1.0210225E-04   1241.118    
 -9.8098128E-05   1172.795    
 -9.4094001E-05   1116.065    
 -9.0090070E-05   1068.472    
 -8.6086147E-05   1024.884    
 -8.2082021E-05   981.1838    
 -7.8078090E-05   936.8059    
 -7.4073963E-05   894.5049    
 -7.0070033E-05   857.7397    
 -6.6066110E-05   827.9343    
 -6.2061983E-05   803.5796    
 -5.8058249E-05   781.7199    
 -5.4054122E-05   760.4092    
 -5.0049995E-05   740.1893    
 -4.6046069E-05   723.2448    
 -4.2042138E-05   711.0400    
 -3.8038012E-05   702.2883    
 -3.4034085E-05   693.1241    
 -3.0029958E-05   679.6028    
 -2.6026029E-05   660.7421    
 -2.2022101E-05   639.8597    
 -1.8017976E-05   623.0764    
 -1.4013849E-05   615.5460    
 -1.0010118E-05   617.9445    
 -6.0059915E-06   625.8695    
 -2.0018651E-06   632.4291    
  2.0018651E-06   632.4289    
  6.0059915E-06   625.8698    
  1.0010118E-05   617.9411    
  1.4014046E-05   615.5406    
  1.8017976E-05   623.0782    
  2.2021904E-05   639.8593    
  2.6026029E-05   660.7479    
  3.0030156E-05   679.6128    
  3.4033888E-05   693.1201    
  3.8038012E-05   702.2834    
  4.2042138E-05   711.0434    
  4.6046069E-05   723.2448    
  5.0049995E-05   740.1908    
  5.4054122E-05   760.4050    
  5.8058053E-05   781.7126    
  6.2061983E-05   803.5841    
  6.6066110E-05   827.9309    
  7.0070033E-05   857.7379    
  7.4074160E-05   894.5068    
  7.8078090E-05   936.8071    
  8.2082021E-05   981.1819    
  8.6086147E-05   1024.885    
  9.0090070E-05   1068.472    
  9.4094001E-05   1116.065    
  9.8098128E-05   1172.794    
  1.0210206E-04   1241.112    
  1.0610618E-04   1318.686    
  1.1011012E-04   1399.640    
  1.1411404E-04   1478.679    
  1.1811817E-04   1555.311    
  1.2212229E-04   1635.117    
  1.2612602E-04   1726.835    
  1.3013015E-04   1836.942    
  1.3413427E-04   1965.024    
  1.3813801E-04   2103.214    
  1.4214213E-04   2240.145    
  1.4614625E-04   2366.802    
  1.5015018E-04   2480.630    
  1.5415411E-04   2585.058    
  1.5815825E-04   2684.860    
  1.6216218E-04   2780.363    
  1.6616630E-04   2864.543    
  1.7017002E-04   2924.898    
  1.7417416E-04   2949.201    
  1.7817828E-04   2931.611    
  1.8218221E-04   2875.574    
  1.8618614E-04   2791.856    
  1.9019026E-04   2693.243    
  1.9419419E-04   2588.846    
  1.9819812E-04   2481.360    
  2.0220225E-04   2368.179    
  2.0620618E-04   2245.399    
  2.1021030E-04   2111.844    
  2.1421423E-04   1971.189    
  2.1821816E-04   1830.988    
  2.2222228E-04   1699.744    
  2.2622642E-04   1583.651    
  2.3023014E-04   1484.507    
  2.3423426E-04   1399.635    
  2.3823819E-04   1323.563    
  2.4224233E-04   1250.443    
  2.4624626E-04   1176.342    
  2.5025019E-04   1100.474    
  2.5425432E-04   1025.106    
  2.5825843E-04   954.2390    
  2.6226215E-04   891.6590    
  2.6626629E-04   839.2027    
  2.7027042E-04   796.0800    
  2.7427415E-04   759.3782    
  2.7827828E-04   725.5073    
  2.8228239E-04   691.7709    
  2.8628632E-04   657.1868    
  2.9029025E-04   622.3588    
  2.9429438E-04   588.6237    
  2.9829831E-04   557.1458    
  3.0230245E-04   528.4825    
  3.0630638E-04   502.6747    
  3.1031031E-04   479.5398    
  3.1431441E-04   458.8097    
  3.1831834E-04   440.0072    
  3.2232227E-04   422.3384    
  3.2632641E-04   404.9110    
  3.3033034E-04   387.2891    
  3.3433427E-04   369.9983    
  3.3833840E-04   354.4941    
  3.4234230E-04   342.3826    
  3.4634644E-04   334.3000    
  3.5035037E-04   329.2052    
  3.5435430E-04   324.6351    
  3.5835843E-04   317.9467    
  3.6236257E-04   307.7386    
  3.6636629E-04   294.6303    
  3.7037040E-04   280.7931    
  3.7437453E-04   268.6208    
  3.7837846E-04   259.3164    
  3.8238239E-04   252.3634    
  3.8638632E-04   246.0738    
  3.9039046E-04   238.8263    
  3.9439456E-04   230.0944    
  3.9839832E-04   220.6725    
  4.0240242E-04   212.0346    
  4.0640656E-04   205.3656    
  4.1041028E-04   200.8801    
  4.1441442E-04   197.7807    
  4.1841855E-04   194.7412    
  4.2242248E-04   190.5051    
  4.2642641E-04   184.3023    
  4.3043052E-04   175.9754    
  4.3443445E-04   165.9201    
  4.3843858E-04   155.0011    
  4.4244251E-04   144.3696    
  4.4644644E-04   135.1626    
  4.5045058E-04   128.0661    
  4.5445448E-04   122.9676    
  4.5845841E-04   118.9517    
  4.6246254E-04   114.7617    
  4.6646647E-04   109.5227    
  4.7047040E-04   103.2750    
  4.7447454E-04   96.95751    
  4.7847847E-04   91.81595    
  4.8248257E-04   88.61855    
  4.8648650E-04   87.19248    
  4.9049046E-04   86.59869    
  4.9449457E-04   85.79079    
  4.9849867E-04   84.29147    
  5.0250243E-04   82.41505    
  5.0650653E-04   80.91376    
  5.1051070E-04   80.34744    
  5.1451463E-04   80.63400    
  5.1851856E-04   81.07388    
  5.2252266E-04   80.77216    
  5.2652659E-04   79.12707    
  5.3053052E-04   76.02596    
  5.3453445E-04   71.70602    
  5.3853856E-04   66.48164    
  5.4254272E-04   60.59684    
  5.4654642E-04   54.33559    
  5.5055058E-04   48.21397    
  5.5455469E-04   43.00953    
  5.5855862E-04   39.50005    
  5.6256255E-04   38.03751    
  5.6656665E-04   38.28124    
  5.7057058E-04   39.31083    
  5.7457475E-04   40.09689    
  5.7857868E-04   40.04722    
  5.8258261E-04   39.26500    
  5.8658671E-04   38.36558    
  5.9059082E-04   37.99530    
  5.9459457E-04   38.38854    
  5.9859868E-04   39.22663    
  6.0260261E-04   39.88485    
  6.0660654E-04   39.84029    
  6.1061064E-04   38.98866    
  6.1461458E-04   37.66990    
  6.1861874E-04   36.44084    
  6.2262267E-04   35.76881    
  6.2662660E-04   35.80935    
  6.3063070E-04   36.37912    
  6.3463481E-04   37.06794    
  6.3863856E-04   37.41504    
  6.4264267E-04   37.06849    
  6.4664683E-04   35.89534    
  6.5065076E-04   34.02169    
  6.5465469E-04   31.80967    
  6.5865880E-04   29.73420    
  6.6266273E-04   28.22152    
  6.6666666E-04   27.49134    
  6.7067076E-04   27.49441    
  6.7467469E-04   27.97802    
  6.7867886E-04   28.63460    
  6.8268256E-04   29.22982    
  6.8668672E-04   29.64901    
  6.9069082E-04   29.84206    
  6.9469475E-04   29.75896    
  6.9869868E-04   29.33147    
  7.0270279E-04   28.54188    
  7.0670672E-04   27.48420    
  7.1071088E-04   26.37282    
  7.1471481E-04   25.43201    
  7.1871874E-04   24.76319    
  7.2272285E-04   24.27401    
  7.2672695E-04   23.75929    
  7.3073071E-04   23.06409    
  7.3473481E-04   22.23511    
  7.3873898E-04   21.52371    
  7.4274268E-04   21.24465    
  7.4674684E-04   21.57172    
  7.5075077E-04   22.41693    
  7.5475487E-04   23.46124    
  7.5875880E-04   24.30772    
  7.6276273E-04   24.64813    
  7.6676684E-04   24.35247    
  7.7077100E-04   23.46354    
  7.7477470E-04   22.15196    
  7.7877886E-04   20.67940    
  7.8278297E-04   19.37440    
  7.8678690E-04   18.57286    
  7.9079083E-04   18.49896    
  7.9479493E-04   19.13334    
  7.9879886E-04   20.16429    
  8.0280280E-04   21.11641    
  8.0680696E-04   21.60449    
  8.1081083E-04   21.57126    
  8.1481499E-04   21.33896    
  8.1881869E-04   21.39661    
  8.2282285E-04   22.05947    
  8.2682696E-04   23.21812    
  8.3083089E-04   24.36967    
  8.3483482E-04   24.92000    
  8.3883893E-04   24.56717    
  8.4284286E-04   23.49649    
  8.4684702E-04   22.25726    
  8.5085095E-04   21.40209    
  8.5485488E-04   21.14361    
  8.5885898E-04   21.25435    
  8.6286291E-04   21.26573    
  8.6686685E-04   20.81142    
  8.7087095E-04   19.85774    
  8.7487511E-04   18.67587    
  8.7887881E-04   17.59588    
  8.8288297E-04   16.73174    
  8.8688708E-04   15.90005    
  8.9089101E-04   14.76851    
  8.9489494E-04   13.13245    
  8.9889887E-04   11.11578    
  9.0290298E-04   9.147880    
  9.0690714E-04   7.744309    
  9.1091084E-04   7.230414    
  9.1491500E-04   7.576787    
  9.1891910E-04   8.442117    
  9.2292303E-04   9.368459    
  9.2692696E-04   10.00543    
  9.3093107E-04   10.24805    
  9.3493500E-04   10.21904    
  9.3893893E-04   10.14943    
  9.4294309E-04   10.21702    
  9.4694702E-04   10.43907    
  9.5095113E-04   10.66368    
  9.5495506E-04   10.65521    
  9.5895899E-04   10.23610    
  9.6296309E-04   9.412212    
  9.6696703E-04   8.409051    
  9.7097096E-04   7.586833    
  9.7497512E-04   7.268943    
  9.7897905E-04   7.571392    
  9.8298315E-04   8.339657    
  9.8698703E-04   9.237331    
  9.9099101E-04   9.934568    
  9.9499512E-04   10.27946    
  9.9899911E-04   10.33265    
  1.0030030E-03   10.25483    
  1.0070071E-03   10.13861    
  1.0110112E-03   9.918604    
  1.0150149E-03   9.449075    
  1.0190191E-03   8.683496    
  1.0230233E-03   7.818192    
  1.0270271E-03   7.258610    
  1.0310311E-03   7.390287    
  1.0350352E-03   8.309178    
  1.0390391E-03   9.701086    
  1.0430432E-03   10.98090    
  1.0470470E-03   11.61659    
  1.0510511E-03   11.44323    
  1.0550553E-03   10.74753    
  1.0590589E-03   10.06715    
  1.0630632E-03   9.846481    
  1.0670673E-03   10.16558    
  1.0710711E-03   10.72747    
  1.0750751E-03   11.08274    
  1.0790792E-03   10.93027    
  1.0830831E-03   10.29320    
  1.0870873E-03   9.466275    
  1.0910912E-03   8.805903    
  1.0950951E-03   8.514560    
  1.0990993E-03   8.563575    
  1.1031034E-03   8.769867    
  1.1071071E-03   8.939033    
  1.1111113E-03   8.967443    
  1.1151151E-03   8.850655    
  1.1191192E-03   8.630808    
  1.1231232E-03   8.358629    
  1.1271271E-03   8.098975    
  1.1311313E-03   7.952767    
  1.1351352E-03   8.045849    
  1.1391392E-03   8.456701    
  1.1431433E-03   9.137110    
  1.1471474E-03   9.893764    
  1.1511511E-03   10.47594    
  1.1551552E-03   10.72071    
  1.1591594E-03   10.65534    
  1.1631633E-03   10.48027    
  1.1671672E-03   10.43561    
  1.1711713E-03   10.64261    
  1.1751753E-03   11.03825    
  1.1791794E-03   11.44062    
  1.1831833E-03   11.68416    
  1.1871873E-03   11.72624    
  1.1911914E-03   11.62870    
  1.1951951E-03   11.45612    
  1.1991992E-03   11.17942    
  1.2032033E-03   10.68004    
  1.2072073E-03   9.868452    
  1.2112112E-03   8.811330    
  1.2152153E-03   7.759765    
  1.2192193E-03   7.030838    
  1.2232234E-03   6.806485    
  1.2272274E-03   6.999789    
  1.2312313E-03   7.297853    
  1.2352354E-03   7.360647    
  1.2392395E-03   7.040833    
  1.2432432E-03   6.475868    
  1.2472473E-03   5.977618    
  1.2512516E-03   5.799762    
  1.2552554E-03   5.950530    
  1.2592594E-03   6.184013    
  1.2632633E-03   6.175460    
  1.2672674E-03   5.757127    
  1.2712714E-03   5.045123    
  1.2752753E-03   4.366800    
  1.2792794E-03   4.042973    
  1.2832836E-03   4.176414    
  1.2872872E-03   4.591911    
  1.2912914E-03   4.961812    
  1.2952955E-03   5.031904    
  1.2992994E-03   4.781367    
  1.3033034E-03   4.419334    
  1.3073075E-03   4.227169    
  1.3113114E-03   4.354119    
  1.3153156E-03   4.712593    
  1.3193195E-03   5.032216    
  1.3233233E-03   5.037737    
  1.3273276E-03   4.628728    
  1.3313317E-03   3.949888    
  1.3353354E-03   3.310936    
  1.3393395E-03   3.009555    
  1.3433433E-03   3.166314    
  1.3473474E-03   3.669999    
  1.3513515E-03   4.254705    
  1.3553553E-03   4.653317    
  1.3593594E-03   4.744203    
  1.3633635E-03   4.600398    
  1.3673676E-03   4.421234    
  1.3713713E-03   4.393913    
  1.3753754E-03   4.568979    
  1.3793795E-03   4.821727    
  1.3833838E-03   4.926712    
  1.3873874E-03   4.698182    
  1.3913916E-03   4.119868    
  1.3953957E-03   3.376175    
  1.3993995E-03   2.770673    
  1.4034036E-03   2.573362    
  1.4074073E-03   2.879760    
  1.4114114E-03   3.569848    
  1.4154156E-03   4.380707    
  1.4194197E-03   5.054780    
  1.4234238E-03   5.462729    
  1.4274279E-03   5.640433    
  1.4314313E-03   5.723751    
  1.4354354E-03   5.831395    
  1.4394395E-03   5.981921    
  1.4434436E-03   6.091900    
  1.4474478E-03   6.048335    
  1.4514514E-03   5.797287    
  1.4554557E-03   5.385428    
  1.4594593E-03   4.926927    
  1.4634635E-03   4.527813    
  1.4674676E-03   4.224064    
  1.4714717E-03   3.975711    
  1.4754755E-03   3.715152    
  1.4794796E-03   3.410002    
  1.4834837E-03   3.089339    
  1.4874878E-03   2.819729    
  1.4914916E-03   2.657516    
  1.4954957E-03   2.609603    
  1.4994994E-03   2.644494    
  1.5035035E-03   2.730453    
  1.5075076E-03   2.872252    
  1.5115119E-03   3.113189    
  1.5155160E-03   3.497663    
  1.5195193E-03   4.028967    
  1.5235234E-03   4.648033    
  1.5275275E-03   5.259507    
  1.5315317E-03   5.771700    
  1.5355358E-03   6.134195    
  1.5395399E-03   6.334332    
  1.5435437E-03   6.372381    
  1.5475478E-03   6.242298    
  1.5515515E-03   5.939135    
  1.5555556E-03   5.493820    
  1.5595597E-03   4.997116    
  1.5635638E-03   4.586635    
  1.5675676E-03   4.383400    
  1.5715717E-03   4.421169    
  1.5755758E-03   4.613372    
  1.5795800E-03   4.789081    
  1.5835837E-03   4.789224    
  1.5875874E-03   4.556917    
  1.5915915E-03   4.174679    
  1.5955957E-03   3.813889    
  1.5995998E-03   3.634383    
  1.6036039E-03   3.695691    
  1.6076081E-03   3.927955    
  1.6116115E-03   4.183427    
  1.6156156E-03   4.323376    
  1.6196197E-03   4.292685    
  1.6236238E-03   4.135556    
  1.6276279E-03   3.955963    
  1.6316320E-03   3.850692    
  1.6356357E-03   3.859664    
  1.6396398E-03   3.954114    
  1.6436436E-03   4.062063    
  1.6476477E-03   4.111926    
  1.6516519E-03   4.067765    
  1.6556560E-03   3.946921    
  1.6596598E-03   3.809247    
  1.6636639E-03   3.727730    
  1.6676680E-03   3.752764    
  1.6716718E-03   3.882393    
  1.6756759E-03   4.057018    
  1.6796796E-03   4.189664    
  1.6836837E-03   4.214270    
  1.6876878E-03   4.130295    
  1.6916919E-03   4.010661    
  1.6956960E-03   3.960989    
  1.6997003E-03   4.051163    
  1.7037035E-03   4.265584    
  1.7077076E-03   4.504540    
  1.7117118E-03   4.645137    
  1.7157159E-03   4.619908    
  1.7197201E-03   4.458964    
  1.7237242E-03   4.261514    
  1.7277279E-03   4.118887    
  1.7317316E-03   4.043281    
  1.7357358E-03   3.963737    
  1.7397399E-03   3.791344    
  1.7437440E-03   3.509704    
  1.7477478E-03   3.218041    
  1.7517519E-03   3.081969    
  1.7557560E-03   3.221319    
  1.7597601E-03   3.612737    
  1.7637638E-03   4.081737    
  1.7677679E-03   4.401411    
  1.7717717E-03   4.435114    
  1.7757758E-03   4.226460    
  1.7797799E-03   3.971968    
  1.7837841E-03   3.891646    
  1.7877882E-03   4.084447    
  1.7917923E-03   4.464162    
  1.7957956E-03   4.816773    
  1.7997999E-03   4.935312    
  1.8038040E-03   4.740175    
  1.8078081E-03   4.308825    
  1.8118122E-03   3.810595    
  1.8158159E-03   3.393811    
  1.8198200E-03   3.115836    
  1.8238238E-03   2.942693    
  1.8278279E-03   2.806973    
  1.8318320E-03   2.668313    
  1.8358361E-03   2.530277    
  1.8398399E-03   2.416166    
  1.8438440E-03   2.335671    
  1.8478482E-03   2.277413    
  1.8518523E-03   2.234557    
  1.8558560E-03   2.229132    
  1.8598601E-03   2.308016    
  1.8638638E-03   2.505352    
  1.8678680E-03   2.800065    
  1.8718721E-03   3.108544    
  1.8758762E-03   3.329277    
  1.8798803E-03   3.408825    
  1.8838837E-03   3.383382    
  1.8878878E-03   3.357575    
  1.8918919E-03   3.433971    
  1.8958960E-03   3.637924    
  1.8999001E-03   3.894119    
  1.9039044E-03   4.065210    
  1.9079080E-03   4.033374    
  1.9119122E-03   3.763497    
  1.9159159E-03   3.319634    
  1.9199200E-03   2.827721    
  1.9239242E-03   2.415545    
  1.9279283E-03   2.166267    
  1.9319321E-03   2.100450    
  1.9359362E-03   2.180836    
  1.9399403E-03   2.329782    
  1.9439440E-03   2.449371    
  1.9479481E-03   2.453441    
  1.9519522E-03   2.306751    
  1.9559560E-03   2.053515    
  1.9599602E-03   1.810074    
  1.9639642E-03   1.714102    
  1.9679684E-03   1.843550    
  1.9719724E-03   2.164545    
  1.9759759E-03   2.541436    
  1.9799799E-03   2.814410    
  1.9839841E-03   2.897945    
  1.9879881E-03   2.830540    
  1.9919924E-03   2.742016    
  1.9959963E-03   2.756665    
  2.0000001E-03   2.905646    
