 -4.9999999E-03  0.6191016    
 -4.9899900E-03  0.6221597    
 -4.9799802E-03  0.6311880    
 -4.9699699E-03  0.6520690    
 -4.9599600E-03  0.6828739    
 -4.9499501E-03  0.7096735    
 -4.9399403E-03  0.7182547    
 -4.9299300E-03  0.7123949    
 -4.9199201E-03  0.7087660    
 -4.9099098E-03  0.7123662    
 -4.8998999E-03  0.7124261    
 -4.8898896E-03  0.7048681    
 -4.8798798E-03  0.6997101    
 -4.8698699E-03  0.7020532    
 -4.8598601E-03  0.7034345    
 -4.8498502E-03  0.6955387    
 -4.8398399E-03  0.6765997    
 -4.8298300E-03  0.6487163    
 -4.8198197E-03  0.6250067    
 -4.8098098E-03  0.6284552    
 -4.7997995E-03  0.6623226    
 -4.7897897E-03  0.6956670    
 -4.7797798E-03  0.7032740    
 -4.7697700E-03  0.7028723    
 -4.7597601E-03  0.7228546    
 -4.7497498E-03  0.7542152    
 -4.7397399E-03  0.7678629    
 -4.7297296E-03  0.7595173    
 -4.7197198E-03  0.7459818    
 -4.7097094E-03  0.7363636    
 -4.6996996E-03  0.7374917    
 -4.6896897E-03  0.7626119    
 -4.6796799E-03  0.8057573    
 -4.6696700E-03  0.8349066    
 -4.6596597E-03  0.8373520    
 -4.6496498E-03  0.8383328    
 -4.6396400E-03  0.8516389    
 -4.6296297E-03  0.8549762    
 -4.6196193E-03  0.8415689    
 -4.6096095E-03  0.8453908    
 -4.5995996E-03  0.8819792    
 -4.5895898E-03  0.9140110    
 -4.5795795E-03  0.9126840    
 -4.5695696E-03  0.9034409    
 -4.5595597E-03  0.9142715    
 -4.5495499E-03  0.9289970    
 -4.5395396E-03  0.9296376    
 -4.5295293E-03  0.9350658    
 -4.5195194E-03  0.9580052    
 -4.5095095E-03  0.9710588    
 -4.4994997E-03  0.9552663    
 -4.4894894E-03  0.9374999    
 -4.4794795E-03  0.9433244    
 -4.4694697E-03  0.9538901    
 -4.4594598E-03  0.9461924    
 -4.4494495E-03  0.9357381    
 -4.4394392E-03  0.9439381    
 -4.4294293E-03  0.9567725    
 -4.4194194E-03  0.9500824    
 -4.4094096E-03  0.9302276    
 -4.3993993E-03  0.9223483    
 -4.3893894E-03  0.9370682    
 -4.3793796E-03  0.9656193    
 -4.3693697E-03  0.9912122    
 -4.3593599E-03  0.9952784    
 -4.3493495E-03  0.9697458    
 -4.3393392E-03  0.9280434    
 -4.3293294E-03  0.8904041    
 -4.3193190E-03  0.8602808    
 -4.3093092E-03  0.8321441    
 -4.2992993E-03  0.8152339    
 -4.2892895E-03  0.8272169    
 -4.2792796E-03  0.8672384    
 -4.2692693E-03  0.9156369    
 -4.2592594E-03  0.9589781    
 -4.2492491E-03  0.9985483    
 -4.2392393E-03   1.035596    
 -4.2292294E-03   1.063602    
 -4.2192191E-03   1.078135    
 -4.2092092E-03   1.086168    
 -4.1991994E-03   1.098710    
 -4.1891895E-03   1.115576    
 -4.1791792E-03   1.120552    
 -4.1691693E-03   1.101065    
 -4.1591590E-03   1.068970    
 -4.1491492E-03   1.050136    
 -4.1391389E-03   1.054508    
 -4.1291290E-03   1.072007    
 -4.1191191E-03   1.096696    
 -4.1091093E-03   1.128235    
 -4.0990994E-03   1.149131    
 -4.0890891E-03   1.132759    
 -4.0790793E-03   1.083835    
 -4.0690694E-03   1.039502    
 -4.0590591E-03   1.020571    
 -4.0490492E-03   1.012222    
 -4.0390389E-03   1.003114    
 -4.0290290E-03   1.006553    
 -4.0190192E-03   1.026569    
 -4.0090089E-03   1.039551    
 -3.9989995E-03   1.033244    
 -3.9889892E-03   1.035713    
 -3.9789793E-03   1.079402    
 -3.9689690E-03   1.154169    
 -3.9589587E-03   1.217301    
 -3.9489488E-03   1.238091    
 -3.9389390E-03   1.220915    
 -3.9289291E-03   1.194558    
 -3.9189192E-03   1.186564    
 -3.9089089E-03   1.200354    
 -3.8988988E-03   1.215033    
 -3.8888890E-03   1.212619    
 -3.8788787E-03   1.201369    
 -3.8688693E-03   1.201447    
 -3.8588590E-03   1.211544    
 -3.8488489E-03   1.207023    
 -3.8388390E-03   1.172284    
 -3.8288287E-03   1.129940    
 -3.8188188E-03   1.126966    
 -3.8088090E-03   1.186649    
 -3.7987989E-03   1.277140    
 -3.7887890E-03   1.340643    
 -3.7787787E-03   1.354057    
 -3.7687689E-03   1.341601    
 -3.7587588E-03   1.328932    
 -3.7487489E-03   1.314437    
 -3.7387386E-03   1.294870    
 -3.7287287E-03   1.282804    
 -3.7187189E-03   1.279967    
 -3.7087088E-03   1.269737    
 -3.6986985E-03   1.255849    
 -3.6886886E-03   1.270312    
 -3.6786788E-03   1.319377    
 -3.6686689E-03   1.360644    
 -3.6586588E-03   1.361576    
 -3.6486485E-03   1.342579    
 -3.6386386E-03   1.333474    
 -3.6286288E-03   1.328573    
 -3.6186187E-03   1.314854    
 -3.6086084E-03   1.307616    
 -3.5985985E-03   1.325601    
 -3.5885887E-03   1.360530    
 -3.5785788E-03   1.394478    
 -3.5685685E-03   1.420805    
 -3.5585584E-03   1.432741    
 -3.5485486E-03   1.425754    
 -3.5385387E-03   1.420826    
 -3.5285288E-03   1.449343    
 -3.5185185E-03   1.505121    
 -3.5085084E-03   1.545866    
 -3.4984986E-03   1.545922    
 -3.4884887E-03   1.512942    
 -3.4784784E-03   1.456255    
 -3.4684683E-03   1.381999    
 -3.4584585E-03   1.316974    
 -3.4484486E-03   1.292867    
 -3.4384383E-03   1.303241    
 -3.4284284E-03   1.313302    
 -3.4184183E-03   1.309959    
 -3.4084085E-03   1.310521    
 -3.3983986E-03   1.328902    
 -3.3883883E-03   1.365766    
 -3.3783785E-03   1.422373    
 -3.3683684E-03   1.494048    
 -3.3583585E-03   1.558414    
 -3.3483487E-03   1.591261    
 -3.3383383E-03   1.588239    
 -3.3283283E-03   1.559021    
 -3.3183184E-03   1.517799    
 -3.3083083E-03   1.486279    
 -3.2982985E-03   1.482136    
 -3.2882884E-03   1.498610    
 -3.2782783E-03   1.517204    
 -3.2682684E-03   1.539647    
 -3.2582583E-03   1.578508    
 -3.2482482E-03   1.625096    
 -3.2382382E-03   1.659768    
 -3.2282281E-03   1.684641    
 -3.2182182E-03   1.710184    
 -3.2082084E-03   1.725461    
 -3.1981983E-03   1.720270    
 -3.1881882E-03   1.718123    
 -3.1781783E-03   1.745941    
 -3.1681682E-03   1.790367    
 -3.1581582E-03   1.825222    
 -3.1481483E-03   1.857278    
 -3.1381380E-03   1.902209    
 -3.1281281E-03   1.941087    
 -3.1181183E-03   1.945729    
 -3.1081082E-03   1.925683    
 -3.0980981E-03   1.913212    
 -3.0880882E-03   1.922226    
 -3.0780782E-03   1.949480    
 -3.0680681E-03   1.987922    
 -3.0580582E-03   2.018600    
 -3.0480481E-03   2.022870    
 -3.0380380E-03   2.016852    
 -3.0280282E-03   2.037267    
 -3.0180181E-03   2.084123    
 -3.0080082E-03   2.124256    
 -2.9979981E-03   2.149203    
 -2.9879878E-03   2.174756    
 -2.9779780E-03   2.186036    
 -2.9679681E-03   2.153078    
 -2.9579580E-03   2.098926    
 -2.9479479E-03   2.079016    
 -2.9379381E-03   2.089688    
 -2.9279280E-03   2.072628    
 -2.9179181E-03   2.013830    
 -2.9079081E-03   1.959077    
 -2.8978977E-03   1.926460    
 -2.8878879E-03   1.881734    
 -2.8778778E-03   1.815041    
 -2.8678679E-03   1.769138    
 -2.8578578E-03   1.777839    
 -2.8478478E-03   1.832135    
 -2.8378379E-03   1.912050    
 -2.8278281E-03   1.995580    
 -2.8178177E-03   2.041706    
 -2.8078076E-03   2.022470    
 -2.7977978E-03   1.971346    
 -2.7877877E-03   1.953279    
 -2.7777778E-03   1.991405    
 -2.7677678E-03   2.059850    
 -2.7577577E-03   2.125184    
 -2.7477478E-03   2.157623    
 -2.7377380E-03   2.134583    
 -2.7277276E-03   2.080123    
 -2.7177178E-03   2.066300    
 -2.7077077E-03   2.125875    
 -2.6976976E-03   2.202291    
 -2.6876878E-03   2.235624    
 -2.6776779E-03   2.257596    
 -2.6676676E-03   2.338300    
 -2.6576577E-03   2.469262    
 -2.6476476E-03   2.565821    
 -2.6376375E-03   2.572445    
 -2.6276277E-03   2.512466    
 -2.6176176E-03   2.443074    
 -2.6076075E-03   2.405053    
 -2.5975977E-03   2.414849    
 -2.5875878E-03   2.467752    
 -2.5775777E-03   2.542048    
 -2.5675676E-03   2.613095    
 -2.5575575E-03   2.659470    
 -2.5475475E-03   2.658034    
 -2.5375376E-03   2.606252    
 -2.5275275E-03   2.552627    
 -2.5175174E-03   2.562042    
 -2.5075076E-03   2.628523    
 -2.4974977E-03   2.668387    
 -2.4874876E-03   2.630486    
 -2.4774773E-03   2.572830    
 -2.4674674E-03   2.584298    
 -2.4574574E-03   2.669208    
 -2.4474475E-03   2.764150    
 -2.4374374E-03   2.840430    
 -2.4274273E-03   2.919781    
 -2.4174175E-03   2.996078    
 -2.4074076E-03   3.018766    
 -2.3973975E-03   2.970680    
 -2.3873874E-03   2.900525    
 -2.3773774E-03   2.851967    
 -2.3673673E-03   2.816462    
 -2.3573574E-03   2.787362    
 -2.3473476E-03   2.805586    
 -2.3373372E-03   2.905074    
 -2.3273274E-03   3.048559    
 -2.3173175E-03   3.166310    
 -2.3073072E-03   3.237743    
 -2.2972974E-03   3.294384    
 -2.2872873E-03   3.363965    
 -2.2772772E-03   3.446687    
 -2.2672673E-03   3.536392    
 -2.2572575E-03   3.629972    
 -2.2472474E-03   3.718046    
 -2.2372373E-03   3.784023    
 -2.2272274E-03   3.814331    
 -2.2172171E-03   3.811350    
 -2.2072073E-03   3.802968    
 -2.1971972E-03   3.825366    
 -2.1871871E-03   3.881676    
 -2.1771772E-03   3.942384    
 -2.1671674E-03   4.009253    
 -2.1571573E-03   4.134241    
 -2.1471472E-03   4.330791    
 -2.1371371E-03   4.516506    
 -2.1271270E-03   4.608267    
 -2.1171172E-03   4.630035    
 -2.1071073E-03   4.648997    
 -2.0970970E-03   4.657815    
 -2.0870871E-03   4.621821    
 -2.0770773E-03   4.600844    
 -2.0670672E-03   4.693615    
 -2.0570571E-03   4.870080    
 -2.0470468E-03   4.979894    
 -2.0370369E-03   4.947040    
 -2.0270271E-03   4.853017    
 -2.0170170E-03   4.810272    
 -2.0070069E-03   4.846694    
 -1.9969970E-03   4.936407    
 -1.9869870E-03   5.057357    
 -1.9769771E-03   5.188169    
 -1.9669670E-03   5.308398    
 -1.9569569E-03   5.429469    
 -1.9469468E-03   5.577801    
 -1.9369370E-03   5.744239    
 -1.9269269E-03   5.889280    
 -1.9169169E-03   5.999421    
 -1.9069071E-03   6.092597    
 -1.8968969E-03   6.167063    
 -1.8868870E-03   6.185337    
 -1.8768768E-03   6.120746    
 -1.8668667E-03   5.995003    
 -1.8568569E-03   5.862161    
 -1.8468469E-03   5.759615    
 -1.8368368E-03   5.677224    
 -1.8268268E-03   5.581123    
 -1.8168170E-03   5.479787    
 -1.8068068E-03   5.440264    
 -1.7967967E-03   5.512346    
 -1.7867868E-03   5.660638    
 -1.7767766E-03   5.812127    
 -1.7667668E-03   5.947874    
 -1.7567568E-03   6.099186    
 -1.7467467E-03   6.277144    
 -1.7367367E-03   6.463250    
 -1.7267269E-03   6.652298    
 -1.7167168E-03   6.847701    
 -1.7067066E-03   7.022616    
 -1.6966967E-03   7.139753    
 -1.6866866E-03   7.207901    
 -1.6766769E-03   7.265296    
 -1.6666666E-03   7.313587    
 -1.6566566E-03   7.323040    
 -1.6466468E-03   7.311089    
 -1.6366368E-03   7.357693    
 -1.6266268E-03   7.508974    
 -1.6166165E-03   7.698178    
 -1.6066066E-03   7.807818    
 -1.5965967E-03   7.802875    
 -1.5865864E-03   7.755365    
 -1.5765765E-03   7.734656    
 -1.5665665E-03   7.731441    
 -1.5565567E-03   7.722130    
 -1.5465467E-03   7.740865    
 -1.5365368E-03   7.828558    
 -1.5265265E-03   7.963792    
 -1.5165166E-03   8.112273    
 -1.5065067E-03   8.286968    
 -1.4964964E-03   8.484682    
 -1.4864864E-03   8.637712    
 -1.4764764E-03   8.737009    
 -1.4664661E-03   8.910673    
 -1.4564563E-03   9.237632    
 -1.4464463E-03   9.577219    
 -1.4364364E-03   9.767851    
 -1.4264265E-03   9.911832    
 -1.4164166E-03   10.23395    
 -1.4064063E-03   10.70250    
 -1.3963963E-03   11.04734    
 -1.3863865E-03   11.16711    
 -1.3763765E-03   11.27192    
 -1.3663666E-03   11.55903    
 -1.3563567E-03   11.94220    
 -1.3463463E-03   12.18517    
 -1.3363364E-03   12.18011    
 -1.3263260E-03   12.04219    
 -1.3163162E-03   12.01098    
 -1.3063062E-03   12.26351    
 -1.2962964E-03   12.74662    
 -1.2862860E-03   13.21227    
 -1.2762761E-03   13.46693    
 -1.2662662E-03   13.52870    
 -1.2562562E-03   13.52600    
 -1.2462464E-03   13.56688    
 -1.2362364E-03   13.75614    
 -1.2262261E-03   14.17638    
 -1.2162162E-03   14.76210    
 -1.2062063E-03   15.32779    
 -1.1961963E-03   15.77915    
 -1.1861864E-03   16.16115    
 -1.1761765E-03   16.50824    
 -1.1661662E-03   16.84015    
 -1.1561563E-03   17.27901    
 -1.1461460E-03   17.90930    
 -1.1361360E-03   18.53725    
 -1.1261262E-03   18.89375    
 -1.1161162E-03   19.07566    
 -1.1061059E-03   19.44965    
 -1.0960960E-03   20.09878    
 -1.0860860E-03   20.71047    
 -1.0760761E-03   21.04618    
 -1.0660662E-03   21.18264    
 -1.0560562E-03   21.26676    
 -1.0460459E-03   21.39834    
 -1.0360361E-03   21.77541    
 -1.0260261E-03   22.56902    
 -1.0160162E-03   23.58593    
 -1.0060063E-03   24.39729    
 -9.9599641E-04   24.85688    
 -9.8598609E-04   25.19334    
 -9.7597571E-04   25.61315    
 -9.6596580E-04   26.14820    
 -9.5595588E-04   26.86663    
 -9.4594597E-04   27.86155    
 -9.3593606E-04   29.01209    
 -9.2592573E-04   30.07781    
 -9.1591582E-04   31.04327    
 -9.0590591E-04   32.09411    
 -8.9589600E-04   33.28553    
 -8.8588602E-04   34.50205    
 -8.7587611E-04   35.67841    
 -8.6586579E-04   36.80619    
 -8.5585588E-04   37.80079    
 -8.4584596E-04   38.61527    
 -8.3583605E-04   39.40326    
 -8.2582614E-04   40.34898    
 -8.1581622E-04   41.45640    
 -8.0580550E-04   42.68636    
 -7.9579558E-04   44.13638    
 -7.8578567E-04   45.85509    
 -7.7577576E-04   47.63626    
 -7.6576584E-04   49.23385    
 -7.5575552E-04   50.67372    
 -7.4574561E-04   52.16364    
 -7.3573564E-04   53.83636    
 -7.2572572E-04   55.74432    
 -7.1571581E-04   57.97972    
 -7.0570590E-04   60.58905    
 -6.9569558E-04   63.42361    
 -6.8568566E-04   66.22536    
 -6.7567575E-04   68.90570    
 -6.6566584E-04   71.72055    
 -6.5565592E-04   75.10586    
 -6.4564601E-04   79.23491    
 -6.3563528E-04   83.70745    
 -6.2562537E-04   87.85784    
 -6.1561546E-04   91.46690    
 -6.0560554E-04   94.99398    
 -5.9559557E-04   99.02454    
 -5.8558566E-04   103.6981    
 -5.7557534E-04   108.8230    
 -5.6556542E-04   114.3110    
 -5.5555551E-04   120.2632    
 -5.4554560E-04   126.7286    
 -5.3553568E-04   133.5602    
 -5.2552577E-04   140.5179    
 -5.1551545E-04   147.5201    
 -5.0550554E-04   154.8535    
 -4.9549562E-04   163.0206    
 -4.8548568E-04   172.2168    
 -4.7547577E-04   182.1322    
 -4.6546545E-04   192.5007    
 -4.5545513E-04   203.5912    
 -4.4544521E-04   215.8048    
 -4.3543530E-04   228.9979    
 -4.2542536E-04   242.7225    
 -4.1541544E-04   257.0732    
 -4.0540553E-04   272.8247    
 -3.9539521E-04   290.6307    
 -3.8538530E-04   310.3463    
 -3.7537538E-04   331.1819    
 -3.6536544E-04   352.4618    
 -3.5535553E-04   374.3390    
 -3.4534562E-04   397.7761    
 -3.3533529E-04   423.6033    
 -3.2532538E-04   451.7248    
 -3.1531547E-04   481.6124    
 -3.0530553E-04   513.3461    
 -2.9529521E-04   547.5858    
 -2.8528529E-04   584.7350    
 -2.7527497E-04   624.9718    
 -2.6526506E-04   668.6801    
 -2.5525515E-04   715.6559    
 -2.4524523E-04   764.0989    
 -2.3523530E-04   812.1259    
 -2.2522538E-04   860.5599    
 -2.1521507E-04   912.4706    
 -2.0520514E-04   969.2895    
 -1.9519523E-04   1029.046    
 -1.8518530E-04   1089.324    
 -1.7517539E-04   1150.373    
 -1.6516546E-04   1213.902    
 -1.5515515E-04   1279.929    
 -1.4514523E-04   1346.263    
 -1.3513531E-04   1410.558    
 -1.2512499E-04   1471.661    
 -1.1511507E-04   1529.433    
 -1.0510515E-04   1584.332    
 -9.5094838E-05   1637.187    
 -8.5084917E-05   1688.747    
 -7.5074997E-05   1739.050    
 -6.5065076E-05   1786.917    
 -5.5055156E-05   1829.916    
 -4.5045235E-05   1865.421    
 -3.5034918E-05   1892.588    
 -2.5024998E-05   1912.880    
 -1.5015078E-05   1927.712    
 -5.0051581E-06   1936.127    
  5.0047620E-06   1936.144    
  1.5014683E-05   1927.711    
  2.5024998E-05   1912.880    
  3.5034918E-05   1892.588    
  4.5045235E-05   1865.422    
  5.5055156E-05   1829.917    
  6.5065076E-05   1786.917    
  7.5075390E-05   1739.047    
  8.5085310E-05   1688.745    
  9.5095231E-05   1637.186    
  1.0510515E-04   1584.333    
  1.1511507E-04   1529.433    
  1.2512499E-04   1471.661    
  1.3513531E-04   1410.558    
  1.4514523E-04   1346.263    
  1.5515515E-04   1279.929    
  1.6516507E-04   1213.905    
  1.7517500E-04   1150.376    
  1.8518491E-04   1089.326    
  1.9519523E-04   1029.046    
  2.0520514E-04   969.2895    
  2.1521546E-04   912.4682    
  2.2522538E-04   860.5601    
  2.3523530E-04   812.1260    
  2.4524523E-04   764.0989    
  2.5525552E-04   715.6536    
  2.6526547E-04   668.6787    
  2.7527538E-04   624.9704    
  2.8528529E-04   584.7349    
  2.9529521E-04   547.5856    
  3.0530515E-04   513.3477    
  3.1531547E-04   481.6124    
  3.2532538E-04   451.7248    
  3.3533529E-04   423.6032    
  3.4534521E-04   397.7765    
  3.5535512E-04   374.3399    
  3.6536506E-04   352.4623    
  3.7537538E-04   331.1819    
  3.8538568E-04   310.3457    
  3.9539562E-04   290.6297    
  4.0540553E-04   272.8248    
  4.1541544E-04   257.0733    
  4.2542536E-04   242.7225    
  4.3543568E-04   228.9971    
  4.4544559E-04   215.8044    
  4.5545553E-04   203.5911    
  4.6546545E-04   192.5006    
  4.7547536E-04   182.1332    
  4.8548527E-04   172.2171    
  4.9549562E-04   163.0207    
  5.0550554E-04   154.8534    
  5.1551545E-04   147.5201    
  5.2552536E-04   140.5182    
  5.3553528E-04   133.5605    
  5.4554519E-04   126.7289    
  5.5555592E-04   120.2633    
  5.6556583E-04   114.3108    
  5.7557574E-04   108.8227    
  5.8558566E-04   103.6982    
  5.9559557E-04   99.02457    
  6.0560554E-04   94.99403    
  6.1561581E-04   91.46677    
  6.2562578E-04   87.85805    
  6.3563569E-04   83.70731    
  6.4564560E-04   79.23500    
  6.5565552E-04   75.10620    
  6.6566543E-04   71.72051    
  6.7567575E-04   68.90574    
  6.8568566E-04   66.22540    
  6.9569558E-04   63.42361    
  7.0570549E-04   60.58903    
  7.1571540E-04   57.97950    
  7.2572572E-04   55.74429    
  7.3573604E-04   53.83608    
  7.4574596E-04   52.16355    
  7.5575593E-04   50.67363    
  7.6576584E-04   49.23390    
  7.7577576E-04   47.63620    
  7.8578567E-04   45.85510    
  7.9579599E-04   44.13643    
  8.0580590E-04   42.68648    
  8.1581582E-04   41.45648    
  8.2582573E-04   40.34917    
  8.3583564E-04   39.40313    
  8.4584556E-04   38.61526    
  8.5585588E-04   37.80077    
  8.6586579E-04   36.80619    
  8.7587576E-04   35.67839    
  8.8588567E-04   34.50220    
  8.9589600E-04   33.28550    
  9.0590632E-04   32.09398    
  9.1591623E-04   31.04320    
  9.2592614E-04   30.07788    
  9.3593606E-04   29.01208    
  9.4594597E-04   27.86155    
  9.5595588E-04   26.86664    
  9.6596620E-04   26.14812    
  9.7597612E-04   25.61323    
  9.8598609E-04   25.19328    
  9.9599594E-04   24.85689    
  1.0060059E-03   24.39725    
  1.0160158E-03   23.58573    
  1.0260261E-03   22.56902    
  1.0360361E-03   21.77540    
  1.0460459E-03   21.39838    
  1.0560559E-03   21.26703    
  1.0660662E-03   21.18262    
  1.0760761E-03   21.04621    
  1.0860864E-03   20.71052    
  1.0960964E-03   20.09875    
  1.1061063E-03   19.44968    
  1.1161162E-03   19.07566    
  1.1261262E-03   18.89377    
  1.1361360E-03   18.53724    
  1.1461463E-03   17.90942    
  1.1561563E-03   17.27901    
  1.1661662E-03   16.84013    
  1.1761761E-03   16.50841    
  1.1861860E-03   16.16118    
  1.1961960E-03   15.77902    
  1.2062063E-03   15.32778    
  1.2162162E-03   14.76208    
  1.2262261E-03   14.17639    
  1.2362364E-03   13.75613    
  1.2462464E-03   13.56686    
  1.2562562E-03   13.52599    
  1.2662666E-03   13.52873    
  1.2762765E-03   13.46689    
  1.2862864E-03   13.21223    
  1.2962964E-03   12.74658    
  1.3063062E-03   12.26352    
  1.3163162E-03   12.01100    
  1.3263265E-03   12.04204    
  1.3363364E-03   12.18011    
  1.3463463E-03   12.18517    
  1.3563563E-03   11.94231    
  1.3663662E-03   11.55917    
  1.3763761E-03   11.27192    
  1.3863865E-03   11.16710    
  1.3963963E-03   11.04735    
  1.4064066E-03   10.70259    
  1.4164166E-03   10.23397    
  1.4264265E-03   9.911837    
  1.4364364E-03   9.767877    
  1.4464468E-03   9.577170    
  1.4564566E-03   9.237542    
  1.4664666E-03   8.910640    
  1.4764764E-03   8.737013    
  1.4864864E-03   8.637739    
  1.4964964E-03   8.484685    
  1.5065067E-03   8.287011    
  1.5165166E-03   8.112294    
  1.5265265E-03   7.963792    
  1.5365364E-03   7.828538    
  1.5465464E-03   7.740820    
  1.5565562E-03   7.722268    
  1.5665665E-03   7.731446    
  1.5765765E-03   7.734662    
  1.5865868E-03   7.755408    
  1.5965967E-03   7.802887    
  1.6066066E-03   7.807830    
  1.6166165E-03   7.698142    
  1.6266268E-03   7.508968    
  1.6366368E-03   7.357681    
  1.6466463E-03   7.311124    
  1.6566566E-03   7.323035    
  1.6666669E-03   7.313463    
  1.6766764E-03   7.265242    
  1.6866868E-03   7.207872    
  1.6966963E-03   7.139682    
  1.7067066E-03   7.022599    
  1.7167169E-03   6.847723    
  1.7267264E-03   6.652287    
  1.7367367E-03   6.463269    
  1.7467464E-03   6.277185    
  1.7567567E-03   6.099094    
  1.7667669E-03   5.947905    
  1.7767772E-03   5.812133    
  1.7867868E-03   5.660664    
  1.7967972E-03   5.512320    
  1.8068067E-03   5.440175    
  1.8168170E-03   5.479790    
  1.8268273E-03   5.581134    
  1.8368368E-03   5.677238    
  1.8468471E-03   5.759722    
  1.8568566E-03   5.862154    
  1.8668670E-03   5.995067    
  1.8768765E-03   6.120730    
  1.8868868E-03   6.185347    
  1.8968971E-03   6.167055    
  1.9069066E-03   6.092743    
  1.9169169E-03   5.999407    
  1.9269264E-03   5.889254    
  1.9369368E-03   5.744328    
  1.9469471E-03   5.577910    
  1.9569567E-03   5.429527    
  1.9669670E-03   5.308414    
  1.9769764E-03   5.188165    
  1.9869867E-03   5.057342    
  1.9969963E-03   4.936426    
  2.0070074E-03   4.846770    
  2.0170177E-03   4.810287    
  2.0270273E-03   4.852995    
  2.0370376E-03   4.947070    
  2.0470470E-03   4.979872    
  2.0570573E-03   4.870141    
  2.0670677E-03   4.693692    
  2.0770773E-03   4.600842    
  2.0870876E-03   4.621840    
  2.0970970E-03   4.657815    
  2.1071073E-03   4.649032    
  2.1171169E-03   4.629969    
  2.1271273E-03   4.608129    
  2.1371376E-03   4.516438    
  2.1471470E-03   4.330802    
  2.1571573E-03   4.134204    
  2.1671669E-03   4.009229    
  2.1771772E-03   3.942385    
  2.1871876E-03   3.881687    
  2.1971972E-03   3.825327    
  2.2072075E-03   3.802966    
  2.2172169E-03   3.811420    
  2.2272272E-03   3.814296    
  2.2372368E-03   3.783981    
  2.2472471E-03   3.718049    
  2.2572575E-03   3.629969    
  2.2672669E-03   3.536375    
  2.2772772E-03   3.446687    
  2.2872868E-03   3.363973    
  2.2972971E-03   3.294383    
  2.3073074E-03   3.237713    
  2.3173168E-03   3.166374    
  2.3273272E-03   3.048612    
  2.3373368E-03   2.905150    
  2.3473478E-03   2.805537    
  2.3573574E-03   2.787337    
  2.3673677E-03   2.816510    
  2.3773781E-03   2.851924    
  2.3873874E-03   2.900476    
  2.3973978E-03   2.970680    
  2.4074074E-03   3.018731    
  2.4174177E-03   2.996119    
  2.4274280E-03   2.919767    
  2.4374374E-03   2.840430    
  2.4474477E-03   2.764121    
  2.4574574E-03   2.669227    
  2.4674677E-03   2.584298    
  2.4774773E-03   2.572788    
  2.4874876E-03   2.630495    
  2.4974979E-03   2.668396    
  2.5075073E-03   2.628584    
  2.5175177E-03   2.561958    
  2.5275273E-03   2.552653    
  2.5375376E-03   2.606246    
  2.5475479E-03   2.658069    
  2.5575573E-03   2.659453    
  2.5675676E-03   2.613092    
  2.5775773E-03   2.542045    
  2.5875876E-03   2.467805    
  2.5975970E-03   2.414894    
  2.6076073E-03   2.405034    
  2.6176176E-03   2.443070    
  2.6276272E-03   2.512446    
  2.6376375E-03   2.572453    
  2.6476469E-03   2.565863    
  2.6576573E-03   2.469249    
  2.6676676E-03   2.338296    
  2.6776772E-03   2.257543    
  2.6876875E-03   2.235626    
  2.6976978E-03   2.202299    
  2.7077082E-03   2.125863    
  2.7177185E-03   2.066291    
  2.7277281E-03   2.080187    
  2.7377382E-03   2.134560    
  2.7477478E-03   2.157633    
  2.7577581E-03   2.125253    
  2.7677678E-03   2.059861    
  2.7777781E-03   1.991428    
  2.7877884E-03   1.953349    
  2.7977978E-03   1.971334    
  2.8078081E-03   2.022465    
  2.8178177E-03   2.041688    
  2.8278281E-03   1.995585    
  2.8378384E-03   1.912061    
  2.8478478E-03   1.832131    
  2.8578581E-03   1.777837    
  2.8678677E-03   1.769182    
  2.8778780E-03   1.815046    
  2.8878874E-03   1.881760    
  2.8978977E-03   1.926457    
  2.9079081E-03   1.959064    
  2.9179177E-03   2.013810    
  2.9279280E-03   2.072613    
  2.9379374E-03   2.089679    
  2.9479477E-03   2.079035    
  2.9579580E-03   2.098957    
  2.9679677E-03   2.153078    
  2.9779780E-03   2.186024    
  2.9879876E-03   2.174755    
  2.9979979E-03   2.149213    
  3.0080073E-03   2.124262    
  3.0180176E-03   2.084181    
  3.0280279E-03   2.037218    
  3.0380383E-03   2.016925    
  3.0480486E-03   2.022904    
  3.0580582E-03   2.018605    
  3.0680685E-03   1.987947    
  3.0780789E-03   1.949479    
  3.0880882E-03   1.922224    
  3.0980986E-03   1.913239    
  3.1081082E-03   1.925680    
  3.1181185E-03   1.945718    
  3.1281279E-03   1.941110    
  3.1381382E-03   1.902181    
  3.1481485E-03   1.857314    
  3.1581582E-03   1.825220    
  3.1681685E-03   1.790398    
  3.1781779E-03   1.745946    
  3.1881882E-03   1.718115    
  3.1981985E-03   1.720263    
  3.2082081E-03   1.725433    
  3.2182185E-03   1.710225    
  3.2282281E-03   1.684658    
  3.2382382E-03   1.659767    
  3.2482478E-03   1.625089    
  3.2582581E-03   1.578532    
  3.2682684E-03   1.539664    
  3.2782780E-03   1.517188    
  3.2882884E-03   1.498605    
  3.2982978E-03   1.482098    
  3.3083081E-03   1.486302    
  3.3183184E-03   1.517798    
  3.3283280E-03   1.558985    
  3.3383383E-03   1.588237    
  3.3483477E-03   1.591271    
  3.3583581E-03   1.558486    
  3.3683677E-03   1.494023    
  3.3783787E-03   1.422328    
  3.3883890E-03   1.365792    
  3.3983986E-03   1.328902    
  3.4084090E-03   1.310485    
  3.4184183E-03   1.309964    
  3.4284287E-03   1.313299    
  3.4384390E-03   1.303208    
  3.4484486E-03   1.292869    
  3.4584589E-03   1.316999    
  3.4684683E-03   1.382013    
  3.4784786E-03   1.456286    
  3.4884890E-03   1.512948    
  3.4984986E-03   1.545918    
  3.5085089E-03   1.545838    
  3.5185185E-03   1.505125    
  3.5285288E-03   1.449346    
  3.5385382E-03   1.420832    
  3.5485486E-03   1.425753    
  3.5585589E-03   1.432750    
  3.5685685E-03   1.420805    
  3.5785788E-03   1.394482    
  3.5885882E-03   1.360541    
  3.5985985E-03   1.325591    
  3.6086089E-03   1.307631    
  3.6186185E-03   1.314862    
  3.6286288E-03   1.328572    
  3.6386382E-03   1.333469    
  3.6486485E-03   1.342576    
  3.6586581E-03   1.361633    
  3.6686684E-03   1.360628    
  3.6786788E-03   1.319381    
  3.6886882E-03   1.270310    
  3.6986985E-03   1.255835    
  3.7087081E-03   1.269781    
  3.7187191E-03   1.279939    
  3.7287294E-03   1.282757    
  3.7387391E-03   1.294873    
  3.7487494E-03   1.314414    
  3.7587588E-03   1.328933    
  3.7687691E-03   1.341618    
  3.7787787E-03   1.354051    
  3.7887890E-03   1.340640    
  3.7987994E-03   1.277129    
  3.8088090E-03   1.186640    
  3.8188193E-03   1.126964    
  3.8288287E-03   1.129928    
  3.8388390E-03   1.172281    
  3.8488493E-03   1.207055    
  3.8588590E-03   1.211538    
  3.8688693E-03   1.201447    
  3.8788787E-03   1.201369    
  3.8888890E-03   1.212597    
  3.8988986E-03   1.215003    
  3.9089089E-03   1.200348    
  3.9189192E-03   1.186561    
  3.9289286E-03   1.194528    
  3.9389390E-03   1.220914    
  3.9489483E-03   1.238124    
  3.9589587E-03   1.217310    
  3.9689690E-03   1.154181    
  3.9789788E-03   1.079385    
  3.9889892E-03   1.035715    
  3.9989986E-03   1.033293    
  4.0090089E-03   1.039560    
  4.0190183E-03   1.026579    
  4.0290286E-03   1.006573    
  4.0390389E-03   1.003114    
  4.0490488E-03   1.012231    
  4.0590595E-03   1.020599    
  4.0690694E-03   1.039494    
  4.0790793E-03   1.083830    
  4.0890896E-03   1.132756    
  4.0990994E-03   1.149149    
  4.1091098E-03   1.128231    
  4.1191191E-03   1.096703    
  4.1291295E-03   1.072053    
  4.1391389E-03   1.054507    
  4.1491492E-03   1.050136    
  4.1591595E-03   1.068978    
  4.1691693E-03   1.101067    
  4.1791797E-03   1.120546    
  4.1891891E-03   1.115540    
  4.1991994E-03   1.098713    
  4.2092097E-03   1.086155    
  4.2192191E-03   1.078135    
  4.2292294E-03   1.063601    
  4.2392388E-03   1.035646    
  4.2492491E-03  0.9985471    
  4.2592590E-03  0.9589738    
  4.2692693E-03  0.9156398    
  4.2792796E-03  0.8672344    
  4.2892890E-03  0.8272519    
  4.2992993E-03  0.8152338    
  4.3093087E-03  0.8321292    
  4.3193190E-03  0.8602805    
  4.3293294E-03  0.8903989    
  4.3393392E-03  0.9279528    
  4.3493495E-03  0.9697449    
  4.3593589E-03  0.9953024    
  4.3693692E-03  0.9911922    
  4.3793786E-03  0.9656207    
  4.3893890E-03  0.9371182    
  4.3994002E-03  0.9223518    
  4.4094096E-03  0.9302325    
  4.4194199E-03  0.9500974    
  4.4294293E-03  0.9567803    
  4.4394396E-03  0.9439381    
  4.4494499E-03  0.9357499    
  4.4594598E-03  0.9461893    
  4.4694701E-03  0.9538793    
  4.4794795E-03  0.9433232    
  4.4894898E-03  0.9375148    
  4.4995002E-03  0.9552468    
  4.5095095E-03  0.9710584    
  4.5195199E-03  0.9579967    
  4.5295293E-03  0.9350702    
  4.5395396E-03  0.9296349    
  4.5495494E-03  0.9290169    
  4.5595597E-03  0.9142656    
  4.5695701E-03  0.9033955    
  4.5795795E-03  0.9126785    
  4.5895898E-03  0.9140050    
  4.5995992E-03  0.8819490    
  4.6096095E-03  0.8453931    
  4.6196198E-03  0.8415581    
  4.6296297E-03  0.8549807    
  4.6396400E-03  0.8516413    
  4.6496494E-03  0.8383073    
  4.6596597E-03  0.8373464    
  4.6696691E-03  0.8349104    
  4.6796794E-03  0.8057935    
  4.6896897E-03  0.7626102    
  4.6996991E-03  0.7374780    
  4.7097094E-03  0.7363594    
  4.7197193E-03  0.7459552    
  4.7297296E-03  0.7595427    
  4.7397404E-03  0.7678559    
  4.7497503E-03  0.7542477    
  4.7597606E-03  0.7228321    
  4.7697700E-03  0.7028786    
  4.7797803E-03  0.7032894    
  4.7897897E-03  0.6956596    
  4.7998000E-03  0.6623430    
  4.8098103E-03  0.6284379    
  4.8198197E-03  0.6250085    
  4.8298300E-03  0.6487518    
  4.8398399E-03  0.6765941    
  4.8498502E-03  0.6955439    
  4.8598605E-03  0.7034553    
  4.8698699E-03  0.7020587    
  4.8798802E-03  0.6997187    
  4.8898896E-03  0.7048658    
  4.8998999E-03  0.7124255    
  4.9099098E-03  0.7123645    
  4.9199201E-03  0.7087699    
  4.9299304E-03  0.7123782    
  4.9399398E-03  0.7182811    
  4.9499501E-03  0.7096713    
  4.9599595E-03  0.6828443    
  4.9699699E-03  0.6520752    
  4.9799802E-03  0.6311829    
  4.9899896E-03  0.6221337    
  4.9999999E-03  0.6191030    
