 -4.9999999E-03  0.9061375    
 -4.9899900E-03  0.9108752    
 -4.9799802E-03  0.9143025    
 -4.9699699E-03  0.9179726    
 -4.9599600E-03  0.9257619    
 -4.9499501E-03  0.9385886    
 -4.9399403E-03  0.9524927    
 -4.9299300E-03  0.9639201    
 -4.9199201E-03  0.9729841    
 -4.9099098E-03  0.9807481    
 -4.8998999E-03  0.9868629    
 -4.8898896E-03  0.9927663    
 -4.8798798E-03   1.001711    
 -4.8698699E-03   1.013955    
 -4.8598601E-03   1.024297    
 -4.8498502E-03   1.027941    
 -4.8398399E-03   1.025368    
 -4.8298300E-03   1.020121    
 -4.8198197E-03   1.015452    
 -4.8098098E-03   1.014267    
 -4.7997995E-03   1.018520    
 -4.7897897E-03   1.027517    
 -4.7797798E-03   1.037748    
 -4.7697700E-03   1.045588    
 -4.7597601E-03   1.049021    
 -4.7497498E-03   1.047526    
 -4.7397399E-03   1.043148    
 -4.7297296E-03   1.039227    
 -4.7197198E-03   1.036355    
 -4.7097094E-03   1.031937    
 -4.6996996E-03   1.025637    
 -4.6896897E-03   1.021169    
 -4.6796799E-03   1.020989    
 -4.6696700E-03   1.023327    
 -4.6596597E-03   1.026632    
 -4.6496498E-03   1.032568    
 -4.6396400E-03   1.041778    
 -4.6296297E-03   1.051061    
 -4.6196193E-03   1.057917    
 -4.6096095E-03   1.063159    
 -4.5995996E-03   1.067275    
 -4.5895898E-03   1.068764    
 -4.5795795E-03   1.068476    
 -4.5695696E-03   1.070714    
 -4.5595597E-03   1.077921    
 -4.5495499E-03   1.087969    
 -4.5395396E-03   1.097251    
 -4.5295293E-03   1.104178    
 -4.5195194E-03   1.108335    
 -4.5095095E-03   1.110100    
 -4.4994997E-03   1.111062    
 -4.4894894E-03   1.112612    
 -4.4794795E-03   1.115292    
 -4.4694697E-03   1.120868    
 -4.4594598E-03   1.132769    
 -4.4494495E-03   1.151127    
 -4.4394392E-03   1.170910    
 -4.4294293E-03   1.187596    
 -4.4194194E-03   1.202232    
 -4.4094096E-03   1.217279    
 -4.3993993E-03   1.231754    
 -4.3893894E-03   1.243496    
 -4.3793796E-03   1.252984    
 -4.3693697E-03   1.261733    
 -4.3593599E-03   1.270132    
 -4.3493495E-03   1.278213    
 -4.3393392E-03   1.286184    
 -4.3293294E-03   1.293835    
 -4.3193190E-03   1.301031    
 -4.3093092E-03   1.308806    
 -4.2992993E-03   1.317323    
 -4.2892895E-03   1.323790    
 -4.2792796E-03   1.326435    
 -4.2692693E-03   1.328387    
 -4.2592594E-03   1.333799    
 -4.2492491E-03   1.342563    
 -4.2392393E-03   1.351499    
 -4.2292294E-03   1.358967    
 -4.2192191E-03   1.363802    
 -4.2092092E-03   1.364771    
 -4.1991994E-03   1.363874    
 -4.1891895E-03   1.366848    
 -4.1791792E-03   1.376484    
 -4.1691693E-03   1.389861    
 -4.1591590E-03   1.402732    
 -4.1491492E-03   1.413871    
 -4.1391389E-03   1.422886    
 -4.1291290E-03   1.429679    
 -4.1191191E-03   1.436833    
 -4.1091093E-03   1.448009    
 -4.0990994E-03   1.462717    
 -4.0890891E-03   1.477836    
 -4.0790793E-03   1.493224    
 -4.0690694E-03   1.509973    
 -4.0590591E-03   1.526043    
 -4.0490492E-03   1.538441    
 -4.0390389E-03   1.548328    
 -4.0290290E-03   1.556235    
 -4.0190192E-03   1.558170    
 -4.0090089E-03   1.552057    
 -3.9989995E-03   1.544032    
 -3.9889892E-03   1.540238    
 -3.9789793E-03   1.538253    
 -3.9689690E-03   1.534918    
 -3.9589587E-03   1.536620    
 -3.9489488E-03   1.550537    
 -3.9389390E-03   1.573552    
 -3.9289291E-03   1.597103    
 -3.9189192E-03   1.619093    
 -3.9089089E-03   1.640089    
 -3.8988988E-03   1.655896    
 -3.8888890E-03   1.661816    
 -3.8788787E-03   1.660729    
 -3.8688693E-03   1.659458    
 -3.8588590E-03   1.661145    
 -3.8488489E-03   1.667362    
 -3.8388390E-03   1.681054    
 -3.8288287E-03   1.702462    
 -3.8188188E-03   1.726498    
 -3.8088090E-03   1.748996    
 -3.7987989E-03   1.770083    
 -3.7887890E-03   1.789786    
 -3.7787787E-03   1.806460    
 -3.7687689E-03   1.821600    
 -3.7587588E-03   1.839471    
 -3.7487489E-03   1.860404    
 -3.7387386E-03   1.880210    
 -3.7287287E-03   1.896913    
 -3.7187189E-03   1.910638    
 -3.7087088E-03   1.919607    
 -3.6986985E-03   1.922158    
 -3.6886886E-03   1.922406    
 -3.6786788E-03   1.926363    
 -3.6686689E-03   1.935079    
 -3.6586588E-03   1.946878    
 -3.6486485E-03   1.962241    
 -3.6386386E-03   1.981332    
 -3.6286288E-03   1.999213    
 -3.6186187E-03   2.011856    
 -3.6086084E-03   2.023164    
 -3.5985985E-03   2.039711    
 -3.5885887E-03   2.062766    
 -3.5785788E-03   2.088549    
 -3.5685685E-03   2.112747    
 -3.5585584E-03   2.131151    
 -3.5485486E-03   2.141645    
 -3.5385387E-03   2.147861    
 -3.5285288E-03   2.155980    
 -3.5185185E-03   2.165366    
 -3.5085084E-03   2.168525    
 -3.4984986E-03   2.162344    
 -3.4884887E-03   2.152634    
 -3.4784784E-03   2.146399    
 -3.4684683E-03   2.146033    
 -3.4584585E-03   2.153105    
 -3.4484486E-03   2.170848    
 -3.4384383E-03   2.199820    
 -3.4284284E-03   2.235480    
 -3.4184183E-03   2.270876    
 -3.4084085E-03   2.298936    
 -3.3983986E-03   2.314556    
 -3.3883883E-03   2.317564    
 -3.3783785E-03   2.314242    
 -3.3683684E-03   2.311028    
 -3.3583585E-03   2.310450    
 -3.3483487E-03   2.312070    
 -3.3383383E-03   2.314882    
 -3.3283283E-03   2.317070    
 -3.3183184E-03   2.318844    
 -3.3083083E-03   2.326293    
 -3.2982985E-03   2.348418    
 -3.2882884E-03   2.387763    
 -3.2782783E-03   2.438663    
 -3.2682684E-03   2.493854    
 -3.2582583E-03   2.547032    
 -3.2482482E-03   2.593444    
 -3.2382382E-03   2.633453    
 -3.2282281E-03   2.674515    
 -3.2182182E-03   2.721947    
 -3.2082084E-03   2.769388    
 -3.1981983E-03   2.805817    
 -3.1881882E-03   2.828960    
 -3.1781783E-03   2.845527    
 -3.1681682E-03   2.860324    
 -3.1581582E-03   2.874338    
 -3.1481483E-03   2.889552    
 -3.1381380E-03   2.906762    
 -3.1281281E-03   2.920823    
 -3.1181183E-03   2.924927    
 -3.1081082E-03   2.919233    
 -3.0980981E-03   2.909458    
 -3.0880882E-03   2.900105    
 -3.0780782E-03   2.891948    
 -3.0680681E-03   2.884486    
 -3.0580582E-03   2.876246    
 -3.0480481E-03   2.865862    
 -3.0380380E-03   2.854593    
 -3.0280282E-03   2.847417    
 -3.0180181E-03   2.850015    
 -3.0080082E-03   2.866007    
 -2.9979981E-03   2.895057    
 -2.9879878E-03   2.930169    
 -2.9779780E-03   2.960658    
 -2.9679681E-03   2.982225    
 -2.9579580E-03   3.001799    
 -2.9479479E-03   3.026267    
 -2.9379381E-03   3.052147    
 -2.9279280E-03   3.070909    
 -2.9179181E-03   3.081373    
 -2.9079081E-03   3.087100    
 -2.8978977E-03   3.089737    
 -2.8878879E-03   3.090572    
 -2.8778778E-03   3.097178    
 -2.8678679E-03   3.119601    
 -2.8578578E-03   3.158651    
 -2.8478478E-03   3.205372    
 -2.8378379E-03   3.250718    
 -2.8278281E-03   3.291688    
 -2.8178177E-03   3.329864    
 -2.8078076E-03   3.366092    
 -2.7977978E-03   3.398259    
 -2.7877877E-03   3.425827    
 -2.7777778E-03   3.453971    
 -2.7677678E-03   3.490559    
 -2.7577577E-03   3.537241    
 -2.7477478E-03   3.586932    
 -2.7377380E-03   3.633443    
 -2.7277276E-03   3.676515    
 -2.7177178E-03   3.717607    
 -2.7077077E-03   3.756408    
 -2.6976976E-03   3.794681    
 -2.6876878E-03   3.834862    
 -2.6776779E-03   3.872175    
 -2.6676676E-03   3.896808    
 -2.6576577E-03   3.907589    
 -2.6476476E-03   3.914755    
 -2.6376375E-03   3.927830    
 -2.6276277E-03   3.949173    
 -2.6176176E-03   3.980700    
 -2.6076075E-03   4.024843    
 -2.5975977E-03   4.075801    
 -2.5875878E-03   4.123260    
 -2.5775777E-03   4.164766    
 -2.5675676E-03   4.204365    
 -2.5575575E-03   4.240214    
 -2.5475475E-03   4.267848    
 -2.5375376E-03   4.292581    
 -2.5275275E-03   4.324292    
 -2.5175174E-03   4.361430    
 -2.5075076E-03   4.394923    
 -2.4974977E-03   4.424358    
 -2.4874876E-03   4.455884    
 -2.4774773E-03   4.489049    
 -2.4674674E-03   4.521372    
 -2.4574574E-03   4.560344    
 -2.4474475E-03   4.612113    
 -2.4374374E-03   4.664877    
 -2.4274273E-03   4.701102    
 -2.4174175E-03   4.723021    
 -2.4074076E-03   4.748995    
 -2.3973975E-03   4.788100    
 -2.3873874E-03   4.833294    
 -2.3773774E-03   4.879300    
 -2.3673673E-03   4.927403    
 -2.3573574E-03   4.975926    
 -2.3473476E-03   5.019667    
 -2.3373372E-03   5.060519    
 -2.3273274E-03   5.108947    
 -2.3173175E-03   5.172672    
 -2.3073072E-03   5.249725    
 -2.2972974E-03   5.330394    
 -2.2872873E-03   5.404950    
 -2.2772772E-03   5.473024    
 -2.2672673E-03   5.544571    
 -2.2572575E-03   5.627996    
 -2.2472474E-03   5.718888    
 -2.2372373E-03   5.808249    
 -2.2272274E-03   5.897589    
 -2.2172171E-03   5.995350    
 -2.2072073E-03   6.100443    
 -2.1971972E-03   6.199647    
 -2.1871871E-03   6.279695    
 -2.1771772E-03   6.336421    
 -2.1671674E-03   6.374946    
 -2.1571573E-03   6.412351    
 -2.1471472E-03   6.472342    
 -2.1371371E-03   6.564478    
 -2.1271270E-03   6.672327    
 -2.1171172E-03   6.771766    
 -2.1071073E-03   6.854960    
 -2.0970970E-03   6.930459    
 -2.0870871E-03   7.005893    
 -2.0770773E-03   7.083833    
 -2.0670672E-03   7.168054    
 -2.0570571E-03   7.260577    
 -2.0470468E-03   7.354407    
 -2.0370369E-03   7.437490    
 -2.0270271E-03   7.505345    
 -2.0170170E-03   7.565124    
 -2.0070069E-03   7.626544    
 -1.9969970E-03   7.690413    
 -1.9869870E-03   7.749199    
 -1.9769771E-03   7.799355    
 -1.9669670E-03   7.850492    
 -1.9569569E-03   7.912422    
 -1.9469468E-03   7.977318    
 -1.9369370E-03   8.025232    
 -1.9269269E-03   8.052551    
 -1.9169169E-03   8.078630    
 -1.9069071E-03   8.122126    
 -1.8968969E-03   8.185942    
 -1.8868870E-03   8.268589    
 -1.8768768E-03   8.370545    
 -1.8668667E-03   8.481952    
 -1.8568569E-03   8.583236    
 -1.8468469E-03   8.668928    
 -1.8368368E-03   8.752846    
 -1.8268268E-03   8.847961    
 -1.8168170E-03   8.951847    
 -1.8068068E-03   9.061645    
 -1.7967967E-03   9.180906    
 -1.7867868E-03   9.308337    
 -1.7767766E-03   9.436748    
 -1.7667668E-03   9.568929    
 -1.7567568E-03   9.719513    
 -1.7467467E-03   9.893615    
 -1.7367367E-03   10.08017    
 -1.7267269E-03   10.26686    
 -1.7167168E-03   10.44565    
 -1.7067066E-03   10.60735    
 -1.6966967E-03   10.74608    
 -1.6866866E-03   10.86973    
 -1.6766769E-03   10.99004    
 -1.6666666E-03   11.10497    
 -1.6566566E-03   11.20721    
 -1.6466468E-03   11.30208    
 -1.6366368E-03   11.40388    
 -1.6266268E-03   11.51671    
 -1.6166165E-03   11.63864    
 -1.6066066E-03   11.77834    
 -1.5965967E-03   11.95035    
 -1.5865864E-03   12.15542    
 -1.5765765E-03   12.37511    
 -1.5665665E-03   12.58680    
 -1.5565567E-03   12.77783    
 -1.5465467E-03   12.95138    
 -1.5365368E-03   13.12028    
 -1.5265265E-03   13.29195    
 -1.5165166E-03   13.46024    
 -1.5065067E-03   13.62139    
 -1.4964964E-03   13.78933    
 -1.4864864E-03   13.97978    
 -1.4764764E-03   14.18752    
 -1.4664661E-03   14.39491    
 -1.4564563E-03   14.59904    
 -1.4464463E-03   14.80614    
 -1.4364364E-03   15.01016    
 -1.4264265E-03   15.20059    
 -1.4164166E-03   15.38531    
 -1.4064063E-03   15.58226    
 -1.3963963E-03   15.79137    
 -1.3863865E-03   15.99876    
 -1.3763765E-03   16.20578    
 -1.3663666E-03   16.43066    
 -1.3563567E-03   16.68810    
 -1.3463463E-03   16.98389    
 -1.3363364E-03   17.32565    
 -1.3263260E-03   17.71329    
 -1.3163162E-03   18.12316    
 -1.3063062E-03   18.52128    
 -1.2962964E-03   18.89462    
 -1.2862860E-03   19.25823    
 -1.2762761E-03   19.63124    
 -1.2662662E-03   20.01909    
 -1.2562562E-03   20.41477    
 -1.2462464E-03   20.81291    
 -1.2362364E-03   21.22054    
 -1.2262261E-03   21.65599    
 -1.2162162E-03   22.13514    
 -1.2062063E-03   22.65620    
 -1.1961963E-03   23.20342    
 -1.1861864E-03   23.75734    
 -1.1761765E-03   24.30340    
 -1.1661662E-03   24.83699    
 -1.1561563E-03   25.36985    
 -1.1461460E-03   25.91952    
 -1.1361360E-03   26.48479    
 -1.1261262E-03   27.04284    
 -1.1161162E-03   27.58135    
 -1.1061059E-03   28.11749    
 -1.0960960E-03   28.67265    
 -1.0860860E-03   29.23889    
 -1.0760761E-03   29.78401    
 -1.0660662E-03   30.28908    
 -1.0560562E-03   30.77472    
 -1.0460459E-03   31.29643    
 -1.0360361E-03   31.91264    
 -1.0260261E-03   32.64046    
 -1.0160162E-03   33.44969    
 -1.0060063E-03   34.30235    
 -9.9599641E-04   35.19284    
 -9.8598609E-04   36.13100    
 -9.7597571E-04   37.10629    
 -9.6596580E-04   38.09120    
 -9.5595588E-04   39.06853    
 -9.4594597E-04   40.03181    
 -9.3593606E-04   40.97470    
 -9.2592573E-04   41.90738    
 -9.1591582E-04   42.86777    
 -9.0590591E-04   43.89250    
 -8.9589600E-04   44.98332    
 -8.8588602E-04   46.13095    
 -8.7587611E-04   47.35387    
 -8.6586579E-04   48.67862    
 -8.5585588E-04   50.08679    
 -8.4584596E-04   51.52298    
 -8.3583605E-04   52.94900    
 -8.2582614E-04   54.38451    
 -8.1581622E-04   55.89380    
 -8.0580550E-04   57.54291    
 -7.9579558E-04   59.35016    
 -7.8578567E-04   61.27573    
 -7.7577576E-04   63.26653    
 -7.6576584E-04   65.31435    
 -7.5575552E-04   67.45178    
 -7.4574561E-04   69.70033    
 -7.3573564E-04   72.04763    
 -7.2572572E-04   74.48367    
 -7.1571581E-04   77.02477    
 -7.0570590E-04   79.70139    
 -6.9569558E-04   82.52735    
 -6.8568566E-04   85.49025    
 -6.7567575E-04   88.56614    
 -6.6566584E-04   91.73998    
 -6.5565592E-04   95.02894    
 -6.4564601E-04   98.46165    
 -6.3563528E-04   102.0364    
 -6.2562537E-04   105.7174    
 -6.1561546E-04   109.5024    
 -6.0560554E-04   113.4649    
 -5.9559557E-04   117.7119    
 -5.8558566E-04   122.3052    
 -5.7557534E-04   127.2372    
 -5.6556542E-04   132.4779    
 -5.5555551E-04   138.0428    
 -5.4554560E-04   144.0057    
 -5.3553568E-04   150.4473    
 -5.2552577E-04   157.3840    
 -5.1551545E-04   164.7796    
 -5.0550554E-04   172.6293    
 -4.9549562E-04   180.9882    
 -4.8548568E-04   189.8952    
 -4.7547577E-04   199.3130    
 -4.6546545E-04   209.1896    
 -4.5545513E-04   219.5570    
 -4.4544521E-04   230.5492    
 -4.3543530E-04   242.3494    
 -4.2542536E-04   255.1141    
 -4.1541544E-04   268.8981    
 -4.0540553E-04   283.6469    
 -3.9539521E-04   299.3568    
 -3.8538530E-04   316.2384    
 -3.7537538E-04   334.6471    
 -3.6536544E-04   354.8026    
 -3.5535553E-04   376.6850    
 -3.4534562E-04   400.1614    
 -3.3533529E-04   425.1088    
 -3.2532538E-04   451.3749    
 -3.1531547E-04   478.8149    
 -3.0530553E-04   507.4385    
 -2.9529521E-04   537.4631    
 -2.8528529E-04   569.2247    
 -2.7527497E-04   603.1243    
 -2.6526506E-04   639.5678    
 -2.5525515E-04   678.8046    
 -2.4524523E-04   720.7991    
 -2.3523530E-04   765.4791    
 -2.2522538E-04   813.0461    
 -2.1521507E-04   863.8563    
 -2.0520514E-04   917.9917    
 -1.9519523E-04   975.2087    
 -1.8518530E-04   1035.188    
 -1.7517539E-04   1097.543    
 -1.6516546E-04   1161.494    
 -1.5515515E-04   1225.856    
 -1.4514523E-04   1289.439    
 -1.3513531E-04   1351.333    
 -1.2512499E-04   1410.821    
 -1.1511507E-04   1467.267    
 -1.0510515E-04   1520.206    
 -9.5094838E-05   1569.328    
 -8.5084917E-05   1614.486    
 -7.5074997E-05   1655.790    
 -6.5065076E-05   1693.502    
 -5.5055156E-05   1727.467    
 -4.5045235E-05   1756.813    
 -3.5034918E-05   1780.528    
 -2.5024998E-05   1798.247    
 -1.5015078E-05   1810.131    
 -5.0051581E-06   1816.185    
  5.0047620E-06   1816.196    
  1.5014683E-05   1810.131    
  2.5024998E-05   1798.246    
  3.5034918E-05   1780.528    
  4.5045235E-05   1756.813    
  5.5055156E-05   1727.467    
  6.5065076E-05   1693.502    
  7.5075390E-05   1655.788    
  8.5085310E-05   1614.483    
  9.5095231E-05   1569.326    
  1.0510515E-04   1520.206    
  1.1511507E-04   1467.267    
  1.2512499E-04   1410.821    
  1.3513531E-04   1351.333    
  1.4514523E-04   1289.439    
  1.5515515E-04   1225.856    
  1.6516507E-04   1161.497    
  1.7517500E-04   1097.545    
  1.8518491E-04   1035.190    
  1.9519523E-04   975.2089    
  2.0520514E-04   917.9918    
  2.1521546E-04   863.8560    
  2.2522538E-04   813.0461    
  2.3523530E-04   765.4791    
  2.4524523E-04   720.7991    
  2.5525552E-04   678.8029    
  2.6526547E-04   639.5663    
  2.7527538E-04   603.1230    
  2.8528529E-04   569.2246    
  2.9529521E-04   537.4629    
  3.0530515E-04   507.4399    
  3.1531547E-04   478.8151    
  3.2532538E-04   451.3750    
  3.3533529E-04   425.1090    
  3.4534521E-04   400.1624    
  3.5535512E-04   376.6859    
  3.6536506E-04   354.8033    
  3.7537538E-04   334.6469    
  3.8538568E-04   316.2382    
  3.9539562E-04   299.3560    
  4.0540553E-04   283.6470    
  4.1541544E-04   268.8981    
  4.2542536E-04   255.1141    
  4.3543568E-04   242.3489    
  4.4544559E-04   230.5486    
  4.5545553E-04   219.5566    
  4.6546545E-04   209.1894    
  4.7547536E-04   199.3131    
  4.8548527E-04   189.8953    
  4.9549562E-04   180.9881    
  5.0550554E-04   172.6292    
  5.1551545E-04   164.7796    
  5.2552536E-04   157.3841    
  5.3553528E-04   150.4474    
  5.4554519E-04   144.0060    
  5.5555592E-04   138.0426    
  5.6556583E-04   132.4778    
  5.7557574E-04   127.2370    
  5.8558566E-04   122.3052    
  5.9559557E-04   117.7119    
  6.0560554E-04   113.4649    
  6.1561581E-04   109.5022    
  6.2562578E-04   105.7171    
  6.3563569E-04   102.0363    
  6.4564560E-04   98.46198    
  6.5565552E-04   95.02917    
  6.6566543E-04   91.74032    
  6.7567575E-04   88.56608    
  6.8568566E-04   85.49026    
  6.9569558E-04   82.52732    
  7.0570549E-04   79.70158    
  7.1571540E-04   77.02494    
  7.2572572E-04   74.48364    
  7.3573604E-04   72.04787    
  7.4574596E-04   69.69993    
  7.5575593E-04   67.45158    
  7.6576584E-04   65.31440    
  7.7577576E-04   63.26653    
  7.8578567E-04   61.27575    
  7.9579599E-04   59.34998    
  8.0580590E-04   57.54284    
  8.1581582E-04   55.89379    
  8.2582573E-04   54.38441    
  8.3583564E-04   52.94895    
  8.4584556E-04   51.52316    
  8.5585588E-04   50.08681    
  8.6586579E-04   48.67860    
  8.7587576E-04   47.35401    
  8.8588567E-04   46.13099    
  8.9589600E-04   44.98331    
  9.0590632E-04   43.89253    
  9.1591623E-04   42.86776    
  9.2592614E-04   41.90721    
  9.3593606E-04   40.97463    
  9.4594597E-04   40.03181    
  9.5595588E-04   39.06853    
  9.6596620E-04   38.09117    
  9.7597612E-04   37.10624    
  9.8598609E-04   36.13109    
  9.9599594E-04   35.19296    
  1.0060059E-03   34.30250    
  1.0160158E-03   33.44979    
  1.0260261E-03   32.64043    
  1.0360361E-03   31.91258    
  1.0460459E-03   31.29644    
  1.0560559E-03   30.77483    
  1.0660662E-03   30.28912    
  1.0760761E-03   29.78400    
  1.0860864E-03   29.23888    
  1.0960964E-03   28.67265    
  1.1061063E-03   28.11741    
  1.1161162E-03   27.58135    
  1.1261262E-03   27.04287    
  1.1361360E-03   26.48479    
  1.1461463E-03   25.91943    
  1.1561563E-03   25.36985    
  1.1661662E-03   24.83700    
  1.1761761E-03   24.30355    
  1.1861860E-03   23.75742    
  1.1961960E-03   23.20323    
  1.2062063E-03   22.65620    
  1.2162162E-03   22.13515    
  1.2262261E-03   21.65597    
  1.2362364E-03   21.22053    
  1.2462464E-03   20.81292    
  1.2562562E-03   20.41479    
  1.2662666E-03   20.01903    
  1.2762765E-03   19.63122    
  1.2862864E-03   19.25809    
  1.2962964E-03   18.89458    
  1.3063062E-03   18.52127    
  1.3163162E-03   18.12319    
  1.3263265E-03   17.71330    
  1.3363364E-03   17.32567    
  1.3463463E-03   16.98390    
  1.3563563E-03   16.68811    
  1.3663662E-03   16.43070    
  1.3763761E-03   16.20572    
  1.3863865E-03   15.99878    
  1.3963963E-03   15.79139    
  1.4064066E-03   15.58228    
  1.4164166E-03   15.38528    
  1.4264265E-03   15.20059    
  1.4364364E-03   15.01014    
  1.4464468E-03   14.80621    
  1.4564566E-03   14.59911    
  1.4664666E-03   14.39482    
  1.4764764E-03   14.18752    
  1.4864864E-03   13.97977    
  1.4964964E-03   13.78931    
  1.5065067E-03   13.62141    
  1.5165166E-03   13.46025    
  1.5265265E-03   13.29195    
  1.5365364E-03   13.12022    
  1.5465464E-03   12.95138    
  1.5565562E-03   12.77784    
  1.5665665E-03   12.58679    
  1.5765765E-03   12.37511    
  1.5865868E-03   12.15541    
  1.5965967E-03   11.95037    
  1.6066066E-03   11.77836    
  1.6166165E-03   11.63865    
  1.6266268E-03   11.51672    
  1.6366368E-03   11.40387    
  1.6466463E-03   11.30204    
  1.6566566E-03   11.20720    
  1.6666669E-03   11.10509    
  1.6766764E-03   10.99001    
  1.6866868E-03   10.86972    
  1.6966963E-03   10.74592    
  1.7067066E-03   10.60734    
  1.7167169E-03   10.44557    
  1.7267264E-03   10.26685    
  1.7367367E-03   10.08016    
  1.7467464E-03   9.893629    
  1.7567567E-03   9.719491    
  1.7667669E-03   9.568976    
  1.7767772E-03   9.436677    
  1.7867868E-03   9.308340    
  1.7967972E-03   9.180949    
  1.8068067E-03   9.061650    
  1.8168170E-03   8.951847    
  1.8268273E-03   8.847850    
  1.8368368E-03   8.752824    
  1.8468471E-03   8.668753    
  1.8568566E-03   8.583383    
  1.8668670E-03   8.481939    
  1.8768765E-03   8.370577    
  1.8868868E-03   8.268700    
  1.8968971E-03   8.185891    
  1.9069066E-03   8.122048    
  1.9169169E-03   8.078629    
  1.9269264E-03   8.052555    
  1.9369368E-03   8.025224    
  1.9469471E-03   7.977352    
  1.9569567E-03   7.912468    
  1.9669670E-03   7.850491    
  1.9769764E-03   7.799381    
  1.9869867E-03   7.749207    
  1.9969963E-03   7.690450    
  2.0070074E-03   7.626445    
  2.0170177E-03   7.565109    
  2.0270273E-03   7.505342    
  2.0370376E-03   7.437555    
  2.0470470E-03   7.354433    
  2.0570573E-03   7.260544    
  2.0670677E-03   7.168036    
  2.0770773E-03   7.083824    
  2.0870876E-03   7.005853    
  2.0970970E-03   6.930473    
  2.1071073E-03   6.855045    
  2.1171169E-03   6.771762    
  2.1271273E-03   6.672347    
  2.1371376E-03   6.564457    
  2.1471470E-03   6.472318    
  2.1571573E-03   6.412328    
  2.1671669E-03   6.374894    
  2.1771772E-03   6.336392    
  2.1871876E-03   6.279733    
  2.1971972E-03   6.199603    
  2.2072075E-03   6.100539    
  2.2172169E-03   5.995355    
  2.2272272E-03   5.897539    
  2.2372368E-03   5.808246    
  2.2472471E-03   5.718849    
  2.2572575E-03   5.628003    
  2.2672669E-03   5.544684    
  2.2772772E-03   5.473016    
  2.2872868E-03   5.404913    
  2.2972971E-03   5.330360    
  2.3073074E-03   5.249746    
  2.3173168E-03   5.172683    
  2.3273272E-03   5.108943    
  2.3373368E-03   5.060499    
  2.3473478E-03   5.019640    
  2.3573574E-03   4.975916    
  2.3673677E-03   4.927313    
  2.3773781E-03   4.879226    
  2.3873874E-03   4.833326    
  2.3973978E-03   4.788110    
  2.4074074E-03   4.749011    
  2.4174177E-03   4.722959    
  2.4274280E-03   4.701113    
  2.4374374E-03   4.664873    
  2.4474477E-03   4.612077    
  2.4574574E-03   4.560355    
  2.4674677E-03   4.521414    
  2.4774773E-03   4.489043    
  2.4874876E-03   4.455869    
  2.4974979E-03   4.424403    
  2.5075073E-03   4.394874    
  2.5175177E-03   4.361367    
  2.5275273E-03   4.324238    
  2.5375376E-03   4.292587    
  2.5475479E-03   4.267877    
  2.5575573E-03   4.240184    
  2.5675676E-03   4.204367    
  2.5775773E-03   4.164764    
  2.5875876E-03   4.123302    
  2.5975970E-03   4.075771    
  2.6076073E-03   4.024866    
  2.6176176E-03   3.980695    
  2.6276272E-03   3.949136    
  2.6376375E-03   3.927864    
  2.6476469E-03   3.914752    
  2.6576573E-03   3.907594    
  2.6676676E-03   3.896835    
  2.6776772E-03   3.872233    
  2.6876875E-03   3.834869    
  2.6976978E-03   3.794705    
  2.7077082E-03   3.756443    
  2.7177185E-03   3.717653    
  2.7277281E-03   3.676503    
  2.7377382E-03   3.633416    
  2.7477478E-03   3.586931    
  2.7577581E-03   3.537223    
  2.7677678E-03   3.490598    
  2.7777781E-03   3.453951    
  2.7877884E-03   3.425819    
  2.7977978E-03   3.398255    
  2.8078081E-03   3.366040    
  2.8178177E-03   3.329866    
  2.8278281E-03   3.291676    
  2.8378384E-03   3.250697    
  2.8478478E-03   3.205366    
  2.8578581E-03   3.158638    
  2.8678677E-03   3.119627    
  2.8778780E-03   3.097221    
  2.8878874E-03   3.090499    
  2.8978977E-03   3.089730    
  2.9079081E-03   3.087104    
  2.9179177E-03   3.081338    
  2.9279280E-03   3.070910    
  2.9379374E-03   3.052068    
  2.9479477E-03   3.026258    
  2.9579580E-03   3.001799    
  2.9679677E-03   2.982236    
  2.9779780E-03   2.960661    
  2.9879876E-03   2.930215    
  2.9979979E-03   2.895001    
  3.0080073E-03   2.866017    
  3.0180176E-03   2.850014    
  3.0280279E-03   2.847384    
  3.0380383E-03   2.854539    
  3.0480486E-03   2.865826    
  3.0580582E-03   2.876251    
  3.0680685E-03   2.884472    
  3.0780789E-03   2.891952    
  3.0880882E-03   2.900110    
  3.0980986E-03   2.909492    
  3.1081082E-03   2.919220    
  3.1181185E-03   2.924887    
  3.1281279E-03   2.920784    
  3.1381382E-03   2.906714    
  3.1481485E-03   2.889604    
  3.1581582E-03   2.874347    
  3.1681685E-03   2.860320    
  3.1781779E-03   2.845553    
  3.1881882E-03   2.828973    
  3.1981985E-03   2.805830    
  3.2082081E-03   2.769373    
  3.2182185E-03   2.721949    
  3.2282281E-03   2.674527    
  3.2382382E-03   2.633436    
  3.2482478E-03   2.593432    
  3.2582581E-03   2.546980    
  3.2682684E-03   2.493849    
  3.2782780E-03   2.438719    
  3.2882884E-03   2.387763    
  3.2982978E-03   2.348449    
  3.3083081E-03   2.326285    
  3.3183184E-03   2.318833    
  3.3283280E-03   2.317111    
  3.3383383E-03   2.314873    
  3.3483477E-03   2.312045    
  3.3583581E-03   2.310452    
  3.3683677E-03   2.311005    
  3.3783787E-03   2.314235    
  3.3883890E-03   2.317602    
  3.3983986E-03   2.314565    
  3.4084090E-03   2.298969    
  3.4184183E-03   2.270890    
  3.4284287E-03   2.235468    
  3.4384390E-03   2.199850    
  3.4484486E-03   2.170842    
  3.4584589E-03   2.153095    
  3.4684683E-03   2.146051    
  3.4784786E-03   2.146376    
  3.4884890E-03   2.152641    
  3.4984986E-03   2.162327    
  3.5085089E-03   2.168532    
  3.5185185E-03   2.165358    
  3.5285288E-03   2.155975    
  3.5385382E-03   2.147810    
  3.5485486E-03   2.141652    
  3.5585589E-03   2.131136    
  3.5685685E-03   2.112735    
  3.5785788E-03   2.088538    
  3.5885882E-03   2.062763    
  3.5985985E-03   2.039708    
  3.6086089E-03   2.023126    
  3.6186185E-03   2.011869    
  3.6286288E-03   1.999204    
  3.6386382E-03   1.981339    
  3.6486485E-03   1.962237    
  3.6586581E-03   1.946832    
  3.6686684E-03   1.935112    
  3.6786788E-03   1.926380    
  3.6886882E-03   1.922432    
  3.6986985E-03   1.922160    
  3.7087081E-03   1.919552    
  3.7187191E-03   1.910657    
  3.7287294E-03   1.896877    
  3.7387391E-03   1.880209    
  3.7487494E-03   1.860365    
  3.7587588E-03   1.839474    
  3.7687691E-03   1.821586    
  3.7787787E-03   1.806458    
  3.7887890E-03   1.789791    
  3.7987994E-03   1.770091    
  3.8088090E-03   1.748992    
  3.8188193E-03   1.726529    
  3.8288287E-03   1.702467    
  3.8388390E-03   1.681070    
  3.8488493E-03   1.667352    
  3.8588590E-03   1.661138    
  3.8688693E-03   1.659446    
  3.8788787E-03   1.660718    
  3.8888890E-03   1.661818    
  3.8988986E-03   1.655897    
  3.9089089E-03   1.640072    
  3.9189192E-03   1.619081    
  3.9289286E-03   1.597127    
  3.9389390E-03   1.573553    
  3.9489483E-03   1.550526    
  3.9589587E-03   1.536617    
  3.9689690E-03   1.534924    
  3.9789788E-03   1.538191    
  3.9889892E-03   1.540241    
  3.9989986E-03   1.544114    
  4.0090089E-03   1.552053    
  4.0190183E-03   1.558144    
  4.0290286E-03   1.556227    
  4.0390389E-03   1.548324    
  4.0490488E-03   1.538465    
  4.0590595E-03   1.525976    
  4.0690694E-03   1.509973    
  4.0790793E-03   1.493213    
  4.0890896E-03   1.477836    
  4.0990994E-03   1.462718    
  4.1091098E-03   1.448006    
  4.1191191E-03   1.436826    
  4.1291295E-03   1.429664    
  4.1391389E-03   1.422888    
  4.1491492E-03   1.413878    
  4.1591595E-03   1.402705    
  4.1691693E-03   1.389868    
  4.1791797E-03   1.376493    
  4.1891891E-03   1.366864    
  4.1991994E-03   1.363874    
  4.2092097E-03   1.364723    
  4.2192191E-03   1.363808    
  4.2292294E-03   1.358976    
  4.2392388E-03   1.351524    
  4.2492491E-03   1.342564    
  4.2592590E-03   1.333811    
  4.2692693E-03   1.328394    
  4.2792796E-03   1.326430    
  4.2892890E-03   1.323762    
  4.2992993E-03   1.317324    
  4.3093087E-03   1.308805    
  4.3193190E-03   1.301032    
  4.3293294E-03   1.293839    
  4.3393392E-03   1.286209    
  4.3493495E-03   1.278213    
  4.3593589E-03   1.270165    
  4.3693692E-03   1.261727    
  4.3793786E-03   1.252979    
  4.3893890E-03   1.243522    
  4.3994002E-03   1.231688    
  4.4094096E-03   1.217281    
  4.4194199E-03   1.202205    
  4.4294293E-03   1.187600    
  4.4394396E-03   1.170892    
  4.4494499E-03   1.151152    
  4.4594598E-03   1.132773    
  4.4694701E-03   1.120863    
  4.4794795E-03   1.115280    
  4.4894898E-03   1.112601    
  4.4995002E-03   1.111035    
  4.5095095E-03   1.110100    
  4.5195199E-03   1.108302    
  4.5295293E-03   1.104172    
  4.5395396E-03   1.097262    
  4.5495494E-03   1.087981    
  4.5595597E-03   1.077916    
  4.5695701E-03   1.070704    
  4.5795795E-03   1.068457    
  4.5895898E-03   1.068755    
  4.5995992E-03   1.067229    
  4.6096095E-03   1.063145    
  4.6196198E-03   1.057881    
  4.6296297E-03   1.051046    
  4.6396400E-03   1.041789    
  4.6496494E-03   1.032579    
  4.6596597E-03   1.026626    
  4.6696691E-03   1.023364    
  4.6796794E-03   1.020982    
  4.6896897E-03   1.021163    
  4.6996991E-03   1.025606    
  4.7097094E-03   1.031948    
  4.7197193E-03   1.036346    
  4.7297296E-03   1.039239    
  4.7397404E-03   1.043153    
  4.7497503E-03   1.047523    
  4.7597606E-03   1.049033    
  4.7697700E-03   1.045589    
  4.7797803E-03   1.037752    
  4.7897897E-03   1.027508    
  4.7998000E-03   1.018518    
  4.8098103E-03   1.014271    
  4.8198197E-03   1.015459    
  4.8298300E-03   1.020110    
  4.8398399E-03   1.025364    
  4.8498502E-03   1.027948    
  4.8598605E-03   1.024311    
  4.8698699E-03   1.013957    
  4.8798802E-03   1.001720    
  4.8898896E-03  0.9927843    
  4.8998999E-03  0.9868684    
  4.9099098E-03  0.9807515    
  4.9199201E-03  0.9729890    
  4.9299304E-03  0.9638690    
  4.9399398E-03  0.9524904    
  4.9499501E-03  0.9385885    
  4.9599595E-03  0.9257767    
  4.9699699E-03  0.9179732    
  4.9799802E-03  0.9143044    
  4.9899896E-03  0.9109092    
  4.9999999E-03  0.9061362    
