 -9.9999998E-03  0.4243076    
 -9.9799801E-03  0.4180686    
 -9.9599604E-03  0.4104720    
 -9.9399397E-03  0.4029935    
 -9.9199200E-03  0.3973144    
 -9.8999003E-03  0.3947833    
 -9.8798806E-03  0.3958595    
 -9.8598599E-03  0.4000326    
 -9.8398402E-03  0.4061549    
 -9.8198196E-03  0.4129812    
 -9.7997999E-03  0.4196952    
 -9.7797792E-03  0.4260648    
 -9.7597595E-03  0.4324716    
 -9.7397398E-03  0.4394447    
 -9.7197201E-03  0.4473522    
 -9.6997004E-03  0.4561250    
 -9.6796798E-03  0.4653542    
 -9.6596600E-03  0.4744686    
 -9.6396394E-03  0.4831383    
 -9.6196197E-03  0.4912721    
 -9.5995991E-03  0.4990911    
 -9.5795793E-03  0.5068580    
 -9.5595596E-03  0.5147690    
 -9.5395399E-03  0.5227993    
 -9.5195202E-03  0.5307209    
 -9.4994996E-03  0.5382102    
 -9.4794799E-03  0.5449936    
 -9.4594592E-03  0.5507680    
 -9.4394395E-03  0.5551376    
 -9.4194189E-03  0.5576007    
 -9.3993992E-03  0.5577003    
 -9.3793795E-03  0.5553833    
 -9.3593597E-03  0.5513394    
 -9.3393400E-03  0.5470477    
 -9.3193194E-03  0.5445759    
 -9.2992997E-03  0.5458483    
 -9.2792800E-03  0.5515956    
 -9.2592593E-03  0.5607046    
 -9.2392387E-03  0.5701695    
 -9.2192190E-03  0.5758029    
 -9.1991993E-03  0.5737872    
 -9.1791796E-03  0.5622163    
 -9.1591589E-03  0.5422104    
 -9.1391392E-03  0.5179338    
 -9.1191195E-03  0.4954073    
 -9.0990998E-03  0.4805028    
 -9.0790791E-03  0.4769458    
 -9.0590585E-03  0.4850967    
 -9.0390388E-03  0.5020226    
 -9.0190191E-03  0.5226946    
 -8.9989994E-03  0.5419434    
 -8.9789787E-03  0.5561062    
 -8.9589590E-03  0.5640732    
 -8.9389393E-03  0.5669537    
 -8.9189196E-03  0.5671990    
 -8.8988990E-03  0.5671617    
 -8.8788783E-03  0.5682088    
 -8.8588586E-03  0.5705674    
 -8.8388389E-03  0.5736811    
 -8.8188192E-03  0.5770893    
 -8.7987985E-03  0.5807194    
 -8.7787788E-03  0.5849599    
 -8.7587591E-03  0.5901380    
 -8.7387394E-03  0.5959100    
 -8.7187197E-03  0.6010208    
 -8.6986991E-03  0.6035690    
 -8.6786784E-03  0.6019631    
 -8.6586587E-03  0.5957518    
 -8.6386381E-03  0.5862824    
 -8.6186184E-03  0.5763189    
 -8.5985987E-03  0.5691156    
 -8.5785789E-03  0.5672147    
 -8.5585592E-03  0.5714918    
 -8.5385386E-03  0.5807769    
 -8.5185189E-03  0.5926096    
 -8.4984982E-03  0.6041843    
 -8.4784785E-03  0.6134923    
 -8.4584588E-03  0.6199400    
 -8.4384382E-03  0.6241054    
 -8.4184185E-03  0.6271333    
 -8.3983988E-03  0.6301091    
 -8.3783790E-03  0.6334947    
 -8.3583584E-03  0.6374363    
 -8.3383387E-03  0.6422923    
 -8.3183181E-03  0.6489580    
 -8.2982983E-03  0.6589732    
 -8.2782777E-03  0.6739079    
 -8.2582580E-03  0.6944064    
 -8.2382383E-03  0.7193893    
 -8.2182186E-03  0.7459377    
 -8.1981989E-03  0.7701571    
 -8.1781782E-03  0.7882769    
 -8.1581585E-03  0.7984160    
 -8.1381388E-03  0.8010324    
 -8.1181182E-03  0.7988640    
 -8.0980984E-03  0.7957051    
 -8.0780778E-03  0.7947524    
 -8.0580581E-03  0.7974308    
 -8.0380384E-03  0.8029173    
 -8.0180177E-03  0.8088801    
 -7.9979990E-03  0.8127610    
 -7.9779783E-03  0.8131263    
 -7.9579586E-03  0.8102427    
 -7.9379380E-03  0.8060364    
 -7.9179173E-03  0.8031797    
 -7.8978976E-03  0.8039135    
 -7.8778779E-03  0.8093606    
 -7.8578582E-03  0.8194056    
 -7.8378385E-03  0.8331367    
 -7.8178179E-03  0.8494238    
 -7.7977977E-03  0.8671364    
 -7.7777780E-03  0.8851154    
 -7.7577573E-03  0.9017442    
 -7.7377385E-03  0.9145031    
 -7.7177179E-03  0.9205076    
 -7.6976977E-03  0.9173099    
 -7.6776780E-03  0.9042031    
 -7.6576574E-03  0.8832941    
 -7.6376377E-03  0.8594217    
 -7.6176180E-03  0.8391151    
 -7.5975978E-03  0.8284238    
 -7.5775781E-03  0.8308212    
 -7.5575574E-03  0.8458360    
 -7.5375377E-03  0.8691285    
 -7.5175175E-03  0.8940443    
 -7.4974978E-03  0.9139724    
 -7.4774772E-03  0.9246868    
 -7.4574575E-03  0.9254037    
 -7.4374378E-03  0.9184842    
 -7.4174176E-03  0.9080744    
 -7.3973970E-03  0.8981004    
 -7.3773772E-03  0.8909880    
 -7.3573575E-03  0.8872003    
 -7.3373378E-03  0.8858368    
 -7.3173176E-03  0.8857197    
 -7.2972970E-03  0.8861629    
 -7.2772773E-03  0.8872204    
 -7.2572576E-03  0.8891447    
 -7.2372374E-03  0.8914770    
 -7.2172168E-03  0.8927374    
 -7.1971971E-03  0.8907520    
 -7.1771774E-03  0.8837354    
 -7.1571576E-03  0.8714996    
 -7.1371370E-03  0.8563122    
 -7.1171168E-03  0.8425429    
 -7.0970971E-03  0.8352361    
 -7.0770774E-03  0.8381541    
 -7.0570577E-03  0.8520820    
 -7.0370371E-03  0.8742940    
 -7.0170169E-03  0.8994551    
 -6.9969972E-03  0.9214606    
 -6.9769775E-03  0.9358871    
 -6.9569568E-03  0.9413837    
 -6.9369366E-03  0.9402725    
 -6.9169169E-03  0.9372863    
 -6.8968972E-03  0.9378706    
 -6.8768766E-03  0.9461443    
 -6.8568569E-03  0.9637132    
 -6.8368367E-03  0.9893656    
 -6.8168170E-03   1.019814    
 -6.7967973E-03   1.050861    
 -6.7767766E-03   1.078600    
 -6.7567569E-03   1.100293    
 -6.7367367E-03   1.114528    
 -6.7167170E-03   1.121447    
 -6.6966973E-03   1.122458    
 -6.6766767E-03   1.119867    
 -6.6566565E-03   1.116442    
 -6.6366368E-03   1.114803    
 -6.6166166E-03   1.116568    
 -6.5965969E-03   1.121757    
 -6.5765767E-03   1.128707    
 -6.5565566E-03   1.134331    
 -6.5365369E-03   1.135763    
 -6.5165167E-03   1.131413    
 -6.4964965E-03   1.122396    
 -6.4764763E-03   1.112456    
 -6.4564561E-03   1.107083    
 -6.4364364E-03   1.111409    
 -6.4164167E-03   1.128325    
 -6.3963966E-03   1.156932    
 -6.3763764E-03   1.192559    
 -6.3563567E-03   1.228395    
 -6.3363365E-03   1.257605    
 -6.3163163E-03   1.275796    
 -6.2962966E-03   1.282186    
 -6.2762760E-03   1.279537    
 -6.2562563E-03   1.273011    
 -6.2362365E-03   1.267992    
 -6.2162164E-03   1.268792    
 -6.1961962E-03   1.277598    
 -6.1761765E-03   1.294735    
 -6.1561563E-03   1.319332    
 -6.1361361E-03   1.350004    
 -6.1161164E-03   1.385216    
 -6.0960962E-03   1.422979    
 -6.0760761E-03   1.460702    
 -6.0560564E-03   1.495171    
 -6.0360362E-03   1.523057    
 -6.0160165E-03   1.542108    
 -5.9959963E-03   1.552049    
 -5.9759757E-03   1.554934    
 -5.9559559E-03   1.554357    
 -5.9359362E-03   1.554195    
 -5.9159161E-03   1.556730    
 -5.8958959E-03   1.561613    
 -5.8758762E-03   1.566255    
 -5.8558560E-03   1.566949    
 -5.8358363E-03   1.561097    
 -5.8158161E-03   1.548900    
 -5.7957955E-03   1.533627    
 -5.7757758E-03   1.520578    
 -5.7557556E-03   1.515086    
 -5.7357359E-03   1.520134    
 -5.7157157E-03   1.535179    
 -5.6956955E-03   1.556447    
 -5.6756758E-03   1.578794    
 -5.6556561E-03   1.597984    
 -5.6356355E-03   1.612514    
 -5.6156153E-03   1.624035    
 -5.5955956E-03   1.636293    
 -5.5755754E-03   1.652895    
 -5.5555557E-03   1.675245    
 -5.5355355E-03   1.701605    
 -5.5155153E-03   1.727568    
 -5.4954956E-03   1.747951    
 -5.4754759E-03   1.759116    
 -5.4554553E-03   1.760433    
 -5.4354356E-03   1.754886    
 -5.4154154E-03   1.747820    
 -5.3953952E-03   1.744977    
 -5.3753755E-03   1.750535    
 -5.3553558E-03   1.765862    
 -5.3353352E-03   1.789211    
 -5.3153154E-03   1.816650    
 -5.2952953E-03   1.843378    
 -5.2752751E-03   1.865175    
 -5.2552554E-03   1.879208    
 -5.2352352E-03   1.884940    
 -5.2152150E-03   1.883920    
 -5.1951953E-03   1.879994    
 -5.1751756E-03   1.878542    
 -5.1551554E-03   1.885806    
 -5.1351353E-03   1.907283    
 -5.1151151E-03   1.946334    
 -5.0950949E-03   2.002642    
 -5.0750752E-03   2.071604    
 -5.0550550E-03   2.145270    
 -5.0350348E-03   2.214221    
 -5.0150151E-03   2.270509    
 -4.9949954E-03   2.310244    
 -4.9749753E-03   2.334711    
 -4.9549546E-03   2.349781    
 -4.9349349E-03   2.363454    
 -4.9149147E-03   2.382659    
 -4.8948950E-03   2.410520    
 -4.8748748E-03   2.445360    
 -4.8548547E-03   2.481771    
 -4.8348350E-03   2.513104    
 -4.8148152E-03   2.534737    
 -4.7947951E-03   2.546054    
 -4.7747749E-03   2.550682    
 -4.7547547E-03   2.554936    
 -4.7347345E-03   2.564853    
 -4.7147148E-03   2.583574    
 -4.6946951E-03   2.610244    
 -4.6746745E-03   2.640410    
 -4.6546548E-03   2.668470    
 -4.6346351E-03   2.690005    
 -4.6146144E-03   2.704003    
 -4.5945947E-03   2.712943    
 -4.5745745E-03   2.721802    
 -4.5545544E-03   2.735380    
 -4.5345346E-03   2.756272    
 -4.5145149E-03   2.783392    
 -4.4944948E-03   2.812805    
 -4.4744746E-03   2.839134    
 -4.4544549E-03   2.858147    
 -4.4344342E-03   2.868552    
 -4.4144145E-03   2.872872    
 -4.3943943E-03   2.876419    
 -4.3743742E-03   2.885773    
 -4.3543545E-03   2.906375    
 -4.3343347E-03   2.940779    
 -4.3143146E-03   2.988231    
 -4.2942944E-03   3.044802    
 -4.2742742E-03   3.105171    
 -4.2542540E-03   3.164152    
 -4.2342343E-03   3.218254    
 -4.2142146E-03   3.266611    
 -4.1941940E-03   3.310693    
 -4.1741743E-03   3.353687    
 -4.1541546E-03   3.399169    
 -4.1341344E-03   3.449708    
 -4.1141142E-03   3.506089    
 -4.0940936E-03   3.566871    
 -4.0740739E-03   3.628873    
 -4.0540542E-03   3.688312    
 -4.0340340E-03   3.742041    
 -4.0140138E-03   3.788631    
 -3.9939941E-03   3.829251    
 -3.9739739E-03   3.867338    
 -3.9539542E-03   3.907678    
 -3.9339340E-03   3.954997    
 -3.9139139E-03   4.012311    
 -3.8938937E-03   4.079897    
 -3.8738740E-03   4.154746    
 -3.8538538E-03   4.231633    
 -3.8338338E-03   4.304399    
 -3.8138141E-03   4.367946    
 -3.7937937E-03   4.419895    
 -3.7737740E-03   4.461297    
 -3.7537536E-03   4.496352    
 -3.7337334E-03   4.530872    
 -3.7137137E-03   4.570287    
 -3.6936938E-03   4.617545    
 -3.6736736E-03   4.672287    
 -3.6536537E-03   4.730704    
 -3.6336340E-03   4.787605    
 -3.6136135E-03   4.838736    
 -3.5935934E-03   4.883111    
 -3.5735737E-03   4.923761    
 -3.5535533E-03   4.967224    
 -3.5335335E-03   5.020460    
 -3.5135136E-03   5.087584    
 -3.4934934E-03   5.167013    
 -3.4734735E-03   5.250829    
 -3.4534538E-03   5.327117    
 -3.4334336E-03   5.384554    
 -3.4134132E-03   5.417784    
 -3.3933935E-03   5.431164    
 -3.3733733E-03   5.439075    
 -3.3533538E-03   5.462192    
 -3.3333332E-03   5.520212    
 -3.3133132E-03   5.624621    
 -3.2932935E-03   5.773211    
 -3.2732736E-03   5.949986    
 -3.2532536E-03   6.130155    
 -3.2332330E-03   6.288295    
 -3.2132133E-03   6.407619    
 -3.1931933E-03   6.485258    
 -3.1731727E-03   6.532666    
 -3.1531530E-03   6.570378    
 -3.1331331E-03   6.619060    
 -3.1131133E-03   6.691941    
 -3.0930934E-03   6.789904    
 -3.0730737E-03   6.903448    
 -3.0530530E-03   7.018122    
 -3.0330331E-03   7.122873    
 -3.0130134E-03   7.215889    
 -2.9929928E-03   7.307154    
 -2.9729728E-03   7.414143    
 -2.9529529E-03   7.555339    
 -2.9329322E-03   7.742898    
 -2.9129125E-03   7.977302    
 -2.8928926E-03   8.247561    
 -2.8728729E-03   8.534388    
 -2.8528529E-03   8.816592    
 -2.8328332E-03   9.076214    
 -2.8128126E-03   9.301748    
 -2.7927926E-03   9.488578    
 -2.7727729E-03   9.637300    
 -2.7527530E-03   9.752154    
 -2.7327333E-03   9.840389    
 -2.7127133E-03   9.912563    
 -2.6926927E-03   9.983270    
 -2.6726727E-03   10.06977    
 -2.6526521E-03   10.18893    
 -2.6326324E-03   10.35150    
 -2.6126124E-03   10.55806    
 -2.5925927E-03   10.79668    
 -2.5725721E-03   11.04556    
 -2.5525521E-03   11.28041    
 -2.5325324E-03   11.48306    
 -2.5125125E-03   11.64911    
 -2.4924928E-03   11.79036    
 -2.4724728E-03   11.93143    
 -2.4524522E-03   12.10078    
 -2.4324325E-03   12.32088    
 -2.4124125E-03   12.60093    
 -2.3923926E-03   12.93469    
 -2.3723729E-03   13.30526    
 -2.3523530E-03   13.69339    
 -2.3323323E-03   14.08570    
 -2.3123126E-03   14.47967    
 -2.2922920E-03   14.88249    
 -2.2722720E-03   15.30577    
 -2.2522523E-03   15.75791    
 -2.2322324E-03   16.23822    
 -2.2122117E-03   16.73499    
 -2.1921920E-03   17.22897    
 -2.1721721E-03   17.69979    
 -2.1521521E-03   18.13214    
 -2.1321324E-03   18.52084    
 -2.1121125E-03   18.87136    
 -2.0920918E-03   19.19728    
 -2.0720721E-03   19.51674    
 -2.0520522E-03   19.84857    
 -2.0320325E-03   20.21042    
 -2.0120125E-03   20.61806    
 -1.9919928E-03   21.08449    
 -1.9719722E-03   21.61968    
 -1.9519514E-03   22.22822    
 -1.9319316E-03   22.90707    
 -1.9119118E-03   23.64570    
 -1.8918919E-03   24.42686    
 -1.8718721E-03   25.23165    
 -1.8518515E-03   26.04429    
 -1.8318316E-03   26.85714    
 -1.8118118E-03   27.67237    
 -1.7917920E-03   28.50049    
 -1.7717720E-03   29.35526    
 -1.7517522E-03   30.24875    
 -1.7317316E-03   31.18704    
 -1.7117118E-03   32.16961    
 -1.6916919E-03   33.19200    
 -1.6716721E-03   34.25081    
 -1.6516523E-03   35.34784    
 -1.6316324E-03   36.49191    
 -1.6116110E-03   37.69835    
 -1.5915912E-03   38.98437    
 -1.5715713E-03   40.36463    
 -1.5515515E-03   41.84662    
 -1.5315317E-03   43.42860    
 -1.5115110E-03   45.10048    
 -1.4914912E-03   46.84680    
 -1.4714713E-03   48.65183    
 -1.4514514E-03   50.50433    
 -1.4314316E-03   52.40207    
 -1.4114118E-03   54.35455    
 -1.3913912E-03   56.38300    
 -1.3713713E-03   58.51691    
 -1.3513515E-03   60.78882    
 -1.3313317E-03   63.22490    
 -1.3113118E-03   65.83815    
 -1.2912920E-03   68.62313    
 -1.2712706E-03   71.55745    
 -1.2512507E-03   74.60966    
 -1.2312309E-03   77.75264    
 -1.2112111E-03   80.97543    
 -1.1911911E-03   84.29204    
 -1.1711713E-03   87.74133    
 -1.1511507E-03   91.37578    
 -1.1311308E-03   95.24606    
 -1.1111110E-03   99.38547    
 -1.0910912E-03   103.8006    
 -1.0710714E-03   108.4750    
 -1.0510515E-03   113.3828    
 -1.0310309E-03   118.5095    
 -1.0110111E-03   123.8661    
 -9.9099125E-04   129.4983    
 -9.7097136E-04   135.4746    
 -9.5095154E-04   141.8681    
 -9.3093090E-04   148.7327    
 -9.1091025E-04   156.0862    
 -8.9089043E-04   163.9095    
 -8.7087060E-04   172.1607    
 -8.5085072E-04   180.7991    
 -8.3083089E-04   189.8112    
 -8.1081106E-04   199.2216    
 -7.9079042E-04   209.0891    
 -7.7077060E-04   219.4830    
 -7.5075077E-04   230.4548    
 -7.3073088E-04   242.0090    
 -7.1071106E-04   254.0920    
 -6.9069123E-04   266.6010    
 -6.7067059E-04   279.4128    
 -6.5065076E-04   292.4165    
 -6.3063094E-04   305.5536    
 -6.1061105E-04   318.8317    
 -5.9059041E-04   332.3247    
 -5.7057058E-04   346.1521    
 -5.5054994E-04   360.4484    
 -5.3053012E-04   375.3232    
 -5.1051029E-04   390.8378    
 -4.9049046E-04   406.9864    
 -4.7047061E-04   423.6930    
 -4.5045075E-04   440.8218    
 -4.3043014E-04   458.1957    
 -4.1041028E-04   475.6182    
 -3.9039046E-04   492.9023    
 -3.7037060E-04   509.8943    
 -3.5035078E-04   526.4899    
 -3.3033092E-04   542.6458    
 -3.1031031E-04   558.3708    
 -2.9029045E-04   573.7075    
 -2.7027063E-04   588.7042    
 -2.5024998E-04   603.3772    
 -2.3023014E-04   617.6778    
 -2.1021030E-04   631.4816    
 -1.9018968E-04   644.5892    
 -1.7016983E-04   656.7566    
 -1.5014999E-04   667.7282    
 -1.3013015E-04   677.2881    
 -1.1011031E-04   685.2994    
 -9.0090471E-05   691.7189    
 -7.0069837E-05   696.5996    
 -5.0049995E-05   700.0619    
 -3.0030156E-05   702.2555    
 -1.0010316E-05   703.3135    
  1.0009524E-05   703.3115    
  3.0029365E-05   702.2554    
  5.0049995E-05   700.0619    
  7.0069837E-05   696.5997    
  9.0090471E-05   691.7188    
  1.1011031E-04   685.2995    
  1.3013015E-04   677.2881    
  1.5015078E-04   667.7272    
  1.7017062E-04   656.7563    
  1.9019046E-04   644.5889    
  2.1021030E-04   631.4815    
  2.3023014E-04   617.6778    
  2.5024998E-04   603.3771    
  2.7027063E-04   588.7042    
  2.9029045E-04   573.7075    
  3.1031031E-04   558.3707    
  3.3033013E-04   542.6462    
  3.5034999E-04   526.4905    
  3.7036982E-04   509.8951    
  3.9039046E-04   492.9023    
  4.1041028E-04   475.6180    
  4.3043093E-04   458.1950    
  4.5045075E-04   440.8218    
  4.7047061E-04   423.6929    
  4.9049046E-04   406.9865    
  5.1051105E-04   390.8371    
  5.3053093E-04   375.3228    
  5.5055076E-04   360.4478    
  5.7057058E-04   346.1521    
  5.9059041E-04   332.3247    
  6.1061030E-04   318.8321    
  6.3063094E-04   305.5536    
  6.5065076E-04   292.4165    
  6.7067059E-04   279.4128    
  6.9069042E-04   266.6016    
  7.1071024E-04   254.0924    
  7.3073013E-04   242.0095    
  7.5075077E-04   230.4548    
  7.7077135E-04   219.4825    
  7.9079124E-04   209.0886    
  8.1081106E-04   199.2216    
  8.3083089E-04   189.8112    
  8.5085072E-04   180.7991    
  8.7087136E-04   172.1602    
  8.9089118E-04   163.9091    
  9.1091107E-04   156.0860    
  9.3093090E-04   148.7327    
  9.5095072E-04   141.8683    
  9.7097055E-04   135.4748    
  9.9099125E-04   129.4983    
  1.0110111E-03   123.8661    
  1.0310309E-03   118.5094    
  1.0510507E-03   113.3830    
  1.0710706E-03   108.4752    
  1.0910904E-03   103.8008    
  1.1111118E-03   99.38532    
  1.1311317E-03   95.24584    
  1.1511515E-03   91.37565    
  1.1711713E-03   87.74134    
  1.1911911E-03   84.29205    
  1.2112111E-03   80.97543    
  1.2312316E-03   77.75265    
  1.2512516E-03   74.60962    
  1.2712714E-03   71.55722    
  1.2912912E-03   68.62315    
  1.3113110E-03   65.83838    
  1.3313309E-03   63.22506    
  1.3513515E-03   60.78883    
  1.3713713E-03   58.51691    
  1.3913912E-03   56.38298    
  1.4114110E-03   54.35466    
  1.4314308E-03   52.40235    
  1.4514514E-03   50.50434    
  1.4714721E-03   48.65178    
  1.4914919E-03   46.84668    
  1.5115119E-03   45.10036    
  1.5315317E-03   43.42862    
  1.5515515E-03   41.84663    
  1.5715713E-03   40.36464    
  1.5915920E-03   38.98426    
  1.6116118E-03   37.69833    
  1.6316316E-03   36.49195    
  1.6516515E-03   35.34777    
  1.6716713E-03   34.25092    
  1.6916911E-03   33.19209    
  1.7117118E-03   32.16961    
  1.7317316E-03   31.18705    
  1.7517515E-03   30.24880    
  1.7717713E-03   29.35530    
  1.7917920E-03   28.50049    
  1.8118126E-03   27.67229    
  1.8318325E-03   26.85709    
  1.8518523E-03   26.04429    
  1.8718721E-03   25.23165    
  1.8918919E-03   24.42687    
  1.9119118E-03   23.64571    
  1.9319324E-03   22.90701    
  1.9519522E-03   22.22816    
  1.9719722E-03   21.61971    
  1.9919919E-03   21.08456    
  2.0120118E-03   20.61799    
  2.0320315E-03   20.21043    
  2.0520522E-03   19.84854    
  2.0720721E-03   19.51675    
  2.0920918E-03   19.19728    
  2.1121118E-03   18.87135    
  2.1321324E-03   18.52084    
  2.1521521E-03   18.13215    
  2.1721728E-03   17.69972    
  2.1921927E-03   17.22904    
  2.2122127E-03   16.73497    
  2.2322324E-03   16.23823    
  2.2522523E-03   15.75791    
  2.2722720E-03   15.30577    
  2.2922927E-03   14.88246    
  2.3123126E-03   14.47966    
  2.3323323E-03   14.08571    
  2.3523523E-03   13.69339    
  2.3723720E-03   13.30526    
  2.3923919E-03   12.93467    
  2.4124125E-03   12.60093    
  2.4324325E-03   12.32088    
  2.4524522E-03   12.10077    
  2.4724728E-03   11.93143    
  2.4924928E-03   11.79036    
  2.5125125E-03   11.64910    
  2.5325331E-03   11.48308    
  2.5525531E-03   11.28041    
  2.5725728E-03   11.04562    
  2.5925927E-03   10.79668    
  2.6126124E-03   10.55806    
  2.6326324E-03   10.35150    
  2.6526530E-03   10.18893    
  2.6726727E-03   10.06977    
  2.6926927E-03   9.983274    
  2.7127126E-03   9.912565    
  2.7327323E-03   9.840366    
  2.7527523E-03   9.752114    
  2.7727729E-03   9.637304    
  2.7927926E-03   9.488578    
  2.8128133E-03   9.301747    
  2.8328332E-03   9.076215    
  2.8528529E-03   8.816592    
  2.8728729E-03   8.534389    
  2.8928935E-03   8.247534    
  2.9129132E-03   7.977334    
  2.9329332E-03   7.742848    
  2.9529529E-03   7.555338    
  2.9729728E-03   7.414142    
  2.9929928E-03   7.307154    
  3.0130134E-03   7.215892    
  3.0330331E-03   7.122885    
  3.0530530E-03   7.018126    
  3.0730728E-03   6.903449    
  3.0930927E-03   6.789938    
  3.1131124E-03   6.691904    
  3.1331331E-03   6.619061    
  3.1531530E-03   6.570380    
  3.1731736E-03   6.532672    
  3.1931933E-03   6.485255    
  3.2132133E-03   6.407619    
  3.2332330E-03   6.288295    
  3.2532536E-03   6.130150    
  3.2732736E-03   5.949981    
  3.2932926E-03   5.773158    
  3.3133132E-03   5.624616    
  3.3333339E-03   5.520238    
  3.3533529E-03   5.462189    
  3.3733735E-03   5.439089    
  3.3933925E-03   5.431144    
  3.4134132E-03   5.417783    
  3.4334338E-03   5.384543    
  3.4534528E-03   5.327104    
  3.4734735E-03   5.250826    
  3.4934927E-03   5.166981    
  3.5135134E-03   5.087584    
  3.5335338E-03   5.020455    
  3.5535544E-03   4.967203    
  3.5735737E-03   4.923754    
  3.5935943E-03   4.883083    
  3.6136133E-03   4.838722    
  3.6336340E-03   4.787600    
  3.6536546E-03   4.730731    
  3.6736736E-03   4.672294    
  3.6936942E-03   4.617544    
  3.7137133E-03   4.570304    
  3.7337339E-03   4.530873    
  3.7537529E-03   4.496333    
  3.7737736E-03   4.461300    
  3.7937942E-03   4.419905    
  3.8138132E-03   4.367955    
  3.8338338E-03   4.304398    
  3.8538529E-03   4.231603    
  3.8738735E-03   4.154766    
  3.8938941E-03   4.079900    
  3.9139134E-03   4.012345    
  3.9339340E-03   3.954997    
  3.9539528E-03   3.907667    
  3.9739734E-03   3.867329    
  3.9939927E-03   3.829243    
  4.0140147E-03   3.788645    
  4.0340354E-03   3.742001    
  4.0540546E-03   3.688322    
  4.0740753E-03   3.628855    
  4.0940940E-03   3.566846    
  4.1141147E-03   3.506083    
  4.1341353E-03   3.449740    
  4.1541546E-03   3.399173    
  4.1741752E-03   3.353707    
  4.1941940E-03   3.310694    
  4.2142146E-03   3.266578    
  4.2342339E-03   3.218259    
  4.2542545E-03   3.164123    
  4.2742752E-03   3.105183    
  4.2942939E-03   3.044794    
  4.3143146E-03   2.988223    
  4.3343338E-03   2.940783    
  4.3543545E-03   2.906379    
  4.3743751E-03   2.885761    
  4.3943943E-03   2.876419    
  4.4144150E-03   2.872885    
  4.4344338E-03   2.868524    
  4.4544544E-03   2.858137    
  4.4744737E-03   2.839122    
  4.4944943E-03   2.812788    
  4.5145149E-03   2.783391    
  4.5345337E-03   2.756218    
  4.5545544E-03   2.735385    
  4.5745736E-03   2.721778    
  4.5945942E-03   2.712955    
  4.6146149E-03   2.703978    
  4.6346337E-03   2.690042    
  4.6546543E-03   2.668457    
  4.6746735E-03   2.640423    
  4.6946956E-03   2.610234    
  4.7147148E-03   2.583571    
  4.7347355E-03   2.564831    
  4.7547561E-03   2.554954    
  4.7747749E-03   2.550681    
  4.7947955E-03   2.546053    
  4.8148148E-03   2.534748    
  4.8348354E-03   2.513086    
  4.8548561E-03   2.481758    
  4.8748748E-03   2.445360    
  4.8948955E-03   2.410509    
  4.9149147E-03   2.382663    
  4.9349354E-03   2.363456    
  4.9549546E-03   2.349800    
  4.9749753E-03   2.334714    
  4.9949959E-03   2.310263    
  5.0150147E-03   2.270499    
  5.0350353E-03   2.214197    
  5.0550546E-03   2.145274    
  5.0750752E-03   2.071606    
  5.0950958E-03   2.002633    
  5.1151146E-03   1.946346    
  5.1351353E-03   1.907282    
  5.1551545E-03   1.885816    
  5.1751751E-03   1.878539    
  5.1951939E-03   1.879988    
  5.2152146E-03   1.883925    
  5.2352352E-03   1.884945    
  5.2552545E-03   1.879224    
  5.2752751E-03   1.865171    
  5.2952939E-03   1.843391    
  5.3153145E-03   1.816676    
  5.3353352E-03   1.789209    
  5.3553544E-03   1.765887    
  5.3753750E-03   1.750538    
  5.3953957E-03   1.744970    
  5.4154163E-03   1.747825    
  5.4354370E-03   1.754906    
  5.4554562E-03   1.760417    
  5.4754764E-03   1.759110    
  5.4954956E-03   1.747950    
  5.5155163E-03   1.727556    
  5.5355355E-03   1.701599    
  5.5555562E-03   1.675245    
  5.5755768E-03   1.652897    
  5.5955956E-03   1.636298    
  5.6156162E-03   1.624036    
  5.6356355E-03   1.612515    
  5.6556561E-03   1.597986    
  5.6756767E-03   1.578828    
  5.6956955E-03   1.556449    
  5.7157162E-03   1.535176    
  5.7357354E-03   1.520141    
  5.7557561E-03   1.515089    
  5.7757748E-03   1.520572    
  5.7957955E-03   1.533627    
  5.8158161E-03   1.548900    
  5.8358354E-03   1.561104    
  5.8558560E-03   1.566950    
  5.8758748E-03   1.566245    
  5.8958954E-03   1.561629    
  5.9159161E-03   1.556722    
  5.9359353E-03   1.554211    
  5.9559559E-03   1.554356    
  5.9759752E-03   1.554919    
  5.9959958E-03   1.552039    
  6.0160146E-03   1.542108    
  6.0360353E-03   1.523070    
  6.0560559E-03   1.495189    
  6.0760765E-03   1.460711    
  6.0960972E-03   1.422979    
  6.1161164E-03   1.385216    
  6.1361371E-03   1.350000    
  6.1561577E-03   1.319327    
  6.1761765E-03   1.294733    
  6.1961971E-03   1.277609    
  6.2162164E-03   1.268791    
  6.2362370E-03   1.268018    
  6.2562558E-03   1.272992    
  6.2762764E-03   1.279559    
  6.2962971E-03   1.282168    
  6.3163163E-03   1.275794    
  6.3363370E-03   1.257635    
  6.3563557E-03   1.228391    
  6.3763764E-03   1.192563    
  6.3963970E-03   1.156921    
  6.4164163E-03   1.128319    
  6.4364369E-03   1.111414    
  6.4564561E-03   1.107059    
  6.4764763E-03   1.112455    
  6.4964956E-03   1.122393    
  6.5165162E-03   1.131433    
  6.5365369E-03   1.135763    
  6.5565561E-03   1.134336    
  6.5765767E-03   1.128709    
  6.5965955E-03   1.121792    
  6.6166162E-03   1.116569    
  6.6366368E-03   1.114804    
  6.6566560E-03   1.116435    
  6.6766767E-03   1.119866    
  6.6966955E-03   1.122456    
  6.7167161E-03   1.121468    
  6.7367353E-03   1.114521    
  6.7567574E-03   1.100265    
  6.7767780E-03   1.078620    
  6.7967973E-03   1.050862    
  6.8168179E-03   1.019811    
  6.8368367E-03  0.9893640    
  6.8568573E-03  0.9637028    
  6.8768780E-03  0.9461378    
  6.8968972E-03  0.9378722    
  6.9169179E-03  0.9372950    
  6.9369366E-03  0.9402736    
  6.9569573E-03  0.9413942    
  6.9769779E-03  0.9358695    
  6.9969972E-03  0.9214572    
  7.0170178E-03  0.8994281    
  7.0370371E-03  0.8742914    
  7.0570577E-03  0.8520856    
  7.0770765E-03  0.8381436    
  7.0970971E-03  0.8352384    
  7.1171178E-03  0.8425470    
  7.1371370E-03  0.8563130    
  7.1571576E-03  0.8714990    
  7.1771764E-03  0.8837346    
  7.1971971E-03  0.8907502    
  7.2172177E-03  0.8927334    
  7.2372369E-03  0.8914625    
  7.2572576E-03  0.8891457    
  7.2772764E-03  0.8872311    
  7.2972970E-03  0.8861642    
  7.3173163E-03  0.8857153    
  7.3373369E-03  0.8858475    
  7.3573575E-03  0.8871997    
  7.3773763E-03  0.8909893    
  7.3973970E-03  0.8981009    
  7.4174162E-03  0.9080659    
  7.4374382E-03  0.9184769    
  7.4574589E-03  0.9253789    
  7.4774781E-03  0.9246799    
  7.4974988E-03  0.9139711    
  7.5175175E-03  0.8940443    
  7.5375382E-03  0.8691446    
  7.5575574E-03  0.8458386    
  7.5775781E-03  0.8308237    
  7.5975987E-03  0.8284215    
  7.6176180E-03  0.8391178    
  7.6376386E-03  0.8594130    
  7.6576574E-03  0.8832940    
  7.6776780E-03  0.9042025    
  7.6976987E-03  0.9172978    
  7.7177179E-03  0.9205073    
  7.7377385E-03  0.9145021    
  7.7577573E-03  0.9017451    
  7.7777780E-03  0.8851159    
  7.7977972E-03  0.8671443    
  7.8178179E-03  0.8494222    
  7.8378385E-03  0.8331394    
  7.8578573E-03  0.8194208    
  7.8778779E-03  0.8093622    
  7.8978967E-03  0.8039299    
  7.9179173E-03  0.8031795    
  7.9379380E-03  0.8060362    
  7.9579577E-03  0.8102175    
  7.9779783E-03  0.8131253    
  7.9979971E-03  0.8127680    
  8.0180177E-03  0.8088754    
  8.0380365E-03  0.8029042    
  8.0580572E-03  0.7974281    
  8.0780778E-03  0.7947514    
  8.0980975E-03  0.7957011    
  8.1181191E-03  0.7988547    
  8.1381388E-03  0.8010320    
  8.1581585E-03  0.7984043    
  8.1781792E-03  0.7882873    
  8.1981989E-03  0.7701557    
  8.2182195E-03  0.7459366    
  8.2382383E-03  0.7193893    
  8.2582589E-03  0.6944102    
  8.2782777E-03  0.6739072    
  8.2982983E-03  0.6589716    
  8.3183190E-03  0.6489583    
  8.3383387E-03  0.6422929    
  8.3583593E-03  0.6374396    
  8.3783781E-03  0.6334788    
  8.3983988E-03  0.6301090    
  8.4184194E-03  0.6271579    
  8.4384382E-03  0.6241043    
  8.4584588E-03  0.6199390    
  8.4784776E-03  0.6135070    
  8.4984982E-03  0.6041848    
  8.5185179E-03  0.5926185    
  8.5385386E-03  0.5807773    
  8.5585592E-03  0.5714900    
  8.5785780E-03  0.5672199    
  8.5985987E-03  0.5691150    
  8.6186174E-03  0.5763175    
  8.6386381E-03  0.5862818    
  8.6586587E-03  0.5957521    
  8.6786784E-03  0.6019411    
  8.6986991E-03  0.6035695    
  8.7187178E-03  0.6010264    
  8.7387385E-03  0.5959255    
  8.7587573E-03  0.5901511    
  8.7787779E-03  0.5849680    
  8.7988004E-03  0.5807130    
  8.8188192E-03  0.5770894    
  8.8388398E-03  0.5736917    
  8.8588586E-03  0.5705691    
  8.8788792E-03  0.5681968    
  8.8988999E-03  0.5671623    
  8.9189196E-03  0.5672012    
  8.9389402E-03  0.5669559    
  8.9589590E-03  0.5640730    
  8.9789797E-03  0.5561088    
  8.9990003E-03  0.5419303    
  9.0190191E-03  0.5226932    
  9.0390397E-03  0.5020278    
  9.0590585E-03  0.4850958    
  9.0790791E-03  0.4769416    
  9.0990989E-03  0.4805033    
  9.1191195E-03  0.4954070    
  9.1391401E-03  0.5179438    
  9.1591589E-03  0.5422091    
  9.1791796E-03  0.5622132    
  9.1991983E-03  0.5737862    
  9.2192190E-03  0.5758018    
  9.2392396E-03  0.5701607    
  9.2592593E-03  0.5607070    
  9.2792800E-03  0.5515942    
  9.2992987E-03  0.5458516    
  9.3193194E-03  0.5445762    
  9.3393382E-03  0.5470503    
  9.3593588E-03  0.5513390    
  9.3793795E-03  0.5553841    
  9.3993982E-03  0.5577022    
  9.4194189E-03  0.5576007    
  9.4394386E-03  0.5551394    
  9.4594592E-03  0.5507691    
  9.4794808E-03  0.5450038    
  9.4995005E-03  0.5382103    
  9.5195211E-03  0.5307127    
  9.5395399E-03  0.5227991    
  9.5595606E-03  0.5147962    
  9.5795793E-03  0.5068609    
  9.5996000E-03  0.4990924    
  9.6196206E-03  0.4912758    
  9.6396394E-03  0.4831402    
  9.6596600E-03  0.4744871    
  9.6796798E-03  0.4653553    
  9.6997004E-03  0.4561254    
  9.7197210E-03  0.4473670    
  9.7397398E-03  0.4394472    
  9.7597605E-03  0.4324835    
  9.7797792E-03  0.4260665    
  9.7997999E-03  0.4196968    
  9.8198196E-03  0.4129887    
  9.8398402E-03  0.4061539    
  9.8598609E-03  0.4000233    
  9.8798797E-03  0.3958712    
  9.8999003E-03  0.3947829    
  9.9199191E-03  0.3973143    
  9.9399397E-03  0.4029912    
  9.9599604E-03  0.4104727    
  9.9799791E-03  0.4180589    
  9.9999998E-03  0.4243079    
