 -9.9999998E-03  0.3805523    
 -9.9799801E-03  0.3760913    
 -9.9599604E-03  0.3590060    
 -9.9399397E-03  0.3331115    
 -9.9199200E-03  0.3033030    
 -9.8999003E-03  0.2732354    
 -9.8798806E-03  0.2440938    
 -9.8598599E-03  0.2149064    
 -9.8398402E-03  0.1845997    
 -9.8198196E-03  0.1541855    
 -9.7997999E-03  0.1278734    
 -9.7797792E-03  0.1124853    
 -9.7597595E-03  0.1148939    
 -9.7397398E-03  0.1388788    
 -9.7197201E-03  0.1830691    
 -9.6997004E-03  0.2404934    
 -9.6796798E-03  0.3010089    
 -9.6596600E-03  0.3543046    
 -9.6396394E-03  0.3935808    
 -9.6196197E-03  0.4171521    
 -9.5995991E-03  0.4277231    
 -9.5795793E-03  0.4303585    
 -9.5595596E-03  0.4294090    
 -9.5395399E-03  0.4267236    
 -9.5195202E-03  0.4214849    
 -9.4994996E-03  0.4119439    
 -9.4794799E-03  0.3975493    
 -9.4594592E-03  0.3806215    
 -9.4394395E-03  0.3663244    
 -9.4194189E-03  0.3606212    
 -9.3993992E-03  0.3676934    
 -9.3793795E-03  0.3875936    
 -9.3593597E-03  0.4156578    
 -9.3393400E-03  0.4439432    
 -9.3193194E-03  0.4641235    
 -9.2992997E-03  0.4706743    
 -9.2792800E-03  0.4626502    
 -9.2592593E-03  0.4437717    
 -9.2392387E-03  0.4206005    
 -9.2192190E-03  0.3999789    
 -9.1991993E-03  0.3866273    
 -9.1791796E-03  0.3818972    
 -9.1591589E-03  0.3844016    
 -9.1391392E-03  0.3910622    
 -9.1191195E-03  0.3988973    
 -9.0990998E-03  0.4058551    
 -9.0790791E-03  0.4110999    
 -9.0590585E-03  0.4144885    
 -9.0390388E-03  0.4161002    
 -9.0190191E-03  0.4159265    
 -8.9989994E-03  0.4142962    
 -8.9789787E-03  0.4120464    
 -8.9589590E-03  0.4109581    
 -8.9389393E-03  0.4133977    
 -8.9189196E-03  0.4214596    
 -8.8988990E-03  0.4359341    
 -8.8788783E-03  0.4557278    
 -8.8588586E-03  0.4781461    
 -8.8388389E-03  0.4995308    
 -8.8188192E-03  0.5168962    
 -8.7987985E-03  0.5287911    
 -8.7787788E-03  0.5358297    
 -8.7587591E-03  0.5401981    
 -8.7387394E-03  0.5447948    
 -8.7187197E-03  0.5520613    
 -8.6986991E-03  0.5632407    
 -8.6786784E-03  0.5781444    
 -8.6586587E-03  0.5956822    
 -8.6386381E-03  0.6140122    
 -8.6186184E-03  0.6314645    
 -8.5985987E-03  0.6462033    
 -8.5785789E-03  0.6567758    
 -8.5585592E-03  0.6621023    
 -8.5385386E-03  0.6617726    
 -8.5185189E-03  0.6564587    
 -8.4984982E-03  0.6481956    
 -8.4784785E-03  0.6400467    
 -8.4584588E-03  0.6354488    
 -8.4384382E-03  0.6371576    
 -8.4184185E-03  0.6463231    
 -8.3983988E-03  0.6622171    
 -8.3783790E-03  0.6825157    
 -8.3583584E-03  0.7043503    
 -8.3383387E-03  0.7254066    
 -8.3183181E-03  0.7444724    
 -8.2982983E-03  0.7614740    
 -8.2782777E-03  0.7767738    
 -8.2582580E-03  0.7906171    
 -8.2382383E-03  0.8024255    
 -8.2182186E-03  0.8111171    
 -8.1981989E-03  0.8156974    
 -8.1781782E-03  0.8160124    
 -8.1581585E-03  0.8128200    
 -8.1381388E-03  0.8073651    
 -8.1181182E-03  0.8005657    
 -8.0980984E-03  0.7922429    
 -8.0780778E-03  0.7810787    
 -8.0580581E-03  0.7658381    
 -8.0380384E-03  0.7465656    
 -8.0180177E-03  0.7260273    
 -7.9979990E-03  0.7094829    
 -7.9779783E-03  0.7032800    
 -7.9579586E-03  0.7120294    
 -7.9379380E-03  0.7362050    
 -7.9179173E-03  0.7710211    
 -7.8978976E-03  0.8074998    
 -7.8778779E-03  0.8356859    
 -7.8578582E-03  0.8486162    
 -7.8378385E-03  0.8448763    
 -7.8178179E-03  0.8293878    
 -7.7977977E-03  0.8108903    
 -7.7777780E-03  0.7978509    
 -7.7577573E-03  0.7949404    
 -7.7377385E-03  0.8007435    
 -7.7177179E-03  0.8094294    
 -7.6976977E-03  0.8136648    
 -7.6776780E-03  0.8091603    
 -7.6576574E-03  0.7970745    
 -7.6376377E-03  0.7838733    
 -7.6176180E-03  0.7780883    
 -7.5975978E-03  0.7862595    
 -7.5775781E-03  0.8092198    
 -7.5575574E-03  0.8417868    
 -7.5375377E-03  0.8749483    
 -7.5175175E-03  0.9001917    
 -7.4974978E-03  0.9138075    
 -7.4774772E-03  0.9183292    
 -7.4574575E-03  0.9213812    
 -7.4374378E-03  0.9313178    
 -7.4174176E-03  0.9531317    
 -7.3973970E-03  0.9855419    
 -7.3773772E-03   1.021810    
 -7.3573575E-03   1.053016    
 -7.3373378E-03   1.072468    
 -7.3173176E-03   1.079043    
 -7.2972970E-03   1.077286    
 -7.2772773E-03   1.074887    
 -7.2572576E-03   1.078182    
 -7.2372374E-03   1.088778    
 -7.2172168E-03   1.102508    
 -7.1971971E-03   1.112059    
 -7.1771774E-03   1.110943    
 -7.1571576E-03   1.097687    
 -7.1371370E-03   1.077428    
 -7.1171168E-03   1.059617    
 -7.0970971E-03   1.053835    
 -7.0770774E-03   1.064773    
 -7.0570577E-03   1.089295    
 -7.0370371E-03   1.117430    
 -7.0170169E-03   1.136179    
 -6.9969972E-03   1.135147    
 -6.9769775E-03   1.110628    
 -6.9569568E-03   1.067030    
 -6.9369366E-03   1.014313    
 -6.9169169E-03  0.9637925    
 -6.8968972E-03  0.9234260    
 -6.8768766E-03  0.8957022    
 -6.8568569E-03  0.8780105    
 -6.8368367E-03  0.8655933    
 -6.8168170E-03  0.8548811    
 -6.7967973E-03  0.8452528    
 -6.7767766E-03  0.8389336    
 -6.7567569E-03  0.8386135    
 -6.7367367E-03  0.8452802    
 -6.7167170E-03  0.8566364    
 -6.6966973E-03  0.8683063    
 -6.6766767E-03  0.8760165    
 -6.6566565E-03  0.8784415    
 -6.6366368E-03  0.8781223    
 -6.6166166E-03  0.8804149    
 -6.5965969E-03  0.8903971    
 -6.5765767E-03  0.9090973    
 -6.5565566E-03  0.9320598    
 -6.5365369E-03  0.9500454    
 -6.5165167E-03  0.9524077    
 -6.4964965E-03  0.9320304    
 -6.4764763E-03  0.8885595    
 -6.4564561E-03  0.8294790    
 -6.4364364E-03  0.7678244    
 -6.4164167E-03  0.7175502    
 -6.3963966E-03  0.6893801    
 -6.3763764E-03  0.6876204    
 -6.3563567E-03  0.7100134    
 -6.3363365E-03  0.7499797    
 -6.3163163E-03  0.7997594    
 -6.2962966E-03  0.8529791    
 -6.2762760E-03  0.9059242    
 -6.2562563E-03  0.9569767    
 -6.2362365E-03   1.005700    
 -6.2162164E-03   1.052020    
 -6.1961962E-03   1.096034    
 -6.1761765E-03   1.138659    
 -6.1561563E-03   1.181826    
 -6.1361361E-03   1.228123    
 -6.1161164E-03   1.278967    
 -6.0960962E-03   1.333063    
 -6.0760761E-03   1.385296    
 -6.0560564E-03   1.427515    
 -6.0360362E-03   1.451502    
 -6.0160165E-03   1.452095    
 -5.9959963E-03   1.430414    
 -5.9759757E-03   1.394026    
 -5.9559559E-03   1.354700    
 -5.9359362E-03   1.324051    
 -5.9159161E-03   1.309185    
 -5.8958959E-03   1.310585    
 -5.8758762E-03   1.322528    
 -5.8558560E-03   1.336948    
 -5.8358363E-03   1.347594    
 -5.8158161E-03   1.353655    
 -5.7957955E-03   1.359730    
 -5.7757758E-03   1.373323    
 -5.7557556E-03   1.400655    
 -5.7357359E-03   1.442857    
 -5.7157157E-03   1.494926    
 -5.6956955E-03   1.547772    
 -5.6756758E-03   1.592398    
 -5.6556561E-03   1.623947    
 -5.6356355E-03   1.643818    
 -5.6156153E-03   1.658693    
 -5.5955956E-03   1.676689    
 -5.5755754E-03   1.703070    
 -5.5555557E-03   1.737507    
 -5.5355355E-03   1.773875    
 -5.5155153E-03   1.802893    
 -5.4954956E-03   1.816203    
 -5.4754759E-03   1.809496    
 -5.4554553E-03   1.783597    
 -5.4354356E-03   1.743358    
 -5.4154154E-03   1.694925    
 -5.3953952E-03   1.643649    
 -5.3753755E-03   1.593724    
 -5.3553558E-03   1.549016    
 -5.3353352E-03   1.515034    
 -5.3153154E-03   1.499526    
 -5.2952953E-03   1.511122    
 -5.2752751E-03   1.555952    
 -5.2552554E-03   1.633228    
 -5.2352352E-03   1.733488    
 -5.2152150E-03   1.839033    
 -5.1951953E-03   1.928748    
 -5.1751756E-03   1.984770    
 -5.1551554E-03   1.998412    
 -5.1351353E-03   1.973186    
 -5.1151151E-03   1.923164    
 -5.0950949E-03   1.867457    
 -5.0750752E-03   1.823204    
 -5.0550550E-03   1.800152    
 -5.0350348E-03   1.798797    
 -5.0150151E-03   1.812542    
 -4.9949954E-03   1.832316    
 -4.9749753E-03   1.851768    
 -4.9549546E-03   1.869437    
 -4.9349349E-03   1.888286    
 -4.9149147E-03   1.912388    
 -4.8948950E-03   1.942986    
 -4.8748748E-03   1.976380    
 -4.8548547E-03   2.005014    
 -4.8348350E-03   2.020921    
 -4.8148152E-03   2.020426    
 -4.7947951E-03   2.007406    
 -4.7747749E-03   1.993072    
 -4.7547547E-03   1.993379    
 -4.7347345E-03   2.022841    
 -4.7147148E-03   2.088964    
 -4.6946951E-03   2.188681    
 -4.6746745E-03   2.308556    
 -4.6546548E-03   2.428165    
 -4.6346351E-03   2.526354    
 -4.6146144E-03   2.587241    
 -4.5945947E-03   2.604835    
 -4.5745745E-03   2.584413    
 -4.5545544E-03   2.540335    
 -4.5345346E-03   2.491963    
 -4.5145149E-03   2.457546    
 -4.4944948E-03   2.449230    
 -4.4744746E-03   2.469770    
 -4.4544549E-03   2.512276    
 -4.4344342E-03   2.562987    
 -4.4144145E-03   2.605984    
 -4.3943943E-03   2.628495    
 -4.3743742E-03   2.625652    
 -4.3543545E-03   2.601282    
 -4.3343347E-03   2.566874    
 -4.3143146E-03   2.536939    
 -4.2942944E-03   2.523344    
 -4.2742742E-03   2.531459    
 -4.2542540E-03   2.558105    
 -4.2342343E-03   2.593810    
 -4.2142146E-03   2.627432    
 -4.1941940E-03   2.650946    
 -4.1741743E-03   2.663253    
 -4.1541546E-03   2.670492    
 -4.1341344E-03   2.683017    
 -4.1141142E-03   2.711004    
 -4.0940936E-03   2.760477    
 -4.0740739E-03   2.831080    
 -4.0540542E-03   2.917936    
 -4.0340340E-03   3.014578    
 -4.0140138E-03   3.116622    
 -3.9939941E-03   3.223909    
 -3.9739739E-03   3.339073    
 -3.9539542E-03   3.465042    
 -3.9339340E-03   3.600801    
 -3.9139139E-03   3.739921    
 -3.8938937E-03   3.871107    
 -3.8738740E-03   3.982278    
 -3.8538538E-03   4.065084    
 -3.8338338E-03   4.118586    
 -3.8138141E-03   4.150261    
 -3.7937937E-03   4.173055    
 -3.7737740E-03   4.201282    
 -3.7537536E-03   4.245773    
 -3.7337334E-03   4.311139    
 -3.7137137E-03   4.395730    
 -3.6936938E-03   4.494217    
 -3.6736736E-03   4.600303    
 -3.6536537E-03   4.708735    
 -3.6336340E-03   4.815704    
 -3.6136135E-03   4.918044    
 -3.5935934E-03   5.012113    
 -3.5735737E-03   5.093803    
 -3.5535533E-03   5.160378    
 -3.5335335E-03   5.212234    
 -3.5135136E-03   5.255096    
 -3.4934934E-03   5.298583    
 -3.4734735E-03   5.353717    
 -3.4534538E-03   5.428206    
 -3.4334336E-03   5.522781    
 -3.4134132E-03   5.630232    
 -3.3933935E-03   5.737317    
 -3.3733733E-03   5.829914    
 -3.3533538E-03   5.897845    
 -3.3333332E-03   5.938737    
 -3.3133132E-03   5.957681    
 -3.2932935E-03   5.964894    
 -3.2732736E-03   5.971171    
 -3.2532536E-03   5.985329    
 -3.2332330E-03   6.013363    
 -3.2132133E-03   6.060246    
 -3.1931933E-03   6.131934    
 -3.1731727E-03   6.236637    
 -3.1531530E-03   6.382502    
 -3.1331331E-03   6.573169    
 -3.1131133E-03   6.803041    
 -3.0930934E-03   7.055171    
 -3.0730737E-03   7.302945    
 -3.0530530E-03   7.517220    
 -3.0330331E-03   7.674872    
 -3.0130134E-03   7.766504    
 -2.9929928E-03   7.799352    
 -2.9729728E-03   7.794637    
 -2.9529529E-03   7.780089    
 -2.9329322E-03   7.780890    
 -2.9129125E-03   7.813119    
 -2.8928926E-03   7.881061    
 -2.8728729E-03   7.979452    
 -2.8528529E-03   8.098495    
 -2.8328332E-03   8.228134    
 -2.8128126E-03   8.360483    
 -2.7927926E-03   8.490146    
 -2.7727729E-03   8.611851    
 -2.7527530E-03   8.720130    
 -2.7327333E-03   8.810162    
 -2.7127133E-03   8.880221    
 -2.6926927E-03   8.935188    
 -2.6726727E-03   8.986683    
 -2.6526521E-03   9.052088    
 -2.6326324E-03   9.149129    
 -2.6126124E-03   9.291638    
 -2.5925927E-03   9.486237    
 -2.5725721E-03   9.732395    
 -2.5525521E-03   10.02609    
 -2.5325324E-03   10.36216    
 -2.5125125E-03   10.73570    
 -2.4924928E-03   11.13939    
 -2.4724728E-03   11.55834    
 -2.4524522E-03   11.96707    
 -2.4324325E-03   12.32984    
 -2.4124125E-03   12.60893    
 -2.3923926E-03   12.77761    
 -2.3723729E-03   12.83357    
 -2.3523530E-03   12.80651    
 -2.3323323E-03   12.75442    
 -2.3123126E-03   12.75081    
 -2.2922920E-03   12.86202    
 -2.2722720E-03   13.12835    
 -2.2522523E-03   13.55211    
 -2.2322324E-03   14.09937    
 -2.2122117E-03   14.71400    
 -2.1921920E-03   15.33765    
 -2.1721721E-03   15.92667    
 -2.1521521E-03   16.46204    
 -2.1321324E-03   16.94698    
 -2.1121125E-03   17.39698    
 -2.0920918E-03   17.82704    
 -2.0720721E-03   18.24470    
 -2.0520522E-03   18.64818    
 -2.0320325E-03   19.03222    
 -2.0120125E-03   19.39565    
 -1.9919928E-03   19.74513    
 -1.9719722E-03   20.09442    
 -1.9519514E-03   20.45811    
 -1.9319316E-03   20.84525    
 -1.9119118E-03   21.25645    
 -1.8918919E-03   21.68661    
 -1.8718721E-03   22.13281    
 -1.8518515E-03   22.60111    
 -1.8318316E-03   23.11036    
 -1.8118118E-03   23.68737    
 -1.7917920E-03   24.35733    
 -1.7717720E-03   25.13193    
 -1.7517522E-03   26.00279    
 -1.7317316E-03   26.94206    
 -1.7117118E-03   27.91203    
 -1.6916919E-03   28.87536    
 -1.6716721E-03   29.80571    
 -1.6516523E-03   30.68939    
 -1.6316324E-03   31.52349    
 -1.6116110E-03   32.30857    
 -1.5915912E-03   33.04622    
 -1.5715713E-03   33.74088    
 -1.5515515E-03   34.40852    
 -1.5315317E-03   35.08498    
 -1.5115110E-03   35.82656    
 -1.4914912E-03   36.70238    
 -1.4714713E-03   37.77468    
 -1.4514514E-03   39.07769    
 -1.4314316E-03   40.60360    
 -1.4114118E-03   42.30408    
 -1.3913912E-03   44.10739    
 -1.3713713E-03   45.94881    
 -1.3513515E-03   47.79785    
 -1.3313317E-03   49.67330    
 -1.3113118E-03   51.63877    
 -1.2912920E-03   53.77821    
 -1.2712706E-03   56.16460    
 -1.2512507E-03   58.83368    
 -1.2312309E-03   61.77553    
 -1.2112111E-03   64.94534    
 -1.1911911E-03   68.28571    
 -1.1711713E-03   71.75441    
 -1.1511507E-03   75.34096    
 -1.1311308E-03   79.06645    
 -1.1111110E-03   82.97299    
 -1.0910912E-03   87.10326    
 -1.0710714E-03   91.48807    
 -1.0510515E-03   96.14333    
 -1.0310309E-03   101.0759    
 -1.0110111E-03   106.2915    
 -9.9099125E-04   111.8026    
 -9.7097136E-04   117.6222    
 -9.5095154E-04   123.7582    
 -9.3093090E-04   130.2050    
 -9.1091025E-04   136.9449    
 -8.9089043E-04   143.9664    
 -8.7087060E-04   151.2853    
 -8.5085072E-04   158.9651    
 -8.3083089E-04   167.1189    
 -8.1081106E-04   175.8898    
 -7.9079042E-04   185.4146    
 -7.7077060E-04   195.7770    
 -7.5075077E-04   206.9805    
 -7.3073088E-04   218.9471    
 -7.1071106E-04   231.5457    
 -6.9069123E-04   244.6412    
 -6.7067059E-04   258.1472    
 -6.5065076E-04   272.0493    
 -6.3063094E-04   286.4087    
 -6.1061105E-04   301.3297    
 -5.9059041E-04   316.9141    
 -5.7057058E-04   333.2213    
 -5.5054994E-04   350.2587    
 -5.3053012E-04   367.9861    
 -5.1051029E-04   386.3443    
 -4.9049046E-04   405.2792    
 -4.7047061E-04   424.7477    
 -4.5045075E-04   444.7026    
 -4.3043014E-04   465.0703    
 -4.1041028E-04   485.7253    
 -3.9039046E-04   506.4960    
 -3.7037060E-04   527.1858    
 -3.5035078E-04   547.6292    
 -3.3033092E-04   567.7328    
 -3.1031031E-04   587.5046    
 -2.9029045E-04   607.0358    
 -2.7027063E-04   626.4449    
 -2.5024998E-04   645.8162    
 -2.3023014E-04   665.1133    
 -2.1021030E-04   684.1634    
 -1.9018968E-04   702.6572    
 -1.7016983E-04   720.2015    
 -1.5014999E-04   736.3913    
 -1.3013015E-04   750.8796    
 -1.1011031E-04   763.4182    
 -9.0090471E-05   773.8656    
 -7.0069837E-05   782.1762    
 -5.0049995E-05   788.3608    
 -3.0030156E-05   792.4551    
 -1.0010316E-05   794.4915    
  1.0009524E-05   794.4888    
  3.0029365E-05   792.4550    
  5.0049995E-05   788.3605    
  7.0069837E-05   782.1766    
  9.0090471E-05   773.8657    
  1.1011031E-04   763.4185    
  1.3013015E-04   750.8798    
  1.5015078E-04   736.3910    
  1.7017062E-04   720.2004    
  1.9019046E-04   702.6559    
  2.1021030E-04   684.1632    
  2.3023014E-04   665.1135    
  2.5024998E-04   645.8162    
  2.7027063E-04   626.4448    
  2.9029045E-04   607.0356    
  3.1031031E-04   587.5047    
  3.3033013E-04   567.7330    
  3.5034999E-04   547.6290    
  3.7036982E-04   527.1865    
  3.9039046E-04   506.4958    
  4.1041028E-04   485.7253    
  4.3043093E-04   465.0692    
  4.5045075E-04   444.7025    
  4.7047061E-04   424.7478    
  4.9049046E-04   405.2791    
  5.1051105E-04   386.3440    
  5.3053093E-04   367.9854    
  5.5055076E-04   350.2583    
  5.7057058E-04   333.2213    
  5.9059041E-04   316.9144    
  6.1061030E-04   301.3303    
  6.3063094E-04   286.4086    
  6.5065076E-04   272.0493    
  6.7067059E-04   258.1472    
  6.9069042E-04   244.6422    
  7.1071024E-04   231.5463    
  7.3073013E-04   218.9476    
  7.5075077E-04   206.9806    
  7.7077135E-04   195.7766    
  7.9079124E-04   185.4142    
  8.1081106E-04   175.8897    
  8.3083089E-04   167.1188    
  8.5085072E-04   158.9652    
  8.7087136E-04   151.2852    
  8.9089118E-04   143.9660    
  9.1091107E-04   136.9446    
  9.3093090E-04   130.2050    
  9.5095072E-04   123.7585    
  9.7097055E-04   117.6224    
  9.9099125E-04   111.8026    
  1.0110111E-03   106.2915    
  1.0310309E-03   101.0760    
  1.0510507E-03   96.14362    
  1.0710706E-03   91.48808    
  1.0910904E-03   87.10339    
  1.1111118E-03   82.97299    
  1.1311317E-03   79.06633    
  1.1511515E-03   75.34078    
  1.1711713E-03   71.75439    
  1.1911911E-03   68.28568    
  1.2112111E-03   64.94533    
  1.2312316E-03   61.77562    
  1.2512516E-03   58.83332    
  1.2712714E-03   56.16458    
  1.2912912E-03   53.77822    
  1.3113110E-03   51.63901    
  1.3313309E-03   49.67348    
  1.3513515E-03   47.79786    
  1.3713713E-03   45.94883    
  1.3913912E-03   44.10738    
  1.4114110E-03   42.30417    
  1.4314308E-03   40.60381    
  1.4514514E-03   39.07771    
  1.4714721E-03   37.77464    
  1.4914919E-03   36.70234    
  1.5115119E-03   35.82663    
  1.5315317E-03   35.08498    
  1.5515515E-03   34.40850    
  1.5715713E-03   33.74083    
  1.5915920E-03   33.04609    
  1.6116118E-03   32.30861    
  1.6316316E-03   31.52334    
  1.6516515E-03   30.68937    
  1.6716713E-03   29.80571    
  1.6916911E-03   28.87541    
  1.7117118E-03   27.91202    
  1.7317316E-03   26.94207    
  1.7517515E-03   26.00277    
  1.7717713E-03   25.13198    
  1.7917920E-03   24.35733    
  1.8118126E-03   23.68735    
  1.8318325E-03   23.11030    
  1.8518523E-03   22.60111    
  1.8718721E-03   22.13283    
  1.8918919E-03   21.68664    
  1.9119118E-03   21.25644    
  1.9319324E-03   20.84532    
  1.9519522E-03   20.45808    
  1.9719722E-03   20.09442    
  1.9919919E-03   19.74514    
  2.0120118E-03   19.39572    
  2.0320315E-03   19.03220    
  2.0520522E-03   18.64818    
  2.0720721E-03   18.24469    
  2.0920918E-03   17.82702    
  2.1121118E-03   17.39686    
  2.1321324E-03   16.94700    
  2.1521521E-03   16.46203    
  2.1721728E-03   15.92655    
  2.1921927E-03   15.33752    
  2.2122127E-03   14.71400    
  2.2322324E-03   14.09939    
  2.2522523E-03   13.55210    
  2.2722720E-03   13.12834    
  2.2922927E-03   12.86195    
  2.3123126E-03   12.75081    
  2.3323323E-03   12.75442    
  2.3523523E-03   12.80639    
  2.3723720E-03   12.83356    
  2.3923919E-03   12.77764    
  2.4124125E-03   12.60894    
  2.4324325E-03   12.32981    
  2.4524522E-03   11.96707    
  2.4724728E-03   11.55834    
  2.4924928E-03   11.13940    
  2.5125125E-03   10.73570    
  2.5325331E-03   10.36216    
  2.5525531E-03   10.02622    
  2.5725728E-03   9.732436    
  2.5925927E-03   9.486241    
  2.6126124E-03   9.291630    
  2.6326324E-03   9.149119    
  2.6526530E-03   9.052087    
  2.6726727E-03   8.986685    
  2.6926927E-03   8.935185    
  2.7127126E-03   8.880244    
  2.7327323E-03   8.810204    
  2.7527523E-03   8.720171    
  2.7727729E-03   8.611853    
  2.7927926E-03   8.490150    
  2.8128133E-03   8.360579    
  2.8328332E-03   8.228139    
  2.8528529E-03   8.098501    
  2.8728729E-03   7.979448    
  2.8928935E-03   7.881002    
  2.9129132E-03   7.813119    
  2.9329332E-03   7.780905    
  2.9529529E-03   7.780110    
  2.9729728E-03   7.794630    
  2.9929928E-03   7.799335    
  3.0130134E-03   7.766499    
  3.0330331E-03   7.674875    
  3.0530530E-03   7.517227    
  3.0730728E-03   7.302895    
  3.0930927E-03   7.055131    
  3.1131124E-03   6.803112    
  3.1331331E-03   6.573167    
  3.1531530E-03   6.382502    
  3.1731736E-03   6.236602    
  3.1931933E-03   6.131946    
  3.2132133E-03   6.060253    
  3.2332330E-03   6.013358    
  3.2532536E-03   5.985326    
  3.2732736E-03   5.971156    
  3.2932926E-03   5.964834    
  3.3133132E-03   5.957687    
  3.3333339E-03   5.938720    
  3.3533529E-03   5.897800    
  3.3733735E-03   5.829838    
  3.3933925E-03   5.737281    
  3.4134132E-03   5.630233    
  3.4334338E-03   5.522774    
  3.4534528E-03   5.428181    
  3.4734735E-03   5.353723    
  3.4934927E-03   5.298621    
  3.5135134E-03   5.255074    
  3.5335338E-03   5.212252    
  3.5535544E-03   5.160356    
  3.5735737E-03   5.093805    
  3.5935943E-03   5.012138    
  3.6136133E-03   4.918082    
  3.6336340E-03   4.815699    
  3.6536546E-03   4.708702    
  3.6736736E-03   4.600309    
  3.6936942E-03   4.494235    
  3.7137133E-03   4.395714    
  3.7337339E-03   4.311071    
  3.7537529E-03   4.245758    
  3.7737736E-03   4.201274    
  3.7937942E-03   4.173096    
  3.8138132E-03   4.150291    
  3.8338338E-03   4.118584    
  3.8538529E-03   4.065114    
  3.8738735E-03   3.982280    
  3.8938941E-03   3.871131    
  3.9139134E-03   3.739890    
  3.9339340E-03   3.600796    
  3.9539528E-03   3.465061    
  3.9739734E-03   3.339009    
  3.9939927E-03   3.223827    
  4.0140147E-03   3.116620    
  4.0340354E-03   3.014549    
  4.0540546E-03   2.917941    
  4.0740753E-03   2.831044    
  4.0940940E-03   2.760424    
  4.1141147E-03   2.710963    
  4.1341353E-03   2.682966    
  4.1541546E-03   2.670495    
  4.1741752E-03   2.663195    
  4.1941940E-03   2.650942    
  4.2142146E-03   2.627466    
  4.2342339E-03   2.593826    
  4.2542545E-03   2.558112    
  4.2742752E-03   2.531439    
  4.2942939E-03   2.523346    
  4.3143146E-03   2.536932    
  4.3343338E-03   2.566856    
  4.3543545E-03   2.601285    
  4.3743751E-03   2.625625    
  4.3943943E-03   2.628509    
  4.4144150E-03   2.605934    
  4.4344338E-03   2.562984    
  4.4544544E-03   2.512282    
  4.4744737E-03   2.469769    
  4.4944943E-03   2.449222    
  4.5145149E-03   2.457548    
  4.5345337E-03   2.491977    
  4.5545544E-03   2.540336    
  4.5745736E-03   2.584332    
  4.5945942E-03   2.604853    
  4.6146149E-03   2.587223    
  4.6346337E-03   2.526362    
  4.6546543E-03   2.428233    
  4.6746735E-03   2.308591    
  4.6946956E-03   2.188722    
  4.7147148E-03   2.088968    
  4.7347355E-03   2.022877    
  4.7547561E-03   1.993376    
  4.7747749E-03   1.993073    
  4.7947955E-03   2.007347    
  4.8148148E-03   2.020450    
  4.8348354E-03   2.020929    
  4.8548561E-03   2.005012    
  4.8748748E-03   1.976385    
  4.8948955E-03   1.942981    
  4.9149147E-03   1.912392    
  4.9349354E-03   1.888301    
  4.9549546E-03   1.869470    
  4.9749753E-03   1.851768    
  4.9949959E-03   1.832377    
  5.0150147E-03   1.812561    
  5.0350353E-03   1.798836    
  5.0550546E-03   1.800159    
  5.0750752E-03   1.823203    
  5.0950958E-03   1.867484    
  5.1151146E-03   1.923213    
  5.1351353E-03   1.973187    
  5.1551545E-03   1.998415    
  5.1751751E-03   1.984748    
  5.1951939E-03   1.928752    
  5.2152146E-03   1.839032    
  5.2352352E-03   1.733489    
  5.2552545E-03   1.633248    
  5.2752751E-03   1.555948    
  5.2952939E-03   1.511131    
  5.3153145E-03   1.499517    
  5.3353352E-03   1.515038    
  5.3553544E-03   1.549002    
  5.3753750E-03   1.593733    
  5.3953957E-03   1.643672    
  5.4154163E-03   1.694858    
  5.4354370E-03   1.743339    
  5.4554562E-03   1.783621    
  5.4754764E-03   1.809511    
  5.4954956E-03   1.816211    
  5.5155163E-03   1.802864    
  5.5355355E-03   1.773859    
  5.5555562E-03   1.737502    
  5.5755768E-03   1.703053    
  5.5955956E-03   1.676691    
  5.6156162E-03   1.658696    
  5.6356355E-03   1.643813    
  5.6556561E-03   1.623942    
  5.6756767E-03   1.592412    
  5.6956955E-03   1.547766    
  5.7157162E-03   1.494910    
  5.7357354E-03   1.442843    
  5.7557561E-03   1.400608    
  5.7757748E-03   1.373324    
  5.7957955E-03   1.359732    
  5.8158161E-03   1.353664    
  5.8358354E-03   1.347624    
  5.8558560E-03   1.336952    
  5.8758748E-03   1.322544    
  5.8958954E-03   1.310576    
  5.9159161E-03   1.309197    
  5.9359353E-03   1.324069    
  5.9559559E-03   1.354699    
  5.9759752E-03   1.394021    
  5.9959958E-03   1.430406    
  6.0160146E-03   1.452103    
  6.0360353E-03   1.451517    
  6.0560559E-03   1.427539    
  6.0760765E-03   1.385288    
  6.0960972E-03   1.333072    
  6.1161164E-03   1.278967    
  6.1361371E-03   1.228121    
  6.1561577E-03   1.181846    
  6.1761765E-03   1.138671    
  6.1961971E-03   1.096013    
  6.2162164E-03   1.052023    
  6.2362370E-03   1.005710    
  6.2562558E-03  0.9569539    
  6.2762764E-03  0.9059114    
  6.2962971E-03  0.8530220    
  6.3163163E-03  0.7997504    
  6.3363370E-03  0.7499996    
  6.3563557E-03  0.7100106    
  6.3763764E-03  0.6876183    
  6.3963970E-03  0.6894036    
  6.4164163E-03  0.7175583    
  6.4364369E-03  0.7678091    
  6.4564561E-03  0.8295053    
  6.4764763E-03  0.8885667    
  6.4964956E-03  0.9320167    
  6.5165162E-03  0.9524144    
  6.5365369E-03  0.9500455    
  6.5565561E-03  0.9320661    
  6.5765767E-03  0.9090908    
  6.5965955E-03  0.8903696    
  6.6166162E-03  0.8804385    
  6.6366368E-03  0.8781192    
  6.6566560E-03  0.8784345    
  6.6766767E-03  0.8760214    
  6.6966955E-03  0.8683146    
  6.7167161E-03  0.8566727    
  6.7367353E-03  0.8452905    
  6.7567574E-03  0.8386443    
  6.7767780E-03  0.8389147    
  6.7967973E-03  0.8452483    
  6.8168179E-03  0.8548815    
  6.8368367E-03  0.8655927    
  6.8568573E-03  0.8779986    
  6.8768780E-03  0.8956881    
  6.8968972E-03  0.9234364    
  6.9169179E-03  0.9637900    
  6.9369366E-03   1.014317    
  6.9569573E-03   1.067025    
  6.9769779E-03   1.110631    
  6.9969972E-03   1.135145    
  7.0170178E-03   1.136177    
  7.0370371E-03   1.117434    
  7.0570577E-03   1.089295    
  7.0770765E-03   1.064763    
  7.0970971E-03   1.053835    
  7.1171178E-03   1.059617    
  7.1371370E-03   1.077431    
  7.1571576E-03   1.097690    
  7.1771764E-03   1.110905    
  7.1971971E-03   1.112057    
  7.2172177E-03   1.102510    
  7.2372369E-03   1.088757    
  7.2572576E-03   1.078181    
  7.2772764E-03   1.074871    
  7.2972970E-03   1.077285    
  7.3173163E-03   1.079027    
  7.3373369E-03   1.072477    
  7.3573575E-03   1.053011    
  7.3773763E-03   1.021824    
  7.3973970E-03  0.9855394    
  7.4174162E-03  0.9531148    
  7.4374382E-03  0.9313475    
  7.4574589E-03  0.9214098    
  7.4774781E-03  0.9183440    
  7.4974988E-03  0.9137940    
  7.5175175E-03  0.9001922    
  7.5375382E-03  0.8749385    
  7.5575574E-03  0.8417915    
  7.5775781E-03  0.8092256    
  7.5975987E-03  0.7862319    
  7.6176180E-03  0.7780886    
  7.6376386E-03  0.7838647    
  7.6576574E-03  0.7970693    
  7.6776780E-03  0.8091595    
  7.6976987E-03  0.8136624    
  7.7177179E-03  0.8094262    
  7.7377385E-03  0.8007419    
  7.7577573E-03  0.7949417    
  7.7777780E-03  0.7978543    
  7.7977972E-03  0.8108605    
  7.8178179E-03  0.8293793    
  7.8378385E-03  0.8448792    
  7.8578573E-03  0.8486130    
  7.8778779E-03  0.8356827    
  7.8978967E-03  0.8074777    
  7.9179173E-03  0.7710183    
  7.9379380E-03  0.7362027    
  7.9579577E-03  0.7120187    
  7.9779783E-03  0.7032765    
  7.9979971E-03  0.7094868    
  8.0180177E-03  0.7260329    
  8.0380365E-03  0.7465917    
  8.0580572E-03  0.7658216    
  8.0780778E-03  0.7810843    
  8.0980975E-03  0.7922323    
  8.1181191E-03  0.8005952    
  8.1381388E-03  0.8073659    
  8.1581585E-03  0.8128108    
  8.1781792E-03  0.8160127    
  8.1981989E-03  0.8156927    
  8.2182195E-03  0.8111066    
  8.2382383E-03  0.8024281    
  8.2582589E-03  0.7906271    
  8.2782777E-03  0.7767757    
  8.2982983E-03  0.7614765    
  8.3183190E-03  0.7444857    
  8.3383387E-03  0.7254108    
  8.3583593E-03  0.7043331    
  8.3783781E-03  0.6824946    
  8.3983988E-03  0.6622112    
  8.4184194E-03  0.6463331    
  8.4384382E-03  0.6371549    
  8.4584588E-03  0.6354527    
  8.4784776E-03  0.6400816    
  8.4984982E-03  0.6481954    
  8.5185179E-03  0.6564493    
  8.5385386E-03  0.6617746    
  8.5585592E-03  0.6621063    
  8.5785780E-03  0.6567672    
  8.5985987E-03  0.6461951    
  8.6186174E-03  0.6314701    
  8.6386381E-03  0.6140091    
  8.6586587E-03  0.5956815    
  8.6786784E-03  0.5781627    
  8.6986991E-03  0.5632358    
  8.7187178E-03  0.5520515    
  8.7387385E-03  0.5447959    
  8.7587573E-03  0.5402210    
  8.7787779E-03  0.5358281    
  8.7988004E-03  0.5288187    
  8.8188192E-03  0.5169083    
  8.8388398E-03  0.4995312    
  8.8588586E-03  0.4781558    
  8.8788792E-03  0.4557363    
  8.8988999E-03  0.4359121    
  8.9189196E-03  0.4214642    
  8.9389402E-03  0.4134106    
  8.9589590E-03  0.4109565    
  8.9789797E-03  0.4120225    
  8.9990003E-03  0.4143031    
  9.0190191E-03  0.4159224    
  9.0390397E-03  0.4161054    
  9.0590585E-03  0.4144931    
  9.0790791E-03  0.4110983    
  9.0990989E-03  0.4058611    
  9.1191195E-03  0.3988929    
  9.1391401E-03  0.3910680    
  9.1591589E-03  0.3844066    
  9.1791796E-03  0.3818997    
  9.1991983E-03  0.3866241    
  9.2192190E-03  0.3999765    
  9.2392396E-03  0.4205855    
  9.2592593E-03  0.4437676    
  9.2792800E-03  0.4626517    
  9.2992987E-03  0.4706601    
  9.3193194E-03  0.4641180    
  9.3393382E-03  0.4439257    
  9.3593588E-03  0.4156516    
  9.3793795E-03  0.3875923    
  9.3993982E-03  0.3677070    
  9.4194189E-03  0.3606187    
  9.4394386E-03  0.3663118    
  9.4594592E-03  0.3806248    
  9.4794808E-03  0.3975458    
  9.4995005E-03  0.4119504    
  9.5195211E-03  0.4215095    
  9.5395399E-03  0.4267319    
  9.5595606E-03  0.4294153    
  9.5795793E-03  0.4303543    
  9.5996000E-03  0.4277231    
  9.6196206E-03  0.4171303    
  9.6396394E-03  0.3935827    
  9.6596600E-03  0.3543168    
  9.6796798E-03  0.3010124    
  9.6997004E-03  0.2404933    
  9.7197210E-03  0.1830704    
  9.7397398E-03  0.1388802    
  9.7597605E-03  0.1148660    
  9.7797792E-03  0.1124848    
  9.7997999E-03  0.1278711    
  9.8198196E-03  0.1541663    
  9.8398402E-03  0.1845983    
  9.8598609E-03  0.2149424    
  9.8798797E-03  0.2440910    
  9.8999003E-03  0.2732314    
  9.9199191E-03  0.3033027    
  9.9399397E-03  0.3331064    
  9.9599604E-03  0.3590024    
  9.9799791E-03  0.3760813    
  9.9999998E-03  0.3805549    
