 -2.9999999E-02  0.1918037    
 -2.9939940E-02  0.1991391    
 -2.9879877E-02  0.2071966    
 -2.9819820E-02  0.2147475    
 -2.9759757E-02  0.2206891    
 -2.9699698E-02  0.2242129    
 -2.9639637E-02  0.2249206    
 -2.9579578E-02  0.2229242    
 -2.9519519E-02  0.2188345    
 -2.9459458E-02  0.2135988    
 -2.9399399E-02  0.2083770    
 -2.9339338E-02  0.2043277    
 -2.9279279E-02  0.2023957    
 -2.9219219E-02  0.2031477    
 -2.9159158E-02  0.2066613    
 -2.9099099E-02  0.2125187    
 -2.9039036E-02  0.2198834    
 -2.8978977E-02  0.2276221    
 -2.8918916E-02  0.2345348    
 -2.8858857E-02  0.2395409    
 -2.8798798E-02  0.2418810    
 -2.8738737E-02  0.2412580    
 -2.8678678E-02  0.2378839    
 -2.8618617E-02  0.2324531    
 -2.8558558E-02  0.2260134    
 -2.8498499E-02  0.2198095    
 -2.8438438E-02  0.2150334    
 -2.8378379E-02  0.2126565    
 -2.8318316E-02  0.2132236    
 -2.8258258E-02  0.2167808    
 -2.8198196E-02  0.2228571    
 -2.8138136E-02  0.2305529    
 -2.8078077E-02  0.2387016    
 -2.8018016E-02  0.2460437    
 -2.7957957E-02  0.2514831    
 -2.7897896E-02  0.2542474    
 -2.7837837E-02  0.2540489    
 -2.7777778E-02  0.2511173    
 -2.7717717E-02  0.2461561    
 -2.7657658E-02  0.2402222    
 -2.7597595E-02  0.2345481    
 -2.7537538E-02  0.2303210    
 -2.7477475E-02  0.2284803    
 -2.7417416E-02  0.2295288    
 -2.7357358E-02  0.2334935    
 -2.7297296E-02  0.2398904    
 -2.7237236E-02  0.2478078    
 -2.7177176E-02  0.2561143    
 -2.7117116E-02  0.2635988    
 -2.7057055E-02  0.2692528    
 -2.6996996E-02  0.2723836    
 -2.6936937E-02  0.2727854    
 -2.6876874E-02  0.2707486    
 -2.6816817E-02  0.2670226    
 -2.6756754E-02  0.2626459    
 -2.6696695E-02  0.2587940    
 -2.6636634E-02  0.2565441    
 -2.6576575E-02  0.2566710    
 -2.6516516E-02  0.2595326    
 -2.6456455E-02  0.2649544    
 -2.6396396E-02  0.2722794    
 -2.6336335E-02  0.2805220    
 -2.6276276E-02  0.2884538    
 -2.6216215E-02  0.2948895    
 -2.6156155E-02  0.2988788    
 -2.6096096E-02  0.2998937    
 -2.6036033E-02  0.2978852    
 -2.5975976E-02  0.2933521    
 -2.5915915E-02  0.2872287    
 -2.5855854E-02  0.2807305    
 -2.5795795E-02  0.2751509    
 -2.5735734E-02  0.2716230    
 -2.5675675E-02  0.2709148    
 -2.5615616E-02  0.2733316    
 -2.5555555E-02  0.2786079    
 -2.5495494E-02  0.2859724    
 -2.5435435E-02  0.2943076    
 -2.5375376E-02  0.3023061    
 -2.5315313E-02  0.3087313    
 -2.5255255E-02  0.3126297    
 -2.5195194E-02  0.3134922    
 -2.5135133E-02  0.3113827    
 -2.5075074E-02  0.3068894    
 -2.5015013E-02  0.3010458    
 -2.4954954E-02  0.2951537    
 -2.4894895E-02  0.2905580    
 -2.4834834E-02  0.2883915    
 -2.4774773E-02  0.2893817    
 -2.4714714E-02  0.2937137    
 -2.4654653E-02  0.3009959    
 -2.4594592E-02  0.3103002    
 -2.4534535E-02  0.3203551    
 -2.4474474E-02  0.3297187    
 -2.4414413E-02  0.3370697    
 -2.4354354E-02  0.3414083    
 -2.4294293E-02  0.3422337    
 -2.4234233E-02  0.3396740    
 -2.4174174E-02  0.3344043    
 -2.4114113E-02  0.3275910    
 -2.4054052E-02  0.3206549    
 -2.3993993E-02  0.3150379    
 -2.3933932E-02  0.3119723    
 -2.3873873E-02  0.3122281    
 -2.3813814E-02  0.3160121    
 -2.3753753E-02  0.3229094    
 -2.3693692E-02  0.3319791    
 -2.3633633E-02  0.3418885    
 -2.3573572E-02  0.3511887    
 -2.3513513E-02  0.3585120    
 -2.3453454E-02  0.3628585    
 -2.3393393E-02  0.3637615    
 -2.3333333E-02  0.3613310    
 -2.3273272E-02  0.3562871    
 -2.3213211E-02  0.3498196    
 -2.3153152E-02  0.3433439    
 -2.3093093E-02  0.3382759    
 -2.3033030E-02  0.3358077    
 -2.2972973E-02  0.3366407    
 -2.2912912E-02  0.3409138    
 -2.2852851E-02  0.3481504    
 -2.2792792E-02  0.3573641    
 -2.2732731E-02  0.3672254    
 -2.2672672E-02  0.3763005    
 -2.2612613E-02  0.3833150    
 -2.2552552E-02  0.3873942    
 -2.2492493E-02  0.3882123    
 -2.2432432E-02  0.3860438    
 -2.2372372E-02  0.3817492    
 -2.2312310E-02  0.3766326    
 -2.2252252E-02  0.3721419    
 -2.2192191E-02  0.3697113    
 -2.2132130E-02  0.3704422    
 -2.2072071E-02  0.3748712    
 -2.2012010E-02  0.3829761    
 -2.1951951E-02  0.3940530    
 -2.1891892E-02  0.4068961    
 -2.1831831E-02  0.4199989    
 -2.1771770E-02  0.4317884    
 -2.1711711E-02  0.4409148    
 -2.1651652E-02  0.4465042    
 -2.1591591E-02  0.4482783    
 -2.1531532E-02  0.4466243    
 -2.1471471E-02  0.4425344    
 -2.1411410E-02  0.4374213    
 -2.1351350E-02  0.4328756    
 -2.1291289E-02  0.4303543    
 -2.1231230E-02  0.4309882    
 -2.1171171E-02  0.4352822    
 -2.1111110E-02  0.4431081    
 -2.1051051E-02  0.4536441    
 -2.0990990E-02  0.4655945    
 -2.0930931E-02  0.4773078    
 -2.0870870E-02  0.4871686    
 -2.0810811E-02  0.4938073    
 -2.0750750E-02  0.4963866    
 -2.0690691E-02  0.4947420    
 -2.0630630E-02  0.4894169    
 -2.0570569E-02  0.4815792    
 -2.0510510E-02  0.4728398    
 -2.0450450E-02  0.4649575    
 -2.0390389E-02  0.4595667    
 -2.0330330E-02  0.4578641    
 -2.0270269E-02  0.4604643    
 -2.0210210E-02  0.4672221    
 -2.0150149E-02  0.4773305    
 -2.0090090E-02  0.4894081    
 -2.0030027E-02  0.5017927    
 -1.9969970E-02  0.5127960    
 -1.9909909E-02  0.5210301    
 -1.9849848E-02  0.5256239    
 -1.9789791E-02  0.5263728    
 -1.9729730E-02  0.5238015    
 -1.9669669E-02  0.5190374    
 -1.9609608E-02  0.5136130    
 -1.9549549E-02  0.5091816    
 -1.9489488E-02  0.5072005    
 -1.9429429E-02  0.5087234    
 -1.9369369E-02  0.5141145    
 -1.9309307E-02  0.5230497    
 -1.9249249E-02  0.5345532    
 -1.9189188E-02  0.5471062    
 -1.9129127E-02  0.5590013    
 -1.9069070E-02  0.5686151    
 -1.9009007E-02  0.5746484    
 -1.8948948E-02  0.5764684    
 -1.8888887E-02  0.5741572    
 -1.8828828E-02  0.5685340    
 -1.8768767E-02  0.5610525    
 -1.8708708E-02  0.5535092    
 -1.8648649E-02  0.5477939    
 -1.8588588E-02  0.5455112    
 -1.8528529E-02  0.5477333    
 -1.8468468E-02  0.5548313    
 -1.8408408E-02  0.5663487    
 -1.8348349E-02  0.5811392    
 -1.8288286E-02  0.5975263    
 -1.8228227E-02  0.6136253    
 -1.8168166E-02  0.6276591    
 -1.8108107E-02  0.6382378    
 -1.8048048E-02  0.6446784    
 -1.7987987E-02  0.6470368    
 -1.7927926E-02  0.6461562    
 -1.7867867E-02  0.6434812    
 -1.7807808E-02  0.6408240    
 -1.7747747E-02  0.6400070    
 -1.7687688E-02  0.6425328    
 -1.7627629E-02  0.6493332    
 -1.7567566E-02  0.6605582    
 -1.7507508E-02  0.6755385    
 -1.7447446E-02  0.6929005    
 -1.7387386E-02  0.7108062    
 -1.7327327E-02  0.7272100    
 -1.7267266E-02  0.7402997    
 -1.7207205E-02  0.7487643    
 -1.7147146E-02  0.7520453    
 -1.7087087E-02  0.7504169    
 -1.7027026E-02  0.7450250    
 -1.6966967E-02  0.7375947    
 -1.6906908E-02  0.7302346    
 -1.6846845E-02  0.7250113    
 -1.6786788E-02  0.7236143    
 -1.6726725E-02  0.7270604    
 -1.6666666E-02  0.7355258    
 -1.6606607E-02  0.7483157    
 -1.6546546E-02  0.7639660    
 -1.6486485E-02  0.7805536    
 -1.6426425E-02  0.7959517    
 -1.6366364E-02  0.8083156    
 -1.6306305E-02  0.8163164    
 -1.6246246E-02  0.8194637    
 -1.6186185E-02  0.8181175    
 -1.6126124E-02  0.8135182    
 -1.6066065E-02  0.8075247    
 -1.6006006E-02  0.8023074    
 -1.5945945E-02  0.7999228    
 -1.5885886E-02  0.8020516    
 -1.5825825E-02  0.8095818    
 -1.5765766E-02  0.8225268    
 -1.5705707E-02  0.8399867    
 -1.5645644E-02  0.8602806    
 -1.5585584E-02  0.8812872    
 -1.5525525E-02  0.9007595    
 -1.5465464E-02  0.9167802    
 -1.5405404E-02  0.9280364    
 -1.5345344E-02  0.9341277    
 -1.5285285E-02  0.9355956    
 -1.5225225E-02  0.9338565    
 -1.5165165E-02  0.9309283    
 -1.5105105E-02  0.9291390    
 -1.5045046E-02  0.9306449    
 -1.4984986E-02  0.9370801    
 -1.4924924E-02  0.9492729    
 -1.4864863E-02  0.9670297    
 -1.4804805E-02  0.9892297    
 -1.4744745E-02   1.013946    
 -1.4684684E-02   1.038831    
 -1.4624624E-02   1.061455    
 -1.4564564E-02   1.079794    
 -1.4504504E-02   1.092592    
 -1.4444444E-02   1.099517    
 -1.4384384E-02   1.101307    
 -1.4324325E-02   1.099620    
 -1.4264263E-02   1.096753    
 -1.4204203E-02   1.095229    
 -1.4144143E-02   1.097420    
 -1.4084082E-02   1.105041    
 -1.4024024E-02   1.118908    
 -1.3963963E-02   1.138775    
 -1.3903903E-02   1.163339    
 -1.3843843E-02   1.190515    
 -1.3783784E-02   1.217725    
 -1.3723724E-02   1.242439    
 -1.3663664E-02   1.262532    
 -1.3603603E-02   1.276701    
 -1.3543542E-02   1.284725    
 -1.3483482E-02   1.287461    
 -1.3423422E-02   1.286749    
 -1.3363361E-02   1.285066    
 -1.3303303E-02   1.285094    
 -1.3243243E-02   1.289262    
 -1.3183182E-02   1.299288    
 -1.3123122E-02   1.315887    
 -1.3063064E-02   1.338634    
 -1.3003003E-02   1.366004    
 -1.2942943E-02   1.395619    
 -1.2882883E-02   1.424685    
 -1.2822822E-02   1.450445    
 -1.2762762E-02   1.470701    
 -1.2702702E-02   1.484162    
 -1.2642642E-02   1.490713    
 -1.2582582E-02   1.491442    
 -1.2522522E-02   1.488480    
 -1.2462462E-02   1.484607    
 -1.2402401E-02   1.482831    
 -1.2342343E-02   1.485816    
 -1.2282282E-02   1.495492    
 -1.2222222E-02   1.512631    
 -1.2162160E-02   1.536801    
 -1.2102102E-02   1.566330    
 -1.2042041E-02   1.598694    
 -1.1981981E-02   1.630903    
 -1.1921921E-02   1.659995    
 -1.1861862E-02   1.683623    
 -1.1801802E-02   1.700396    
 -1.1741742E-02   1.710141    
 -1.1681681E-02   1.713984    
 -1.1621622E-02   1.714114    
 -1.1561562E-02   1.713412    
 -1.1501501E-02   1.714982    
 -1.1441439E-02   1.721622    
 -1.1381381E-02   1.735294    
 -1.1321321E-02   1.756834    
 -1.1261260E-02   1.785822    
 -1.1201200E-02   1.820684    
 -1.1141141E-02   1.858886    
 -1.1081081E-02   1.897535    
 -1.1021021E-02   1.933765    
 -1.0960961E-02   1.965365    
 -1.0900902E-02   1.991102    
 -1.0840842E-02   2.010923    
 -1.0780780E-02   2.026050    
 -1.0720720E-02   2.038671    
 -1.0660660E-02   2.051547    
 -1.0600600E-02   2.067518    
 -1.0540539E-02   2.089009    
 -1.0480479E-02   2.117496    
 -1.0420421E-02   2.153304    
 -1.0360360E-02   2.195520    
 -1.0300300E-02   2.242065    
 -1.0240240E-02   2.290151    
 -1.0180181E-02   2.336795    
 -1.0120121E-02   2.379320    
 -1.0060059E-02   2.415919    
 -9.9999988E-03   2.446020    
 -9.9399397E-03   2.470400    
 -9.8798797E-03   2.491163    
 -9.8198196E-03   2.511395    
 -9.7597586E-03   2.534612    
 -9.6997004E-03   2.564263    
 -9.6396394E-03   2.602997    
 -9.5795793E-03   2.652301    
 -9.5195193E-03   2.712151    
 -9.4594602E-03   2.780967    
 -9.3994001E-03   2.855913    
 -9.3393382E-03   2.933275    
 -9.2792781E-03   3.009135    
 -9.2192180E-03   3.079979    
 -9.1591589E-03   3.143329    
 -9.0990989E-03   3.198102    
 -9.0390379E-03   3.244842    
 -8.9789778E-03   3.285560    
 -8.9189196E-03   3.323420    
 -8.8588586E-03   3.362136    
 -8.7987985E-03   3.405361    
 -8.7387385E-03   3.455979    
 -8.6786784E-03   3.515657    
 -8.6186174E-03   3.584491    
 -8.5585574E-03   3.661052    
 -8.4984973E-03   3.742656    
 -8.4384382E-03   3.825833    
 -8.3783781E-03   3.906995    
 -8.3183181E-03   3.983155    
 -8.2582571E-03   4.052477    
 -8.1981989E-03   4.114713    
 -8.1381388E-03   4.171255    
 -8.0780778E-03   4.225022    
 -8.0180177E-03   4.279981    
 -7.9579577E-03   4.340475    
 -7.8978967E-03   4.410443    
 -7.8378366E-03   4.492774    
 -7.7777766E-03   4.588814    
 -7.7177179E-03   4.697979    
 -7.6576574E-03   4.817953    
 -7.5975973E-03   4.944989    
 -7.5375368E-03   5.074577    
 -7.4774781E-03   5.202149    
 -7.4174176E-03   5.324022    
 -7.3573575E-03   5.437869    
 -7.2972970E-03   5.543297    
 -7.2372369E-03   5.641936    
 -7.1771764E-03   5.737059    
 -7.1171164E-03   5.833200    
 -7.0570558E-03   5.935256    
 -6.9969972E-03   6.047676    
 -6.9369366E-03   6.173676    
 -6.8768766E-03   6.314666    
 -6.8168161E-03   6.469975    
 -6.7567574E-03   6.636888    
 -6.6966973E-03   6.811224    
 -6.6366368E-03   6.987911    
 -6.5765749E-03   7.162038    
 -6.5165162E-03   7.329647    
 -6.4564561E-03   7.488457    
 -6.3963956E-03   7.638374    
 -6.3363351E-03   7.781572    
 -6.2762764E-03   7.922124    
 -6.2162164E-03   8.065449    
 -6.1561558E-03   8.217372    
 -6.0960958E-03   8.383134    
 -6.0360371E-03   8.566636    
 -5.9759766E-03   8.769723    
 -5.9159161E-03   8.991941    
 -5.8558546E-03   9.230661    
 -5.7957955E-03   9.481606    
 -5.7357354E-03   9.739658    
 -5.6756749E-03   9.999862    
 -5.6156148E-03   10.25832    
 -5.5555562E-03   10.51296    
 -5.4954956E-03   10.76408    
 -5.4354356E-03   11.01413    
 -5.3753750E-03   11.26762    
 -5.3153164E-03   11.53020    
 -5.2552558E-03   11.80763    
 -5.1951958E-03   12.10490    
 -5.1351339E-03   12.42543    
 -5.0750752E-03   12.77032    
 -5.0150147E-03   13.13834    
 -4.9549546E-03   13.52627    
 -4.8948941E-03   13.92950    
 -4.8348354E-03   14.34309    
 -4.7747749E-03   14.76296    
 -4.7147148E-03   15.18675    
 -4.6546543E-03   15.61463    
 -4.5945956E-03   16.04949    
 -4.5345356E-03   16.49687    
 -4.4744737E-03   16.96411    
 -4.4144131E-03   17.45918    
 -4.3543545E-03   17.98964    
 -4.2942939E-03   18.56143    
 -4.2342339E-03   19.17751    
 -4.1741733E-03   19.83786    
 -4.1141147E-03   20.53930    
 -4.0540546E-03   21.27620    
 -3.9939941E-03   22.04170    
 -3.9339340E-03   22.82911    
 -3.8738735E-03   23.63366    
 -3.8138148E-03   24.45358    
 -3.7537529E-03   25.29138    
 -3.6936926E-03   26.15361    
 -3.6336323E-03   27.05073    
 -3.5735737E-03   27.99598    
 -3.5135134E-03   29.00365    
 -3.4534528E-03   30.08737    
 -3.3933925E-03   31.25817    
 -3.3333339E-03   32.52335    
 -3.2732720E-03   33.88571    
 -3.2132133E-03   35.34365    
 -3.1531546E-03   36.89211    
 -3.0930927E-03   38.52451    
 -3.0330308E-03   40.23424    
 -2.9729721E-03   42.01722    
 -2.9129132E-03   43.87385    
 -2.8528513E-03   45.80999    
 -2.7927926E-03   47.83714    
 -2.7327307E-03   49.97206    
 -2.6726720E-03   52.23473    
 -2.6126101E-03   54.64650    
 -2.5525515E-03   57.22661    
 -2.4924928E-03   59.99045    
 -2.4324339E-03   62.94711    
 -2.3723720E-03   66.09830    
 -2.3123133E-03   69.43804    
 -2.2522514E-03   72.95505    
 -2.1921927E-03   76.63320    
 -2.1321308E-03   80.45636    
 -2.0720721E-03   84.40940    
 -2.0120135E-03   88.48203    
 -1.9519514E-03   92.67046    
 -1.8918928E-03   96.97607    
 -1.8318308E-03   101.4066    
 -1.7717720E-03   105.9708    
 -1.7117102E-03   110.6776    
 -1.6516515E-03   115.5296    
 -1.5915895E-03   120.5217    
 -1.5315340E-03   125.6357    
 -1.4714721E-03   130.8433    
 -1.4114134E-03   136.1034    
 -1.3513515E-03   141.3680    
 -1.2912896E-03   146.5863    
 -1.2312309E-03   151.7120    
 -1.1711690E-03   156.7112    
 -1.1111102E-03   161.5664    
 -1.0510515E-03   166.2836    
 -9.9099276E-04   170.8924    
 -9.3093090E-04   175.4446    
 -8.7087217E-04   180.0084    
 -8.1081025E-04   184.6606    
 -7.5075153E-04   189.4737    
 -6.9068966E-04   194.5053    
 -6.3062774E-04   199.7839    
 -5.7057216E-04   205.2988    
 -5.1051029E-04   210.9955    
 -4.5045157E-04   216.7699    
 -3.9038967E-04   222.4745    
 -3.3033092E-04   227.9245    
 -2.7026903E-04   232.9141    
 -2.1021030E-04   237.2299    
 -1.5014841E-04   240.6715    
 -9.0092843E-05   243.0694    
 -3.0030948E-05   244.3038    
  3.0027781E-05   244.3019    
  9.0089678E-05   243.0692    
  1.5015158E-04   240.6712    
  2.1021030E-04   237.2298    
  2.7027220E-04   232.9139    
  3.3033092E-04   227.9245    
  3.9038967E-04   222.4745    
  4.5044839E-04   216.7702    
  5.1051029E-04   210.9956    
  5.7056901E-04   205.2992    
  6.3063094E-04   199.7837    
  6.9068966E-04   194.5053    
  7.5075153E-04   189.4737    
  8.1081345E-04   184.6604    
  8.7086897E-04   180.0087    
  9.3093090E-04   175.4447    
  9.9098962E-04   170.8925    
  1.0510515E-03   166.2836    
  1.1111102E-03   161.5664    
  1.1711721E-03   156.7110    
  1.2312309E-03   151.7120    
  1.2912927E-03   146.5860    
  1.3513484E-03   141.3682    
  1.4114103E-03   136.1037    
  1.4714721E-03   130.8433    
  1.5315309E-03   125.6360    
  1.5915928E-03   120.5214    
  1.6516515E-03   115.5296    
  1.7117134E-03   110.6774    
  1.7717720E-03   105.9708    
  1.8318340E-03   101.4064    
  1.8918896E-03   96.97643    
  1.9519514E-03   92.67046    
  2.0120102E-03   88.48227    
  2.0720721E-03   84.40938    
  2.1321308E-03   80.45636    
  2.1921927E-03   76.63320    
  2.2522546E-03   72.95489    
  2.3123133E-03   69.43805    
  2.3723720E-03   66.09830    
  2.4324309E-03   62.94726    
  2.4924928E-03   59.99046    
  2.5525515E-03   57.22661    
  2.6126134E-03   54.64636    
  2.6726720E-03   52.23473    
  2.7327340E-03   49.97193    
  2.7927926E-03   47.83713    
  2.8528513E-03   45.80999    
  2.9129132E-03   43.87384    
  2.9729721E-03   42.01722    
  3.0330338E-03   40.23411    
  3.0930927E-03   38.52451    
  3.1531546E-03   36.89211    
  3.2132133E-03   35.34365    
  3.2732752E-03   33.88565    
  3.3333306E-03   32.52338    
  3.3933925E-03   31.25818    
  3.4534514E-03   30.08741    
  3.5135134E-03   29.00365    
  3.5735751E-03   27.99593    
  3.6336340E-03   27.05072    
  3.6936959E-03   26.15356    
  3.7537545E-03   25.29136    
  3.8138132E-03   24.45362    
  3.8738719E-03   23.63367    
  3.9339340E-03   22.82911    
  3.9939927E-03   22.04170    
  4.0540546E-03   21.27620    
  4.1141133E-03   20.53934    
  4.1741752E-03   19.83788    
  4.2342339E-03   19.17750    
  4.2942925E-03   18.56139    
  4.3543545E-03   17.98964    
  4.4144131E-03   17.45917    
  4.4744750E-03   16.96408    
  4.5345337E-03   16.49690    
  4.5945956E-03   16.04948    
  4.6546543E-03   15.61463    
  4.7147162E-03   15.18675    
  4.7747721E-03   14.76300    
  4.8348340E-03   14.34310    
  4.8948927E-03   13.92950    
  4.9549546E-03   13.52628    
  5.0150165E-03   13.13834    
  5.0750752E-03   12.77031    
  5.1351371E-03   12.42543    
  5.1951958E-03   12.10490    
  5.2552545E-03   11.80763    
  5.3153131E-03   11.53020    
  5.3753750E-03   11.26762    
  5.4354337E-03   11.01416    
  5.4954956E-03   10.76408    
  5.5555543E-03   10.51297    
  5.6156162E-03   10.25830    
  5.6756781E-03   9.999861    
  5.7357335E-03   9.739676    
  5.7957955E-03   9.481606    
  5.8558546E-03   9.230663    
  5.9159161E-03   8.991940    
  5.9759752E-03   8.769721    
  6.0360371E-03   8.566636    
  6.0960958E-03   8.383135    
  6.1561577E-03   8.217366    
  6.2162131E-03   8.065465    
  6.2762750E-03   7.922130    
  6.3363337E-03   7.781567    
  6.3963956E-03   7.638374    
  6.4564575E-03   7.488454    
  6.5165162E-03   7.329647    
  6.5765781E-03   7.162031    
  6.6366368E-03   6.987914    
  6.6966987E-03   6.811215    
  6.7567541E-03   6.636904    
  6.8168161E-03   6.469975    
  6.8768747E-03   6.314679    
  6.9369366E-03   6.173674    
  6.9969958E-03   6.047661    
  7.0570577E-03   5.935246    
  7.1171192E-03   5.833182    
  7.1771783E-03   5.737064    
  7.2372369E-03   5.641936    
  7.2972956E-03   5.543295    
  7.3573575E-03   5.437869    
  7.4174162E-03   5.324017    
  7.4774781E-03   5.202149    
  7.5375368E-03   5.074575    
  7.5975987E-03   4.944979    
  7.6576574E-03   4.817954    
  7.7177160E-03   4.697977    
  7.7777780E-03   4.588810    
  7.8378366E-03   4.492774    
  7.8978986E-03   4.410426    
  7.9579577E-03   4.340474    
  8.0180196E-03   4.279997    
  8.0780778E-03   4.225023    
  8.1381397E-03   4.171240    
  8.1981951E-03   4.114710    
  8.2582571E-03   4.052477    
  8.3183162E-03   3.983161    
  8.3783781E-03   3.906994    
  8.4384400E-03   3.825831    
  8.4984982E-03   3.742667    
  8.5585602E-03   3.661062    
  8.6186193E-03   3.584481    
  8.6786784E-03   3.515658    
  8.7387366E-03   3.455974    
  8.7987985E-03   3.405361    
  8.8588577E-03   3.362139    
  8.9189196E-03   3.323418    
  8.9789778E-03   3.285560    
  9.0390397E-03   3.244836    
  9.0990989E-03   3.198102    
  9.1591571E-03   3.143334    
  9.2192190E-03   3.079994    
  9.2792781E-03   3.009135    
  9.3393400E-03   2.933274    
  9.3993982E-03   2.855917    
  9.4594602E-03   2.780967    
  9.5195193E-03   2.712150    
  9.5795812E-03   2.652324    
  9.6396366E-03   2.603015    
  9.6996985E-03   2.564269    
  9.7597577E-03   2.534622    
  9.8198196E-03   2.511395    
  9.8798815E-03   2.491160    
  9.9399397E-03   2.470398    
  1.0000002E-02   2.446014    
  1.0060061E-02   2.415930    
  1.0120119E-02   2.379319    
  1.0180178E-02   2.336798    
  1.0240240E-02   2.290150    
  1.0300298E-02   2.242064    
  1.0360360E-02   2.195520    
  1.0420419E-02   2.153313    
  1.0480481E-02   2.117496    
  1.0540543E-02   2.088988    
  1.0600599E-02   2.067515    
  1.0660660E-02   2.051547    
  1.0720720E-02   2.038671    
  1.0780781E-02   2.026066    
  1.0840840E-02   2.010935    
  1.0900902E-02   1.991102    
  1.0960961E-02   1.965365    
  1.1021023E-02   1.933772    
  1.1081078E-02   1.897542    
  1.1141140E-02   1.858883    
  1.1201198E-02   1.820677    
  1.1261260E-02   1.785821    
  1.1321322E-02   1.756834    
  1.1381381E-02   1.735293    
  1.1441443E-02   1.721612    
  1.1501501E-02   1.714982    
  1.1561563E-02   1.713408    
  1.1621619E-02   1.714110    
  1.1681681E-02   1.713985    
  1.1741740E-02   1.710140    
  1.1801802E-02   1.700397    
  1.1861861E-02   1.683624    
  1.1921923E-02   1.660005    
  1.1981984E-02   1.630895    
  1.2042043E-02   1.598691    
  1.2102102E-02   1.566330    
  1.2162160E-02   1.536801    
  1.2222222E-02   1.512632    
  1.2282281E-02   1.495487    
  1.2342343E-02   1.485816    
  1.2402401E-02   1.482831    
  1.2462463E-02   1.484604    
  1.2522522E-02   1.488479    
  1.2582581E-02   1.491441    
  1.2642642E-02   1.490717    
  1.2702702E-02   1.484162    
  1.2762764E-02   1.470700    
  1.2822822E-02   1.450445    
  1.2882884E-02   1.424674    
  1.2942943E-02   1.395619    
  1.3003005E-02   1.366004    
  1.3063060E-02   1.338632    
  1.3123122E-02   1.315888    
  1.3183181E-02   1.299284    
  1.3243243E-02   1.289262    
  1.3303301E-02   1.285105    
  1.3363363E-02   1.285067    
  1.3423425E-02   1.286760    
  1.3483484E-02   1.287462    
  1.3543542E-02   1.284726    
  1.3603602E-02   1.276711    
  1.3663664E-02   1.262532    
  1.3723722E-02   1.242435    
  1.3783784E-02   1.217724    
  1.3843843E-02   1.190515    
  1.3903905E-02   1.163338    
  1.3963963E-02   1.138776    
  1.4024022E-02   1.118911    
  1.4084084E-02   1.105047    
  1.4144143E-02   1.097420    
  1.4204205E-02   1.095238    
  1.4264263E-02   1.096753    
  1.4324325E-02   1.099621    
  1.4384384E-02   1.101307    
  1.4444446E-02   1.099512    
  1.4504502E-02   1.092598    
  1.4564564E-02   1.079801    
  1.4624622E-02   1.061455    
  1.4684684E-02   1.038831    
  1.4744746E-02   1.013946    
  1.4804805E-02  0.9892288    
  1.4864867E-02  0.9670230    
  1.4924925E-02  0.9492733    
  1.4984984E-02  0.9370867    
  1.5045043E-02  0.9306477    
  1.5105105E-02  0.9291378    
  1.5165163E-02  0.9309322    
  1.5225225E-02  0.9338553    
  1.5285284E-02  0.9356011    
  1.5345346E-02  0.9341326    
  1.5405404E-02  0.9280363    
  1.5465464E-02  0.9167765    
  1.5525525E-02  0.9007596    
  1.5585584E-02  0.8812875    
  1.5645646E-02  0.8602774    
  1.5705705E-02  0.8399910    
  1.5765766E-02  0.8225269    
  1.5825825E-02  0.8095818    
  1.5885888E-02  0.8020490    
  1.5945943E-02  0.7999277    
  1.6006004E-02  0.8022971    
  1.6066063E-02  0.8075216    
  1.6126124E-02  0.8135172    
  1.6186187E-02  0.8181141    
  1.6246246E-02  0.8194637    
  1.6306307E-02  0.8163203    
  1.6366366E-02  0.8083196    
  1.6426429E-02  0.7959524    
  1.6486485E-02  0.7805536    
  1.6546546E-02  0.7639660    
  1.6606605E-02  0.7483121    
  1.6666666E-02  0.7355257    
  1.6726725E-02  0.7270604    
  1.6786788E-02  0.7236149    
  1.6846849E-02  0.7250140    
  1.6906908E-02  0.7302352    
  1.6966967E-02  0.7375948    
  1.7027024E-02  0.7450222    
  1.7087087E-02  0.7504166    
  1.7147146E-02  0.7520459    
  1.7207207E-02  0.7487724    
  1.7267266E-02  0.7402999    
  1.7327327E-02  0.7272083    
  1.7387386E-02  0.7108067    
  1.7447446E-02  0.6929008    
  1.7507505E-02  0.6755463    
  1.7567566E-02  0.6605583    
  1.7627629E-02  0.6493331    
  1.7687688E-02  0.6425327    
  1.7747749E-02  0.6400045    
  1.7807808E-02  0.6408247    
  1.7867869E-02  0.6434916    
  1.7927924E-02  0.6461551    
  1.7987987E-02  0.6470368    
  1.8048046E-02  0.6446815    
  1.8108107E-02  0.6382374    
  1.8168166E-02  0.6276591    
  1.8228227E-02  0.6136252    
  1.8288290E-02  0.5975298    
  1.8348349E-02  0.5811398    
  1.8408408E-02  0.5663483    
  1.8468466E-02  0.5548313    
  1.8528529E-02  0.5477329    
  1.8588588E-02  0.5455106    
  1.8648649E-02  0.5477935    
  1.8708708E-02  0.5535094    
  1.8768769E-02  0.5610503    
  1.8828828E-02  0.5685337    
  1.8888887E-02  0.5741571    
  1.8948948E-02  0.5764678    
  1.9009007E-02  0.5746483    
  1.9069070E-02  0.5686150    
  1.9129127E-02  0.5590010    
  1.9189190E-02  0.5471059    
  1.9249249E-02  0.5345532    
  1.9309310E-02  0.5230546    
  1.9369366E-02  0.5141101    
  1.9429429E-02  0.5087230    
  1.9489488E-02  0.5071995    
  1.9549549E-02  0.5091817    
  1.9609608E-02  0.5136136    
  1.9669669E-02  0.5190370    
  1.9729732E-02  0.5238103    
  1.9789791E-02  0.5263729    
  1.9849848E-02  0.5256241    
  1.9909907E-02  0.5210357    
  1.9969970E-02  0.5127959    
  2.0030027E-02  0.5017926    
  2.0090090E-02  0.4894082    
  2.0150149E-02  0.4773310    
  2.0210210E-02  0.4672225    
  2.0270269E-02  0.4604643    
  2.0330328E-02  0.4578609    
  2.0390389E-02  0.4595672    
  2.0450449E-02  0.4649563    
  2.0510510E-02  0.4728394    
  2.0570569E-02  0.4815794    
  2.0630632E-02  0.4894224    
  2.0690691E-02  0.4947423    
  2.0750752E-02  0.4963897    
  2.0810807E-02  0.4938041    
  2.0870870E-02  0.4871688    
  2.0930927E-02  0.4773132    
  2.0990990E-02  0.4655949    
  2.1051051E-02  0.4536530    
  2.1111110E-02  0.4431081    
  2.1171173E-02  0.4352855    
  2.1231230E-02  0.4309882    
  2.1291289E-02  0.4303537    
  2.1351349E-02  0.4328673    
  2.1411410E-02  0.4374215    
  2.1471469E-02  0.4425327    
  2.1531532E-02  0.4466237    
  2.1591591E-02  0.4482783    
  2.1651652E-02  0.4465043    
  2.1711711E-02  0.4409149    
  2.1771770E-02  0.4317880    
  2.1831831E-02  0.4199990    
  2.1891890E-02  0.4069029    
  2.1951951E-02  0.3940523    
  2.2012010E-02  0.3829757    
  2.2072073E-02  0.3748803    
  2.2132130E-02  0.3704419    
  2.2192193E-02  0.3697180    
  2.2252252E-02  0.3721426    
  2.2312310E-02  0.3766324    
  2.2372369E-02  0.3817545    
  2.2432432E-02  0.3860435    
  2.2492493E-02  0.3882126    
  2.2552552E-02  0.3873940    
  2.2612613E-02  0.3833172    
  2.2672672E-02  0.3763009    
  2.2732735E-02  0.3672222    
  2.2792790E-02  0.3573625    
  2.2852851E-02  0.3481506    
  2.2912910E-02  0.3409147    
  2.2972973E-02  0.3366407    
  2.3033030E-02  0.3358077    
  2.3093093E-02  0.3382756    
  2.3153152E-02  0.3433437    
  2.3213213E-02  0.3498209    
  2.3273276E-02  0.3562930    
  2.3333332E-02  0.3613271    
  2.3393393E-02  0.3637617    
  2.3453455E-02  0.3628651    
  2.3513511E-02  0.3585132    
  2.3573572E-02  0.3511882    
  2.3633635E-02  0.3418921    
  2.3693690E-02  0.3319807    
  2.3753751E-02  0.3229146    
  2.3813814E-02  0.3160121    
  2.3873875E-02  0.3122337    
  2.3933938E-02  0.3119707    
  2.3993993E-02  0.3150376    
  2.4054054E-02  0.3206536    
  2.4114110E-02  0.3275926    
  2.4174172E-02  0.3344016    
  2.4234233E-02  0.3396746    
  2.4294296E-02  0.3422398    
  2.4354352E-02  0.3414120    
  2.4414413E-02  0.3370695    
  2.4474468E-02  0.3297232    
  2.4534537E-02  0.3203538    
  2.4594592E-02  0.3103001    
  2.4654655E-02  0.3009968    
  2.4714710E-02  0.2937141    
  2.4774779E-02  0.2893764    
  2.4834834E-02  0.2883916    
  2.4894895E-02  0.2905600    
  2.4954952E-02  0.2951561    
  2.5015013E-02  0.3010458    
  2.5075076E-02  0.3068920    
  2.5135132E-02  0.3113861    
  2.5195193E-02  0.3135011    
  2.5255255E-02  0.3126294    
  2.5315316E-02  0.3087319    
  2.5375372E-02  0.3023053    
  2.5435435E-02  0.2943072    
  2.5495496E-02  0.2859783    
  2.5555551E-02  0.2786103    
  2.5615614E-02  0.2733347    
  2.5675675E-02  0.2709145    
  2.5735738E-02  0.2716207    
  2.5795793E-02  0.2751496    
  2.5855854E-02  0.2807309    
  2.5915917E-02  0.2872266    
  2.5975972E-02  0.2933556    
  2.6036033E-02  0.2978849    
  2.6096096E-02  0.2998942    
  2.6156157E-02  0.2988844    
  2.6216213E-02  0.2948914    
  2.6276276E-02  0.2884542    
  2.6336337E-02  0.2805200    
  2.6396392E-02  0.2722813    
  2.6456455E-02  0.2649544    
  2.6516510E-02  0.2595317    
  2.6576579E-02  0.2566814    
  2.6636634E-02  0.2565441    
  2.6696695E-02  0.2587937    
  2.6756758E-02  0.2626503    
  2.6816819E-02  0.2670222    
  2.6876874E-02  0.2707481    
  2.6936932E-02  0.2727834    
  2.6996998E-02  0.2723813    
  2.7057055E-02  0.2692531    
  2.7117116E-02  0.2635989    
  2.7177172E-02  0.2561164    
  2.7237240E-02  0.2478098    
  2.7297296E-02  0.2398904    
  2.7357351E-02  0.2334930    
  2.7417419E-02  0.2295301    
  2.7477475E-02  0.2284801    
  2.7537538E-02  0.2303208    
  2.7597593E-02  0.2345494    
  2.7657662E-02  0.2402180    
  2.7717717E-02  0.2461560    
  2.7777778E-02  0.2511172    
  2.7837833E-02  0.2540508    
  2.7897896E-02  0.2542471    
  2.7957957E-02  0.2514833    
  2.8018013E-02  0.2460431    
  2.8078081E-02  0.2386994    
  2.8138136E-02  0.2305526    
  2.8198199E-02  0.2228545    
  2.8258255E-02  0.2167768    
  2.8318323E-02  0.2132173    
  2.8378379E-02  0.2126564    
  2.8438434E-02  0.2150364    
  2.8498495E-02  0.2198117    
  2.8558558E-02  0.2260134    
  2.8618619E-02  0.2324568    
  2.8678674E-02  0.2378865    
  2.8738743E-02  0.2412604    
  2.8798798E-02  0.2418810    
  2.8858854E-02  0.2395401    
  2.8918916E-02  0.2345347    
  2.8978977E-02  0.2276222    
  2.9039040E-02  0.2198833    
  2.9099096E-02  0.2125184    
  2.9159158E-02  0.2066614    
  2.9219219E-02  0.2031476    
  2.9279280E-02  0.2023974    
  2.9339338E-02  0.2043280    
  2.9399393E-02  0.2083769    
  2.9459462E-02  0.2135996    
  2.9519517E-02  0.2188344    
  2.9579578E-02  0.2229246    
  2.9639641E-02  0.2249210    
  2.9699702E-02  0.2242133    
  2.9759757E-02  0.2206892    
  2.9819813E-02  0.2147503    
  2.9879881E-02  0.2071913    
  2.9939936E-02  0.1991413    
  2.9999999E-02  0.1918040    
