 -2.9999999E-02  0.1603272    
 -2.9939940E-02  0.1633136    
 -2.9879877E-02  0.1664692    
 -2.9819820E-02  0.1696562    
 -2.9759757E-02  0.1727486    
 -2.9699698E-02  0.1756325    
 -2.9639637E-02  0.1782218    
 -2.9579578E-02  0.1804739    
 -2.9519519E-02  0.1823857    
 -2.9459458E-02  0.1839899    
 -2.9399399E-02  0.1853472    
 -2.9339338E-02  0.1865468    
 -2.9279279E-02  0.1876561    
 -2.9219219E-02  0.1887573    
 -2.9159158E-02  0.1899010    
 -2.9099099E-02  0.1911142    
 -2.9039036E-02  0.1923981    
 -2.8978977E-02  0.1937392    
 -2.8918916E-02  0.1950769    
 -2.8858857E-02  0.1963690    
 -2.8798798E-02  0.1975553    
 -2.8738737E-02  0.1985921    
 -2.8678678E-02  0.1994395    
 -2.8618617E-02  0.2000767    
 -2.8558558E-02  0.2005038    
 -2.8498499E-02  0.2007245    
 -2.8438438E-02  0.2007729    
 -2.8378379E-02  0.2006704    
 -2.8318316E-02  0.2004612    
 -2.8258258E-02  0.2001666    
 -2.8198196E-02  0.1998113    
 -2.8138136E-02  0.1994380    
 -2.8078077E-02  0.1990530    
 -2.8018016E-02  0.1986898    
 -2.7957957E-02  0.1983678    
 -2.7897896E-02  0.1981176    
 -2.7837837E-02  0.1979653    
 -2.7777778E-02  0.1979472    
 -2.7717717E-02  0.1980883    
 -2.7657658E-02  0.1984016    
 -2.7597595E-02  0.1988990    
 -2.7537538E-02  0.1995796    
 -2.7477475E-02  0.2004120    
 -2.7417416E-02  0.2013659    
 -2.7357358E-02  0.2023771    
 -2.7297296E-02  0.2034088    
 -2.7237236E-02  0.2043956    
 -2.7177176E-02  0.2052993    
 -2.7117116E-02  0.2060952    
 -2.7057055E-02  0.2067770    
 -2.6996996E-02  0.2073720    
 -2.6936937E-02  0.2079210    
 -2.6876874E-02  0.2084830    
 -2.6816817E-02  0.2091300    
 -2.6756754E-02  0.2099285    
 -2.6696695E-02  0.2109394    
 -2.6636634E-02  0.2121988    
 -2.6576575E-02  0.2137314    
 -2.6516516E-02  0.2155292    
 -2.6456455E-02  0.2175496    
 -2.6396396E-02  0.2197529    
 -2.6336335E-02  0.2220820    
 -2.6276276E-02  0.2244735    
 -2.6216215E-02  0.2268848    
 -2.6156155E-02  0.2292664    
 -2.6096096E-02  0.2316310    
 -2.6036033E-02  0.2339533    
 -2.5975976E-02  0.2362708    
 -2.5915915E-02  0.2386001    
 -2.5855854E-02  0.2409692    
 -2.5795795E-02  0.2433951    
 -2.5735734E-02  0.2458789    
 -2.5675675E-02  0.2483963    
 -2.5615616E-02  0.2509039    
 -2.5555555E-02  0.2533429    
 -2.5495494E-02  0.2556455    
 -2.5435435E-02  0.2577464    
 -2.5375376E-02  0.2596031    
 -2.5315313E-02  0.2611870    
 -2.5255255E-02  0.2625047    
 -2.5195194E-02  0.2635957    
 -2.5135133E-02  0.2645396    
 -2.5075074E-02  0.2654393    
 -2.5015013E-02  0.2663972    
 -2.4954954E-02  0.2675321    
 -2.4894895E-02  0.2689391    
 -2.4834834E-02  0.2706862    
 -2.4774773E-02  0.2728012    
 -2.4714714E-02  0.2752646    
 -2.4654653E-02  0.2780229    
 -2.4594592E-02  0.2809725    
 -2.4534535E-02  0.2840030    
 -2.4474474E-02  0.2869829    
 -2.4414413E-02  0.2897917    
 -2.4354354E-02  0.2923233    
 -2.4294293E-02  0.2945307    
 -2.4234233E-02  0.2963723    
 -2.4174174E-02  0.2978680    
 -2.4114113E-02  0.2990738    
 -2.4054052E-02  0.3000640    
 -2.3993993E-02  0.3009388    
 -2.3933932E-02  0.3017986    
 -2.3873873E-02  0.3027080    
 -2.3813814E-02  0.3037454    
 -2.3753753E-02  0.3049395    
 -2.3693692E-02  0.3062797    
 -2.3633633E-02  0.3077359    
 -2.3573572E-02  0.3092675    
 -2.3513513E-02  0.3107935    
 -2.3453454E-02  0.3122723    
 -2.3393393E-02  0.3136321    
 -2.3333333E-02  0.3148586    
 -2.3273272E-02  0.3159446    
 -2.3213211E-02  0.3169362    
 -2.3153152E-02  0.3178847    
 -2.3093093E-02  0.3188998    
 -2.3033030E-02  0.3200943    
 -2.2972973E-02  0.3215916    
 -2.2912912E-02  0.3235041    
 -2.2852851E-02  0.3259487    
 -2.2792792E-02  0.3289677    
 -2.2732731E-02  0.3325911    
 -2.2672672E-02  0.3368075    
 -2.2612613E-02  0.3415353    
 -2.2552552E-02  0.3466412    
 -2.2492493E-02  0.3519508    
 -2.2432432E-02  0.3572600    
 -2.2372372E-02  0.3623309    
 -2.2312310E-02  0.3669373    
 -2.2252252E-02  0.3708560    
 -2.2192191E-02  0.3739261    
 -2.2132130E-02  0.3760217    
 -2.2072071E-02  0.3771050    
 -2.2012010E-02  0.3772265    
 -2.1951951E-02  0.3764890    
 -2.1891892E-02  0.3751161    
 -2.1831831E-02  0.3733572    
 -2.1771770E-02  0.3715363    
 -2.1711711E-02  0.3699650    
 -2.1651652E-02  0.3689349    
 -2.1591591E-02  0.3686998    
 -2.1531532E-02  0.3694282    
 -2.1471471E-02  0.3711728    
 -2.1411410E-02  0.3739050    
 -2.1351350E-02  0.3774801    
 -2.1291289E-02  0.3816408    
 -2.1231230E-02  0.3861049    
 -2.1171171E-02  0.3905265    
 -2.1111110E-02  0.3945968    
 -2.1051051E-02  0.3980328    
 -2.0990990E-02  0.4006298    
 -2.0930931E-02  0.4023017    
 -2.0870870E-02  0.4030824    
 -2.0810811E-02  0.4030913    
 -2.0750750E-02  0.4025685    
 -2.0690691E-02  0.4018137    
 -2.0630630E-02  0.4011595    
 -2.0570569E-02  0.4009322    
 -2.0510510E-02  0.4013981    
 -2.0450450E-02  0.4027638    
 -2.0390389E-02  0.4051286    
 -2.0330330E-02  0.4084905    
 -2.0270269E-02  0.4127405    
 -2.0210210E-02  0.4176824    
 -2.0150149E-02  0.4230894    
 -2.0090090E-02  0.4286781    
 -2.0030027E-02  0.4341871    
 -1.9969970E-02  0.4393989    
 -1.9909909E-02  0.4441595    
 -1.9849848E-02  0.4483699    
 -1.9789791E-02  0.4520127    
 -1.9729730E-02  0.4551508    
 -1.9669669E-02  0.4578872    
 -1.9609608E-02  0.4603520    
 -1.9549549E-02  0.4627030    
 -1.9489488E-02  0.4650771    
 -1.9429429E-02  0.4675889    
 -1.9369369E-02  0.4703480    
 -1.9309307E-02  0.4734069    
 -1.9249249E-02  0.4767973    
 -1.9189188E-02  0.4805436    
 -1.9129127E-02  0.4846413    
 -1.9069070E-02  0.4890779    
 -1.9009007E-02  0.4938228    
 -1.8948948E-02  0.4988619    
 -1.8888887E-02  0.5041620    
 -1.8828828E-02  0.5096731    
 -1.8768767E-02  0.5152819    
 -1.8708708E-02  0.5209361    
 -1.8648649E-02  0.5264881    
 -1.8588588E-02  0.5318043    
 -1.8528529E-02  0.5367496    
 -1.8468468E-02  0.5412133    
 -1.8408408E-02  0.5450979    
 -1.8348349E-02  0.5483733    
 -1.8288286E-02  0.5510759    
 -1.8228227E-02  0.5532852    
 -1.8168166E-02  0.5551694    
 -1.8108107E-02  0.5569060    
 -1.8048048E-02  0.5587319    
 -1.7987987E-02  0.5608481    
 -1.7927926E-02  0.5634413    
 -1.7867867E-02  0.5665902    
 -1.7807808E-02  0.5703140    
 -1.7747747E-02  0.5745261    
 -1.7687688E-02  0.5790675    
 -1.7627629E-02  0.5836973    
 -1.7567566E-02  0.5881651    
 -1.7507508E-02  0.5922231    
 -1.7447446E-02  0.5956599    
 -1.7387386E-02  0.5983942    
 -1.7327327E-02  0.6004308    
 -1.7267266E-02  0.6018920    
 -1.7207205E-02  0.6030278    
 -1.7147146E-02  0.6041458    
 -1.7087087E-02  0.6056187    
 -1.7027026E-02  0.6077800    
 -1.6966967E-02  0.6108781    
 -1.6906908E-02  0.6150783    
 -1.6846845E-02  0.6203656    
 -1.6786788E-02  0.6265801    
 -1.6726725E-02  0.6334307    
 -1.6666666E-02  0.6405014    
 -1.6606607E-02  0.6473466    
 -1.6546546E-02  0.6534986    
 -1.6486485E-02  0.6586118    
 -1.6426425E-02  0.6624652    
 -1.6366364E-02  0.6650149    
 -1.6306305E-02  0.6664193    
 -1.6246246E-02  0.6670071    
 -1.6186185E-02  0.6672880    
 -1.6126124E-02  0.6677969    
 -1.6066065E-02  0.6691245    
 -1.6006006E-02  0.6717886    
 -1.5945945E-02  0.6761326    
 -1.5885886E-02  0.6823258    
 -1.5825825E-02  0.6903131    
 -1.5765766E-02  0.6998127    
 -1.5705707E-02  0.7103809    
 -1.5645644E-02  0.7214260    
 -1.5585584E-02  0.7323008    
 -1.5525525E-02  0.7424034    
 -1.5465464E-02  0.7512261    
 -1.5405404E-02  0.7584624    
 -1.5345344E-02  0.7639468    
 -1.5285285E-02  0.7677772    
 -1.5225225E-02  0.7702301    
 -1.5165165E-02  0.7717137    
 -1.5105105E-02  0.7727259    
 -1.5045046E-02  0.7737536    
 -1.4984986E-02  0.7752429    
 -1.4924924E-02  0.7775000    
 -1.4864863E-02  0.7806746    
 -1.4804805E-02  0.7847505    
 -1.4744745E-02  0.7895606    
 -1.4684684E-02  0.7948418    
 -1.4624624E-02  0.8002617    
 -1.4564564E-02  0.8054979    
 -1.4504504E-02  0.8103063    
 -1.4444444E-02  0.8145561    
 -1.4384384E-02  0.8182808    
 -1.4324325E-02  0.8216476    
 -1.4264263E-02  0.8249450    
 -1.4204203E-02  0.8285854    
 -1.4144143E-02  0.8329823    
 -1.4084082E-02  0.8385552    
 -1.4024024E-02  0.8456143    
 -1.3963963E-02  0.8543215    
 -1.3903903E-02  0.8647194    
 -1.3843843E-02  0.8766218    
 -1.3783784E-02  0.8897299    
 -1.3723724E-02  0.9036062    
 -1.3663664E-02  0.9177665    
 -1.3603603E-02  0.9317135    
 -1.3543542E-02  0.9449831    
 -1.3483482E-02  0.9572799    
 -1.3423422E-02  0.9683912    
 -1.3363361E-02  0.9783263    
 -1.3303303E-02  0.9872294    
 -1.3243243E-02  0.9953897    
 -1.3183182E-02   1.003213    
 -1.3123122E-02   1.011149    
 -1.3063064E-02   1.019682    
 -1.3003003E-02   1.029195    
 -1.2942943E-02   1.040051    
 -1.2882883E-02   1.052432    
 -1.2822822E-02   1.066432    
 -1.2762762E-02   1.081997    
 -1.2702702E-02   1.098936    
 -1.2642642E-02   1.117015    
 -1.2582582E-02   1.135895    
 -1.2522522E-02   1.155223    
 -1.2462462E-02   1.174674    
 -1.2402401E-02   1.193930    
 -1.2342343E-02   1.212793    
 -1.2282282E-02   1.231057    
 -1.2222222E-02   1.248650    
 -1.2162160E-02   1.265608    
 -1.2102102E-02   1.281960    
 -1.2042041E-02   1.297845    
 -1.1981981E-02   1.313402    
 -1.1921921E-02   1.328835    
 -1.1861862E-02   1.344313    
 -1.1801802E-02   1.360026    
 -1.1741742E-02   1.376109    
 -1.1681681E-02   1.392732    
 -1.1621622E-02   1.409990    
 -1.1561562E-02   1.427989    
 -1.1501501E-02   1.446800    
 -1.1441439E-02   1.466502    
 -1.1381381E-02   1.487142    
 -1.1321321E-02   1.508791    
 -1.1261260E-02   1.531532    
 -1.1201200E-02   1.555370    
 -1.1141141E-02   1.580373    
 -1.1081081E-02   1.606516    
 -1.1021021E-02   1.633789    
 -1.0960961E-02   1.662051    
 -1.0900902E-02   1.691179    
 -1.0840842E-02   1.720911    
 -1.0780780E-02   1.750949    
 -1.0720720E-02   1.780955    
 -1.0660660E-02   1.810544    
 -1.0600600E-02   1.839313    
 -1.0540539E-02   1.866954    
 -1.0480479E-02   1.893132    
 -1.0420421E-02   1.917706    
 -1.0360360E-02   1.940622    
 -1.0300300E-02   1.961955    
 -1.0240240E-02   1.981904    
 -1.0180181E-02   2.000837    
 -1.0120121E-02   2.019184    
 -1.0060059E-02   2.037395    
 -9.9999988E-03   2.055994    
 -9.9399397E-03   2.075405    
 -9.8798797E-03   2.096009    
 -9.8198196E-03   2.118065    
 -9.7597586E-03   2.141733    
 -9.6997004E-03   2.167020    
 -9.6396394E-03   2.193908    
 -9.5795793E-03   2.222256    
 -9.5195193E-03   2.251908    
 -9.4594602E-03   2.282741    
 -9.3994001E-03   2.314631    
 -9.3393382E-03   2.347530    
 -9.2792781E-03   2.381426    
 -9.2192180E-03   2.416362    
 -9.1591589E-03   2.452407    
 -9.0990989E-03   2.489619    
 -9.0390379E-03   2.528001    
 -8.9789778E-03   2.567482    
 -8.9189196E-03   2.607989    
 -8.8588586E-03   2.649294    
 -8.7987985E-03   2.691144    
 -8.7387385E-03   2.733273    
 -8.6786784E-03   2.775444    
 -8.6186174E-03   2.817463    
 -8.5585574E-03   2.859262    
 -8.4984973E-03   2.900890    
 -8.4384382E-03   2.942566    
 -8.3783781E-03   2.984587    
 -8.3183181E-03   3.027424    
 -8.2582571E-03   3.071520    
 -8.1981989E-03   3.117377    
 -8.1381388E-03   3.165426    
 -8.0780778E-03   3.216006    
 -8.0180177E-03   3.269338    
 -7.9579577E-03   3.325582    
 -7.8978967E-03   3.384765    
 -7.8378366E-03   3.446888    
 -7.7777766E-03   3.512001    
 -7.7177179E-03   3.580163    
 -7.6576574E-03   3.651570    
 -7.5975973E-03   3.726450    
 -7.5375368E-03   3.805182    
 -7.4774781E-03   3.888101    
 -7.4174176E-03   3.975527    
 -7.3573575E-03   4.067616    
 -7.2972970E-03   4.164390    
 -7.2372369E-03   4.265504    
 -7.1771764E-03   4.370345    
 -7.1171164E-03   4.478080    
 -7.0570558E-03   4.587614    
 -6.9969972E-03   4.697869    
 -6.9369366E-03   4.807849    
 -6.8768766E-03   4.916814    
 -6.8168161E-03   5.024442    
 -6.7567574E-03   5.131015    
 -6.6966973E-03   5.237367    
 -6.6366368E-03   5.344947    
 -6.5765749E-03   5.455664    
 -6.5165162E-03   5.571702    
 -6.4564561E-03   5.695255    
 -6.3963956E-03   5.828370    
 -6.3363351E-03   5.972636    
 -6.2762764E-03   6.128909    
 -6.2162164E-03   6.297387    
 -6.1561558E-03   6.477419    
 -6.0960958E-03   6.667760    
 -6.0360371E-03   6.866633    
 -5.9759766E-03   7.072147    
 -5.9159161E-03   7.282518    
 -5.8558546E-03   7.496337    
 -5.7957955E-03   7.712883    
 -5.7357354E-03   7.932249    
 -5.6756749E-03   8.155309    
 -5.6156148E-03   8.383572    
 -5.5555562E-03   8.619128    
 -5.4954956E-03   8.864128    
 -5.4354356E-03   9.120683    
 -5.3753750E-03   9.390337    
 -5.3153164E-03   9.673924    
 -5.2552558E-03   9.971495    
 -5.1951958E-03   10.28230    
 -5.1351339E-03   10.60500    
 -5.0750752E-03   10.93791    
 -5.0150147E-03   11.27954    
 -4.9549546E-03   11.62880    
 -4.8948941E-03   11.98550    
 -4.8348354E-03   12.35060    
 -4.7747749E-03   12.72626    
 -4.7147148E-03   13.11573    
 -4.6546543E-03   13.52311    
 -4.5945956E-03   13.95293    
 -4.5345356E-03   14.40981    
 -4.4744737E-03   14.89763    
 -4.4144131E-03   15.41934    
 -4.3543545E-03   15.97663    
 -4.2942939E-03   16.56992    
 -4.2342339E-03   17.19829    
 -4.1741733E-03   17.86018    
 -4.1141147E-03   18.55360    
 -4.0540546E-03   19.27704    
 -3.9939941E-03   20.02989    
 -3.9339340E-03   20.81318    
 -3.8738735E-03   21.62967    
 -3.8138148E-03   22.48407    
 -3.7537529E-03   23.38291    
 -3.6936926E-03   24.33377    
 -3.6336323E-03   25.34477    
 -3.5735737E-03   26.42393    
 -3.5135134E-03   27.57814    
 -3.4534528E-03   28.81254    
 -3.3933925E-03   30.13026    
 -3.3333339E-03   31.53239    
 -3.2732720E-03   33.01814    
 -3.2132133E-03   34.58551    
 -3.1531546E-03   36.23234    
 -3.0930927E-03   37.95725    
 -3.0330308E-03   39.76033    
 -2.9729721E-03   41.64447    
 -2.9129132E-03   43.61568    
 -2.8528513E-03   45.68328    
 -2.7927926E-03   47.85900    
 -2.7327307E-03   50.15731    
 -2.6726720E-03   52.59308    
 -2.6126101E-03   55.18162    
 -2.5525515E-03   57.93559    
 -2.4924928E-03   60.86592    
 -2.4324339E-03   63.97938    
 -2.3723720E-03   67.27881    
 -2.3123133E-03   70.76301    
 -2.2522514E-03   74.42772    
 -2.1921927E-03   78.26578    
 -2.1321308E-03   82.26933    
 -2.0720721E-03   86.43004    
 -2.0120135E-03   90.74078    
 -1.9519514E-03   95.19684    
 -1.8918928E-03   99.79418    
 -1.8318308E-03   104.5320    
 -1.7717720E-03   109.4093    
 -1.7117102E-03   114.4259    
 -1.6516515E-03   119.5795    
 -1.5915895E-03   124.8654    
 -1.5315340E-03   130.2742    
 -1.4714721E-03   135.7936    
 -1.4114134E-03   141.4044    
 -1.3513515E-03   147.0851    
 -1.2912896E-03   152.8098    
 -1.2312309E-03   158.5510    
 -1.1711690E-03   164.2823    
 -1.1111102E-03   169.9779    
 -1.0510515E-03   175.6158    
 -9.9099276E-04   181.1779    
 -9.3093090E-04   186.6497    
 -8.7087217E-04   192.0194    
 -8.1081025E-04   197.2772    
 -7.5075153E-04   202.4117    
 -6.9068966E-04   207.4092    
 -6.3062774E-04   212.2494    
 -5.7057216E-04   216.9037    
 -5.1051029E-04   221.3363    
 -4.5045157E-04   225.4999    
 -3.9038967E-04   229.3405    
 -3.3033092E-04   232.7970    
 -2.7026903E-04   235.8058    
 -2.1021030E-04   238.3040    
 -1.5014841E-04   240.2345    
 -9.0092843E-05   241.5503    
 -3.0030948E-05   242.2207    
  3.0027781E-05   242.2192    
  9.0089678E-05   241.5501    
  1.5015158E-04   240.2345    
  2.1021030E-04   238.3040    
  2.7027220E-04   235.8055    
  3.3033092E-04   232.7970    
  3.9038967E-04   229.3405    
  4.5044839E-04   225.5000    
  5.1051029E-04   221.3362    
  5.7056901E-04   216.9040    
  6.3063094E-04   212.2492    
  6.9068966E-04   207.4092    
  7.5075153E-04   202.4117    
  8.1081345E-04   197.2769    
  8.7086897E-04   192.0196    
  9.3093090E-04   186.6497    
  9.9098962E-04   181.1780    
  1.0510515E-03   175.6158    
  1.1111102E-03   169.9779    
  1.1711721E-03   164.2820    
  1.2312309E-03   158.5510    
  1.2912927E-03   152.8095    
  1.3513484E-03   147.0854    
  1.4114103E-03   141.4047    
  1.4714721E-03   135.7936    
  1.5315309E-03   130.2745    
  1.5915928E-03   124.8651    
  1.6516515E-03   119.5795    
  1.7117134E-03   114.4257    
  1.7717720E-03   109.4093    
  1.8318340E-03   104.5318    
  1.8918896E-03   99.79441    
  1.9519514E-03   95.19682    
  2.0120102E-03   90.74110    
  2.0720721E-03   86.43004    
  2.1321308E-03   82.26932    
  2.1921927E-03   78.26576    
  2.2522546E-03   74.42752    
  2.3123133E-03   70.76302    
  2.3723720E-03   67.27879    
  2.4324309E-03   63.97951    
  2.4924928E-03   60.86592    
  2.5525515E-03   57.93559    
  2.6126134E-03   55.18147    
  2.6726720E-03   52.59307    
  2.7327340E-03   50.15724    
  2.7927926E-03   47.85900    
  2.8528513E-03   45.68328    
  2.9129132E-03   43.61569    
  2.9729721E-03   41.64447    
  3.0330338E-03   39.76024    
  3.0930927E-03   37.95724    
  3.1531546E-03   36.23234    
  3.2132133E-03   34.58551    
  3.2732752E-03   33.01807    
  3.3333306E-03   31.53245    
  3.3933925E-03   30.13026    
  3.4534514E-03   28.81258    
  3.5135134E-03   27.57814    
  3.5735751E-03   26.42392    
  3.6336340E-03   25.34476    
  3.6936959E-03   24.33372    
  3.7537545E-03   23.38291    
  3.8138132E-03   22.48411    
  3.8738719E-03   21.62971    
  3.9339340E-03   20.81318    
  3.9939927E-03   20.02994    
  4.0540546E-03   19.27704    
  4.1141133E-03   18.55361    
  4.1741752E-03   17.86013    
  4.2342339E-03   17.19828    
  4.2942925E-03   16.56996    
  4.3543545E-03   15.97663    
  4.4144131E-03   15.41934    
  4.4744750E-03   14.89762    
  4.5345337E-03   14.40982    
  4.5945956E-03   13.95294    
  4.6546543E-03   13.52311    
  4.7147162E-03   13.11570    
  4.7747721E-03   12.72629    
  4.8348340E-03   12.35062    
  4.8948927E-03   11.98550    
  4.9549546E-03   11.62880    
  5.0150165E-03   11.27950    
  5.0750752E-03   10.93791    
  5.1351371E-03   10.60498    
  5.1951958E-03   10.28230    
  5.2552545E-03   9.971501    
  5.3153131E-03   9.673947    
  5.3753750E-03   9.390341    
  5.4354337E-03   9.120714    
  5.4954956E-03   8.864129    
  5.5555543E-03   8.619128    
  5.6156162E-03   8.383552    
  5.6756781E-03   8.155297    
  5.7357335E-03   7.932263    
  5.7957955E-03   7.712882    
  5.8558546E-03   7.496339    
  5.9159161E-03   7.282518    
  5.9759752E-03   7.072177    
  6.0360371E-03   6.866637    
  6.0960958E-03   6.667760    
  6.1561577E-03   6.477396    
  6.2162131E-03   6.297381    
  6.2762750E-03   6.128909    
  6.3363337E-03   5.972634    
  6.3963956E-03   5.828371    
  6.4564575E-03   5.695258    
  6.5165162E-03   5.571704    
  6.5765781E-03   5.455665    
  6.6366368E-03   5.344948    
  6.6966987E-03   5.237347    
  6.7567541E-03   5.131014    
  6.8168161E-03   5.024441    
  6.8768747E-03   4.916815    
  6.9369366E-03   4.807850    
  6.9969958E-03   4.697886    
  7.0570577E-03   4.587632    
  7.1171192E-03   4.478076    
  7.1771783E-03   4.370339    
  7.2372369E-03   4.265505    
  7.2972956E-03   4.164390    
  7.3573575E-03   4.067616    
  7.4174162E-03   3.975518    
  7.4774781E-03   3.888102    
  7.5375368E-03   3.805182    
  7.5975987E-03   3.726459    
  7.6576574E-03   3.651571    
  7.7177160E-03   3.580169    
  7.7777780E-03   3.512008    
  7.8378366E-03   3.446889    
  7.8978986E-03   3.384751    
  7.9579577E-03   3.325581    
  8.0180196E-03   3.269348    
  8.0780778E-03   3.216005    
  8.1381397E-03   3.165420    
  8.1981951E-03   3.117383    
  8.2582571E-03   3.071522    
  8.3183162E-03   3.027412    
  8.3783781E-03   2.984586    
  8.4384400E-03   2.942553    
  8.4984982E-03   2.900883    
  8.5585602E-03   2.859244    
  8.6186193E-03   2.817465    
  8.6786784E-03   2.775443    
  8.7387366E-03   2.733275    
  8.7987985E-03   2.691144    
  8.8588577E-03   2.649295    
  8.9189196E-03   2.607991    
  8.9789778E-03   2.567483    
  9.0390397E-03   2.528001    
  9.0990989E-03   2.489620    
  9.1591571E-03   2.452413    
  9.2192190E-03   2.416362    
  9.2792781E-03   2.381425    
  9.3393400E-03   2.347522    
  9.3993982E-03   2.314629    
  9.4594602E-03   2.282740    
  9.5195193E-03   2.251907    
  9.5795812E-03   2.222253    
  9.6396366E-03   2.193906    
  9.6996985E-03   2.167019    
  9.7597577E-03   2.141728    
  9.8198196E-03   2.118065    
  9.8798815E-03   2.096010    
  9.9399397E-03   2.075406    
  1.0000002E-02   2.055989    
  1.0060061E-02   2.037399    
  1.0120119E-02   2.019181    
  1.0180178E-02   2.000845    
  1.0240240E-02   1.981903    
  1.0300298E-02   1.961941    
  1.0360360E-02   1.940621    
  1.0420419E-02   1.917712    
  1.0480481E-02   1.893143    
  1.0540543E-02   1.866949    
  1.0600599E-02   1.839321    
  1.0660660E-02   1.810544    
  1.0720720E-02   1.780954    
  1.0780781E-02   1.750956    
  1.0840840E-02   1.720904    
  1.0900902E-02   1.691178    
  1.0960961E-02   1.662051    
  1.1021023E-02   1.633782    
  1.1081078E-02   1.606536    
  1.1141140E-02   1.580368    
  1.1201198E-02   1.555376    
  1.1261260E-02   1.531530    
  1.1321322E-02   1.508800    
  1.1381381E-02   1.487141    
  1.1441443E-02   1.466498    
  1.1501501E-02   1.446800    
  1.1561563E-02   1.427989    
  1.1621619E-02   1.409995    
  1.1681681E-02   1.392733    
  1.1741740E-02   1.376120    
  1.1801802E-02   1.360023    
  1.1861861E-02   1.344319    
  1.1921923E-02   1.328837    
  1.1981984E-02   1.313399    
  1.2042043E-02   1.297842    
  1.2102102E-02   1.281959    
  1.2162160E-02   1.265607    
  1.2222222E-02   1.248649    
  1.2282281E-02   1.231054    
  1.2342343E-02   1.212794    
  1.2402401E-02   1.193929    
  1.2462463E-02   1.174669    
  1.2522522E-02   1.155223    
  1.2582581E-02   1.135892    
  1.2642642E-02   1.117017    
  1.2702702E-02   1.098937    
  1.2762764E-02   1.081990    
  1.2822822E-02   1.066432    
  1.2882884E-02   1.052429    
  1.2942943E-02   1.040052    
  1.3003005E-02   1.029198    
  1.3063060E-02   1.019687    
  1.3123122E-02   1.011150    
  1.3183181E-02   1.003215    
  1.3243243E-02  0.9953893    
  1.3303301E-02  0.9872258    
  1.3363363E-02  0.9783192    
  1.3423425E-02  0.9684001    
  1.3483484E-02  0.9572787    
  1.3543542E-02  0.9449833    
  1.3603602E-02  0.9317101    
  1.3663664E-02  0.9177663    
  1.3723722E-02  0.9036144    
  1.3783784E-02  0.8897302    
  1.3843843E-02  0.8766215    
  1.3903905E-02  0.8647119    
  1.3963963E-02  0.8543217    
  1.4024022E-02  0.8456137    
  1.4084084E-02  0.8385566    
  1.4144143E-02  0.8329822    
  1.4204205E-02  0.8285807    
  1.4264263E-02  0.8249449    
  1.4324325E-02  0.8216473    
  1.4384384E-02  0.8182809    
  1.4444446E-02  0.8145571    
  1.4504502E-02  0.8103060    
  1.4564564E-02  0.8054947    
  1.4624622E-02  0.8002649    
  1.4684684E-02  0.7948413    
  1.4744746E-02  0.7895651    
  1.4804805E-02  0.7847496    
  1.4864867E-02  0.7806812    
  1.4924925E-02  0.7775068    
  1.4984984E-02  0.7752444    
  1.5045043E-02  0.7737579    
  1.5105105E-02  0.7727259    
  1.5165163E-02  0.7717150    
  1.5225225E-02  0.7702313    
  1.5285284E-02  0.7677760    
  1.5345346E-02  0.7639447    
  1.5405404E-02  0.7584623    
  1.5465464E-02  0.7512338    
  1.5525525E-02  0.7424037    
  1.5585584E-02  0.7323011    
  1.5645646E-02  0.7214173    
  1.5705705E-02  0.7103862    
  1.5765766E-02  0.6998122    
  1.5825825E-02  0.6903127    
  1.5885888E-02  0.6823262    
  1.5945943E-02  0.6761321    
  1.6006004E-02  0.6717873    
  1.6066063E-02  0.6691317    
  1.6126124E-02  0.6677964    
  1.6186187E-02  0.6672792    
  1.6246246E-02  0.6670072    
  1.6306307E-02  0.6664174    
  1.6366366E-02  0.6650097    
  1.6426429E-02  0.6624636    
  1.6486485E-02  0.6586102    
  1.6546546E-02  0.6534987    
  1.6606605E-02  0.6473435    
  1.6666666E-02  0.6405021    
  1.6726725E-02  0.6334313    
  1.6786788E-02  0.6265802    
  1.6846849E-02  0.6203646    
  1.6906908E-02  0.6150784    
  1.6966967E-02  0.6108784    
  1.7027024E-02  0.6077791    
  1.7087087E-02  0.6056198    
  1.7147146E-02  0.6041459    
  1.7207207E-02  0.6030235    
  1.7267266E-02  0.6018923    
  1.7327327E-02  0.6004286    
  1.7387386E-02  0.5983939    
  1.7447446E-02  0.5956603    
  1.7507505E-02  0.5922143    
  1.7567566E-02  0.5881647    
  1.7627629E-02  0.5836972    
  1.7687688E-02  0.5790675    
  1.7747749E-02  0.5745285    
  1.7807808E-02  0.5703136    
  1.7867869E-02  0.5665923    
  1.7927924E-02  0.5634392    
  1.7987987E-02  0.5608475    
  1.8048046E-02  0.5587350    
  1.8108107E-02  0.5569056    
  1.8168166E-02  0.5551698    
  1.8228227E-02  0.5532860    
  1.8288290E-02  0.5510818    
  1.8348349E-02  0.5483729    
  1.8408408E-02  0.5450975    
  1.8468466E-02  0.5412157    
  1.8528529E-02  0.5367498    
  1.8588588E-02  0.5318045    
  1.8648649E-02  0.5264885    
  1.8708708E-02  0.5209363    
  1.8768769E-02  0.5152897    
  1.8828828E-02  0.5096714    
  1.8888887E-02  0.5041627    
  1.8948948E-02  0.4988623    
  1.9009007E-02  0.4938228    
  1.9069070E-02  0.4890780    
  1.9129127E-02  0.4846414    
  1.9189190E-02  0.4805513    
  1.9249249E-02  0.4767970    
  1.9309310E-02  0.4734049    
  1.9369366E-02  0.4703463    
  1.9429429E-02  0.4675885    
  1.9489488E-02  0.4650776    
  1.9549549E-02  0.4627028    
  1.9609608E-02  0.4603520    
  1.9669669E-02  0.4578875    
  1.9729732E-02  0.4551536    
  1.9789791E-02  0.4520126    
  1.9849848E-02  0.4483695    
  1.9909907E-02  0.4441548    
  1.9969970E-02  0.4393987    
  2.0030027E-02  0.4341872    
  2.0090090E-02  0.4286778    
  2.0150149E-02  0.4230891    
  2.0210210E-02  0.4176827    
  2.0270269E-02  0.4127401    
  2.0330328E-02  0.4084894    
  2.0390389E-02  0.4051276    
  2.0450449E-02  0.4027615    
  2.0510510E-02  0.4013984    
  2.0570569E-02  0.4009325    
  2.0630632E-02  0.4011626    
  2.0690691E-02  0.4018141    
  2.0750752E-02  0.4025698    
  2.0810807E-02  0.4030912    
  2.0870870E-02  0.4030833    
  2.0930927E-02  0.4023042    
  2.0990990E-02  0.4006306    
  2.1051051E-02  0.3980367    
  2.1111110E-02  0.3945974    
  2.1171173E-02  0.3905293    
  2.1231230E-02  0.3861050    
  2.1291289E-02  0.3816413    
  2.1351349E-02  0.3774741    
  2.1411410E-02  0.3739051    
  2.1471469E-02  0.3711768    
  2.1531532E-02  0.3694280    
  2.1591591E-02  0.3687001    
  2.1651652E-02  0.3689351    
  2.1711711E-02  0.3699656    
  2.1771770E-02  0.3715372    
  2.1831831E-02  0.3733577    
  2.1891890E-02  0.3751126    
  2.1951951E-02  0.3764895    
  2.2012010E-02  0.3772270    
  2.2072073E-02  0.3771096    
  2.2132130E-02  0.3760207    
  2.2192193E-02  0.3739270    
  2.2252252E-02  0.3708556    
  2.2312310E-02  0.3669379    
  2.2372369E-02  0.3623294    
  2.2432432E-02  0.3572597    
  2.2492493E-02  0.3519502    
  2.2552552E-02  0.3466406    
  2.2612613E-02  0.3415301    
  2.2672672E-02  0.3368073    
  2.2732735E-02  0.3325870    
  2.2792790E-02  0.3289635    
  2.2852851E-02  0.3259479    
  2.2912910E-02  0.3235104    
  2.2972973E-02  0.3215910    
  2.3033030E-02  0.3200941    
  2.3093093E-02  0.3188995    
  2.3153152E-02  0.3178845    
  2.3213213E-02  0.3169288    
  2.3273276E-02  0.3159468    
  2.3333332E-02  0.3148570    
  2.3393393E-02  0.3136319    
  2.3453455E-02  0.3122703    
  2.3513511E-02  0.3108039    
  2.3573572E-02  0.3092665    
  2.3633635E-02  0.3077365    
  2.3693690E-02  0.3062772    
  2.3753751E-02  0.3049376    
  2.3813814E-02  0.3037453    
  2.3873875E-02  0.3027123    
  2.3933938E-02  0.3017935    
  2.3993993E-02  0.3009387    
  2.4054054E-02  0.3000661    
  2.4114110E-02  0.2990697    
  2.4174172E-02  0.2978679    
  2.4234233E-02  0.2963719    
  2.4294296E-02  0.2945315    
  2.4354352E-02  0.2923269    
  2.4414413E-02  0.2897927    
  2.4474468E-02  0.2869808    
  2.4534537E-02  0.2839983    
  2.4594592E-02  0.2809731    
  2.4654655E-02  0.2780240    
  2.4714710E-02  0.2752642    
  2.4774779E-02  0.2728016    
  2.4834834E-02  0.2706863    
  2.4894895E-02  0.2689385    
  2.4954952E-02  0.2675298    
  2.5015013E-02  0.2663974    
  2.5075076E-02  0.2654394    
  2.5135132E-02  0.2645453    
  2.5195193E-02  0.2635969    
  2.5255255E-02  0.2625048    
  2.5315316E-02  0.2611905    
  2.5375372E-02  0.2596077    
  2.5435435E-02  0.2577465    
  2.5495496E-02  0.2556456    
  2.5555551E-02  0.2533389    
  2.5615614E-02  0.2509007    
  2.5675675E-02  0.2483965    
  2.5735738E-02  0.2458797    
  2.5795793E-02  0.2433978    
  2.5855854E-02  0.2409693    
  2.5915917E-02  0.2386003    
  2.5975972E-02  0.2362732    
  2.6036033E-02  0.2339535    
  2.6096096E-02  0.2316309    
  2.6156157E-02  0.2292727    
  2.6216213E-02  0.2268862    
  2.6276276E-02  0.2244735    
  2.6336337E-02  0.2220836    
  2.6396392E-02  0.2197560    
  2.6456455E-02  0.2175490    
  2.6516510E-02  0.2155221    
  2.6576579E-02  0.2137307    
  2.6636634E-02  0.2121985    
  2.6696695E-02  0.2109391    
  2.6756758E-02  0.2099261    
  2.6816819E-02  0.2091297    
  2.6876874E-02  0.2084826    
  2.6936932E-02  0.2079212    
  2.6996998E-02  0.2073708    
  2.7057055E-02  0.2067765    
  2.7117116E-02  0.2060944    
  2.7177172E-02  0.2053020    
  2.7237240E-02  0.2043942    
  2.7297296E-02  0.2034087    
  2.7357351E-02  0.2023811    
  2.7417419E-02  0.2013640    
  2.7477475E-02  0.2004119    
  2.7537538E-02  0.1995799    
  2.7597593E-02  0.1988996    
  2.7657662E-02  0.1983988    
  2.7717717E-02  0.1980886    
  2.7777778E-02  0.1979470    
  2.7837833E-02  0.1979705    
  2.7897896E-02  0.1981179    
  2.7957957E-02  0.1983676    
  2.8018013E-02  0.1986937    
  2.8078081E-02  0.1990597    
  2.8138136E-02  0.1994382    
  2.8198199E-02  0.1998180    
  2.8258255E-02  0.2001645    
  2.8318323E-02  0.2004602    
  2.8378379E-02  0.2006709    
  2.8438434E-02  0.2007754    
  2.8498495E-02  0.2007205    
  2.8558558E-02  0.2005037    
  2.8618619E-02  0.2000761    
  2.8678674E-02  0.1994398    
  2.8738743E-02  0.1985941    
  2.8798798E-02  0.1975552    
  2.8858854E-02  0.1963670    
  2.8918916E-02  0.1950771    
  2.8978977E-02  0.1937398    
  2.9039040E-02  0.1923952    
  2.9099096E-02  0.1911100    
  2.9159158E-02  0.1899015    
  2.9219219E-02  0.1887570    
  2.9279280E-02  0.1876558    
  2.9339338E-02  0.1865466    
  2.9399393E-02  0.1853530    
  2.9459462E-02  0.1839929    
  2.9519517E-02  0.1823864    
  2.9579578E-02  0.1804738    
  2.9639641E-02  0.1782200    
  2.9699702E-02  0.1756296    
  2.9759757E-02  0.1727483    
  2.9819813E-02  0.1696524    
  2.9879881E-02  0.1664660    
  2.9939936E-02  0.1633132    
  2.9999999E-02  0.1603272    
