 -2.9999999E-02  0.2492270    
 -2.9939940E-02  0.2509812    
 -2.9879877E-02  0.2530839    
 -2.9819820E-02  0.2552179    
 -2.9759757E-02  0.2570898    
 -2.9699698E-02  0.2584663    
 -2.9639637E-02  0.2592376    
 -2.9579578E-02  0.2593952    
 -2.9519519E-02  0.2590803    
 -2.9459458E-02  0.2585087    
 -2.9399399E-02  0.2579730    
 -2.9339338E-02  0.2577459    
 -2.9279279E-02  0.2580498    
 -2.9219219E-02  0.2590187    
 -2.9159158E-02  0.2606567    
 -2.9099099E-02  0.2628590    
 -2.9039036E-02  0.2654018    
 -2.8978977E-02  0.2679952    
 -2.8918916E-02  0.2703454    
 -2.8858857E-02  0.2721960    
 -2.8798798E-02  0.2733800    
 -2.8738737E-02  0.2738568    
 -2.8678678E-02  0.2737257    
 -2.8618617E-02  0.2732003    
 -2.8558558E-02  0.2725811    
 -2.8498499E-02  0.2722193    
 -2.8438438E-02  0.2724384    
 -2.8378379E-02  0.2734877    
 -2.8318316E-02  0.2755042    
 -2.8258258E-02  0.2784801    
 -2.8198196E-02  0.2822588    
 -2.8138136E-02  0.2865889    
 -2.8078077E-02  0.2911405    
 -2.8018016E-02  0.2955624    
 -2.7957957E-02  0.2995581    
 -2.7897896E-02  0.3029196    
 -2.7837837E-02  0.3055589    
 -2.7777778E-02  0.3075348    
 -2.7717717E-02  0.3090099    
 -2.7657658E-02  0.3102485    
 -2.7597595E-02  0.3115391    
 -2.7537538E-02  0.3131305    
 -2.7477475E-02  0.3152243    
 -2.7417416E-02  0.3178919    
 -2.7357358E-02  0.3210729    
 -2.7297296E-02  0.3245964    
 -2.7237236E-02  0.3281938    
 -2.7177176E-02  0.3315475    
 -2.7117116E-02  0.3343708    
 -2.7057055E-02  0.3364444    
 -2.6996996E-02  0.3376652    
 -2.6936937E-02  0.3380720    
 -2.6876874E-02  0.3378399    
 -2.6816817E-02  0.3372657    
 -2.6756754E-02  0.3367018    
 -2.6696695E-02  0.3365198    
 -2.6636634E-02  0.3370254    
 -2.6576575E-02  0.3384046    
 -2.6516516E-02  0.3407190    
 -2.6456455E-02  0.3438427    
 -2.6396396E-02  0.3475271    
 -2.6336335E-02  0.3514229    
 -2.6276276E-02  0.3551326    
 -2.6216215E-02  0.3582901    
 -2.6156155E-02  0.3606223    
 -2.6096096E-02  0.3620003    
 -2.6036033E-02  0.3624717    
 -2.5975976E-02  0.3622169    
 -2.5915915E-02  0.3615873    
 -2.5855854E-02  0.3610042    
 -2.5795795E-02  0.3608742    
 -2.5735734E-02  0.3615913    
 -2.5675675E-02  0.3633861    
 -2.5615616E-02  0.3663494    
 -2.5555555E-02  0.3703833    
 -2.5495494E-02  0.3752479    
 -2.5435435E-02  0.3805873    
 -2.5375376E-02  0.3859710    
 -2.5315313E-02  0.3910111    
 -2.5255255E-02  0.3953941    
 -2.5195194E-02  0.3989409    
 -2.5135133E-02  0.4016417    
 -2.5075074E-02  0.4036345    
 -2.5015013E-02  0.4052014    
 -2.4954954E-02  0.4066795    
 -2.4894895E-02  0.4084348    
 -2.4834834E-02  0.4107503    
 -2.4774773E-02  0.4137952    
 -2.4714714E-02  0.4175759    
 -2.4654653E-02  0.4219474    
 -2.4594592E-02  0.4265997    
 -2.4534535E-02  0.4311465    
 -2.4474474E-02  0.4351665    
 -2.4414413E-02  0.4382893    
 -2.4354354E-02  0.4402525    
 -2.4294293E-02  0.4409656    
 -2.4234233E-02  0.4405098    
 -2.4174174E-02  0.4391571    
 -2.4114113E-02  0.4373035    
 -2.4054052E-02  0.4354168    
 -2.3993993E-02  0.4339891    
 -2.3933932E-02  0.4334008    
 -2.3873873E-02  0.4339201    
 -2.3813814E-02  0.4356287    
 -2.3753753E-02  0.4384121    
 -2.3693692E-02  0.4420322    
 -2.3633633E-02  0.4461110    
 -2.3573572E-02  0.4502591    
 -2.3513513E-02  0.4541056    
 -2.3453454E-02  0.4573942    
 -2.3393393E-02  0.4600184    
 -2.3333333E-02  0.4620569    
 -2.3273272E-02  0.4637161    
 -2.3213211E-02  0.4653562    
 -2.3153152E-02  0.4673575    
 -2.3093093E-02  0.4700908    
 -2.3033030E-02  0.4738154    
 -2.2972973E-02  0.4786450    
 -2.2912912E-02  0.4844997    
 -2.2852851E-02  0.4911253    
 -2.2792792E-02  0.4981110    
 -2.2732731E-02  0.5049585    
 -2.2672672E-02  0.5111736    
 -2.2612613E-02  0.5163325    
 -2.2552552E-02  0.5201720    
 -2.2492493E-02  0.5226002    
 -2.2432432E-02  0.5237671    
 -2.2372372E-02  0.5240110    
 -2.2312310E-02  0.5237994    
 -2.2252252E-02  0.5236626    
 -2.2192191E-02  0.5241216    
 -2.2132130E-02  0.5255749    
 -2.2072071E-02  0.5282773    
 -2.2012010E-02  0.5322479    
 -2.1951951E-02  0.5373080    
 -2.1891892E-02  0.5431159    
 -2.1831831E-02  0.5492204    
 -2.1771770E-02  0.5551465    
 -2.1711711E-02  0.5604638    
 -2.1651652E-02  0.5649089    
 -2.1591591E-02  0.5683777    
 -2.1531532E-02  0.5709862    
 -2.1471471E-02  0.5730095    
 -2.1411410E-02  0.5748688    
 -2.1351350E-02  0.5770238    
 -2.1291289E-02  0.5798978    
 -2.1231230E-02  0.5838058    
 -2.1171171E-02  0.5888920    
 -2.1111110E-02  0.5950499    
 -2.1051051E-02  0.6020286    
 -2.0990990E-02  0.6093975    
 -2.0930931E-02  0.6166303    
 -2.0870870E-02  0.6232042    
 -2.0810811E-02  0.6287190    
 -2.0750750E-02  0.6329115    
 -2.0690691E-02  0.6357463    
 -2.0630630E-02  0.6374151    
 -2.0570569E-02  0.6383238    
 -2.0510510E-02  0.6389920    
 -2.0450450E-02  0.6400225    
 -2.0390389E-02  0.6419575    
 -2.0330330E-02  0.6452130    
 -2.0270269E-02  0.6500075    
 -2.0210210E-02  0.6563234    
 -2.0150149E-02  0.6639315    
 -2.0090090E-02  0.6724058    
 -2.0030027E-02  0.6812158    
 -1.9969970E-02  0.6898151    
 -1.9909909E-02  0.6977168    
 -1.9849848E-02  0.7045790    
 -1.9789791E-02  0.7102932    
 -1.9729730E-02  0.7149153    
 -1.9669669E-02  0.7187250    
 -1.9609608E-02  0.7221258    
 -1.9549549E-02  0.7255686    
 -1.9489488E-02  0.7294556    
 -1.9429429E-02  0.7340945    
 -1.9369369E-02  0.7395974    
 -1.9309307E-02  0.7458790    
 -1.9249249E-02  0.7526819    
 -1.9189188E-02  0.7595885    
 -1.9129127E-02  0.7661263    
 -1.9069070E-02  0.7718449    
 -1.9009007E-02  0.7764171    
 -1.8948948E-02  0.7796775    
 -1.8888887E-02  0.7817000    
 -1.8828828E-02  0.7827504    
 -1.8768767E-02  0.7832940    
 -1.8708708E-02  0.7838992    
 -1.8648649E-02  0.7851344    
 -1.8588588E-02  0.7874834    
 -1.8528529E-02  0.7912876    
 -1.8468468E-02  0.7966475    
 -1.8408408E-02  0.8034179    
 -1.8348349E-02  0.8112638    
 -1.8288286E-02  0.8196760    
 -1.8228227E-02  0.8280660    
 -1.8168166E-02  0.8359044    
 -1.8108107E-02  0.8427771    
 -1.8048048E-02  0.8484582    
 -1.7987987E-02  0.8529689    
 -1.7927926E-02  0.8565503    
 -1.7867867E-02  0.8596489    
 -1.7807808E-02  0.8627970    
 -1.7747747E-02  0.8665460    
 -1.7687688E-02  0.8713391    
 -1.7627629E-02  0.8774675    
 -1.7567566E-02  0.8849707    
 -1.7507508E-02  0.8936272    
 -1.7447446E-02  0.9030356    
 -1.7387386E-02  0.9126135    
 -1.7327327E-02  0.9217499    
 -1.7267266E-02  0.9298598    
 -1.7207205E-02  0.9365519    
 -1.7147146E-02  0.9416192    
 -1.7087087E-02  0.9451617    
 -1.7027026E-02  0.9474803    
 -1.6966967E-02  0.9491179    
 -1.6906908E-02  0.9507165    
 -1.6846845E-02  0.9529141    
 -1.6786788E-02  0.9562660    
 -1.6726725E-02  0.9611290    
 -1.6666666E-02  0.9676182    
 -1.6606607E-02  0.9755848    
 -1.6546546E-02  0.9846675    
 -1.6486485E-02  0.9943309    
 -1.6426425E-02   1.004018    
 -1.6366364E-02   1.013220    
 -1.6306305E-02   1.021551    
 -1.6246246E-02   1.028893    
 -1.6186185E-02   1.035366    
 -1.6126124E-02   1.041316    
 -1.6066065E-02   1.047299    
 -1.6006006E-02   1.053914    
 -1.5945945E-02   1.061752    
 -1.5885886E-02   1.071270    
 -1.5825825E-02   1.082698    
 -1.5765766E-02   1.095979    
 -1.5705707E-02   1.110807    
 -1.5645644E-02   1.126615    
 -1.5585584E-02   1.142704    
 -1.5525525E-02   1.158358    
 -1.5465464E-02   1.172907    
 -1.5405404E-02   1.185910    
 -1.5345344E-02   1.197178    
 -1.5285285E-02   1.206792    
 -1.5225225E-02   1.215135    
 -1.5165165E-02   1.222766    
 -1.5105105E-02   1.230366    
 -1.5045046E-02   1.238573    
 -1.4984986E-02   1.247914    
 -1.4924924E-02   1.258690    
 -1.4864863E-02   1.270916    
 -1.4804805E-02   1.284376    
 -1.4744745E-02   1.298616    
 -1.4684684E-02   1.313036    
 -1.4624624E-02   1.327068    
 -1.4564564E-02   1.340227    
 -1.4504504E-02   1.352220    
 -1.4444444E-02   1.363051    
 -1.4384384E-02   1.372987    
 -1.4324325E-02   1.382553    
 -1.4264263E-02   1.392416    
 -1.4204203E-02   1.403332    
 -1.4144143E-02   1.415919    
 -1.4084082E-02   1.430625    
 -1.4024024E-02   1.447600    
 -1.3963963E-02   1.466633    
 -1.3903903E-02   1.487241    
 -1.3843843E-02   1.508670    
 -1.3783784E-02   1.530041    
 -1.3723724E-02   1.550470    
 -1.3663664E-02   1.569247    
 -1.3603603E-02   1.585889    
 -1.3543542E-02   1.600294    
 -1.3483482E-02   1.612680    
 -1.3423422E-02   1.623607    
 -1.3363361E-02   1.633843    
 -1.3303303E-02   1.644266    
 -1.3243243E-02   1.655685    
 -1.3183182E-02   1.668742    
 -1.3123122E-02   1.683767    
 -1.3063064E-02   1.700751    
 -1.3003003E-02   1.719347    
 -1.2942943E-02   1.738981    
 -1.2882883E-02   1.758829    
 -1.2822822E-02   1.778149    
 -1.2762762E-02   1.796234    
 -1.2702702E-02   1.812659    
 -1.2642642E-02   1.827353    
 -1.2582582E-02   1.840534    
 -1.2522522E-02   1.852752    
 -1.2462462E-02   1.864775    
 -1.2402401E-02   1.877467    
 -1.2342343E-02   1.891610    
 -1.2282282E-02   1.907851    
 -1.2222222E-02   1.926489    
 -1.2162160E-02   1.947553    
 -1.2102102E-02   1.970713    
 -1.2042041E-02   1.995406    
 -1.1981981E-02   2.020883    
 -1.1921921E-02   2.046449    
 -1.1861862E-02   2.071484    
 -1.1801802E-02   2.095612    
 -1.1741742E-02   2.118779    
 -1.1681681E-02   2.141208    
 -1.1621622E-02   2.163432    
 -1.1561562E-02   2.186102    
 -1.1501501E-02   2.209930    
 -1.1441439E-02   2.235529    
 -1.1381381E-02   2.263271    
 -1.1321321E-02   2.293260    
 -1.1261260E-02   2.325249    
 -1.1201200E-02   2.358685    
 -1.1141141E-02   2.392772    
 -1.1081081E-02   2.426717    
 -1.1021021E-02   2.459692    
 -1.0960961E-02   2.491130    
 -1.0900902E-02   2.520706    
 -1.0840842E-02   2.548470    
 -1.0780780E-02   2.574825    
 -1.0720720E-02   2.600402    
 -1.0660660E-02   2.626007    
 -1.0600600E-02   2.652459    
 -1.0540539E-02   2.680424    
 -1.0480479E-02   2.710327    
 -1.0420421E-02   2.742258    
 -1.0360360E-02   2.775973    
 -1.0300300E-02   2.810940    
 -1.0240240E-02   2.846421    
 -1.0180181E-02   2.881684    
 -1.0120121E-02   2.916142    
 -1.0060059E-02   2.949423    
 -9.9999988E-03   2.981535    
 -9.9399397E-03   3.012889    
 -9.8798797E-03   3.044247    
 -9.8198196E-03   3.076632    
 -9.7597586E-03   3.111154    
 -9.6997004E-03   3.148840    
 -9.6396394E-03   3.190490    
 -9.5795793E-03   3.236533    
 -9.5195193E-03   3.286935    
 -9.4594602E-03   3.341218    
 -9.3994001E-03   3.398521    
 -9.3393382E-03   3.457778    
 -9.2792781E-03   3.517797    
 -9.2192180E-03   3.577613    
 -9.1591589E-03   3.636490    
 -9.0990989E-03   3.694116    
 -9.0390379E-03   3.750650    
 -8.9789778E-03   3.806641    
 -8.9189196E-03   3.862974    
 -8.8588586E-03   3.920700    
 -8.7987985E-03   3.980774    
 -8.7387385E-03   4.043999    
 -8.6786784E-03   4.110784    
 -8.6186174E-03   4.181138    
 -8.5585574E-03   4.254671    
 -8.4984973E-03   4.330571    
 -8.4384382E-03   4.407965    
 -8.3783781E-03   4.485888    
 -8.3183181E-03   4.563560    
 -8.2582571E-03   4.640568    
 -8.1981989E-03   4.716935    
 -8.1381388E-03   4.793086    
 -8.0780778E-03   4.869884    
 -8.0180177E-03   4.948392    
 -7.9579577E-03   5.029783    
 -7.8978967E-03   5.115028    
 -7.8378366E-03   5.204807    
 -7.7777766E-03   5.299344    
 -7.7177179E-03   5.398359    
 -7.6576574E-03   5.501093    
 -7.5975973E-03   5.606495    
 -7.5375368E-03   5.713361    
 -7.4774781E-03   5.820549    
 -7.4174176E-03   5.927271    
 -7.3573575E-03   6.033133    
 -7.2972970E-03   6.138405    
 -7.2372369E-03   6.243841    
 -7.1771764E-03   6.350696    
 -7.1171164E-03   6.460482    
 -7.0570558E-03   6.574793    
 -6.9969972E-03   6.694964    
 -6.9369366E-03   6.822016    
 -6.8768766E-03   6.956380    
 -6.8168161E-03   7.097854    
 -6.7567574E-03   7.245820    
 -6.6966973E-03   7.399240    
 -6.6366368E-03   7.556938    
 -6.5765749E-03   7.717906    
 -6.5165162E-03   7.881416    
 -6.4564561E-03   8.047407    
 -6.3963956E-03   8.216356    
 -6.3363351E-03   8.389314    
 -6.2762764E-03   8.567831    
 -6.2162164E-03   8.753656    
 -6.1561558E-03   8.948419    
 -6.0960958E-03   9.153446    
 -6.0360371E-03   9.369421    
 -5.9759766E-03   9.596438    
 -5.9159161E-03   9.833779    
 -5.8558546E-03   10.08014    
 -5.7957955E-03   10.33394    
 -5.7357354E-03   10.59354    
 -5.6756749E-03   10.85761    
 -5.6156148E-03   11.12546    
 -5.5555562E-03   11.39725    
 -5.4954956E-03   11.67408    
 -5.4354356E-03   11.95786    
 -5.3753750E-03   12.25113    
 -5.3153164E-03   12.55681    
 -5.2552558E-03   12.87768    
 -5.1951958E-03   13.21600    
 -5.1351339E-03   13.57334    
 -5.0750752E-03   13.95017    
 -5.0150147E-03   14.34608    
 -4.9549546E-03   14.75962    
 -4.8948941E-03   15.18893    
 -4.8348354E-03   15.63196    
 -4.7747749E-03   16.08686    
 -4.7147148E-03   16.55267    
 -4.6546543E-03   17.02923    
 -4.5945956E-03   17.51773    
 -4.5345356E-03   18.02042    
 -4.4744737E-03   18.54049    
 -4.4144131E-03   19.08168    
 -4.3543545E-03   19.64779    
 -4.2942939E-03   20.24228    
 -4.2342339E-03   20.86782    
 -4.1741733E-03   21.52604    
 -4.1141147E-03   22.21752    
 -4.0540546E-03   22.94187    
 -3.9939941E-03   23.69808    
 -3.9339340E-03   24.48508    
 -3.8738735E-03   25.30196    
 -3.8138148E-03   26.14883    
 -3.7537529E-03   27.02702    
 -3.6936926E-03   27.93921    
 -3.6336323E-03   28.88950    
 -3.5735737E-03   29.88323    
 -3.5135134E-03   30.92644    
 -3.4534528E-03   32.02541    
 -3.3933925E-03   33.18614    
 -3.3333339E-03   34.41377    
 -3.2732720E-03   35.71268    
 -3.2132133E-03   37.08569    
 -3.1531546E-03   38.53499    
 -3.0930927E-03   40.06205    
 -3.0330308E-03   41.66821    
 -2.9729721E-03   43.35499    
 -2.9129132E-03   45.12534    
 -2.8528513E-03   46.98338    
 -2.7927926E-03   48.93444    
 -2.7327307E-03   50.98562    
 -2.6726720E-03   53.14492    
 -2.6126101E-03   55.42094    
 -2.5525515E-03   57.82194    
 -2.4924928E-03   60.35580    
 -2.4324339E-03   63.02874    
 -2.3723720E-03   65.84576    
 -2.3123133E-03   68.80959    
 -2.2522514E-03   71.92176    
 -2.1921927E-03   75.18222    
 -2.1321308E-03   78.59051    
 -2.0720721E-03   82.14503    
 -2.0120135E-03   85.84464    
 -1.9519514E-03   89.68829    
 -1.8918928E-03   93.67403    
 -1.8318308E-03   97.80003    
 -1.7717720E-03   102.0619    
 -1.7117102E-03   106.4541    
 -1.6516515E-03   110.9672    
 -1.5915895E-03   115.5894    
 -1.5315340E-03   120.3043    
 -1.4714721E-03   125.0943    
 -1.4114134E-03   129.9391    
 -1.3513515E-03   134.8197    
 -1.2912896E-03   139.7186    
 -1.2312309E-03   144.6233    
 -1.1711690E-03   149.5276    
 -1.1111102E-03   154.4327    
 -1.0510515E-03   159.3477    
 -9.9099276E-04   164.2883    
 -9.3093090E-04   169.2754    
 -8.7087217E-04   174.3289    
 -8.1081025E-04   179.4672    
 -7.5075153E-04   184.6974    
 -6.9068966E-04   190.0150    
 -6.3062774E-04   195.3952    
 -5.7057216E-04   200.7922    
 -5.1051029E-04   206.1382    
 -4.5045157E-04   211.3420    
 -3.9038967E-04   216.2947    
 -3.3033092E-04   220.8727    
 -2.7026903E-04   224.9470    
 -2.1021030E-04   228.3906    
 -1.5014841E-04   231.0883    
 -9.0092843E-05   232.9441    
 -3.0030948E-05   233.8927    
  3.0027781E-05   233.8907    
  9.0089678E-05   232.9437    
  1.5015158E-04   231.0880    
  2.1021030E-04   228.3906    
  2.7027220E-04   224.9469    
  3.3033092E-04   220.8727    
  3.9038967E-04   216.2947    
  4.5044839E-04   211.3422    
  5.1051029E-04   206.1382    
  5.7056901E-04   200.7924    
  6.3063094E-04   195.3949    
  6.9068966E-04   190.0150    
  7.5075153E-04   184.6975    
  8.1081345E-04   179.4669    
  8.7086897E-04   174.3292    
  9.3093090E-04   169.2754    
  9.9098962E-04   164.2887    
  1.0510515E-03   159.3477    
  1.1111102E-03   154.4326    
  1.1711721E-03   149.5274    
  1.2312309E-03   144.6233    
  1.2912927E-03   139.7185    
  1.3513484E-03   134.8199    
  1.4114103E-03   129.9394    
  1.4714721E-03   125.0943    
  1.5315309E-03   120.3044    
  1.5915928E-03   115.5892    
  1.6516515E-03   110.9672    
  1.7117134E-03   106.4539    
  1.7717720E-03   102.0619    
  1.8318340E-03   97.79974    
  1.8918896E-03   93.67432    
  1.9519514E-03   89.68829    
  2.0120102E-03   85.84485    
  2.0720721E-03   82.14504    
  2.1321308E-03   78.59051    
  2.1921927E-03   75.18221    
  2.2522546E-03   71.92168    
  2.3123133E-03   68.80960    
  2.3723720E-03   65.84574    
  2.4324309E-03   63.02884    
  2.4924928E-03   60.35580    
  2.5525515E-03   57.82195    
  2.6126134E-03   55.42083    
  2.6726720E-03   53.14493    
  2.7327340E-03   50.98560    
  2.7927926E-03   48.93443    
  2.8528513E-03   46.98337    
  2.9129132E-03   45.12532    
  2.9729721E-03   43.35499    
  3.0330338E-03   41.66808    
  3.0930927E-03   40.06205    
  3.1531546E-03   38.53500    
  3.2132133E-03   37.08568    
  3.2732752E-03   35.71261    
  3.3333306E-03   34.41387    
  3.3933925E-03   33.18615    
  3.4534514E-03   32.02541    
  3.5135134E-03   30.92644    
  3.5735751E-03   29.88320    
  3.6336340E-03   28.88950    
  3.6936959E-03   27.93913    
  3.7537545E-03   27.02701    
  3.8138132E-03   26.14886    
  3.8738719E-03   25.30198    
  3.9339340E-03   24.48507    
  3.9939927E-03   23.69814    
  4.0540546E-03   22.94188    
  4.1141133E-03   22.21753    
  4.1741752E-03   21.52600    
  4.2342339E-03   20.86782    
  4.2942925E-03   20.24228    
  4.3543545E-03   19.64779    
  4.4144131E-03   19.08168    
  4.4744750E-03   18.54047    
  4.5345337E-03   18.02045    
  4.5945956E-03   17.51773    
  4.6546543E-03   17.02923    
  4.7147162E-03   16.55264    
  4.7747721E-03   16.08690    
  4.8348340E-03   15.63198    
  4.8948927E-03   15.18896    
  4.9549546E-03   14.75962    
  5.0150165E-03   14.34606    
  5.0750752E-03   13.95017    
  5.1351371E-03   13.57331    
  5.1951958E-03   13.21600    
  5.2552545E-03   12.87769    
  5.3153131E-03   12.55684    
  5.3753750E-03   12.25113    
  5.4354337E-03   11.95784    
  5.4954956E-03   11.67408    
  5.5555543E-03   11.39728    
  5.6156162E-03   11.12545    
  5.6756781E-03   10.85758    
  5.7357335E-03   10.59354    
  5.7957955E-03   10.33394    
  5.8558546E-03   10.08014    
  5.9159161E-03   9.833776    
  5.9759752E-03   9.596436    
  6.0360371E-03   9.369422    
  6.0960958E-03   9.153448    
  6.1561577E-03   8.948406    
  6.2162131E-03   8.753655    
  6.2762750E-03   8.567845    
  6.3363337E-03   8.389343    
  6.3963956E-03   8.216353    
  6.4564575E-03   8.047403    
  6.5165162E-03   7.881415    
  6.5765781E-03   7.717885    
  6.6366368E-03   7.556939    
  6.6966987E-03   7.399246    
  6.7567541E-03   7.245836    
  6.8168161E-03   7.097854    
  6.8768747E-03   6.956387    
  6.9369366E-03   6.822019    
  6.9969958E-03   6.694980    
  7.0570577E-03   6.574796    
  7.1171192E-03   6.460480    
  7.1771783E-03   6.350687    
  7.2372369E-03   6.243842    
  7.2972956E-03   6.138401    
  7.3573575E-03   6.033135    
  7.4174162E-03   5.927273    
  7.4774781E-03   5.820550    
  7.5375368E-03   5.713363    
  7.5975987E-03   5.606497    
  7.6576574E-03   5.501092    
  7.7177160E-03   5.398366    
  7.7777780E-03   5.299351    
  7.8378366E-03   5.204806    
  7.8978986E-03   5.115028    
  7.9579577E-03   5.029781    
  8.0180196E-03   4.948405    
  8.0780778E-03   4.869884    
  8.1381397E-03   4.793093    
  8.1981951E-03   4.716934    
  8.2582571E-03   4.640568    
  8.3183162E-03   4.563568    
  8.3783781E-03   4.485887    
  8.4384400E-03   4.407977    
  8.4984982E-03   4.330582    
  8.5585602E-03   4.254656    
  8.6186193E-03   4.181139    
  8.6786784E-03   4.110781    
  8.7387366E-03   4.043996    
  8.7987985E-03   3.980773    
  8.8588577E-03   3.920699    
  8.9189196E-03   3.862974    
  8.9789778E-03   3.806641    
  9.0390397E-03   3.750645    
  9.0990989E-03   3.694115    
  9.1591571E-03   3.636491    
  9.2192190E-03   3.577609    
  9.2792781E-03   3.517796    
  9.3393400E-03   3.457762    
  9.3993982E-03   3.398517    
  9.4594602E-03   3.341218    
  9.5195193E-03   3.286935    
  9.5795812E-03   3.236522    
  9.6396366E-03   3.190502    
  9.6996985E-03   3.148832    
  9.7597577E-03   3.111147    
  9.8198196E-03   3.076632    
  9.8798815E-03   3.044241    
  9.9399397E-03   3.012889    
  1.0000002E-02   2.981521    
  1.0060061E-02   2.949415    
  1.0120119E-02   2.916141    
  1.0180178E-02   2.881699    
  1.0240240E-02   2.846421    
  1.0300298E-02   2.810924    
  1.0360360E-02   2.775974    
  1.0420419E-02   2.742272    
  1.0480481E-02   2.710326    
  1.0540543E-02   2.680429    
  1.0600599E-02   2.652452    
  1.0660660E-02   2.626007    
  1.0720720E-02   2.600401    
  1.0780781E-02   2.574816    
  1.0840840E-02   2.548483    
  1.0900902E-02   2.520705    
  1.0960961E-02   2.491131    
  1.1021023E-02   2.459705    
  1.1081078E-02   2.426721    
  1.1141140E-02   2.392783    
  1.1201198E-02   2.358680    
  1.1261260E-02   2.325249    
  1.1321322E-02   2.293257    
  1.1381381E-02   2.263273    
  1.1441443E-02   2.235527    
  1.1501501E-02   2.209930    
  1.1561563E-02   2.186098    
  1.1621619E-02   2.163434    
  1.1681681E-02   2.141208    
  1.1741740E-02   2.118776    
  1.1801802E-02   2.095613    
  1.1861861E-02   2.071483    
  1.1921923E-02   2.046449    
  1.1981984E-02   2.020877    
  1.2042043E-02   1.995401    
  1.2102102E-02   1.970715    
  1.2162160E-02   1.947555    
  1.2222222E-02   1.926490    
  1.2282281E-02   1.907845    
  1.2342343E-02   1.891610    
  1.2402401E-02   1.877467    
  1.2462463E-02   1.864779    
  1.2522522E-02   1.852752    
  1.2582581E-02   1.840529    
  1.2642642E-02   1.827354    
  1.2702702E-02   1.812659    
  1.2762764E-02   1.796229    
  1.2822822E-02   1.778150    
  1.2882884E-02   1.758835    
  1.2942943E-02   1.738981    
  1.3003005E-02   1.719357    
  1.3063060E-02   1.700749    
  1.3123122E-02   1.683766    
  1.3183181E-02   1.668740    
  1.3243243E-02   1.655685    
  1.3303301E-02   1.644263    
  1.3363363E-02   1.633840    
  1.3423425E-02   1.623605    
  1.3483484E-02   1.612675    
  1.3543542E-02   1.600295    
  1.3603602E-02   1.585894    
  1.3663664E-02   1.569245    
  1.3723722E-02   1.550470    
  1.3783784E-02   1.530042    
  1.3843843E-02   1.508670    
  1.3903905E-02   1.487241    
  1.3963963E-02   1.466634    
  1.4024022E-02   1.447600    
  1.4084084E-02   1.430631    
  1.4144143E-02   1.415918    
  1.4204205E-02   1.403334    
  1.4264263E-02   1.392416    
  1.4324325E-02   1.382553    
  1.4384384E-02   1.372988    
  1.4444446E-02   1.363049    
  1.4504502E-02   1.352227    
  1.4564564E-02   1.340227    
  1.4624622E-02   1.327076    
  1.4684684E-02   1.313036    
  1.4744746E-02   1.298614    
  1.4804805E-02   1.284377    
  1.4864867E-02   1.270923    
  1.4924925E-02   1.258683    
  1.4984984E-02   1.247916    
  1.5045043E-02   1.238580    
  1.5105105E-02   1.230367    
  1.5165163E-02   1.222773    
  1.5225225E-02   1.215134    
  1.5285284E-02   1.206794    
  1.5345346E-02   1.197171    
  1.5405404E-02   1.185910    
  1.5465464E-02   1.172906    
  1.5525525E-02   1.158357    
  1.5585584E-02   1.142704    
  1.5645646E-02   1.126617    
  1.5705705E-02   1.110804    
  1.5765766E-02   1.095979    
  1.5825825E-02   1.082698    
  1.5885888E-02   1.071271    
  1.5945943E-02   1.061756    
  1.6006004E-02   1.053914    
  1.6066063E-02   1.047304    
  1.6126124E-02   1.041317    
  1.6186187E-02   1.035367    
  1.6246246E-02   1.028894    
  1.6306307E-02   1.021551    
  1.6366366E-02   1.013209    
  1.6426429E-02   1.004018    
  1.6486485E-02  0.9943332    
  1.6546546E-02  0.9846671    
  1.6606605E-02  0.9755839    
  1.6666666E-02  0.9676174    
  1.6726725E-02  0.9611283    
  1.6786788E-02  0.9562657    
  1.6846849E-02  0.9529103    
  1.6906908E-02  0.9507160    
  1.6966967E-02  0.9491175    
  1.7027024E-02  0.9474767    
  1.7087087E-02  0.9451612    
  1.7147146E-02  0.9416194    
  1.7207207E-02  0.9365494    
  1.7267266E-02  0.9298611    
  1.7327327E-02  0.9217463    
  1.7387386E-02  0.9126139    
  1.7447446E-02  0.9030356    
  1.7507505E-02  0.8936265    
  1.7567566E-02  0.8849701    
  1.7627629E-02  0.8774678    
  1.7687688E-02  0.8713392    
  1.7747749E-02  0.8665428    
  1.7807808E-02  0.8627962    
  1.7867869E-02  0.8596475    
  1.7927924E-02  0.8565578    
  1.7987987E-02  0.8529691    
  1.8048046E-02  0.8484532    
  1.8108107E-02  0.8427766    
  1.8168166E-02  0.8359035    
  1.8228227E-02  0.8280656    
  1.8288290E-02  0.8196707    
  1.8348349E-02  0.8112638    
  1.8408408E-02  0.8034183    
  1.8468466E-02  0.7966428    
  1.8528529E-02  0.7912874    
  1.8588588E-02  0.7874826    
  1.8648649E-02  0.7851343    
  1.8708708E-02  0.7838996    
  1.8768769E-02  0.7832940    
  1.8828828E-02  0.7827514    
  1.8888887E-02  0.7816995    
  1.8948948E-02  0.7796775    
  1.9009007E-02  0.7764170    
  1.9069070E-02  0.7718449    
  1.9129127E-02  0.7661255    
  1.9189190E-02  0.7595928    
  1.9249249E-02  0.7526814    
  1.9309310E-02  0.7458814    
  1.9369366E-02  0.7396022    
  1.9429429E-02  0.7340941    
  1.9489488E-02  0.7294530    
  1.9549549E-02  0.7255676    
  1.9609608E-02  0.7221257    
  1.9669669E-02  0.7187244    
  1.9729732E-02  0.7149178    
  1.9789791E-02  0.7102919    
  1.9849848E-02  0.7045791    
  1.9909907E-02  0.6977180    
  1.9969970E-02  0.6898159    
  2.0030027E-02  0.6812157    
  2.0090090E-02  0.6724062    
  2.0150149E-02  0.6639315    
  2.0210210E-02  0.6563233    
  2.0270269E-02  0.6500071    
  2.0330328E-02  0.6452093    
  2.0390389E-02  0.6419587    
  2.0450449E-02  0.6400270    
  2.0510510E-02  0.6389926    
  2.0570569E-02  0.6383247    
  2.0630632E-02  0.6374167    
  2.0690691E-02  0.6357464    
  2.0750752E-02  0.6329119    
  2.0810807E-02  0.6287141    
  2.0870870E-02  0.6232042    
  2.0930927E-02  0.6166309    
  2.0990990E-02  0.6093980    
  2.1051051E-02  0.6020318    
  2.1111110E-02  0.5950504    
  2.1171173E-02  0.5888880    
  2.1231230E-02  0.5838064    
  2.1291289E-02  0.5798979    
  2.1351349E-02  0.5770193    
  2.1411410E-02  0.5748692    
  2.1471469E-02  0.5730149    
  2.1531532E-02  0.5709864    
  2.1591591E-02  0.5683777    
  2.1651652E-02  0.5649090    
  2.1711711E-02  0.5604638    
  2.1771770E-02  0.5551438    
  2.1831831E-02  0.5492205    
  2.1891890E-02  0.5431183    
  2.1951951E-02  0.5373071    
  2.2012010E-02  0.5322473    
  2.2072073E-02  0.5282750    
  2.2132130E-02  0.5255751    
  2.2192193E-02  0.5241217    
  2.2252252E-02  0.5236628    
  2.2312310E-02  0.5237996    
  2.2372369E-02  0.5240112    
  2.2432432E-02  0.5237663    
  2.2492493E-02  0.5225992    
  2.2552552E-02  0.5201706    
  2.2612613E-02  0.5163312    
  2.2672672E-02  0.5111731    
  2.2732735E-02  0.5049599    
  2.2792790E-02  0.4981114    
  2.2852851E-02  0.4911252    
  2.2912910E-02  0.4845049    
  2.2972973E-02  0.4786445    
  2.3033030E-02  0.4738150    
  2.3093093E-02  0.4700910    
  2.3153152E-02  0.4673577    
  2.3213213E-02  0.4653553    
  2.3273276E-02  0.4637167    
  2.3333332E-02  0.4620544    
  2.3393393E-02  0.4600171    
  2.3453455E-02  0.4573937    
  2.3513511E-02  0.4541116    
  2.3573572E-02  0.4502588    
  2.3633635E-02  0.4461129    
  2.3693690E-02  0.4420333    
  2.3753751E-02  0.4384128    
  2.3813814E-02  0.4356294    
  2.3873875E-02  0.4339214    
  2.3933938E-02  0.4334004    
  2.3993993E-02  0.4339902    
  2.4054054E-02  0.4354230    
  2.4114110E-02  0.4373032    
  2.4174172E-02  0.4391562    
  2.4234233E-02  0.4405096    
  2.4294296E-02  0.4409655    
  2.4354352E-02  0.4402516    
  2.4414413E-02  0.4382888    
  2.4474468E-02  0.4351682    
  2.4534537E-02  0.4311470    
  2.4594592E-02  0.4266001    
  2.4654655E-02  0.4219442    
  2.4714710E-02  0.4175772    
  2.4774779E-02  0.4137926    
  2.4834834E-02  0.4107507    
  2.4894895E-02  0.4084395    
  2.4954952E-02  0.4066816    
  2.5015013E-02  0.4052014    
  2.5075076E-02  0.4036377    
  2.5135132E-02  0.4016412    
  2.5195193E-02  0.3989431    
  2.5255255E-02  0.3953934    
  2.5315316E-02  0.3910132    
  2.5375372E-02  0.3859731    
  2.5435435E-02  0.3805871    
  2.5495496E-02  0.3752480    
  2.5555551E-02  0.3703878    
  2.5615614E-02  0.3663508    
  2.5675675E-02  0.3633861    
  2.5735738E-02  0.3615943    
  2.5795793E-02  0.3608788    
  2.5855854E-02  0.3610041    
  2.5915917E-02  0.3615854    
  2.5975972E-02  0.3622201    
  2.6036033E-02  0.3624717    
  2.6096096E-02  0.3620004    
  2.6156157E-02  0.3606256    
  2.6216213E-02  0.3582918    
  2.6276276E-02  0.3551330    
  2.6336337E-02  0.3514236    
  2.6396392E-02  0.3475318    
  2.6456455E-02  0.3438430    
  2.6516510E-02  0.3407160    
  2.6576579E-02  0.3384097    
  2.6636634E-02  0.3370254    
  2.6696695E-02  0.3365201    
  2.6756758E-02  0.3367036    
  2.6816819E-02  0.3372604    
  2.6876874E-02  0.3378401    
  2.6936932E-02  0.3380708    
  2.6996998E-02  0.3376663    
  2.7057055E-02  0.3364439    
  2.7117116E-02  0.3343723    
  2.7177172E-02  0.3315488    
  2.7237240E-02  0.3281932    
  2.7297296E-02  0.3245966    
  2.7357351E-02  0.3210766    
  2.7417419E-02  0.3178920    
  2.7477475E-02  0.3152248    
  2.7537538E-02  0.3131304    
  2.7597593E-02  0.3115342    
  2.7657662E-02  0.3102506    
  2.7717717E-02  0.3090095    
  2.7777778E-02  0.3075345    
  2.7837833E-02  0.3055618    
  2.7897896E-02  0.3029193    
  2.7957957E-02  0.2995586    
  2.8018013E-02  0.2955659    
  2.8078081E-02  0.2911396    
  2.8138136E-02  0.2865886    
  2.8198199E-02  0.2822596    
  2.8258255E-02  0.2784782    
  2.8318323E-02  0.2755055    
  2.8378379E-02  0.2734879    
  2.8438434E-02  0.2724414    
  2.8498495E-02  0.2722173    
  2.8558558E-02  0.2725809    
  2.8618619E-02  0.2731973    
  2.8678674E-02  0.2737246    
  2.8738743E-02  0.2738557    
  2.8798798E-02  0.2733804    
  2.8858854E-02  0.2721979    
  2.8918916E-02  0.2703454    
  2.8978977E-02  0.2679951    
  2.9039040E-02  0.2654003    
  2.9099096E-02  0.2628608    
  2.9159158E-02  0.2606570    
  2.9219219E-02  0.2590186    
  2.9279280E-02  0.2580484    
  2.9339338E-02  0.2577457    
  2.9399393E-02  0.2579739    
  2.9459462E-02  0.2585130    
  2.9519517E-02  0.2590806    
  2.9579578E-02  0.2593952    
  2.9639641E-02  0.2592351    
  2.9699702E-02  0.2584693    
  2.9759757E-02  0.2570899    
  2.9819813E-02  0.2552118    
  2.9879881E-02  0.2530850    
  2.9939936E-02  0.2509821    
  2.9999999E-02  0.2492267    
