 -5.0000001E-02  9.0591878E-02
 -4.9899902E-02  8.8479310E-02
 -4.9799804E-02  8.6179115E-02
 -4.9699701E-02  8.4110923E-02
 -4.9599603E-02  8.2700484E-02
 -4.9499501E-02  8.2258120E-02
 -4.9399402E-02  8.2966000E-02
 -4.9299303E-02  8.4821381E-02
 -4.9199201E-02  8.7627180E-02
 -4.9099103E-02  9.1061696E-02
 -4.8999004E-02  9.4706342E-02
 -4.8898902E-02  9.8147854E-02
 -4.8798803E-02  0.1010272    
 -4.8698701E-02  0.1031175    
 -4.8598602E-02  0.1043401    
 -4.8498500E-02  0.1047719    
 -4.8398398E-02  0.1046033    
 -4.8298299E-02  0.1041081    
 -4.8198201E-02  0.1035600    
 -4.8098098E-02  0.1031969    
 -4.7998000E-02  0.1031544    
 -4.7897898E-02  0.1034672    
 -4.7797799E-02  0.1040690    
 -4.7697701E-02  0.1048305    
 -4.7597598E-02  0.1055879    
 -4.7497500E-02  0.1061894    
 -4.7397397E-02  0.1065560    
 -4.7297299E-02  0.1066827    
 -4.7197200E-02  0.1066375    
 -4.7097098E-02  0.1065419    
 -4.6997000E-02  0.1065441    
 -4.6896901E-02  0.1067682    
 -4.6796799E-02  0.1072829    
 -4.6696700E-02  0.1080741    
 -4.6596598E-02  0.1090429    
 -4.6496499E-02  0.1100327    
 -4.6396401E-02  0.1108610    
 -4.6296299E-02  0.1113557    
 -4.6196200E-02  0.1114149    
 -4.6096098E-02  0.1110125    
 -4.5995999E-02  0.1102301    
 -4.5895901E-02  0.1092298    
 -4.5795795E-02  0.1082409    
 -4.5695696E-02  0.1074735    
 -4.5595597E-02  0.1071188    
 -4.5495495E-02  0.1072775    
 -4.5395397E-02  0.1079339    
 -4.5295294E-02  0.1089739    
 -4.5195196E-02  0.1101915    
 -4.5095097E-02  0.1113426    
 -4.4994995E-02  0.1121838    
 -4.4894896E-02  0.1125301    
 -4.4794798E-02  0.1123099    
 -4.4694696E-02  0.1115482    
 -4.4594597E-02  0.1103919    
 -4.4494495E-02  0.1090590    
 -4.4394396E-02  0.1078034    
 -4.4294298E-02  0.1068652    
 -4.4194195E-02  0.1064055    
 -4.4094097E-02  0.1064905    
 -4.3993995E-02  0.1070772    
 -4.3893896E-02  0.1080143    
 -4.3793797E-02  0.1091115    
 -4.3693695E-02  0.1101383    
 -4.3593597E-02  0.1109110    
 -4.3493498E-02  0.1113085    
 -4.3393396E-02  0.1113055    
 -4.3293294E-02  0.1109737    
 -4.3193195E-02  0.1104490    
 -4.3093096E-02  0.1099103    
 -4.2992998E-02  0.1095204    
 -4.2892892E-02  0.1094016    
 -4.2792797E-02  0.1096026    
 -4.2692695E-02  0.1100894    
 -4.2592596E-02  0.1107565    
 -4.2492494E-02  0.1114894    
 -4.2392392E-02  0.1121533    
 -4.2292293E-02  0.1126685    
 -4.2192195E-02  0.1130425    
 -4.2092092E-02  0.1133513    
 -4.1991994E-02  0.1137558    
 -4.1891892E-02  0.1144613    
 -4.1791793E-02  0.1156584    
 -4.1691694E-02  0.1174917    
 -4.1591592E-02  0.1200130    
 -4.1491494E-02  0.1231422    
 -4.1391395E-02  0.1266891    
 -4.1291293E-02  0.1303517    
 -4.1191194E-02  0.1337807    
 -4.1091092E-02  0.1366181    
 -4.0990993E-02  0.1385676    
 -4.0890895E-02  0.1394358    
 -4.0790793E-02  0.1391566    
 -4.0690694E-02  0.1378103    
 -4.0590592E-02  0.1355753    
 -4.0490493E-02  0.1327151    
 -4.0390395E-02  0.1295241    
 -4.0290292E-02  0.1262748    
 -4.0190190E-02  0.1231767    
 -4.0090092E-02  0.1203637    
 -3.9989989E-02  0.1178978    
 -3.9889894E-02  0.1157865    
 -3.9789788E-02  0.1140158    
 -3.9689690E-02  0.1125692    
 -3.9589591E-02  0.1114663    
 -3.9489489E-02  0.1107730    
 -3.9389390E-02  0.1105853    
 -3.9289292E-02  0.1110223    
 -3.9189190E-02  0.1121767    
 -3.9089091E-02  0.1140852    
 -3.8988989E-02  0.1167048    
 -3.8888890E-02  0.1199133    
 -3.8788792E-02  0.1234820    
 -3.8688689E-02  0.1271479    
 -3.8588591E-02  0.1306223    
 -3.8488489E-02  0.1336610    
 -3.8388390E-02  0.1361024    
 -3.8288292E-02  0.1378939    
 -3.8188189E-02  0.1391062    
 -3.8088091E-02  0.1398976    
 -3.7987988E-02  0.1405095    
 -3.7887890E-02  0.1411788    
 -3.7787791E-02  0.1421087    
 -3.7687685E-02  0.1434149    
 -3.7587591E-02  0.1451199    
 -3.7487492E-02  0.1471176    
 -3.7387390E-02  0.1492488    
 -3.7287287E-02  0.1513002    
 -3.7187189E-02  0.1530903    
 -3.7087087E-02  0.1545013    
 -3.6986988E-02  0.1555319    
 -3.6886886E-02  0.1562888    
 -3.6786791E-02  0.1569780    
 -3.6686689E-02  0.1578662    
 -3.6586586E-02  0.1592187    
 -3.6486488E-02  0.1612618    
 -3.6386389E-02  0.1641055    
 -3.6286287E-02  0.1677397    
 -3.6186192E-02  0.1720041    
 -3.6086086E-02  0.1766600    
 -3.5985988E-02  0.1814069    
 -3.5885889E-02  0.1859426    
 -3.5785787E-02  0.1900368    
 -3.5685688E-02  0.1935704    
 -3.5585586E-02  0.1965399    
 -3.5485487E-02  0.1990609    
 -3.5385385E-02  0.2013228    
 -3.5285287E-02  0.2035420    
 -3.5185188E-02  0.2058889    
 -3.5085086E-02  0.2084560    
 -3.4984987E-02  0.2112224    
 -3.4884889E-02  0.2140490    
 -3.4784783E-02  0.2167147    
 -3.4684688E-02  0.2189603    
 -3.4584586E-02  0.2205510    
 -3.4484487E-02  0.2213325    
 -3.4384385E-02  0.2212663    
 -3.4284286E-02  0.2204501    
 -3.4184184E-02  0.2190889    
 -3.4084085E-02  0.2174665    
 -3.3983983E-02  0.2158677    
 -3.3883888E-02  0.2145339    
 -3.3783786E-02  0.2136098    
 -3.3683687E-02  0.2131146    
 -3.3583585E-02  0.2129535    
 -3.3483487E-02  0.2129596    
 -3.3383384E-02  0.2129539    
 -3.3283286E-02  0.2127983    
 -3.3183184E-02  0.2124712    
 -3.3083085E-02  0.2120920    
 -3.2982983E-02  0.2119070    
 -3.2882884E-02  0.2122653    
 -3.2782786E-02  0.2135421    
 -3.2682683E-02  0.2160339    
 -3.2582585E-02  0.2199139    
 -3.2482482E-02  0.2251188    
 -3.2382384E-02  0.2313788    
 -3.2282285E-02  0.2381915    
 -3.2182183E-02  0.2449553    
 -3.2082081E-02  0.2509979    
 -3.1981986E-02  0.2557762    
 -3.1881880E-02  0.2589313    
 -3.1781785E-02  0.2603894    
 -3.1681683E-02  0.2603694    
 -3.1581584E-02  0.2593817    
 -3.1481486E-02  0.2581092    
 -3.1381384E-02  0.2572810    
 -3.1281281E-02  0.2575428    
 -3.1181185E-02  0.2593327    
 -3.1081080E-02  0.2627633    
 -3.0980984E-02  0.2676081    
 -3.0880881E-02  0.2733481    
 -3.0780785E-02  0.2792237    
 -3.0680681E-02  0.2844186    
 -3.0580582E-02  0.2881659    
 -3.0480482E-02  0.2899270    
 -3.0380381E-02  0.2894654    
 -3.0280281E-02  0.2868835    
 -3.0180184E-02  0.2826315    
 -3.0080082E-02  0.2773889    
 -2.9979981E-02  0.2719510    
 -2.9879881E-02  0.2671255    
 -2.9779781E-02  0.2635441    
 -2.9679682E-02  0.2616240    
 -2.9579582E-02  0.2615188    
 -2.9479481E-02  0.2631124    
 -2.9379379E-02  0.2661251    
 -2.9279280E-02  0.2701523    
 -2.9179178E-02  0.2748045    
 -2.9079081E-02  0.2797845    
 -2.8978977E-02  0.2848918    
 -2.8878881E-02  0.2900922    
 -2.8778782E-02  0.2954050    
 -2.8678682E-02  0.3009005    
 -2.8578578E-02  0.3065770    
 -2.8478481E-02  0.3123311    
 -2.8378379E-02  0.3179265    
 -2.8278282E-02  0.3230091    
 -2.8178178E-02  0.3271445    
 -2.8078077E-02  0.3299627    
 -2.7977979E-02  0.3311912    
 -2.7877878E-02  0.3308134    
 -2.7777778E-02  0.3290708    
 -2.7677678E-02  0.3264983    
 -2.7577579E-02  0.3238326    
 -2.7477482E-02  0.3219365    
 -2.7377378E-02  0.3216267    
 -2.7277278E-02  0.3235329    
 -2.7177179E-02  0.3279625    
 -2.7077079E-02  0.3348434    
 -2.6976978E-02  0.3437269    
 -2.6876878E-02  0.3537927    
 -2.6776778E-02  0.3640809    
 -2.6676675E-02  0.3735509    
 -2.6576579E-02  0.3813524    
 -2.6476476E-02  0.3869067    
 -2.6376376E-02  0.3900353    
 -2.6276279E-02  0.3909802    
 -2.6176179E-02  0.3903376    
 -2.6076078E-02  0.3889602    
 -2.5975976E-02  0.3877753    
 -2.5875878E-02  0.3876306    
 -2.5775777E-02  0.3891481    
 -2.5675677E-02  0.3926124    
 -2.5575576E-02  0.3979494    
 -2.5475476E-02  0.4047675    
 -2.5375376E-02  0.4124390    
 -2.5275275E-02  0.4202495    
 -2.5175175E-02  0.4275040    
 -2.5075076E-02  0.4336679    
 -2.4974978E-02  0.4384349    
 -2.4874877E-02  0.4417802    
 -2.4774777E-02  0.4438922    
 -2.4674674E-02  0.4451176    
 -2.4574576E-02  0.4458874    
 -2.4474476E-02  0.4466144    
 -2.4374375E-02  0.4476126    
 -2.4274275E-02  0.4491012    
 -2.4174176E-02  0.4511474    
 -2.4074076E-02  0.4537752    
 -2.3973973E-02  0.4569359    
 -2.3873873E-02  0.4606152    
 -2.3773775E-02  0.4648421    
 -2.3673676E-02  0.4697168    
 -2.3573576E-02  0.4753713    
 -2.3473475E-02  0.4819086    
 -2.3373375E-02  0.4893810    
 -2.3273272E-02  0.4977040    
 -2.3173172E-02  0.5066142    
 -2.3073075E-02  0.5157289    
 -2.2972975E-02  0.5245258    
 -2.2872875E-02  0.5324538    
 -2.2772776E-02  0.5390101    
 -2.2672672E-02  0.5438470    
 -2.2572575E-02  0.5468519    
 -2.2472473E-02  0.5481246    
 -2.2372376E-02  0.5480462    
 -2.2272272E-02  0.5471177    
 -2.2172172E-02  0.5459369    
 -2.2072073E-02  0.5450452    
 -2.1971973E-02  0.5448609    
 -2.1871876E-02  0.5455732    
 -2.1771772E-02  0.5471810    
 -2.1671671E-02  0.5494919    
 -2.1571573E-02  0.5522287    
 -2.1471472E-02  0.5551230    
 -2.1371372E-02  0.5580478    
 -2.1271272E-02  0.5610793    
 -2.1171173E-02  0.5645050    
 -2.1071073E-02  0.5688388    
 -2.0970969E-02  0.5746656    
 -2.0870872E-02  0.5825970    
 -2.0770770E-02  0.5930114    
 -2.0670673E-02  0.6060452    
 -2.0570572E-02  0.6214395    
 -2.0470472E-02  0.6385987    
 -2.0370372E-02  0.6566073    
 -2.0270269E-02  0.6744314    
 -2.0170173E-02  0.6910502    
 -2.0070069E-02  0.7056662    
 -1.9969972E-02  0.7178448    
 -1.9869870E-02  0.7276024    
 -1.9769773E-02  0.7353667    
 -1.9669669E-02  0.7419392    
 -1.9569570E-02  0.7482627    
 -1.9469470E-02  0.7552752    
 -1.9369369E-02  0.7636898    
 -1.9269273E-02  0.7738342    
 -1.9169169E-02  0.7856293    
 -1.9069072E-02  0.7985792    
 -1.8968970E-02  0.8119096    
 -1.8868869E-02  0.8247510    
 -1.8768769E-02  0.8363709    
 -1.8668670E-02  0.8463243    
 -1.8568570E-02  0.8546578    
 -1.8468469E-02  0.8618606    
 -1.8368369E-02  0.8688542    
 -1.8268269E-02  0.8767735    
 -1.8168166E-02  0.8867823    
 -1.8068070E-02  0.8997875    
 -1.7967969E-02  0.9162703    
 -1.7867869E-02  0.9361479    
 -1.7767770E-02  0.9587351    
 -1.7667670E-02  0.9828762    
 -1.7567569E-02   1.007155    
 -1.7467467E-02   1.030115    
 -1.7367369E-02   1.050571    
 -1.7267266E-02   1.067768    
 -1.7167170E-02   1.081595    
 -1.7067065E-02   1.092478    
 -1.6966969E-02   1.101369    
 -1.6866866E-02   1.109484    
 -1.6766766E-02   1.117998    
 -1.6666669E-02   1.127932    
 -1.6566567E-02   1.139797    
 -1.6466470E-02   1.153637    
 -1.6366366E-02   1.168935    
 -1.6266266E-02   1.184862    
 -1.6166165E-02   1.200431    
 -1.6066067E-02   1.214778    
 -1.5965967E-02   1.227412    
 -1.5865866E-02   1.238307    
 -1.5765766E-02   1.248000    
 -1.5665667E-02   1.257504    
 -1.5565563E-02   1.268081    
 -1.5465466E-02   1.281031    
 -1.5365367E-02   1.297421    
 -1.5265266E-02   1.317814    
 -1.5165166E-02   1.342225    
 -1.5065067E-02   1.370065    
 -1.4964966E-02   1.400280    
 -1.4864863E-02   1.431584    
 -1.4764766E-02   1.462717    
 -1.4664663E-02   1.492734    
 -1.4564566E-02   1.521142    
 -1.4464463E-02   1.548043    
 -1.4364366E-02   1.574048    
 -1.4264263E-02   1.600085    
 -1.4164164E-02   1.627178    
 -1.4064066E-02   1.656110    
 -1.3963963E-02   1.687244    
 -1.3863866E-02   1.720302    
 -1.3763763E-02   1.754448    
 -1.3663666E-02   1.788389    
 -1.3563563E-02   1.820636    
 -1.3463464E-02   1.849908    
 -1.3363363E-02   1.875441    
 -1.3263264E-02   1.897289    
 -1.3163163E-02   1.916455    
 -1.3063064E-02   1.934836    
 -1.2962966E-02   1.955005    
 -1.2862863E-02   1.979857    
 -1.2762764E-02   2.012093    
 -1.2662663E-02   2.053774    
 -1.2562564E-02   2.105934    
 -1.2462463E-02   2.168346    
 -1.2362364E-02   2.239505    
 -1.2262263E-02   2.316828    
 -1.2162164E-02   2.396999    
 -1.2062061E-02   2.476529    
 -1.1961963E-02   2.552243    
 -1.1861861E-02   2.621792    
 -1.1761763E-02   2.683976    
 -1.1661664E-02   2.738900    
 -1.1561563E-02   2.787909    
 -1.1461464E-02   2.833293    
 -1.1361361E-02   2.877927    
 -1.1261264E-02   2.924817    
 -1.1161161E-02   2.976627    
 -1.1061064E-02   3.035302    
 -1.0960961E-02   3.101914    
 -1.0860860E-02   3.176590    
 -1.0760760E-02   3.258586    
 -1.0660660E-02   3.346604    
 -1.0560560E-02   3.439038    
 -1.0460461E-02   3.534269    
 -1.0360364E-02   3.630949    
 -1.0260261E-02   3.728153    
 -1.0160160E-02   3.825426    
 -1.0060061E-02   3.922728    
 -9.9599604E-03   4.020373    
 -9.8598609E-03   4.118874    
 -9.7597605E-03   4.218775    
 -9.6596600E-03   4.320561    
 -9.5595606E-03   4.424688    
 -9.4594574E-03   4.531492    
 -9.3593607E-03   4.641253    
 -9.2592575E-03   4.754382    
 -9.1591608E-03   4.871333    
 -9.0590604E-03   4.992708    
 -8.9589609E-03   5.119285    
 -8.8588605E-03   5.251884    
 -8.7587573E-03   5.391413    
 -8.6586606E-03   5.538739    
 -8.5585574E-03   5.694715    
 -8.4584607E-03   5.860105    
 -8.3583575E-03   6.035660    
 -8.2582608E-03   6.222167    
 -8.1581576E-03   6.420515    
 -8.0580572E-03   6.631717    
 -7.9579577E-03   6.856888    
 -7.8578573E-03   7.097278    
 -7.7577606E-03   7.353961    
 -7.6576574E-03   7.627818    
 -7.5575607E-03   7.919244    
 -7.4574575E-03   8.228121    
 -7.3573575E-03   8.553617    
 -7.2572576E-03   8.894341    
 -7.1571576E-03   9.248550    
 -7.0570577E-03   9.614450    
 -6.9569573E-03   9.990547    
 -6.8568573E-03   10.37619    
 -6.7567574E-03   10.77185    
 -6.6566542E-03   11.17937    
 -6.5565575E-03   11.60203    
 -6.4564575E-03   12.04449    
 -6.3563576E-03   12.51224    
 -6.2562576E-03   13.01126    
 -6.1561544E-03   13.54735    
 -6.0560578E-03   14.12562    
 -5.9559545E-03   14.75007    
 -5.8558574E-03   15.42317    
 -5.7557542E-03   16.14620    
 -5.6556575E-03   16.91915    
 -5.5555543E-03   17.74162    
 -5.4554543E-03   18.61300    
 -5.3553544E-03   19.53333    
 -5.2552545E-03   20.50386    
 -5.1551578E-03   21.52728    
 -5.0550546E-03   22.60812    
 -4.9549574E-03   23.75207    
 -4.8548547E-03   24.96618    
 -4.7547542E-03   26.25779    
 -4.6546543E-03   27.63421    
 -4.5545544E-03   29.10187    
 -4.4544544E-03   30.66598    
 -4.3543545E-03   32.33019    
 -4.2542545E-03   34.09659    
 -4.1541546E-03   35.96595    
 -4.0540514E-03   37.93825    
 -3.9539547E-03   40.01282    
 -3.8538545E-03   42.18941    
 -3.7537545E-03   44.46843    
 -3.6536546E-03   46.85106    
 -3.5535544E-03   49.33936    
 -3.4534545E-03   51.93618    
 -3.3533513E-03   54.64448    
 -3.2532546E-03   57.46655    
 -3.1531514E-03   60.40404    
 -3.0530544E-03   63.45585    
 -2.9529515E-03   66.61908    
 -2.8528546E-03   69.88696    
 -2.7527513E-03   73.25005    
 -2.6526514E-03   76.69517    
 -2.5525545E-03   80.20644    
 -2.4524515E-03   83.76612    
 -2.3523546E-03   87.35394    
 -2.2522514E-03   90.95053    
 -2.1521547E-03   94.53595    
 -2.0520515E-03   98.09258    
 -1.9519514E-03   101.6048    
 -1.8518515E-03   105.0600    
 -1.7517515E-03   108.4493    
 -1.6516515E-03   111.7668    
 -1.5515515E-03   115.0089    
 -1.4514547E-03   118.1739    
 -1.3513515E-03   121.2614    
 -1.2512516E-03   124.2684    
 -1.1511515E-03   127.1903    
 -1.0510515E-03   130.0180    
 -9.5095154E-04   132.7371    
 -8.5085153E-04   135.3273    
 -7.5074838E-04   137.7623    
 -6.5065152E-04   140.0099    
 -5.5054837E-04   142.0347    
 -4.5045157E-04   143.7987    
 -3.5034839E-04   145.2647    
 -2.5025156E-04   146.3982    
 -1.5015158E-04   147.1712    
 -5.0048413E-05   147.5639    
  5.0048413E-05   147.5639    
  1.5015158E-04   147.1712    
  2.5024841E-04   146.3982    
  3.5035156E-04   145.2647    
  4.5044839E-04   143.7988    
  5.5055157E-04   142.0346    
  6.5065152E-04   140.0099    
  7.5075153E-04   137.7622    
  8.5085153E-04   135.3273    
  9.5095154E-04   132.7371    
  1.0510515E-03   130.0180    
  1.1511483E-03   127.1904    
  1.2512516E-03   124.2684    
  1.3513515E-03   121.2613    
  1.4514514E-03   118.1741    
  1.5515515E-03   115.0089    
  1.6516515E-03   111.7668    
  1.7517515E-03   108.4494    
  1.8518515E-03   105.0600    
  1.9519514E-03   101.6048    
  2.0520545E-03   98.09245    
  2.1521514E-03   94.53604    
  2.2522546E-03   90.95042    
  2.3523513E-03   87.35407    
  2.4524515E-03   83.76614    
  2.5525515E-03   80.20658    
  2.6526514E-03   76.69518    
  2.7527546E-03   73.24991    
  2.8528513E-03   69.88700    
  2.9529545E-03   66.61899    
  3.0530514E-03   63.45598    
  3.1531546E-03   60.40393    
  3.2532513E-03   57.46663    
  3.3533545E-03   54.64436    
  3.4534577E-03   51.93606    
  3.5535544E-03   49.33936    
  3.6536576E-03   46.85099    
  3.7537545E-03   44.46844    
  3.8538512E-03   42.18949    
  3.9539547E-03   40.01282    
  4.0540514E-03   37.93825    
  4.1541546E-03   35.96595    
  4.2542513E-03   34.09668    
  4.3543545E-03   32.33019    
  4.4544511E-03   30.66603    
  4.5545544E-03   29.10188    
  4.6546576E-03   27.63415    
  4.7547608E-03   26.25776    
  4.8548514E-03   24.96624    
  4.9549546E-03   23.75210    
  5.0550578E-03   22.60808    
  5.1551545E-03   21.52730    
  5.2552512E-03   20.50389    
  5.3553544E-03   19.53333    
  5.4554576E-03   18.61296    
  5.5555543E-03   17.74162    
  5.6556575E-03   16.91915    
  5.7557542E-03   16.14620    
  5.8558574E-03   15.42317    
  5.9559545E-03   14.75007    
  6.0560578E-03   14.12562    
  6.1561605E-03   13.54733    
  6.2562511E-03   13.01128    
  6.3563543E-03   12.51225    
  6.4564575E-03   12.04449    
  6.5565608E-03   11.60202    
  6.6566574E-03   11.17935    
  6.7567541E-03   10.77188    
  6.8568573E-03   10.37619    
  6.9569605E-03   9.990561    
  7.0570577E-03   9.614450    
  7.1571544E-03   9.248563    
  7.2572576E-03   8.894341    
  7.3573608E-03   8.553599    
  7.4574575E-03   8.228118    
  7.5575607E-03   7.919245    
  7.6576574E-03   7.627816    
  7.7577541E-03   7.353985    
  7.8578573E-03   7.097278    
  7.9579605E-03   6.856892    
  8.0580637E-03   6.631688    
  8.1581539E-03   6.420510    
  8.2582571E-03   6.222150    
  8.3583603E-03   6.035654    
  8.4584635E-03   5.860101    
  8.5585546E-03   5.694739    
  8.6586578E-03   5.538754    
  8.7587601E-03   5.391409    
  8.8588577E-03   5.251889    
  8.9589609E-03   5.119286    
  9.0590576E-03   4.992729    
  9.1591608E-03   4.871333    
  9.2592575E-03   4.754385    
  9.3593607E-03   4.641254    
  9.4594639E-03   4.531482    
  9.5595606E-03   4.424688    
  9.6596573E-03   4.320578    
  9.7597605E-03   4.218775    
  9.8598637E-03   4.118859    
  9.9599604E-03   4.020373    
  1.0060057E-02   3.922724    
  1.0160160E-02   3.825427    
  1.0260263E-02   3.728159    
  1.0360360E-02   3.630967    
  1.0460457E-02   3.534268    
  1.0560560E-02   3.439037    
  1.0660663E-02   3.346605    
  1.0760760E-02   3.258587    
  1.0860863E-02   3.176578    
  1.0960961E-02   3.101913    
  1.1061064E-02   3.035302    
  1.1161161E-02   2.976627    
  1.1261264E-02   2.924817    
  1.1361361E-02   2.877928    
  1.1461457E-02   2.833295    
  1.1561560E-02   2.787913    
  1.1661664E-02   2.738899    
  1.1761767E-02   2.683985    
  1.1861857E-02   2.621794    
  1.1961960E-02   2.552236    
  1.2062063E-02   2.476519    
  1.2162167E-02   2.397000    
  1.2262263E-02   2.316828    
  1.2362360E-02   2.239518    
  1.2462463E-02   2.168345    
  1.2562566E-02   2.105930    
  1.2662663E-02   2.053774    
  1.2762766E-02   2.012096    
  1.2862863E-02   1.979857    
  1.2962961E-02   1.955004    
  1.3063064E-02   1.934836    
  1.3163166E-02   1.916448    
  1.3263264E-02   1.897289    
  1.3363360E-02   1.875442    
  1.3463464E-02   1.849907    
  1.3563567E-02   1.820633    
  1.3663670E-02   1.788390    
  1.3763760E-02   1.754446    
  1.3863863E-02   1.720308    
  1.3963967E-02   1.687241    
  1.4064063E-02   1.656111    
  1.4164167E-02   1.627175    
  1.4264263E-02   1.600085    
  1.4364366E-02   1.574048    
  1.4464463E-02   1.548044    
  1.4564566E-02   1.521143    
  1.4664663E-02   1.492734    
  1.4764766E-02   1.462717    
  1.4864863E-02   1.431584    
  1.4964966E-02   1.400279    
  1.5065069E-02   1.370072    
  1.5165160E-02   1.342228    
  1.5265264E-02   1.317812    
  1.5365367E-02   1.297421    
  1.5465470E-02   1.281033    
  1.5565567E-02   1.268080    
  1.5665663E-02   1.257502    
  1.5765766E-02   1.248001    
  1.5865870E-02   1.238306    
  1.5965967E-02   1.227412    
  1.6066063E-02   1.214786    
  1.6166165E-02   1.200431    
  1.6266270E-02   1.184867    
  1.6366366E-02   1.168935    
  1.6466470E-02   1.153639    
  1.6566567E-02   1.139797    
  1.6666664E-02   1.127934    
  1.6766766E-02   1.117998    
  1.6866870E-02   1.109473    
  1.6966973E-02   1.101371    
  1.7067064E-02   1.092485    
  1.7167166E-02   1.081600    
  1.7267270E-02   1.067776    
  1.7367372E-02   1.050577    
  1.7467469E-02   1.030128    
  1.7567566E-02   1.007159    
  1.7667670E-02  0.9828759    
  1.7767766E-02  0.9587364    
  1.7867869E-02  0.9361480    
  1.7967965E-02  0.9162764    
  1.8068070E-02  0.8997875    
  1.8168166E-02  0.8867820    
  1.8268269E-02  0.8767740    
  1.8368373E-02  0.8688506    
  1.8468469E-02  0.8618603    
  1.8568566E-02  0.8546572    
  1.8668670E-02  0.8463243    
  1.8768772E-02  0.8363717    
  1.8868877E-02  0.8247545    
  1.8968966E-02  0.8119128    
  1.9069070E-02  0.7985798    
  1.9169172E-02  0.7856312    
  1.9269269E-02  0.7738380    
  1.9369366E-02  0.7636887    
  1.9469470E-02  0.7552752    
  1.9569572E-02  0.7482662    
  1.9669669E-02  0.7419391    
  1.9769773E-02  0.7353666    
  1.9869870E-02  0.7276018    
  1.9969972E-02  0.7178446    
  2.0070069E-02  0.7056660    
  2.0170173E-02  0.6910497    
  2.0270275E-02  0.6744305    
  2.0370366E-02  0.6566049    
  2.0470470E-02  0.6386006    
  2.0570572E-02  0.6214395    
  2.0670675E-02  0.6060421    
  2.0770766E-02  0.5930098    
  2.0870870E-02  0.5825886    
  2.0970972E-02  0.5746698    
  2.1071076E-02  0.5688317    
  2.1171173E-02  0.5645052    
  2.1271270E-02  0.5610800    
  2.1371372E-02  0.5580484    
  2.1471476E-02  0.5551215    
  2.1571573E-02  0.5522287    
  2.1671675E-02  0.5494947    
  2.1771772E-02  0.5471815    
  2.1871869E-02  0.5455738    
  2.1971973E-02  0.5448614    
  2.2072075E-02  0.5450466    
  2.2172179E-02  0.5459353    
  2.2272268E-02  0.5471178    
  2.2372372E-02  0.5480465    
  2.2472475E-02  0.5481254    
  2.2572579E-02  0.5468520    
  2.2672670E-02  0.5438447    
  2.2772772E-02  0.5390103    
  2.2872875E-02  0.5324528    
  2.2972973E-02  0.5245299    
  2.3073075E-02  0.5157287    
  2.3173172E-02  0.5066146    
  2.3273276E-02  0.4976990    
  2.3373373E-02  0.4893872    
  2.3473475E-02  0.4819085    
  2.3573579E-02  0.4753734    
  2.3673676E-02  0.4697173    
  2.3773773E-02  0.4648441    
  2.3873875E-02  0.4606116    
  2.3973979E-02  0.4569350    
  2.4074068E-02  0.4537749    
  2.4174172E-02  0.4511515    
  2.4274275E-02  0.4491013    
  2.4374379E-02  0.4476159    
  2.4474476E-02  0.4466143    
  2.4574572E-02  0.4458892    
  2.4674674E-02  0.4451175    
  2.4774779E-02  0.4438924    
  2.4874875E-02  0.4417812    
  2.4974978E-02  0.4384333    
  2.5075076E-02  0.4336632    
  2.5175178E-02  0.4274995    
  2.5275275E-02  0.4202495    
  2.5375379E-02  0.4124382    
  2.5475476E-02  0.4047683    
  2.5575573E-02  0.3979524    
  2.5675675E-02  0.3926103    
  2.5775779E-02  0.3891527    
  2.5875881E-02  0.3876332    
  2.5975972E-02  0.3877775    
  2.6076075E-02  0.3889617    
  2.6176179E-02  0.3903368    
  2.6276281E-02  0.3909786    
  2.6376378E-02  0.3900332    
  2.6476474E-02  0.3869017    
  2.6576579E-02  0.3813518    
  2.6676675E-02  0.3735507    
  2.6776778E-02  0.3640804    
  2.6876874E-02  0.3537956    
  2.6976978E-02  0.3437265    
  2.7077075E-02  0.3348420    
  2.7177179E-02  0.3279617    
  2.7277282E-02  0.3235283    
  2.7377378E-02  0.3216268    
  2.7477475E-02  0.3219408    
  2.7577579E-02  0.3238327    
  2.7677681E-02  0.3264953    
  2.7777785E-02  0.3290739    
  2.7877875E-02  0.3308124    
  2.7977979E-02  0.3311913    
  2.8078081E-02  0.3299620    
  2.8178178E-02  0.3271444    
  2.8278282E-02  0.3230090    
  2.8378379E-02  0.3179263    
  2.8478481E-02  0.3123308    
  2.8578578E-02  0.3065769    
  2.8678682E-02  0.3008994    
  2.8778778E-02  0.2954062    
  2.8878881E-02  0.2900919    
  2.8978977E-02  0.2848918    
  2.9079081E-02  0.2797843    
  2.9179184E-02  0.2748066    
  2.9279275E-02  0.2701496    
  2.9379379E-02  0.2661250    
  2.9479481E-02  0.2631130    
  2.9579585E-02  0.2615185    
  2.9679682E-02  0.2616241    
  2.9779779E-02  0.2635425    
  2.9879881E-02  0.2671256    
  2.9979985E-02  0.2719558    
  3.0080082E-02  0.2773893    
  3.0180179E-02  0.2826323    
  3.0280281E-02  0.2868835    
  3.0380385E-02  0.2894593    
  3.0480482E-02  0.2899270    
  3.0580584E-02  0.2881676    
  3.0680681E-02  0.2844192    
  3.0780777E-02  0.2792282    
  3.0880881E-02  0.2733482    
  3.0980984E-02  0.2676085    
  3.1081088E-02  0.2627592    
  3.1181179E-02  0.2593323    
  3.1281281E-02  0.2575430    
  3.1381384E-02  0.2572811    
  3.1481486E-02  0.2581058    
  3.1581577E-02  0.2593803    
  3.1681683E-02  0.2603694    
  3.1781785E-02  0.2603893    
  3.1881880E-02  0.2589313    
  3.1981986E-02  0.2557760    
  3.2082081E-02  0.2509977    
  3.2182183E-02  0.2449545    
  3.2282282E-02  0.2381954    
  3.2382384E-02  0.2313792    
  3.2482486E-02  0.2251220    
  3.2582585E-02  0.2199148    
  3.2682680E-02  0.2160335    
  3.2782786E-02  0.2135415    
  3.2882888E-02  0.2122685    
  3.2982990E-02  0.2119075    
  3.3083081E-02  0.2120901    
  3.3183184E-02  0.2124702    
  3.3283286E-02  0.2127979    
  3.3383384E-02  0.2129535    
  3.3483483E-02  0.2129595    
  3.3583585E-02  0.2129531    
  3.3683687E-02  0.2131144    
  3.3783786E-02  0.2136099    
  3.3883888E-02  0.2145340    
  3.3983983E-02  0.2158675    
  3.4084089E-02  0.2174669    
  3.4184184E-02  0.2190890    
  3.4284286E-02  0.2204502    
  3.4384392E-02  0.2212686    
  3.4484480E-02  0.2213332    
  3.4584586E-02  0.2205509    
  3.4684688E-02  0.2189601    
  3.4784790E-02  0.2167169    
  3.4884881E-02  0.2140493    
  3.4984984E-02  0.2112210    
  3.5085086E-02  0.2084560    
  3.5185192E-02  0.2058892    
  3.5285287E-02  0.2035421    
  3.5385385E-02  0.2013228    
  3.5485487E-02  0.1990606    
  3.5585582E-02  0.1965407    
  3.5685688E-02  0.1935710    
  3.5785791E-02  0.1900386    
  3.5885889E-02  0.1859428    
  3.5985984E-02  0.1814077    
  3.6086086E-02  0.1766605    
  3.6186192E-02  0.1720040    
  3.6286287E-02  0.1677396    
  3.6386386E-02  0.1641068    
  3.6486488E-02  0.1612617    
  3.6586590E-02  0.1592157    
  3.6686692E-02  0.1578663    
  3.6786783E-02  0.1569736    
  3.6886886E-02  0.1562892    
  3.6986992E-02  0.1555303    
  3.7087087E-02  0.1545015    
  3.7187189E-02  0.1530903    
  3.7287287E-02  0.1513002    
  3.7387390E-02  0.1492490    
  3.7487488E-02  0.1471218    
  3.7587591E-02  0.1451203    
  3.7687693E-02  0.1434157    
  3.7787791E-02  0.1421087    
  3.7887886E-02  0.1411777    
  3.7987988E-02  0.1405094    
  3.8088094E-02  0.1399011    
  3.8188186E-02  0.1391057    
  3.8288288E-02  0.1378947    
  3.8388390E-02  0.1361026    
  3.8488492E-02  0.1336586    
  3.8588591E-02  0.1306222    
  3.8688686E-02  0.1271469    
  3.8788792E-02  0.1234817    
  3.8888894E-02  0.1199134    
  3.8988989E-02  0.1167050    
  3.9089095E-02  0.1140861    
  3.9189190E-02  0.1121769    
  3.9289292E-02  0.1110255    
  3.9389390E-02  0.1105854    
  3.9489493E-02  0.1107724    
  3.9589591E-02  0.1114663    
  3.9689686E-02  0.1125693    
  3.9789788E-02  0.1140151    
  3.9889894E-02  0.1157866    
  3.9989997E-02  0.1178988    
  4.0090088E-02  0.1203627    
  4.0190190E-02  0.1231769    
  4.0290292E-02  0.1262748    
  4.0390395E-02  0.1295270    
  4.0490493E-02  0.1327152    
  4.0590592E-02  0.1355688    
  4.0690694E-02  0.1378102    
  4.0790789E-02  0.1391553    
  4.0890895E-02  0.1394358    
  4.0990990E-02  0.1385669    
  4.1091092E-02  0.1366180    
  4.1191190E-02  0.1337810    
  4.1291293E-02  0.1303513    
  4.1391395E-02  0.1266884    
  4.1491494E-02  0.1231421    
  4.1591588E-02  0.1200109    
  4.1691694E-02  0.1174918    
  4.1791797E-02  0.1156552    
  4.1891899E-02  0.1144618    
  4.1991990E-02  0.1137526    
  4.2092092E-02  0.1133509    
  4.2192195E-02  0.1130402    
  4.2292293E-02  0.1126684    
  4.2392395E-02  0.1121530    
  4.2492494E-02  0.1114894    
  4.2592596E-02  0.1107566    
  4.2692695E-02  0.1100892    
  4.2792797E-02  0.1096025    
  4.2892892E-02  0.1094017    
  4.2992998E-02  0.1095203    
  4.3093093E-02  0.1099083    
  4.3193195E-02  0.1104490    
  4.3293301E-02  0.1109724    
  4.3393388E-02  0.1113042    
  4.3493494E-02  0.1113062    
  4.3593597E-02  0.1109105    
  4.3693699E-02  0.1101362    
  4.3793797E-02  0.1091115    
  4.3893892E-02  0.1080163    
  4.3993995E-02  0.1070773    
  4.4094101E-02  0.1064891    
  4.4194195E-02  0.1064057    
  4.4294294E-02  0.1068661    
  4.4394396E-02  0.1078036    
  4.4494499E-02  0.1090578    
  4.4594597E-02  0.1103920    
  4.4694699E-02  0.1115480    
  4.4794798E-02  0.1123098    
  4.4894893E-02  0.1125284    
  4.4994995E-02  0.1121837    
  4.5095101E-02  0.1113415    
  4.5195203E-02  0.1101924    
  4.5295294E-02  0.1089748    
  4.5395397E-02  0.1079340    
  4.5495499E-02  0.1072758    
  4.5595601E-02  0.1071195    
  4.5695692E-02  0.1074725    
  4.5795795E-02  0.1082408    
  4.5895901E-02  0.1092302    
  4.5995995E-02  0.1102295    
  4.6096098E-02  0.1110125    
  4.6196196E-02  0.1114148    
  4.6296299E-02  0.1113556    
  4.6396397E-02  0.1108634    
  4.6496499E-02  0.1100328    
  4.6596602E-02  0.1090416    
  4.6696700E-02  0.1080736    
  4.6796795E-02  0.1072833    
  4.6896901E-02  0.1067683    
  4.6997003E-02  0.1065469    
  4.7097094E-02  0.1065397    
  4.7197197E-02  0.1066377    
  4.7297299E-02  0.1066825    
  4.7397401E-02  0.1065580    
  4.7497500E-02  0.1061894    
  4.7597595E-02  0.1055845    
  4.7697701E-02  0.1048302    
  4.7797803E-02  0.1040720    
  4.7897898E-02  0.1034670    
  4.7998004E-02  0.1031564    
  4.8098098E-02  0.1031970    
  4.8198201E-02  0.1035613    
  4.8298299E-02  0.1041081    
  4.8398402E-02  0.1046053    
  4.8498504E-02  0.1047698    
  4.8598595E-02  0.1043411    
  4.8698701E-02  0.1031173    
  4.8798803E-02  0.1010270    
  4.8898906E-02  9.8145895E-02
  4.8998997E-02  9.4706535E-02
  4.9099099E-02  9.1063797E-02
  4.9199201E-02  8.7627165E-02
  4.9299307E-02  8.4820881E-02
  4.9399402E-02  8.2966685E-02
  4.9499501E-02  8.2259111E-02
  4.9599603E-02  8.2700290E-02
  4.9699698E-02  8.4111474E-02
  4.9799804E-02  8.6179279E-02
  4.9899906E-02  8.8480659E-02
  5.0000001E-02  9.0591602E-02
