 -5.0000001E-02  0.1515257    
 -4.9899902E-02  0.1503768    
 -4.9799804E-02  0.1489822    
 -4.9699701E-02  0.1478295    
 -4.9599603E-02  0.1473648    
 -4.9499501E-02  0.1478783    
 -4.9399402E-02  0.1494473    
 -4.9299303E-02  0.1519132    
 -4.9199201E-02  0.1549014    
 -4.9099103E-02  0.1579297    
 -4.8999004E-02  0.1604924    
 -4.8898902E-02  0.1621875    
 -4.8798803E-02  0.1627920    
 -4.8698701E-02  0.1623351    
 -4.8598602E-02  0.1610708    
 -4.8498500E-02  0.1594345    
 -4.8398398E-02  0.1579342    
 -4.8298299E-02  0.1570506    
 -4.8198201E-02  0.1571092    
 -4.8098098E-02  0.1582303    
 -4.7998000E-02  0.1602789    
 -4.7897898E-02  0.1629141    
 -4.7797799E-02  0.1656625    
 -4.7697701E-02  0.1680225    
 -4.7597598E-02  0.1695885    
 -4.7497500E-02  0.1701406    
 -4.7397397E-02  0.1697016    
 -4.7297299E-02  0.1685354    
 -4.7197200E-02  0.1670736    
 -4.7097098E-02  0.1658408    
 -4.6997000E-02  0.1653192    
 -4.6896901E-02  0.1658434    
 -4.6796799E-02  0.1675165    
 -4.6696700E-02  0.1701880    
 -4.6596598E-02  0.1734832    
 -4.6496499E-02  0.1768700    
 -4.6396401E-02  0.1797991    
 -4.6296299E-02  0.1818104    
 -4.6196200E-02  0.1826363    
 -4.6096098E-02  0.1822761    
 -4.5995999E-02  0.1809818    
 -4.5895901E-02  0.1792113    
 -4.5795795E-02  0.1775314    
 -4.5695696E-02  0.1764874    
 -4.5595597E-02  0.1764669    
 -4.5495495E-02  0.1776534    
 -4.5395397E-02  0.1799422    
 -4.5295294E-02  0.1829857    
 -4.5195196E-02  0.1862705    
 -4.5095097E-02  0.1892377    
 -4.4994995E-02  0.1913957    
 -4.4894896E-02  0.1924460    
 -4.4794798E-02  0.1923428    
 -4.4694696E-02  0.1913105    
 -4.4594597E-02  0.1897885    
 -4.4494495E-02  0.1883280    
 -4.4394396E-02  0.1874790    
 -4.4294298E-02  0.1876596    
 -4.4194195E-02  0.1890483    
 -4.4094097E-02  0.1915637    
 -4.3993995E-02  0.1948597    
 -4.3893896E-02  0.1984188    
 -4.3793797E-02  0.2016639    
 -4.3693695E-02  0.2040843    
 -4.3593597E-02  0.2053643    
 -4.3493498E-02  0.2054401    
 -4.3393396E-02  0.2045341    
 -4.3293294E-02  0.2030947    
 -4.3193195E-02  0.2016895    
 -4.3093096E-02  0.2008995    
 -4.2992998E-02  0.2011614    
 -4.2892892E-02  0.2026860    
 -4.2792797E-02  0.2053847    
 -4.2692695E-02  0.2089138    
 -4.2592596E-02  0.2127194    
 -4.2492494E-02  0.2161889    
 -4.2392392E-02  0.2187700    
 -4.2292293E-02  0.2201014    
 -4.2192195E-02  0.2200948    
 -4.2092092E-02  0.2189624    
 -4.1991994E-02  0.2171679    
 -4.1891892E-02  0.2153208    
 -4.1791793E-02  0.2140455    
 -4.1691694E-02  0.2138473    
 -4.1591592E-02  0.2149808    
 -4.1491494E-02  0.2174018    
 -4.1391395E-02  0.2207732    
 -4.1291293E-02  0.2245441    
 -4.1191194E-02  0.2280638    
 -4.1091092E-02  0.2307367    
 -4.0990993E-02  0.2321564    
 -4.0890895E-02  0.2322013    
 -4.0790793E-02  0.2310693    
 -4.0690694E-02  0.2292296    
 -4.0590592E-02  0.2273300    
 -4.0490493E-02  0.2260691    
 -4.0390395E-02  0.2260092    
 -4.0290292E-02  0.2274790    
 -4.0190190E-02  0.2304965    
 -4.0090092E-02  0.2347497    
 -3.9989989E-02  0.2396728    
 -3.9889894E-02  0.2445699    
 -3.9789788E-02  0.2487645    
 -3.9689690E-02  0.2517577    
 -3.9589591E-02  0.2533149    
 -3.9489489E-02  0.2535335    
 -3.9389390E-02  0.2528074    
 -3.9289292E-02  0.2517465    
 -3.9189190E-02  0.2510143    
 -3.9089091E-02  0.2511956    
 -3.8988989E-02  0.2526532    
 -3.8888890E-02  0.2554419    
 -3.8788792E-02  0.2592857    
 -3.8688689E-02  0.2636584    
 -3.8588591E-02  0.2678735    
 -3.8488489E-02  0.2712618    
 -3.8388390E-02  0.2733027    
 -3.8288292E-02  0.2737704    
 -3.8188189E-02  0.2727611    
 -3.8088091E-02  0.2706937    
 -3.7987988E-02  0.2682263    
 -3.7887890E-02  0.2660906    
 -3.7787791E-02  0.2649699    
 -3.7687685E-02  0.2653123    
 -3.7587591E-02  0.2672706    
 -3.7487492E-02  0.2706544    
 -3.7387390E-02  0.2749708    
 -3.7287287E-02  0.2795524    
 -3.7187189E-02  0.2837040    
 -3.7087087E-02  0.2868569    
 -3.6986988E-02  0.2887009    
 -3.6886886E-02  0.2892405    
 -3.6786791E-02  0.2887981    
 -3.6686689E-02  0.2879478    
 -3.6586586E-02  0.2873518    
 -3.6486488E-02  0.2876376    
 -3.6386389E-02  0.2892215    
 -3.6286287E-02  0.2922277    
 -3.6186192E-02  0.2964420    
 -3.6086086E-02  0.3013731    
 -3.5985988E-02  0.3063354    
 -3.5885889E-02  0.3106314    
 -3.5785787E-02  0.3136930    
 -3.5685688E-02  0.3152040    
 -3.5585586E-02  0.3152066    
 -3.5485487E-02  0.3140674    
 -3.5385385E-02  0.3124112    
 -3.5285287E-02  0.3109834    
 -3.5185188E-02  0.3104897    
 -3.5085086E-02  0.3114396    
 -3.4984987E-02  0.3140278    
 -3.4884889E-02  0.3181043    
 -3.4784783E-02  0.3231890    
 -3.4684688E-02  0.3286200    
 -3.4584586E-02  0.3336578    
 -3.4484487E-02  0.3376845    
 -3.4384385E-02  0.3403474    
 -3.4284286E-02  0.3416103    
 -3.4184184E-02  0.3417932    
 -3.4084085E-02  0.3414740    
 -3.3983983E-02  0.3413709    
 -3.3883888E-02  0.3421681    
 -3.3783786E-02  0.3443545    
 -3.3683687E-02  0.3481157    
 -3.3583585E-02  0.3532670    
 -3.3483487E-02  0.3592943    
 -3.3383384E-02  0.3654832    
 -3.3283286E-02  0.3710456    
 -3.3183184E-02  0.3753051    
 -3.3083085E-02  0.3778481    
 -3.2982983E-02  0.3786229    
 -3.2882884E-02  0.3779402    
 -3.2782786E-02  0.3764026    
 -3.2682683E-02  0.3747717    
 -3.2582585E-02  0.3738071    
 -3.2482482E-02  0.3740761    
 -3.2382384E-02  0.3758526    
 -3.2282285E-02  0.3790366    
 -3.2182183E-02  0.3831941    
 -3.2082081E-02  0.3876565    
 -3.1981986E-02  0.3916987    
 -3.1881880E-02  0.3946843    
 -3.1781785E-02  0.3962491    
 -3.1681683E-02  0.3963973    
 -3.1581584E-02  0.3954865    
 -3.1481486E-02  0.3941980    
 -3.1381384E-02  0.3933614    
 -3.1281281E-02  0.3937759    
 -3.1181185E-02  0.3960520    
 -3.1081080E-02  0.4004318    
 -3.0980984E-02  0.4067647    
 -3.0880881E-02  0.4144979    
 -3.0780785E-02  0.4228263    
 -3.0680681E-02  0.4308229    
 -3.0580582E-02  0.4376797    
 -3.0480482E-02  0.4428415    
 -3.0380381E-02  0.4461703    
 -3.0280281E-02  0.4479299    
 -3.0180184E-02  0.4487514    
 -3.0080082E-02  0.4494883    
 -2.9979981E-02  0.4510167    
 -2.9879881E-02  0.4540314    
 -2.9779781E-02  0.4588981    
 -2.9679682E-02  0.4655626    
 -2.9579582E-02  0.4735607    
 -2.9479481E-02  0.4821246    
 -2.9379379E-02  0.4903530    
 -2.9279280E-02  0.4974024    
 -2.9179178E-02  0.5027035    
 -2.9079081E-02  0.5060797    
 -2.8978977E-02  0.5077878    
 -2.8878881E-02  0.5084666    
 -2.8778782E-02  0.5090055    
 -2.8678682E-02  0.5103328    
 -2.8578578E-02  0.5132334    
 -2.8478481E-02  0.5181430    
 -2.8378379E-02  0.5250537    
 -2.8278282E-02  0.5335476    
 -2.8178178E-02  0.5428460    
 -2.8078077E-02  0.5519855    
 -2.7977979E-02  0.5600781    
 -2.7877878E-02  0.5664631    
 -2.7777778E-02  0.5708677    
 -2.7677678E-02  0.5734869    
 -2.7577579E-02  0.5749151    
 -2.7477482E-02  0.5760313    
 -2.7377378E-02  0.5777605    
 -2.7277278E-02  0.5809214    
 -2.7177179E-02  0.5859532    
 -2.7077079E-02  0.5928873    
 -2.6976978E-02  0.6012635    
 -2.6876878E-02  0.6102673    
 -2.6776778E-02  0.6188907    
 -2.6676675E-02  0.6261423    
 -2.6576579E-02  0.6313067    
 -2.6476476E-02  0.6340612    
 -2.6376376E-02  0.6345953    
 -2.6276279E-02  0.6335679    
 -2.6176179E-02  0.6319466    
 -2.6076078E-02  0.6308540    
 -2.5975976E-02  0.6312891    
 -2.5875878E-02  0.6339339    
 -2.5775777E-02  0.6390166    
 -2.5675677E-02  0.6462746    
 -2.5575576E-02  0.6550081    
 -2.5475476E-02  0.6642749    
 -2.5375376E-02  0.6730943    
 -2.5275275E-02  0.6806694    
 -2.5175175E-02  0.6865861    
 -2.5075076E-02  0.6908876    
 -2.4974978E-02  0.6940577    
 -2.4874877E-02  0.6969107    
 -2.4774777E-02  0.7003874    
 -2.4674674E-02  0.7053288    
 -2.4574576E-02  0.7122583    
 -2.4474476E-02  0.7212358    
 -2.4374375E-02  0.7318323    
 -2.4274275E-02  0.7431967    
 -2.4174176E-02  0.7542508    
 -2.4074076E-02  0.7638931    
 -2.3973973E-02  0.7712661    
 -2.3873873E-02  0.7759418    
 -2.3773775E-02  0.7780375    
 -2.3673676E-02  0.7781934    
 -2.3573576E-02  0.7774468    
 -2.3473475E-02  0.7770272    
 -2.3373375E-02  0.7780767    
 -2.3273272E-02  0.7814478    
 -2.3173172E-02  0.7874855    
 -2.3073075E-02  0.7959992    
 -2.2972975E-02  0.8062899    
 -2.2872875E-02  0.8173469    
 -2.2772776E-02  0.8280494    
 -2.2672672E-02  0.8374491    
 -2.2572575E-02  0.8449892    
 -2.2472473E-02  0.8506091    
 -2.2372376E-02  0.8547531    
 -2.2272272E-02  0.8583149    
 -2.2172172E-02  0.8623753    
 -2.2072073E-02  0.8679651    
 -2.1971973E-02  0.8758447    
 -2.1871876E-02  0.8863083    
 -2.1771772E-02  0.8990978    
 -2.1671671E-02  0.9134964    
 -2.1571573E-02  0.9284430    
 -2.1471472E-02  0.9428333    
 -2.1371372E-02  0.9557045    
 -2.1271272E-02  0.9665593    
 -2.1171173E-02  0.9753694    
 -2.1071073E-02  0.9827067    
 -2.0970969E-02  0.9895477    
 -2.0870872E-02  0.9970952    
 -2.0770770E-02   1.006474    
 -2.0670673E-02   1.018479    
 -2.0570572E-02   1.033400    
 -2.0470472E-02   1.050901    
 -2.0370372E-02   1.070126    
 -2.0270269E-02   1.089836    
 -2.0170173E-02   1.108699    
 -2.0070069E-02   1.125585    
 -1.9969972E-02   1.139800    
 -1.9869870E-02   1.151271    
 -1.9769773E-02   1.160576    
 -1.9669669E-02   1.168771    
 -1.9569570E-02   1.177233    
 -1.9469470E-02   1.187303    
 -1.9369369E-02   1.200004    
 -1.9269273E-02   1.215828    
 -1.9169169E-02   1.234570    
 -1.9069072E-02   1.255411    
 -1.8968970E-02   1.277103    
 -1.8868869E-02   1.298203    
 -1.8768769E-02   1.317434    
 -1.8668670E-02   1.333959    
 -1.8568570E-02   1.347579    
 -1.8468469E-02   1.358790    
 -1.8368369E-02   1.368669    
 -1.8268269E-02   1.378678    
 -1.8168166E-02   1.390311    
 -1.8068070E-02   1.404792    
 -1.7967969E-02   1.422788    
 -1.7867869E-02   1.444312    
 -1.7767770E-02   1.468660    
 -1.7667670E-02   1.494641    
 -1.7567569E-02   1.520823    
 -1.7467467E-02   1.545892    
 -1.7367369E-02   1.568921    
 -1.7267266E-02   1.589637    
 -1.7167170E-02   1.608478    
 -1.7067065E-02   1.626515    
 -1.6966969E-02   1.645171    
 -1.6866866E-02   1.665982    
 -1.6766766E-02   1.690152    
 -1.6666669E-02   1.718306    
 -1.6566567E-02   1.750339    
 -1.6466470E-02   1.785362    
 -1.6366366E-02   1.821924    
 -1.6266266E-02   1.858251    
 -1.6166165E-02   1.892697    
 -1.6066067E-02   1.924000    
 -1.5965967E-02   1.951643    
 -1.5865866E-02   1.975926    
 -1.5765766E-02   1.997900    
 -1.5665667E-02   2.019166    
 -1.5565563E-02   2.041520    
 -1.5465466E-02   2.066555    
 -1.5365367E-02   2.095371    
 -1.5265266E-02   2.128311    
 -1.5165166E-02   2.164928    
 -1.5065067E-02   2.204075    
 -1.4964966E-02   2.244251    
 -1.4864863E-02   2.283896    
 -1.4764766E-02   2.321777    
 -1.4664663E-02   2.357289    
 -1.4564566E-02   2.390558    
 -1.4464463E-02   2.422455    
 -1.4364366E-02   2.454334    
 -1.4264263E-02   2.487772    
 -1.4164164E-02   2.524120    
 -1.4064066E-02   2.564255    
 -1.3963963E-02   2.608340    
 -1.3863866E-02   2.655761    
 -1.3763763E-02   2.705316    
 -1.3663666E-02   2.755469    
 -1.3563563E-02   2.804767    
 -1.3463464E-02   2.852173    
 -1.3363363E-02   2.897391    
 -1.3263264E-02   2.940944    
 -1.3163163E-02   2.984120    
 -1.3063064E-02   3.028708    
 -1.2962966E-02   3.076587    
 -1.2862863E-02   3.129343    
 -1.2762764E-02   3.187823    
 -1.2662663E-02   3.251959    
 -1.2562564E-02   3.320693    
 -1.2462463E-02   3.392216    
 -1.2362364E-02   3.464314    
 -1.2262263E-02   3.534788    
 -1.2162164E-02   3.602054    
 -1.2062061E-02   3.665398    
 -1.1961963E-02   3.725213    
 -1.1861861E-02   3.782937    
 -1.1761763E-02   3.840778    
 -1.1661664E-02   3.901247    
 -1.1561563E-02   3.966657    
 -1.1461464E-02   4.038575    
 -1.1361361E-02   4.117562    
 -1.1261264E-02   4.203032    
 -1.1161161E-02   4.293431    
 -1.1061064E-02   4.386545    
 -1.0960961E-02   4.480124    
 -1.0860860E-02   4.572372    
 -1.0760760E-02   4.662400    
 -1.0660660E-02   4.750560    
 -1.0560560E-02   4.838348    
 -1.0460461E-02   4.928283    
 -1.0360364E-02   5.023254    
 -1.0260261E-02   5.126070    
 -1.0160160E-02   5.238768    
 -1.0060061E-02   5.362293    
 -9.9599604E-03   5.496233    
 -9.8598609E-03   5.638919    
 -9.7597605E-03   5.787794    
 -9.6596600E-03   5.940052    
 -9.5595606E-03   6.093150    
 -9.4594574E-03   6.245468    
 -9.3593607E-03   6.396659    
 -9.2592575E-03   6.547784    
 -9.1591608E-03   6.701022    
 -9.0590604E-03   6.859350    
 -8.9589609E-03   7.025836    
 -8.8588605E-03   7.203080    
 -8.7587573E-03   7.392634    
 -8.6586606E-03   7.594757    
 -8.5585574E-03   7.808523    
 -8.4584607E-03   8.031977    
 -8.3583575E-03   8.262851    
 -8.2582608E-03   8.499084    
 -8.1581576E-03   8.739524    
 -8.0580572E-03   8.984200    
 -7.9579577E-03   9.234619    
 -7.8578573E-03   9.493461    
 -7.7577606E-03   9.764078    
 -7.6576574E-03   10.05004    
 -7.5575607E-03   10.35424    
 -7.4574575E-03   10.67845    
 -7.3573575E-03   11.02302    
 -7.2572576E-03   11.38694    
 -7.1571576E-03   11.76810    
 -7.0570577E-03   12.16405    
 -6.9569573E-03   12.57271    
 -6.8568573E-03   12.99299    
 -6.7567574E-03   13.42532    
 -6.6566542E-03   13.87195    
 -6.5565575E-03   14.33658    
 -6.4564575E-03   14.82402    
 -6.3563576E-03   15.33928    
 -6.2562576E-03   15.88692    
 -6.1561544E-03   16.47033    
 -6.0560578E-03   17.09122    
 -5.9559545E-03   17.74988    
 -5.8558574E-03   18.44521    
 -5.7557542E-03   19.17568    
 -5.6556575E-03   19.93982    
 -5.5555543E-03   20.73738    
 -5.4554543E-03   21.56954    
 -5.3553544E-03   22.43940    
 -5.2552545E-03   23.35155    
 -5.1551578E-03   24.31167    
 -5.0550546E-03   25.32566    
 -4.9549574E-03   26.39858    
 -4.8548547E-03   27.53432    
 -4.7547542E-03   28.73475    
 -4.6546543E-03   29.99999    
 -4.5545544E-03   31.32894    
 -4.4544544E-03   32.72008    
 -4.3543545E-03   34.17240    
 -4.2542545E-03   35.68642    
 -4.1541546E-03   37.26491    
 -4.0540514E-03   38.91301    
 -3.9539547E-03   40.63773    
 -3.8538545E-03   42.44754    
 -3.7537545E-03   44.35074    
 -3.6536546E-03   46.35446    
 -3.5535544E-03   48.46331    
 -3.4534545E-03   50.67894    
 -3.3533513E-03   52.99968    
 -3.2532546E-03   55.42075    
 -3.1531514E-03   57.93543    
 -3.0530544E-03   60.53553    
 -2.9529515E-03   63.21296    
 -2.8528546E-03   65.95895    
 -2.7527513E-03   68.76574    
 -2.6526514E-03   71.62408    
 -2.5525545E-03   74.52375    
 -2.4524515E-03   77.45143    
 -2.3523546E-03   80.39020    
 -2.2522514E-03   83.31970    
 -2.1521547E-03   86.21641    
 -2.0520515E-03   89.05695    
 -1.9519514E-03   91.82011    
 -1.8518515E-03   94.49213    
 -1.7517515E-03   97.06940    
 -1.6516515E-03   99.56263    
 -1.5515515E-03   101.9976    
 -1.4514547E-03   104.4145    
 -1.3513515E-03   106.8643    
 -1.2512516E-03   109.4019    
 -1.1511515E-03   112.0783    
 -1.0510515E-03   114.9309    
 -9.5095154E-04   117.9739    
 -8.5085153E-04   121.1910    
 -7.5074838E-04   124.5308    
 -6.5065152E-04   127.9060    
 -5.5054837E-04   131.1987    
 -4.5045157E-04   134.2679    
 -3.5034839E-04   136.9630    
 -2.5025156E-04   139.1377    
 -1.5015158E-04   140.6660    
 -5.0048413E-05   141.4556    
  5.0048413E-05   141.4556    
  1.5015158E-04   140.6661    
  2.5024841E-04   139.1376    
  3.5035156E-04   136.9630    
  4.5044839E-04   134.2680    
  5.5055157E-04   131.1987    
  6.5065152E-04   127.9060    
  7.5075153E-04   124.5307    
  8.5085153E-04   121.1910    
  9.5095154E-04   117.9739    
  1.0510515E-03   114.9309    
  1.1511483E-03   112.0784    
  1.2512516E-03   109.4019    
  1.3513515E-03   106.8643    
  1.4514514E-03   104.4146    
  1.5515515E-03   101.9976    
  1.6516515E-03   99.56263    
  1.7517515E-03   97.06940    
  1.8518515E-03   94.49212    
  1.9519514E-03   91.82011    
  2.0520545E-03   89.05683    
  2.1521514E-03   86.21651    
  2.2522546E-03   83.31969    
  2.3523513E-03   80.39033    
  2.4524515E-03   77.45142    
  2.5525515E-03   74.52385    
  2.6526514E-03   71.62411    
  2.7527546E-03   68.76569    
  2.8528513E-03   65.95901    
  2.9529545E-03   63.21281    
  3.0530514E-03   60.53560    
  3.1531546E-03   57.93536    
  3.2532513E-03   55.42077    
  3.3533545E-03   52.99966    
  3.4534577E-03   50.67890    
  3.5535544E-03   48.46331    
  3.6536576E-03   46.35438    
  3.7537545E-03   44.35073    
  3.8538512E-03   42.44759    
  3.9539547E-03   40.63772    
  4.0540514E-03   38.91300    
  4.1541546E-03   37.26491    
  4.2542513E-03   35.68647    
  4.3543545E-03   34.17240    
  4.4544511E-03   32.72013    
  4.5545544E-03   31.32895    
  4.6546576E-03   29.99993    
  4.7547608E-03   28.73465    
  4.8548514E-03   27.53437    
  4.9549546E-03   26.39861    
  5.0550578E-03   25.32562    
  5.1551545E-03   24.31169    
  5.2552512E-03   23.35160    
  5.3553544E-03   22.43941    
  5.4554576E-03   21.56954    
  5.5555543E-03   20.73738    
  5.6556575E-03   19.93981    
  5.7557542E-03   19.17568    
  5.8558574E-03   18.44521    
  5.9559545E-03   17.74988    
  6.0560578E-03   17.09122    
  6.1561605E-03   16.47028    
  6.2562511E-03   15.88696    
  6.3563543E-03   15.33930    
  6.4564575E-03   14.82401    
  6.5565608E-03   14.33657    
  6.6566574E-03   13.87192    
  6.7567541E-03   13.42534    
  6.8568573E-03   12.99299    
  6.9569605E-03   12.57270    
  7.0570577E-03   12.16405    
  7.1571544E-03   11.76812    
  7.2572576E-03   11.38694    
  7.3573608E-03   11.02300    
  7.4574575E-03   10.67845    
  7.5575607E-03   10.35424    
  7.6576574E-03   10.05004    
  7.7577541E-03   9.764098    
  7.8578573E-03   9.493461    
  7.9579605E-03   9.234617    
  8.0580637E-03   8.984193    
  8.1581539E-03   8.739527    
  8.2582571E-03   8.499082    
  8.3583603E-03   8.262837    
  8.4584635E-03   8.031967    
  8.5585546E-03   7.808523    
  8.6586578E-03   7.594768    
  8.7587601E-03   7.392623    
  8.8588577E-03   7.203082    
  8.9589609E-03   7.025836    
  9.0590576E-03   6.859355    
  9.1591608E-03   6.701021    
  9.2592575E-03   6.547782    
  9.3593607E-03   6.396657    
  9.4594639E-03   6.245467    
  9.5595606E-03   6.093149    
  9.6596573E-03   5.940053    
  9.7597605E-03   5.787794    
  9.8598637E-03   5.638902    
  9.9599604E-03   5.496232    
  1.0060057E-02   5.362308    
  1.0160160E-02   5.238767    
  1.0260263E-02   5.126057    
  1.0360360E-02   5.023256    
  1.0460457E-02   4.928289    
  1.0560560E-02   4.838350    
  1.0660663E-02   4.750544    
  1.0760760E-02   4.662400    
  1.0860863E-02   4.572361    
  1.0960961E-02   4.480124    
  1.1061064E-02   4.386544    
  1.1161161E-02   4.293431    
  1.1261264E-02   4.203033    
  1.1361361E-02   4.117562    
  1.1461457E-02   4.038574    
  1.1561560E-02   3.966666    
  1.1661664E-02   3.901247    
  1.1761767E-02   3.840783    
  1.1861857E-02   3.782932    
  1.1961960E-02   3.725208    
  1.2062063E-02   3.665397    
  1.2162167E-02   3.602057    
  1.2262263E-02   3.534789    
  1.2362360E-02   3.464311    
  1.2462463E-02   3.392216    
  1.2562566E-02   3.320694    
  1.2662663E-02   3.251958    
  1.2762766E-02   3.187827    
  1.2862863E-02   3.129343    
  1.2962961E-02   3.076597    
  1.3063064E-02   3.028708    
  1.3163166E-02   2.984125    
  1.3263264E-02   2.940944    
  1.3363360E-02   2.897396    
  1.3463464E-02   2.852174    
  1.3563567E-02   2.804770    
  1.3663670E-02   2.755477    
  1.3763760E-02   2.705325    
  1.3863863E-02   2.655758    
  1.3963967E-02   2.608337    
  1.4064063E-02   2.564255    
  1.4164167E-02   2.524116    
  1.4264263E-02   2.487773    
  1.4364366E-02   2.454336    
  1.4464463E-02   2.422456    
  1.4564566E-02   2.390558    
  1.4664663E-02   2.357288    
  1.4764766E-02   2.321776    
  1.4864863E-02   2.283895    
  1.4964966E-02   2.244251    
  1.5065069E-02   2.204075    
  1.5165160E-02   2.164922    
  1.5265264E-02   2.128319    
  1.5365367E-02   2.095371    
  1.5465470E-02   2.066555    
  1.5565567E-02   2.041517    
  1.5665663E-02   2.019166    
  1.5765766E-02   1.997900    
  1.5865870E-02   1.975929    
  1.5965967E-02   1.951643    
  1.6066063E-02   1.924001    
  1.6166165E-02   1.892696    
  1.6266270E-02   1.858248    
  1.6366366E-02   1.821923    
  1.6466470E-02   1.785360    
  1.6566567E-02   1.750339    
  1.6666664E-02   1.718303    
  1.6766766E-02   1.690152    
  1.6866870E-02   1.665982    
  1.6966973E-02   1.645177    
  1.7067064E-02   1.626517    
  1.7167166E-02   1.608485    
  1.7267270E-02   1.589631    
  1.7367372E-02   1.568916    
  1.7467469E-02   1.545896    
  1.7567566E-02   1.520828    
  1.7667670E-02   1.494642    
  1.7767766E-02   1.468664    
  1.7867869E-02   1.444312    
  1.7967965E-02   1.422794    
  1.8068070E-02   1.404792    
  1.8168166E-02   1.390311    
  1.8268269E-02   1.378678    
  1.8368373E-02   1.368671    
  1.8468469E-02   1.358790    
  1.8568566E-02   1.347584    
  1.8668670E-02   1.333959    
  1.8768772E-02   1.317431    
  1.8868877E-02   1.298204    
  1.8968966E-02   1.277101    
  1.9069070E-02   1.255414    
  1.9169172E-02   1.234563    
  1.9269269E-02   1.215824    
  1.9369366E-02   1.200014    
  1.9469470E-02   1.187302    
  1.9569572E-02   1.177236    
  1.9669669E-02   1.168771    
  1.9769773E-02   1.160576    
  1.9869870E-02   1.151271    
  1.9969972E-02   1.139800    
  2.0070069E-02   1.125585    
  2.0170173E-02   1.108698    
  2.0270275E-02   1.089839    
  2.0370366E-02   1.070128    
  2.0470470E-02   1.050904    
  2.0570572E-02   1.033400    
  2.0670675E-02   1.018479    
  2.0770766E-02   1.006473    
  2.0870870E-02  0.9970980    
  2.0970972E-02  0.9895473    
  2.1071076E-02  0.9827014    
  2.1171173E-02  0.9753691    
  2.1271270E-02  0.9665545    
  2.1371372E-02  0.9557042    
  2.1471476E-02  0.9428321    
  2.1571573E-02  0.9284436    
  2.1671675E-02  0.9134913    
  2.1771772E-02  0.8990980    
  2.1871869E-02  0.8863127    
  2.1971973E-02  0.8758448    
  2.2072075E-02  0.8679659    
  2.2172179E-02  0.8623709    
  2.2272268E-02  0.8583140    
  2.2372372E-02  0.8547531    
  2.2472475E-02  0.8506013    
  2.2572579E-02  0.8449918    
  2.2672670E-02  0.8374504    
  2.2772772E-02  0.8280473    
  2.2872875E-02  0.8173466    
  2.2972973E-02  0.8062917    
  2.3073075E-02  0.7959986    
  2.3173172E-02  0.7874852    
  2.3273276E-02  0.7814469    
  2.3373373E-02  0.7780779    
  2.3473475E-02  0.7770272    
  2.3573579E-02  0.7774490    
  2.3673676E-02  0.7781930    
  2.3773773E-02  0.7780377    
  2.3873875E-02  0.7759433    
  2.3973979E-02  0.7712635    
  2.4074068E-02  0.7638931    
  2.4174172E-02  0.7542469    
  2.4274275E-02  0.7431964    
  2.4374379E-02  0.7318283    
  2.4474476E-02  0.7212355    
  2.4574572E-02  0.7122615    
  2.4674674E-02  0.7053288    
  2.4774779E-02  0.7003876    
  2.4874875E-02  0.6969110    
  2.4974978E-02  0.6940558    
  2.5075076E-02  0.6908879    
  2.5175178E-02  0.6865892    
  2.5275275E-02  0.6806691    
  2.5375379E-02  0.6730935    
  2.5475476E-02  0.6642740    
  2.5575573E-02  0.6550086    
  2.5675675E-02  0.6462697    
  2.5775779E-02  0.6390199    
  2.5875881E-02  0.6339332    
  2.5975972E-02  0.6312885    
  2.6076075E-02  0.6308538    
  2.6176179E-02  0.6319469    
  2.6276281E-02  0.6335683    
  2.6376378E-02  0.6345979    
  2.6476474E-02  0.6340626    
  2.6576579E-02  0.6313069    
  2.6676675E-02  0.6261422    
  2.6776778E-02  0.6188908    
  2.6876874E-02  0.6102702    
  2.6976978E-02  0.6012629    
  2.7077075E-02  0.5928838    
  2.7177179E-02  0.5859534    
  2.7277282E-02  0.5809163    
  2.7377378E-02  0.5777609    
  2.7477475E-02  0.5760278    
  2.7577579E-02  0.5749153    
  2.7677681E-02  0.5734847    
  2.7777785E-02  0.5708675    
  2.7877875E-02  0.5664619    
  2.7977979E-02  0.5600783    
  2.8078081E-02  0.5519841    
  2.8178178E-02  0.5428463    
  2.8278282E-02  0.5335473    
  2.8378379E-02  0.5250533    
  2.8478481E-02  0.5181429    
  2.8578578E-02  0.5132337    
  2.8678682E-02  0.5103327    
  2.8778778E-02  0.5089993    
  2.8878881E-02  0.5084665    
  2.8978977E-02  0.5077875    
  2.9079081E-02  0.5060792    
  2.9179184E-02  0.5027069    
  2.9279275E-02  0.4974077    
  2.9379379E-02  0.4903527    
  2.9479481E-02  0.4821240    
  2.9579585E-02  0.4735619    
  2.9679682E-02  0.4655628    
  2.9779779E-02  0.4589011    
  2.9879881E-02  0.4540316    
  2.9979985E-02  0.4510147    
  3.0080082E-02  0.4494883    
  3.0180179E-02  0.4487520    
  3.0280281E-02  0.4479297    
  3.0380385E-02  0.4461692    
  3.0480482E-02  0.4428417    
  3.0580584E-02  0.4376819    
  3.0680681E-02  0.4308232    
  3.0780777E-02  0.4228272    
  3.0880881E-02  0.4144979    
  3.0980984E-02  0.4067648    
  3.1081088E-02  0.4004289    
  3.1181179E-02  0.3960504    
  3.1281281E-02  0.3937758    
  3.1381384E-02  0.3933613    
  3.1481486E-02  0.3941973    
  3.1581577E-02  0.3954838    
  3.1681683E-02  0.3963977    
  3.1781785E-02  0.3962491    
  3.1881880E-02  0.3946843    
  3.1981986E-02  0.3916990    
  3.2082081E-02  0.3876568    
  3.2182183E-02  0.3831942    
  3.2282282E-02  0.3790375    
  3.2382384E-02  0.3758533    
  3.2482486E-02  0.3740777    
  3.2582585E-02  0.3738073    
  3.2682680E-02  0.3747696    
  3.2782786E-02  0.3764027    
  3.2882888E-02  0.3779421    
  3.2982990E-02  0.3786257    
  3.3083081E-02  0.3778461    
  3.3183184E-02  0.3753043    
  3.3283286E-02  0.3710421    
  3.3383384E-02  0.3654837    
  3.3483483E-02  0.3592966    
  3.3583585E-02  0.3532671    
  3.3683687E-02  0.3481152    
  3.3783786E-02  0.3443547    
  3.3883888E-02  0.3421680    
  3.3983983E-02  0.3413709    
  3.4084089E-02  0.3414748    
  3.4184184E-02  0.3417933    
  3.4284286E-02  0.3416102    
  3.4384392E-02  0.3403460    
  3.4484480E-02  0.3376819    
  3.4584586E-02  0.3336576    
  3.4684688E-02  0.3286197    
  3.4784790E-02  0.3231920    
  3.4884881E-02  0.3181044    
  3.4984984E-02  0.3140291    
  3.5085086E-02  0.3114397    
  3.5185192E-02  0.3104911    
  3.5285287E-02  0.3109832    
  3.5385385E-02  0.3124110    
  3.5485487E-02  0.3140672    
  3.5585582E-02  0.3152050    
  3.5685688E-02  0.3152040    
  3.5785791E-02  0.3136903    
  3.5885889E-02  0.3106312    
  3.5985984E-02  0.3063363    
  3.6086086E-02  0.3013731    
  3.6186192E-02  0.2964421    
  3.6286287E-02  0.2922279    
  3.6386386E-02  0.2892209    
  3.6486488E-02  0.2876374    
  3.6586590E-02  0.2873541    
  3.6686692E-02  0.2879465    
  3.6786783E-02  0.2887986    
  3.6886886E-02  0.2892409    
  3.6986992E-02  0.2887018    
  3.7087087E-02  0.2868571    
  3.7187189E-02  0.2837041    
  3.7287287E-02  0.2795524    
  3.7387390E-02  0.2749707    
  3.7487488E-02  0.2706524    
  3.7587591E-02  0.2672706    
  3.7687693E-02  0.2653154    
  3.7787791E-02  0.2649700    
  3.7887886E-02  0.2660901    
  3.7987988E-02  0.2682263    
  3.8088094E-02  0.2706949    
  3.8188186E-02  0.2727606    
  3.8288288E-02  0.2737704    
  3.8388390E-02  0.2733029    
  3.8488492E-02  0.2712588    
  3.8588591E-02  0.2678736    
  3.8688686E-02  0.2636555    
  3.8788792E-02  0.2592860    
  3.8888894E-02  0.2554377    
  3.8988989E-02  0.2526537    
  3.9089095E-02  0.2511976    
  3.9189190E-02  0.2510143    
  3.9289292E-02  0.2517444    
  3.9389390E-02  0.2528073    
  3.9489493E-02  0.2535329    
  3.9589591E-02  0.2533150    
  3.9689686E-02  0.2517560    
  3.9789788E-02  0.2487647    
  3.9889894E-02  0.2445701    
  3.9989997E-02  0.2396701    
  4.0090088E-02  0.2347465    
  4.0190190E-02  0.2304966    
  4.0290292E-02  0.2274791    
  4.0390395E-02  0.2260085    
  4.0490493E-02  0.2260692    
  4.0590592E-02  0.2273294    
  4.0690694E-02  0.2292296    
  4.0790789E-02  0.2310684    
  4.0890895E-02  0.2322011    
  4.0990990E-02  0.2321577    
  4.1091092E-02  0.2307366    
  4.1191190E-02  0.2280657    
  4.1291293E-02  0.2245440    
  4.1391395E-02  0.2207762    
  4.1491494E-02  0.2174017    
  4.1591588E-02  0.2149829    
  4.1691694E-02  0.2138471    
  4.1791797E-02  0.2140482    
  4.1891899E-02  0.2153200    
  4.1991990E-02  0.2171669    
  4.2092092E-02  0.2189624    
  4.2192195E-02  0.2200940    
  4.2292293E-02  0.2201015    
  4.2392395E-02  0.2187706    
  4.2492494E-02  0.2161888    
  4.2592596E-02  0.2127196    
  4.2692695E-02  0.2089139    
  4.2792797E-02  0.2053848    
  4.2892892E-02  0.2026862    
  4.2992998E-02  0.2011614    
  4.3093093E-02  0.2008999    
  4.3193195E-02  0.2016894    
  4.3293301E-02  0.2030934    
  4.3393388E-02  0.2045339    
  4.3493494E-02  0.2054381    
  4.3593597E-02  0.2053642    
  4.3693699E-02  0.2040833    
  4.3793797E-02  0.2016641    
  4.3893892E-02  0.1984173    
  4.3993995E-02  0.1948597    
  4.4094101E-02  0.1915629    
  4.4194195E-02  0.1890484    
  4.4294294E-02  0.1876613    
  4.4394396E-02  0.1874790    
  4.4494499E-02  0.1883269    
  4.4594597E-02  0.1897886    
  4.4694699E-02  0.1913115    
  4.4794798E-02  0.1923430    
  4.4894893E-02  0.1924484    
  4.4994995E-02  0.1913957    
  4.5095101E-02  0.1892371    
  4.5195203E-02  0.1862703    
  4.5295294E-02  0.1829836    
  4.5395397E-02  0.1799422    
  4.5495499E-02  0.1776544    
  4.5595601E-02  0.1764705    
  4.5695692E-02  0.1764856    
  4.5795795E-02  0.1775314    
  4.5895901E-02  0.1792112    
  4.5995995E-02  0.1809811    
  4.6096098E-02  0.1822759    
  4.6196196E-02  0.1826365    
  4.6296299E-02  0.1818102    
  4.6396397E-02  0.1797986    
  4.6496499E-02  0.1768696    
  4.6596602E-02  0.1734791    
  4.6696700E-02  0.1701880    
  4.6796795E-02  0.1675151    
  4.6896901E-02  0.1658431    
  4.6997003E-02  0.1653206    
  4.7097094E-02  0.1658368    
  4.7197197E-02  0.1670746    
  4.7297299E-02  0.1685350    
  4.7397401E-02  0.1697014    
  4.7497500E-02  0.1701406    
  4.7597595E-02  0.1695844    
  4.7697701E-02  0.1680226    
  4.7797803E-02  0.1656606    
  4.7897898E-02  0.1629143    
  4.7998004E-02  0.1602787    
  4.8098098E-02  0.1582302    
  4.8198201E-02  0.1571095    
  4.8298299E-02  0.1570506    
  4.8398402E-02  0.1579339    
  4.8498504E-02  0.1594365    
  4.8598595E-02  0.1610693    
  4.8698701E-02  0.1623354    
  4.8798803E-02  0.1627921    
  4.8898906E-02  0.1621846    
  4.8998997E-02  0.1604946    
  4.9099099E-02  0.1579324    
  4.9199201E-02  0.1549014    
  4.9299307E-02  0.1519123    
  4.9399402E-02  0.1494472    
  4.9499501E-02  0.1478782    
  4.9599603E-02  0.1473651    
  4.9699698E-02  0.1478314    
  4.9799804E-02  0.1489822    
  4.9899906E-02  0.1503791    
  5.0000001E-02  0.1515258    
