 -0.1000000      6.7392915E-02
 -9.9799804E-02  6.7076840E-02
 -9.9599607E-02  6.7323551E-02
 -9.9399403E-02  6.8199076E-02
 -9.9199206E-02  6.9517173E-02
 -9.8999001E-02  7.0914157E-02
 -9.8798804E-02  7.1992025E-02
 -9.8598607E-02  7.2487801E-02
 -9.8398402E-02  7.2376229E-02
 -9.8198205E-02  7.1884587E-02
 -9.7998008E-02  7.1400352E-02
 -9.7797804E-02  7.1313135E-02
 -9.7597606E-02  7.1853049E-02
 -9.7397402E-02  7.2996780E-02
 -9.7197205E-02  7.4474610E-02
 -9.6997000E-02  7.5874887E-02
 -9.6796796E-02  7.6812640E-02
 -9.6596599E-02  7.7083014E-02
 -9.6396402E-02  7.6741435E-02
 -9.6196197E-02  7.6078705E-02
 -9.5996000E-02  7.5499408E-02
 -9.5795795E-02  7.5355083E-02
 -9.5595598E-02  7.5800575E-02
 -9.5395401E-02  7.6732270E-02
 -9.5195197E-02  7.7834517E-02
 -9.4994999E-02  7.8712203E-02
 -9.4794795E-02  7.9059675E-02
 -9.4594598E-02  7.8787550E-02
 -9.4394401E-02  7.8065820E-02
 -9.4194196E-02  7.7253051E-02
 -9.3993999E-02  7.6747440E-02
 -9.3793802E-02  7.6827966E-02
 -9.3593597E-02  7.7528380E-02
 -9.3393400E-02  7.8631118E-02
 -9.3193196E-02  7.9749942E-02
 -9.2992999E-02  8.0493391E-02
 -9.2792802E-02  8.0622390E-02
 -9.2592597E-02  8.0163956E-02
 -9.2392400E-02  7.9389736E-02
 -9.2192195E-02  7.8720480E-02
 -9.1991998E-02  7.8550085E-02
 -9.1791801E-02  7.9087950E-02
 -9.1591589E-02  8.0273487E-02
 -9.1391392E-02  8.1800088E-02
 -9.1191195E-02  8.3244704E-02
 -9.0990990E-02  8.4233493E-02
 -9.0790793E-02  8.4599391E-02
 -9.0590589E-02  8.4439479E-02
 -9.0390392E-02  8.4084548E-02
 -9.0190195E-02  8.3939202E-02
 -8.9989990E-02  8.4325522E-02
 -8.9789793E-02  8.5329399E-02
 -8.9589596E-02  8.6772859E-02
 -8.9389391E-02  8.8274665E-02
 -8.9189194E-02  8.9399725E-02
 -8.8988990E-02  8.9850955E-02
 -8.8788792E-02  8.9575276E-02
 -8.8588595E-02  8.8804603E-02
 -8.8388391E-02  8.7949216E-02
 -8.8188194E-02  8.7443583E-02
 -8.7987989E-02  8.7561622E-02
 -8.7787792E-02  8.8312380E-02
 -8.7587595E-02  8.9447103E-02
 -8.7387390E-02  9.0556823E-02
 -8.7187193E-02  9.1250725E-02
 -8.6986996E-02  9.1326535E-02
 -8.6786792E-02  9.0859666E-02
 -8.6586587E-02  9.0176731E-02
 -8.6386390E-02  8.9723051E-02
 -8.6186193E-02  8.9882456E-02
 -8.5985996E-02  9.0818256E-02
 -8.5785784E-02  9.2397623E-02
 -8.5585594E-02  9.4243787E-02
 -8.5385390E-02  9.5883094E-02
 -8.5185193E-02  9.6934520E-02
 -8.4984988E-02  9.7259745E-02
 -8.4784783E-02  9.7013608E-02
 -8.4584586E-02  9.6582480E-02
 -8.4384389E-02  9.6421920E-02
 -8.4184185E-02  9.6867114E-02
 -8.3983988E-02  9.7985625E-02
 -8.3783783E-02  9.9570632E-02
 -8.3583586E-02  0.1012028    
 -8.3383389E-02  0.1024443    
 -8.3183184E-02  0.1030084    
 -8.2982987E-02  0.1028863    
 -8.2782790E-02  0.1023458    
 -8.2582586E-02  0.1018243    
 -8.2382388E-02  0.1017441    
 -8.2182184E-02  0.1023336    
 -8.1981987E-02  0.1035302    
 -8.1781790E-02  0.1049971    
 -8.1581585E-02  0.1062637    
 -8.1381388E-02  0.1069113    
 -8.1181183E-02  0.1067565    
 -8.0980986E-02  0.1059261    
 -8.0780789E-02  0.1048057    
 -8.0580585E-02  0.1039029    
 -8.0380380E-02  0.1036365    
 -8.0180183E-02  0.1041720    
 -7.9979979E-02  0.1053692    
 -7.9779789E-02  0.1068380    
 -7.9579577E-02  0.1081117    
 -7.9379380E-02  0.1088403    
 -7.9179183E-02  0.1089321    
 -7.8978978E-02  0.1086030    
 -7.8778781E-02  0.1082798    
 -7.8578584E-02  0.1084197    
 -7.8378379E-02  0.1093172    
 -7.8178182E-02  0.1109773    
 -7.7977978E-02  0.1131105    
 -7.7777781E-02  0.1152370    
 -7.7577583E-02  0.1168903    
 -7.7377379E-02  0.1178029    
 -7.7177182E-02  0.1180150    
 -7.6976977E-02  0.1178595    
 -7.6776780E-02  0.1178235    
 -7.6576583E-02  0.1183425    
 -7.6376379E-02  0.1196215    
 -7.6176181E-02  0.1215481    
 -7.5975977E-02  0.1237249    
 -7.5775780E-02  0.1256383    
 -7.5575583E-02  0.1268668    
 -7.5375371E-02  0.1272479    
 -7.5175181E-02  0.1269606    
 -7.4974984E-02  0.1264347    
 -7.4774779E-02  0.1261970    
 -7.4574575E-02  0.1266416    
 -7.4374378E-02  0.1278880    
 -7.4174173E-02  0.1297161    
 -7.3973976E-02  0.1316792    
 -7.3773772E-02  0.1332770    
 -7.3573582E-02  0.1341757    
 -7.3373377E-02  0.1343406    
 -7.3173173E-02  0.1340551    
 -7.2972976E-02  0.1337959    
 -7.2772779E-02  0.1340400    
 -7.2572574E-02  0.1350508    
 -7.2372384E-02  0.1367659    
 -7.2172172E-02  0.1388166    
 -7.1971975E-02  0.1406631    
 -7.1771778E-02  0.1418243    
 -7.1571574E-02  0.1420663    
 -7.1371377E-02  0.1415070    
 -7.1171172E-02  0.1405692    
 -7.0970975E-02  0.1398151    
 -7.0770770E-02  0.1397158    
 -7.0570573E-02  0.1404689    
 -7.0370376E-02  0.1419181    
 -7.0170172E-02  0.1436290    
 -6.9969974E-02  0.1450717    
 -6.9769777E-02  0.1458557    
 -6.9569565E-02  0.1458967    
 -6.9369376E-02  0.1454665    
 -6.9169171E-02  0.1450880    
 -6.8968974E-02  0.1453286    
 -6.8768770E-02  0.1465622    
 -6.8568572E-02  0.1488123    
 -6.8368368E-02  0.1517292    
 -6.8168171E-02  0.1547201    
 -6.7967966E-02  0.1571765    
 -6.7767777E-02  0.1587042    
 -6.7567572E-02  0.1592689    
 -6.7367375E-02  0.1592040    
 -6.7167170E-02  0.1590507    
 -6.6966973E-02  0.1593303    
 -6.6766769E-02  0.1603346    
 -6.6566572E-02  0.1619900    
 -6.6366367E-02  0.1639031    
 -6.6166170E-02  0.1655239    
 -6.5965965E-02  0.1663908    
 -6.5765768E-02  0.1663299    
 -6.5565571E-02  0.1655515    
 -6.5365367E-02  0.1645752    
 -6.5165170E-02  0.1640293    
 -6.4964965E-02  0.1644007    
 -6.4764768E-02  0.1658404    
 -6.4564571E-02  0.1681043    
 -6.4364366E-02  0.1706445    
 -6.4164162E-02  0.1728338    
 -6.3963972E-02  0.1742134    
 -6.3763760E-02  0.1746958    
 -6.3563570E-02  0.1745779    
 -6.3363366E-02  0.1744347    
 -6.3163169E-02  0.1748744    
 -6.2962972E-02  0.1762887    
 -6.2762767E-02  0.1786950    
 -6.2562563E-02  0.1817199    
 -6.2362369E-02  0.1847457    
 -6.2162161E-02  0.1871703    
 -6.1961967E-02  0.1886321    
 -6.1761763E-02  0.1891555    
 -6.1561570E-02  0.1891407    
 -6.1361361E-02  0.1891744    
 -6.1161164E-02  0.1897966    
 -6.0960963E-02  0.1912619    
 -6.0760763E-02  0.1934431    
 -6.0560562E-02  0.1958868    
 -6.0360368E-02  0.1980051    
 -6.0160164E-02  0.1993365    
 -5.9959963E-02  0.1997530    
 -5.9759762E-02  0.1995278    
 -5.9559561E-02  0.1992357    
 -5.9359364E-02  0.1995312    
 -5.9159163E-02  0.2008840    
 -5.8958963E-02  0.2033762    
 -5.8758758E-02  0.2066807    
 -5.8558561E-02  0.2101797    
 -5.8358356E-02  0.2132213    
 -5.8158163E-02  0.2153789    
 -5.7957955E-02  0.2166245    
 -5.7757761E-02  0.2173479    
 -5.7557564E-02  0.2181846    
 -5.7357363E-02  0.2197526    
 -5.7157155E-02  0.2223960    
 -5.6956962E-02  0.2260320    
 -5.6756757E-02  0.2301758    
 -5.6556564E-02  0.2341326    
 -5.6356356E-02  0.2372841    
 -5.6156155E-02  0.2393231    
 -5.5955958E-02  0.2403864    
 -5.5755757E-02  0.2409921    
 -5.5555556E-02  0.2418198    
 -5.5355355E-02  0.2434414    
 -5.5155158E-02  0.2460590    
 -5.4954965E-02  0.2494482    
 -5.4754756E-02  0.2530303    
 -5.4554556E-02  0.2561326    
 -5.4354358E-02  0.2582607    
 -5.4154158E-02  0.2593296    
 -5.3953957E-02  0.2596912    
 -5.3753756E-02  0.2600168    
 -5.3553555E-02  0.2610143    
 -5.3353351E-02  0.2631394    
 -5.3153157E-02  0.2664028    
 -5.2952953E-02  0.2703656    
 -5.2752752E-02  0.2742996    
 -5.2552558E-02  0.2774873    
 -5.2352358E-02  0.2795262    
 -5.2152157E-02  0.2804742    
 -5.1951952E-02  0.2808504    
 -5.1751755E-02  0.2814183    
 -5.1551554E-02  0.2828704    
 -5.1351354E-02  0.2855540    
 -5.1151153E-02  0.2893286    
 -5.0950952E-02  0.2936053    
 -5.0750751E-02  0.2976047    
 -5.0550550E-02  0.3006606    
 -5.0350349E-02  0.3025007    
 -5.0150152E-02  0.3033586    
 -4.9949955E-02  0.3038710    
 -4.9749754E-02  0.3048344    
 -4.9549554E-02  0.3068615    
 -4.9349349E-02  0.3101562    
 -4.9149152E-02  0.3144138    
 -4.8948951E-02  0.3189689    
 -4.8748750E-02  0.3230806    
 -4.8548549E-02  0.3262369    
 -4.8348352E-02  0.3283893    
 -4.8148151E-02  0.3299755    
 -4.7947947E-02  0.3317427    
 -4.7747746E-02  0.3344400    
 -4.7547549E-02  0.3384924    
 -4.7347352E-02  0.3438098    
 -4.7147151E-02  0.3498058    
 -4.6946950E-02  0.3556114    
 -4.6746749E-02  0.3604134    
 -4.6546545E-02  0.3637704    
 -4.6346344E-02  0.3657797    
 -4.6146151E-02  0.3670257    
 -4.5945950E-02  0.3683335    
 -4.5745749E-02  0.3704230    
 -4.5545552E-02  0.3736171    
 -4.5345344E-02  0.3776899    
 -4.5145150E-02  0.3820038    
 -4.4944946E-02  0.3857571    
 -4.4744752E-02  0.3883764    
 -4.4544544E-02  0.3897685    
 -4.4344343E-02  0.3904070    
 -4.4144146E-02  0.3911908    
 -4.3943945E-02  0.3931055    
 -4.3743752E-02  0.3968562    
 -4.3543544E-02  0.4025935    
 -4.3343343E-02  0.4098463    
 -4.3143146E-02  0.4177272    
 -4.2942945E-02  0.4252554    
 -4.2742744E-02  0.4317311    
 -4.2542543E-02  0.4370000    
 -4.2342346E-02  0.4414480    
 -4.2142145E-02  0.4458156    
 -4.1941937E-02  0.4508419    
 -4.1741744E-02  0.4569359    
 -4.1541539E-02  0.4639782    
 -4.1341346E-02  0.4713649    
 -4.1141145E-02  0.4782747    
 -4.0940944E-02  0.4840245    
 -4.0740743E-02  0.4883836    
 -4.0540539E-02  0.4917204    
 -4.0340345E-02  0.4948732    
 -4.0140137E-02  0.4988345    
 -3.9939944E-02  0.5043506    
 -3.9739739E-02  0.5116014    
 -3.9539546E-02  0.5201171    
 -3.9339337E-02  0.5289195    
 -3.9139140E-02  0.5369132    
 -3.8938940E-02  0.5432901    
 -3.8738739E-02  0.5478728    
 -3.8538545E-02  0.5511491    
 -3.8338337E-02  0.5541199    
 -3.8138144E-02  0.5578807    
 -3.7937939E-02  0.5632157    
 -3.7737738E-02  0.5703093    
 -3.7537538E-02  0.5787050    
 -3.7337340E-02  0.5875306    
 -3.7137140E-02  0.5958883    
 -3.6936939E-02  0.6032327    
 -3.6736738E-02  0.6096088    
 -3.6536537E-02  0.6156282    
 -3.6336333E-02  0.6221752    
 -3.6136139E-02  0.6300154    
 -3.5935938E-02  0.6394374    
 -3.5735738E-02  0.6500826    
 -3.5535540E-02  0.6610723    
 -3.5335340E-02  0.6713347    
 -3.5135139E-02  0.6800746    
 -3.4934934E-02  0.6871007    
 -3.4734737E-02  0.6929520    
 -3.4534533E-02  0.6987135    
 -3.4334339E-02  0.7056006    
 -3.4134131E-02  0.7144792    
 -3.3933938E-02  0.7255278    
 -3.3733733E-02  0.7381452    
 -3.3533532E-02  0.7511941    
 -3.3333339E-02  0.7634370    
 -3.3133134E-02  0.7740491    
 -3.2932941E-02  0.7829170    
 -3.2732733E-02  0.7907110    
 -3.2532532E-02  0.7985979    
 -3.2332331E-02  0.8077640    
 -3.2132134E-02  0.8189471    
 -3.1931933E-02  0.8321241    
 -3.1731732E-02  0.8465464    
 -3.1531531E-02  0.8610312    
 -3.1331334E-02  0.8744924    
 -3.1131126E-02  0.8863503    
 -3.0930933E-02  0.8968185    
 -3.0730734E-02  0.9068069    
 -3.0530533E-02  0.9175375    
 -3.0330332E-02  0.9300542    
 -3.0130133E-02  0.9447747    
 -2.9929932E-02  0.9613283    
 -2.9729726E-02  0.9786769    
 -2.9529532E-02  0.9955743    
 -2.9329326E-02   1.011075    
 -2.9129133E-02   1.024963    
 -2.8928926E-02   1.037839    
 -2.8728733E-02   1.050921    
 -2.8528526E-02   1.065553    
 -2.8328327E-02   1.082653    
 -2.8128132E-02   1.102359    
 -2.7927926E-02   1.123938    
 -2.7727732E-02   1.146104    
 -2.7527526E-02   1.167543    
 -2.7327333E-02   1.187426    
 -2.7127126E-02   1.205789    
 -2.6926927E-02   1.223488    
 -2.6726726E-02   1.241855    
 -2.6526527E-02   1.262133    
 -2.6326327E-02   1.284967    
 -2.6126128E-02   1.310098    
 -2.5925932E-02   1.336464    
 -2.5725726E-02   1.362652    
 -2.5525527E-02   1.387464    
 -2.5325326E-02   1.410432    
 -2.5125127E-02   1.432062    
 -2.4924926E-02   1.453642    
 -2.4724727E-02   1.476741    
 -2.4524527E-02   1.502611    
 -2.4324328E-02   1.531695    
 -2.4124121E-02   1.563460    
 -2.3923926E-02   1.596654    
 -2.3723722E-02   1.629866    
 -2.3523526E-02   1.662109    
 -2.3323327E-02   1.693322    
 -2.3123126E-02   1.724361    
 -2.2922928E-02   1.756684    
 -2.2722721E-02   1.791753    
 -2.2522528E-02   1.830349    
 -2.2322321E-02   1.872251    
 -2.2122128E-02   1.916228    
 -2.1921922E-02   1.960491    
 -2.1721721E-02   2.003417    
 -2.1521520E-02   2.044166    
 -2.1321321E-02   2.083047    
 -2.1121120E-02   2.121390    
 -2.0920921E-02   2.161046    
 -2.0720728E-02   2.203649    
 -2.0520521E-02   2.249979    
 -2.0320321E-02   2.299685    
 -2.0120122E-02   2.351496    
 -1.9919921E-02   2.403826    
 -1.9719722E-02   2.455493    
 -1.9519521E-02   2.506338    
 -1.9319320E-02   2.557383    
 -1.9119121E-02   2.610521    
 -1.8918915E-02   2.667766    
 -1.8718721E-02   2.730555    
 -1.8518515E-02   2.799139    
 -1.8318322E-02   2.872529    
 -1.8118121E-02   2.948954    
 -1.7917922E-02   3.026618    
 -1.7717721E-02   3.104537    
 -1.7517515E-02   3.182965    
 -1.7317321E-02   3.263393    
 -1.7117115E-02   3.347930    
 -1.6916921E-02   3.438456    
 -1.6716715E-02   3.535819    
 -1.6516522E-02   3.639382    
 -1.6316315E-02   3.747341    
 -1.6116114E-02   3.857327    
 -1.5915915E-02   3.967516    
 -1.5715715E-02   4.077405    
 -1.5515521E-02   4.188148    
 -1.5315315E-02   4.302302    
 -1.5115121E-02   4.422786    
 -1.4914915E-02   4.551983    
 -1.4714715E-02   4.690778    
 -1.4514515E-02   4.838341    
 -1.4314315E-02   4.992581    
 -1.4114115E-02   5.151196    
 -1.3913915E-02   5.312796    
 -1.3713715E-02   5.477717    
 -1.3513515E-02   5.648249    
 -1.3313308E-02   5.827921    
 -1.3113115E-02   6.020383    
 -1.2912915E-02   6.228271    
 -1.2712715E-02   6.452251    
 -1.2512515E-02   6.691091    
 -1.2312309E-02   6.942394    
 -1.2112116E-02   7.203887    
 -1.1911909E-02   7.474665    
 -1.1711715E-02   7.755917    
 -1.1511508E-02   8.050941    
 -1.1311315E-02   8.364033    
 -1.1111109E-02   8.699361    
 -1.0910909E-02   9.059464    
 -1.0710709E-02   9.444819    
 -1.0510509E-02   9.854034    
 -1.0310316E-02   10.28500    
 -1.0110109E-02   10.73640    
 -9.9099148E-03   11.20879    
 -9.7097093E-03   11.70527    
 -9.5095085E-03   12.23073    
 -9.3093086E-03   12.79065    
 -9.1091087E-03   13.38937    
 -8.9089088E-03   14.02896    
 -8.7087089E-03   14.70904    
 -8.5085090E-03   15.42767    
 -8.3083091E-03   16.18293    
 -8.1081027E-03   16.97487    
 -7.9079093E-03   17.80651    
 -7.7077090E-03   18.68416    
 -7.5075091E-03   19.61572    
 -7.3073092E-03   20.60907    
 -7.1071088E-03   21.66963    
 -6.9069089E-03   22.79943    
 -6.7067025E-03   23.99720    
 -6.5065091E-03   25.25945    
 -6.3063027E-03   26.58332    
 -6.1061089E-03   27.96780    
 -5.9059029E-03   29.41523    
 -5.7057091E-03   30.92983    
 -5.5055027E-03   32.51625    
 -5.3053028E-03   34.17586    
 -5.1051090E-03   35.90497    
 -4.9049030E-03   37.69408    
 -4.7047092E-03   39.52843    
 -4.5045028E-03   41.39177    
 -4.3043094E-03   43.26881    
 -4.1041030E-03   45.14900    
 -3.9039028E-03   47.02624    
 -3.7037029E-03   48.89835    
 -3.5035030E-03   50.76394    
 -3.3033029E-03   52.61945    
 -3.1031030E-03   54.45836    
 -2.9029094E-03   56.27262    
 -2.7027030E-03   58.05826    
 -2.5025031E-03   59.82072    
 -2.3023030E-03   61.58103    
 -2.1021031E-03   63.37630    
 -1.9019031E-03   65.25481    
 -1.7017031E-03   67.26372    
 -1.5014968E-03   69.43232    
 -1.3013030E-03   71.75388    
 -1.1010967E-03   74.17323    
 -9.0090313E-04   76.58155    
 -7.0069678E-04   78.82558    
 -5.0050311E-04   80.72719    
 -3.0030316E-04   82.11282    
 -1.0009683E-04   82.84428    
  1.0009683E-04   82.84428    
  3.0030316E-04   82.11282    
  5.0049683E-04   80.72736    
  7.0070312E-04   78.82555    
  9.0089679E-04   76.58155    
  1.1011031E-03   74.17318    
  1.3013030E-03   71.75388    
  1.5015031E-03   69.43226    
  1.7017031E-03   67.26372    
  1.9019031E-03   65.25481    
  2.1021031E-03   63.37630    
  2.3022967E-03   61.58104    
  2.5025031E-03   59.82071    
  2.7027030E-03   58.05826    
  2.9029029E-03   56.27271    
  3.1031030E-03   54.45836    
  3.3033029E-03   52.61945    
  3.5035030E-03   50.76394    
  3.7037029E-03   48.89835    
  3.9039028E-03   47.02624    
  4.1041090E-03   45.14893    
  4.3043029E-03   43.26889    
  4.5045093E-03   41.39172    
  4.7047026E-03   39.52847    
  4.9049030E-03   37.69408    
  5.1051029E-03   35.90503    
  5.3053028E-03   34.17586    
  5.5055092E-03   32.51621    
  5.7057026E-03   30.92990    
  5.9059090E-03   29.41518    
  6.1061028E-03   27.96783    
  6.3063093E-03   26.58330    
  6.5065026E-03   25.25950    
  6.7067090E-03   23.99714    
  6.9069155E-03   22.79941    
  7.1071088E-03   21.66963    
  7.3073152E-03   20.60902    
  7.5075091E-03   19.61572    
  7.7077025E-03   18.68420    
  7.9079093E-03   17.80651    
  8.1081027E-03   16.97487    
  8.3083091E-03   16.18292    
  8.5085025E-03   15.42769    
  8.7087089E-03   14.70904    
  8.9089023E-03   14.02898    
  9.1091087E-03   13.38937    
  9.3093151E-03   12.79064    
  9.5095215E-03   12.23071    
  9.7097028E-03   11.70529    
  9.9099092E-03   11.20880    
  1.0110116E-02   10.73639    
  1.0310309E-02   10.28501    
  1.0510502E-02   9.854061    
  1.0710709E-02   9.444819    
  1.0910915E-02   9.059455    
  1.1111109E-02   8.699361    
  1.1311315E-02   8.364033    
  1.1511508E-02   8.050942    
  1.1711715E-02   7.755918    
  1.1911909E-02   7.474665    
  1.2112116E-02   7.203886    
  1.2312321E-02   6.942384    
  1.2512502E-02   6.691106    
  1.2712709E-02   6.452252    
  1.2912915E-02   6.228270    
  1.3113122E-02   6.020385    
  1.3313315E-02   5.827919    
  1.3513508E-02   5.648251    
  1.3713715E-02   5.477717    
  1.3913921E-02   5.312788    
  1.4114115E-02   5.151196    
  1.4314309E-02   4.992587    
  1.4514515E-02   4.838340    
  1.4714722E-02   4.690773    
  1.4914915E-02   4.551983    
  1.5115121E-02   4.422786    
  1.5315315E-02   4.302301    
  1.5515508E-02   4.188166    
  1.5715715E-02   4.077405    
  1.5915921E-02   3.967508    
  1.6116127E-02   3.857315    
  1.6316308E-02   3.747342    
  1.6516514E-02   3.639388    
  1.6716721E-02   3.535819    
  1.6916927E-02   3.438456    
  1.7117109E-02   3.347932    
  1.7317316E-02   3.263392    
  1.7517520E-02   3.182959    
  1.7717715E-02   3.104537    
  1.7917922E-02   3.026619    
  1.8118115E-02   2.948956    
  1.8318322E-02   2.872527    
  1.8518515E-02   2.799138    
  1.8718721E-02   2.730555    
  1.8918928E-02   2.667766    
  1.9119121E-02   2.610521    
  1.9319315E-02   2.557391    
  1.9519521E-02   2.506339    
  1.9719727E-02   2.455491    
  1.9919921E-02   2.403826    
  2.0120114E-02   2.351502    
  2.0320321E-02   2.299685    
  2.0520527E-02   2.249978    
  2.0720720E-02   2.203654    
  2.0920914E-02   2.161045    
  2.1121120E-02   2.121390    
  2.1321326E-02   2.083042    
  2.1521520E-02   2.044166    
  2.1721726E-02   2.003419    
  2.1921922E-02   1.960492    
  2.2122128E-02   1.916228    
  2.2322321E-02   1.872251    
  2.2522528E-02   1.830349    
  2.2722721E-02   1.791753    
  2.2922914E-02   1.756690    
  2.3123121E-02   1.724363    
  2.3323327E-02   1.693322    
  2.3523534E-02   1.662112    
  2.3723714E-02   1.629867    
  2.3923920E-02   1.596655    
  2.4124127E-02   1.563458    
  2.4324333E-02   1.531696    
  2.4524527E-02   1.502611    
  2.4724720E-02   1.476740    
  2.4924926E-02   1.453642    
  2.5125133E-02   1.432067    
  2.5325326E-02   1.410431    
  2.5525533E-02   1.387464    
  2.5725726E-02   1.362652    
  2.5925921E-02   1.336464    
  2.6126128E-02   1.310098    
  2.6326332E-02   1.284963    
  2.6526527E-02   1.262132    
  2.6726721E-02   1.241859    
  2.6926927E-02   1.223488    
  2.7127134E-02   1.205789    
  2.7327340E-02   1.187423    
  2.7527520E-02   1.167544    
  2.7727727E-02   1.146108    
  2.7927933E-02   1.123937    
  2.8128127E-02   1.102360    
  2.8328333E-02   1.082654    
  2.8528526E-02   1.065553    
  2.8728733E-02   1.050921    
  2.8928926E-02   1.037840    
  2.9129133E-02   1.024963    
  2.9329326E-02   1.011075    
  2.9529532E-02  0.9955736    
  2.9729726E-02  0.9786769    
  2.9929932E-02  0.9613285    
  3.0130139E-02  0.9447742    
  3.0330321E-02  0.9300541    
  3.0530527E-02  0.9175377    
  3.0730734E-02  0.9068070    
  3.0930940E-02  0.8968205    
  3.1131133E-02  0.8863512    
  3.1331327E-02  0.8744937    
  3.1531531E-02  0.8610314    
  3.1731740E-02  0.8465464    
  3.1931933E-02  0.8321236    
  3.2132126E-02  0.8189491    
  3.2332331E-02  0.8077640    
  3.2532539E-02  0.7985986    
  3.2732733E-02  0.7907109    
  3.2932941E-02  0.7829170    
  3.3133134E-02  0.7740495    
  3.3333328E-02  0.7634391    
  3.3533532E-02  0.7511942    
  3.3733740E-02  0.7381454    
  3.3933945E-02  0.7255253    
  3.4134127E-02  0.7144784    
  3.4334332E-02  0.7055998    
  3.4534540E-02  0.6987163    
  3.4734745E-02  0.6929546    
  3.4934938E-02  0.6871028    
  3.5135131E-02  0.6800752    
  3.5335340E-02  0.6713345    
  3.5535533E-02  0.6610693    
  3.5735738E-02  0.6500826    
  3.5935931E-02  0.6394365    
  3.6136139E-02  0.6300156    
  3.6336333E-02  0.6221755    
  3.6536537E-02  0.6156285    
  3.6736745E-02  0.6096133    
  3.6936939E-02  0.6032319    
  3.7137132E-02  0.5958887    
  3.7337340E-02  0.5875307    
  3.7537545E-02  0.5787038    
  3.7737753E-02  0.5703058    
  3.7937932E-02  0.5632150    
  3.8138140E-02  0.5578809    
  3.8338345E-02  0.5541186    
  3.8538538E-02  0.5511491    
  3.8738731E-02  0.5478737    
  3.8938940E-02  0.5432900    
  3.9139144E-02  0.5369122    
  3.9339337E-02  0.5289196    
  3.9539546E-02  0.5201168    
  3.9739739E-02  0.5116012    
  3.9939944E-02  0.5043507    
  4.0140137E-02  0.4988343    
  4.0340345E-02  0.4948734    
  4.0540550E-02  0.4917201    
  4.0740732E-02  0.4883857    
  4.0940940E-02  0.4840252    
  4.1141145E-02  0.4782747    
  4.1341349E-02  0.4713637    
  4.1541532E-02  0.4639775    
  4.1741740E-02  0.4569363    
  4.1941945E-02  0.4508396    
  4.2142153E-02  0.4458131    
  4.2342346E-02  0.4414481    
  4.2542540E-02  0.4369994    
  4.2742744E-02  0.4317310    
  4.2942952E-02  0.4252546    
  4.3143146E-02  0.4177272    
  4.3343350E-02  0.4098468    
  4.3543544E-02  0.4025936    
  4.3743737E-02  0.3968594    
  4.3943945E-02  0.3931057    
  4.4144150E-02  0.3911893    
  4.4344358E-02  0.3904064    
  4.4544537E-02  0.3897689    
  4.4744745E-02  0.3883767    
  4.4944949E-02  0.3857584    
  4.5145158E-02  0.3820010    
  4.5345340E-02  0.3776916    
  4.5545544E-02  0.3736164    
  4.5745749E-02  0.3704230    
  4.5945946E-02  0.3683352    
  4.6146151E-02  0.3670257    
  4.6346344E-02  0.3657796    
  4.6546552E-02  0.3637703    
  4.6746746E-02  0.3604147    
  4.6946950E-02  0.3556113    
  4.7147159E-02  0.3498050    
  4.7347352E-02  0.3438097    
  4.7547545E-02  0.3384939    
  4.7747750E-02  0.3344406    
  4.7947958E-02  0.3317443    
  4.8148137E-02  0.3299760    
  4.8348345E-02  0.3283892    
  4.8548549E-02  0.3262370    
  4.8748758E-02  0.3230795    
  4.8948951E-02  0.3189691    
  4.9149144E-02  0.3144118    
  4.9349349E-02  0.3101560    
  4.9549557E-02  0.3068619    
  4.9749751E-02  0.3048336    
  4.9949955E-02  0.3038720    
  5.0150152E-02  0.3033582    
  5.0350357E-02  0.3024997    
  5.0550550E-02  0.3006606    
  5.0750758E-02  0.2976057    
  5.0950952E-02  0.2936050    
  5.1151145E-02  0.2893288    
  5.1351350E-02  0.2855548    
  5.1551558E-02  0.2828723    
  5.1751763E-02  0.2814190    
  5.1951945E-02  0.2808524    
  5.2152149E-02  0.2804762    
  5.2352358E-02  0.2795261    
  5.2552562E-02  0.2774878    
  5.2752756E-02  0.2742988    
  5.2952949E-02  0.2703663    
  5.3153157E-02  0.2664029    
  5.3353351E-02  0.2631394    
  5.3553555E-02  0.2610143    
  5.3753749E-02  0.2600174    
  5.3953957E-02  0.2596911    
  5.4154150E-02  0.2593295    
  5.4354358E-02  0.2582606    
  5.4554563E-02  0.2561331    
  5.4754756E-02  0.2530305    
  5.4954950E-02  0.2494466    
  5.5155158E-02  0.2460591    
  5.5355363E-02  0.2434397    
  5.5555571E-02  0.2418207    
  5.5755749E-02  0.2409905    
  5.5955958E-02  0.2403865    
  5.6156162E-02  0.2393228    
  5.6356356E-02  0.2372840    
  5.6556564E-02  0.2341325    
  5.6756757E-02  0.2301758    
  5.6956962E-02  0.2260320    
  5.7157155E-02  0.2223961    
  5.7357363E-02  0.2197526    
  5.7557557E-02  0.2181849    
  5.7757761E-02  0.2173479    
  5.7957955E-02  0.2166244    
  5.8158163E-02  0.2153789    
  5.8358368E-02  0.2132214    
  5.8558550E-02  0.2101825    
  5.8758758E-02  0.2066806    
  5.8958963E-02  0.2033759    
  5.9159171E-02  0.2008834    
  5.9359364E-02  0.1995312    
  5.9559558E-02  0.1992344    
  5.9759762E-02  0.1995279    
  5.9959970E-02  0.1997532    
  6.0160164E-02  0.1993365    
  6.0360357E-02  0.1980047    
  6.0560562E-02  0.1958866    
  6.0760770E-02  0.1934445    
  6.0960963E-02  0.1912617    
  6.1161168E-02  0.1897974    
  6.1361361E-02  0.1891742    
  6.1561555E-02  0.1891398    
  6.1761763E-02  0.1891554    
  6.1961967E-02  0.1886320    
  6.2162176E-02  0.1871690    
  6.2362358E-02  0.1847470    
  6.2562563E-02  0.1817202    
  6.2762767E-02  0.1786951    
  6.2962972E-02  0.1762890    
  6.3163154E-02  0.1748736    
  6.3363366E-02  0.1744347    
  6.3563570E-02  0.1745781    
  6.3763760E-02  0.1746958    
  6.3963972E-02  0.1742134    
  6.4164162E-02  0.1728339    
  6.4364366E-02  0.1706444    
  6.4564563E-02  0.1681058    
  6.4764768E-02  0.1658404    
  6.4964972E-02  0.1643998    
  6.5165170E-02  0.1640293    
  6.5365359E-02  0.1645753    
  6.5565571E-02  0.1655515    
  6.5765776E-02  0.1663286    
  6.5965980E-02  0.1663895    
  6.6166162E-02  0.1655241    
  6.6366367E-02  0.1639032    
  6.6566572E-02  0.1619903    
  6.6766769E-02  0.1603346    
  6.6966966E-02  0.1593301    
  6.7167170E-02  0.1590506    
  6.7367375E-02  0.1592041    
  6.7567572E-02  0.1592688    
  6.7767777E-02  0.1587043    
  6.7967966E-02  0.1571764    
  6.8168178E-02  0.1547211    
  6.8368368E-02  0.1517291    
  6.8568572E-02  0.1488123    
  6.8768784E-02  0.1465616    
  6.8968959E-02  0.1453284    
  6.9169171E-02  0.1450880    
  6.9369376E-02  0.1454665    
  6.9569580E-02  0.1458964    
  6.9769762E-02  0.1458560    
  6.9969967E-02  0.1450734    
  7.0170172E-02  0.1436291    
  7.0370384E-02  0.1419189    
  7.0570573E-02  0.1404690    
  7.0770770E-02  0.1397158    
  7.0970975E-02  0.1398152    
  7.1171165E-02  0.1405689    
  7.1371377E-02  0.1415070    
  7.1571581E-02  0.1420659    
  7.1771778E-02  0.1418242    
  7.1971968E-02  0.1406632    
  7.2172172E-02  0.1388167    
  7.2372384E-02  0.1367658    
  7.2572574E-02  0.1350509    
  7.2772771E-02  0.1340399    
  7.2972976E-02  0.1337959    
  7.3173180E-02  0.1340548    
  7.3373385E-02  0.1343417    
  7.3573567E-02  0.1341766    
  7.3773772E-02  0.1332771    
  7.3973984E-02  0.1316776    
  7.4174173E-02  0.1297161    
  7.4374378E-02  0.1278879    
  7.4574575E-02  0.1266415    
  7.4774779E-02  0.1261970    
  7.4974976E-02  0.1264347    
  7.5175181E-02  0.1269606    
  7.5375386E-02  0.1272494    
  7.5575583E-02  0.1268668    
  7.5775772E-02  0.1256389    
  7.5975977E-02  0.1237249    
  7.6176189E-02  0.1215490    
  7.6376371E-02  0.1196221    
  7.6576576E-02  0.1183421    
  7.6776780E-02  0.1178236    
  7.6976985E-02  0.1178608    
  7.7177182E-02  0.1180151    
  7.7377371E-02  0.1178022    
  7.7577583E-02  0.1168903    
  7.7777788E-02  0.1152372    
  7.7977978E-02  0.1131105    
  7.8178190E-02  0.1109774    
  7.8378379E-02  0.1093172    
  7.8578584E-02  0.1084172    
  7.8778781E-02  0.1082798    
  7.8978986E-02  0.1086019    
  7.9179183E-02  0.1089322    
  7.9379372E-02  0.1088392    
  7.9579577E-02  0.1081117    
  7.9779789E-02  0.1068381    
  7.9979993E-02  0.1053695    
  8.0180176E-02  0.1041728    
  8.0380380E-02  0.1036366    
  8.0580585E-02  0.1039029    
  8.0780789E-02  0.1048064    
  8.0980986E-02  0.1059262    
  8.1181183E-02  0.1067578    
  8.1381388E-02  0.1069113    
  8.1581578E-02  0.1062615    
  8.1781790E-02  0.1049972    
  8.1981979E-02  0.1035311    
  8.2182184E-02  0.1023336    
  8.2382381E-02  0.1017434    
  8.2582586E-02  0.1018242    
  8.2782790E-02  0.1023463    
  8.2982987E-02  0.1028863    
  8.3183177E-02  0.1030098    
  8.3383389E-02  0.1024443    
  8.3583593E-02  0.1012034    
  8.3783798E-02  9.9569403E-02
  8.3983980E-02  9.7986244E-02
  8.4184185E-02  9.6866980E-02
  8.4384389E-02  9.6422501E-02
  8.4584586E-02  9.6582413E-02
  8.4784791E-02  9.7013041E-02
  8.4984988E-02  9.7259767E-02
  8.5185193E-02  9.6934430E-02
  8.5385390E-02  9.5883109E-02
  8.5585594E-02  9.4243720E-02
  8.5785784E-02  9.2397563E-02
  8.5985996E-02  9.0818256E-02
  8.6186185E-02  8.9882411E-02
  8.6386390E-02  8.9723110E-02
  8.6586602E-02  9.0177335E-02
  8.6786777E-02  9.0860806E-02
  8.6986989E-02  9.1326743E-02
  8.7187193E-02  9.1250643E-02
  8.7387398E-02  9.0556674E-02
  8.7587595E-02  8.9446969E-02
  8.7787785E-02  8.8312574E-02
  8.7987989E-02  8.7561540E-02
  8.8188201E-02  8.7443687E-02
  8.8388391E-02  8.7949082E-02
  8.8588588E-02  8.8805616E-02
  8.8788792E-02  8.9575291E-02
  8.8988997E-02  8.9850709E-02
  8.9189194E-02  8.9399718E-02
  8.9389399E-02  8.8275015E-02
  8.9589596E-02  8.6772919E-02
  8.9789785E-02  8.5328907E-02
  8.9989990E-02  8.4325507E-02
  9.0190202E-02  8.3940521E-02
  9.0390407E-02  8.4084295E-02
  9.0590589E-02  8.4441036E-02
  9.0790793E-02  8.4599361E-02
  9.0990998E-02  8.4233679E-02
  9.1191202E-02  8.3245754E-02
  9.1391385E-02  8.1801668E-02
  9.1591589E-02  8.0273442E-02
  9.1791801E-02  7.9088025E-02
  9.1991991E-02  7.8550696E-02
  9.2192195E-02  7.8720503E-02
  9.2392392E-02  7.9389334E-02
  9.2592597E-02  8.0163911E-02
  9.2792794E-02  8.0623500E-02
  9.2992999E-02  8.0493413E-02
  9.3193203E-02  7.9749651E-02
  9.3393400E-02  7.8631088E-02
  9.3593590E-02  7.7528231E-02
  9.3793802E-02  7.6827906E-02
  9.3994007E-02  7.6748192E-02
  9.4194189E-02  7.7253394E-02
  9.4394393E-02  7.8066491E-02
  9.4594598E-02  7.8787588E-02
  9.4794802E-02  7.9059727E-02
  9.4994999E-02  7.8712218E-02
  9.5195189E-02  7.7834353E-02
  9.5395401E-02  7.6732360E-02
  9.5595606E-02  7.5800657E-02
  9.5795795E-02  7.5355083E-02
  9.5996007E-02  7.5499497E-02
  9.6196197E-02  7.6078691E-02
  9.6396402E-02  7.6741531E-02
  9.6596599E-02  7.7082925E-02
  9.6796803E-02  7.6812752E-02
  9.6997008E-02  7.5874798E-02
  9.7197190E-02  7.4474841E-02
  9.7397402E-02  7.2996981E-02
  9.7597606E-02  7.1853019E-02
  9.7797811E-02  7.1312696E-02
  9.7997993E-02  7.1400374E-02
  9.8198198E-02  7.1884885E-02
  9.8398402E-02  7.2376177E-02
  9.8598614E-02  7.2488040E-02
  9.8798804E-02  7.1991928E-02
  9.8999001E-02  7.0912622E-02
  9.9199206E-02  6.9517158E-02
  9.9399395E-02  6.8198487E-02
  9.9599607E-02  6.7323588E-02
  9.9799812E-02  6.7077495E-02
  0.1000000      6.7392938E-02
