 -0.1000000      3.8219526E-02
 -9.9799804E-02  3.8347453E-02
 -9.9599607E-02  3.8364757E-02
 -9.9399403E-02  3.8274903E-02
 -9.9199206E-02  3.8185403E-02
 -9.8999001E-02  3.8276635E-02
 -9.8798804E-02  3.8737349E-02
 -9.8598607E-02  3.9681371E-02
 -9.8398402E-02  4.1097492E-02
 -9.8198205E-02  4.2831101E-02
 -9.7998008E-02  4.4625081E-02
 -9.7797804E-02  4.6198051E-02
 -9.7597606E-02  4.7330145E-02
 -9.7397402E-02  4.7934126E-02
 -9.7197205E-02  4.8079763E-02
 -9.6997000E-02  4.7958445E-02
 -9.6796796E-02  4.7812250E-02
 -9.6596599E-02  4.7846500E-02
 -9.6396402E-02  4.8160497E-02
 -9.6196197E-02  4.8720758E-02
 -9.5996000E-02  4.9382679E-02
 -9.5795795E-02  4.9949888E-02
 -9.5595598E-02  5.0247196E-02
 -9.5395401E-02  5.0179321E-02
 -9.5195197E-02  4.9751814E-02
 -9.4994999E-02  4.9056664E-02
 -9.4794795E-02  4.8222132E-02
 -9.4594598E-02  4.7364518E-02
 -9.4394401E-02  4.6548564E-02
 -9.4194196E-02  4.5785185E-02
 -9.3993999E-02  4.5048408E-02
 -9.3793802E-02  4.4323768E-02
 -9.3593597E-02  4.3638889E-02
 -9.3393400E-02  4.3071967E-02
 -9.3193196E-02  4.2741634E-02
 -9.2992999E-02  4.2753238E-02
 -9.2792802E-02  4.3159269E-02
 -9.2592597E-02  4.3918952E-02
 -9.2392400E-02  4.4899132E-02
 -9.2192195E-02  4.5906220E-02
 -9.1991998E-02  4.6745680E-02
 -9.1791801E-02  4.7278676E-02
 -9.1591589E-02  4.7467500E-02
 -9.1391392E-02  4.7378745E-02
 -9.1191195E-02  4.7148503E-02
 -9.0990990E-02  4.6935420E-02
 -9.0790793E-02  4.6859432E-02
 -9.0590589E-02  4.6967555E-02
 -9.0390392E-02  4.7234233E-02
 -9.0190195E-02  4.7589738E-02
 -8.9989990E-02  4.7964755E-02
 -8.9789793E-02  4.8330594E-02
 -8.9589596E-02  4.8702322E-02
 -8.9389391E-02  4.9138457E-02
 -8.9189194E-02  4.9688809E-02
 -8.8988990E-02  5.0362736E-02
 -8.8788792E-02  5.1097013E-02
 -8.8588595E-02  5.1769435E-02
 -8.8388391E-02  5.2241165E-02
 -8.8188194E-02  5.2423935E-02
 -8.7987989E-02  5.2320212E-02
 -8.7787792E-02  5.2056845E-02
 -8.7587595E-02  5.1857725E-02
 -8.7387390E-02  5.1969394E-02
 -8.7187193E-02  5.2584201E-02
 -8.6986996E-02  5.3750310E-02
 -8.6786792E-02  5.5354103E-02
 -8.6586587E-02  5.7128191E-02
 -8.6386390E-02  5.8739658E-02
 -8.6186193E-02  5.9893310E-02
 -8.5985996E-02  6.0420960E-02
 -8.5785784E-02  6.0333926E-02
 -8.5585594E-02  5.9826147E-02
 -8.5385390E-02  5.9177872E-02
 -8.5185193E-02  5.8674537E-02
 -8.4984988E-02  5.8500193E-02
 -8.4784783E-02  5.8673579E-02
 -8.4584586E-02  5.9061769E-02
 -8.4384389E-02  5.9431586E-02
 -8.4184185E-02  5.9548475E-02
 -8.3983988E-02  5.9273656E-02
 -8.3783783E-02  5.8610510E-02
 -8.3583586E-02  5.7717480E-02
 -8.3383389E-02  5.6843054E-02
 -8.3183184E-02  5.6247246E-02
 -8.2982987E-02  5.6102745E-02
 -8.2782790E-02  5.6448169E-02
 -8.2582586E-02  5.7178888E-02
 -8.2382388E-02  5.8094982E-02
 -8.2182184E-02  5.8977116E-02
 -8.1981987E-02  5.9656780E-02
 -8.1781790E-02  6.0073510E-02
 -8.1581585E-02  6.0278960E-02
 -8.1381388E-02  6.0398728E-02
 -8.1181183E-02  6.0581282E-02
 -8.0980986E-02  6.0935326E-02
 -8.0780789E-02  6.1491534E-02
 -8.0580585E-02  6.2207624E-02
 -8.0380380E-02  6.2984556E-02
 -8.0180183E-02  6.3712500E-02
 -7.9979979E-02  6.4310513E-02
 -7.9779789E-02  6.4731307E-02
 -7.9579577E-02  6.4978652E-02
 -7.9379380E-02  6.5070197E-02
 -7.9179183E-02  6.5021724E-02
 -7.8978978E-02  6.4839244E-02
 -7.8778781E-02  6.4519309E-02
 -7.8578584E-02  6.4065792E-02
 -7.8378379E-02  6.3515872E-02
 -7.8178182E-02  6.2941059E-02
 -7.7977978E-02  6.2448621E-02
 -7.7777781E-02  6.2145732E-02
 -7.7577583E-02  6.2094774E-02
 -7.7377379E-02  6.2311642E-02
 -7.7177182E-02  6.2733643E-02
 -7.6976977E-02  6.3256666E-02
 -7.6776780E-02  6.3773140E-02
 -7.6576583E-02  6.4221233E-02
 -7.6376379E-02  6.4611971E-02
 -7.6176181E-02  6.5038010E-02
 -7.5975977E-02  6.5620780E-02
 -7.5775780E-02  6.6468857E-02
 -7.5575583E-02  6.7610368E-02
 -7.5375371E-02  6.8964034E-02
 -7.5175181E-02  7.0351526E-02
 -7.4974984E-02  7.1550705E-02
 -7.4774779E-02  7.2370321E-02
 -7.4574575E-02  7.2730616E-02
 -7.4374378E-02  7.2689138E-02
 -7.4174173E-02  7.2447613E-02
 -7.3973976E-02  7.2268128E-02
 -7.3773772E-02  7.2397925E-02
 -7.3573582E-02  7.2971553E-02
 -7.3373377E-02  7.3954351E-02
 -7.3173173E-02  7.5159326E-02
 -7.2972976E-02  7.6297410E-02
 -7.2772779E-02  7.7079333E-02
 -7.2572574E-02  7.7319808E-02
 -7.2372384E-02  7.6985039E-02
 -7.2172172E-02  7.6207295E-02
 -7.1971975E-02  7.5241715E-02
 -7.1771778E-02  7.4361324E-02
 -7.1571574E-02  7.3784888E-02
 -7.1371377E-02  7.3603056E-02
 -7.1171172E-02  7.3780231E-02
 -7.0970975E-02  7.4182823E-02
 -7.0770770E-02  7.4652150E-02
 -7.0570573E-02  7.5062506E-02
 -7.0370376E-02  7.5374492E-02
 -7.0170172E-02  7.5623758E-02
 -6.9969974E-02  7.5885959E-02
 -6.9769777E-02  7.6230280E-02
 -6.9569565E-02  7.6679081E-02
 -6.9369376E-02  7.7197008E-02
 -6.9169171E-02  7.7716775E-02
 -6.8968974E-02  7.8181677E-02
 -6.8768770E-02  7.8596786E-02
 -6.8568572E-02  7.9055071E-02
 -6.8368368E-02  7.9703100E-02
 -6.8168171E-02  8.0692455E-02
 -6.7967966E-02  8.2102552E-02
 -6.7767777E-02  8.3882183E-02
 -6.7567572E-02  8.5852720E-02
 -6.7367375E-02  8.7732054E-02
 -6.7167170E-02  8.9232944E-02
 -6.6966973E-02  9.0151146E-02
 -6.6766769E-02  9.0465851E-02
 -6.6566572E-02  9.0326570E-02
 -6.6366367E-02  9.0019643E-02
 -6.6166170E-02  8.9866906E-02
 -6.5965965E-02  9.0107709E-02
 -6.5765768E-02  9.0807632E-02
 -6.5565571E-02  9.1824196E-02
 -6.5365367E-02  9.2882432E-02
 -6.5165170E-02  9.3660019E-02
 -6.4964965E-02  9.3926035E-02
 -6.4764768E-02  9.3633585E-02
 -6.4564571E-02  9.2943639E-02
 -6.4364366E-02  9.2188179E-02
 -6.4164162E-02  9.1741063E-02
 -6.3963972E-02  9.1904253E-02
 -6.3763760E-02  9.2782937E-02
 -6.3563570E-02  9.4274104E-02
 -6.3363366E-02  9.6096046E-02
 -6.3163169E-02  9.7903095E-02
 -6.2962972E-02  9.9417746E-02
 -6.2762767E-02  0.1005311    
 -6.2562563E-02  0.1013294    
 -6.2362369E-02  0.1020733    
 -6.2162161E-02  0.1030840    
 -6.1961967E-02  0.1046218    
 -6.1761763E-02  0.1067955    
 -6.1561570E-02  0.1095110    
 -6.1361361E-02  0.1125181    
 -6.1161164E-02  0.1154870    
 -6.0960963E-02  0.1181295    
 -6.0760763E-02  0.1202685    
 -6.0560562E-02  0.1218919    
 -6.0360368E-02  0.1231184    
 -6.0160164E-02  0.1241452    
 -5.9959963E-02  0.1251541    
 -5.9759762E-02  0.1262715    
 -5.9559561E-02  0.1275295    
 -5.9359364E-02  0.1288912    
 -5.9159163E-02  0.1302979    
 -5.8958963E-02  0.1317092    
 -5.8758758E-02  0.1331219    
 -5.8558561E-02  0.1345676    
 -5.8358356E-02  0.1360791    
 -5.8158163E-02  0.1376489    
 -5.7957955E-02  0.1392205    
 -5.7757761E-02  0.1407084    
 -5.7557564E-02  0.1420287    
 -5.7357363E-02  0.1431665    
 -5.7157155E-02  0.1442024    
 -5.6956962E-02  0.1452925    
 -5.6756757E-02  0.1466285    
 -5.6556564E-02  0.1483449    
 -5.6356356E-02  0.1504196    
 -5.6156155E-02  0.1526549    
 -5.5955958E-02  0.1546848    
 -5.5755757E-02  0.1560728    
 -5.5555556E-02  0.1564559    
 -5.5355355E-02  0.1556708    
 -5.5155158E-02  0.1538564    
 -5.4954965E-02  0.1514400    
 -5.4754756E-02  0.1490429    
 -5.4554556E-02  0.1473266    
 -5.4354358E-02  0.1467990    
 -5.4154158E-02  0.1476901    
 -5.3953957E-02  0.1498965    
 -5.3753756E-02  0.1530374    
 -5.3553555E-02  0.1565727    
 -5.3353351E-02  0.1599751    
 -5.3153157E-02  0.1628662    
 -5.2952953E-02  0.1650932    
 -5.2752752E-02  0.1667167    
 -5.2552558E-02  0.1679355    
 -5.2352358E-02  0.1689974    
 -5.2152157E-02  0.1700757    
 -5.1951952E-02  0.1712686    
 -5.1751755E-02  0.1725955    
 -5.1551554E-02  0.1740467    
 -5.1351354E-02  0.1756591    
 -5.1151153E-02  0.1775301    
 -5.0950952E-02  0.1797969    
 -5.0750751E-02  0.1825751    
 -5.0550550E-02  0.1858920    
 -5.0350349E-02  0.1896112    
 -5.0150152E-02  0.1934550    
 -4.9949955E-02  0.1970548    
 -4.9749754E-02  0.2000817    
 -4.9549554E-02  0.2023431    
 -4.9349349E-02  0.2038532    
 -4.9149152E-02  0.2048444    
 -4.8948951E-02  0.2056825    
 -4.8748750E-02  0.2067191    
 -4.8548549E-02  0.2081769    
 -4.8348352E-02  0.2100533    
 -4.8148151E-02  0.2121320    
 -4.7947947E-02  0.2140602    
 -4.7747746E-02  0.2155018    
 -4.7547549E-02  0.2162843    
 -4.7347352E-02  0.2164705    
 -4.7147151E-02  0.2163904    
 -4.6946950E-02  0.2165044    
 -4.6746749E-02  0.2173048    
 -4.6546545E-02  0.2191105    
 -4.6346344E-02  0.2219921    
 -4.6146151E-02  0.2257499    
 -4.5945950E-02  0.2299997    
 -4.5745749E-02  0.2342814    
 -4.5545552E-02  0.2382310    
 -4.5345344E-02  0.2416598    
 -4.5145150E-02  0.2445810    
 -4.4944946E-02  0.2471513    
 -4.4744752E-02  0.2495901    
 -4.4544544E-02  0.2520483    
 -4.4344343E-02  0.2545905    
 -4.4144146E-02  0.2571622    
 -4.3943945E-02  0.2596740    
 -4.3743752E-02  0.2620628    
 -4.3543544E-02  0.2643585    
 -4.3343343E-02  0.2666878    
 -4.3143146E-02  0.2692171    
 -4.2942945E-02  0.2720810    
 -4.2742744E-02  0.2752885    
 -4.2542543E-02  0.2786772    
 -4.2342346E-02  0.2819302    
 -4.2142145E-02  0.2846808    
 -4.1941937E-02  0.2866049    
 -4.1741744E-02  0.2875464    
 -4.1541539E-02  0.2875440    
 -4.1341346E-02  0.2868483    
 -4.1141145E-02  0.2858035    
 -4.0940944E-02  0.2847749    
 -4.0740743E-02  0.2840377    
 -4.0540539E-02  0.2837473    
 -4.0340345E-02  0.2839680    
 -4.0140137E-02  0.2847164    
 -3.9939944E-02  0.2860399    
 -3.9739739E-02  0.2880274    
 -3.9539546E-02  0.2907975    
 -3.9339337E-02  0.2943893    
 -3.9139140E-02  0.2987126    
 -3.8938940E-02  0.3034718    
 -3.8738739E-02  0.3082319    
 -3.8538545E-02  0.3125092    
 -3.8338337E-02  0.3159702    
 -3.8138144E-02  0.3185909    
 -3.7937939E-02  0.3207234    
 -3.7737738E-02  0.3230309    
 -3.7537538E-02  0.3263311    
 -3.7337340E-02  0.3312624    
 -3.7137140E-02  0.3380794    
 -3.6936939E-02  0.3464503    
 -3.6736738E-02  0.3555319    
 -3.6536537E-02  0.3641795    
 -3.6336333E-02  0.3712980    
 -3.6136139E-02  0.3762131    
 -3.5935938E-02  0.3789202    
 -3.5735738E-02  0.3801227    
 -3.5535540E-02  0.3810376    
 -3.5335340E-02  0.3829955    
 -3.5135139E-02  0.3870486    
 -3.4934934E-02  0.3936033    
 -3.4734737E-02  0.4023120    
 -3.4534533E-02  0.4121974    
 -3.4334339E-02  0.4219924    
 -3.4134131E-02  0.4305643    
 -3.3933938E-02  0.4372891    
 -3.3733733E-02  0.4422355    
 -3.3533532E-02  0.4460926    
 -3.3333339E-02  0.4499026    
 -3.3133134E-02  0.4546836    
 -3.2932941E-02  0.4610687    
 -3.2732733E-02  0.4691292    
 -3.2532532E-02  0.4784202    
 -3.2332331E-02  0.4881705    
 -3.2132134E-02  0.4976546    
 -3.1931933E-02  0.5064554    
 -3.1731732E-02  0.5146177    
 -3.1531531E-02  0.5226268    
 -3.1331334E-02  0.5311666    
 -3.1131126E-02  0.5408273    
 -3.0930933E-02  0.5518726    
 -3.0730734E-02  0.5640764    
 -3.0530533E-02  0.5768324    
 -3.0330332E-02  0.5893645    
 -3.0130133E-02  0.6010113    
 -2.9929932E-02  0.6114794    
 -2.9729726E-02  0.6209525    
 -2.9529532E-02  0.6300099    
 -2.9329326E-02  0.6394211    
 -2.9129133E-02  0.6498737    
 -2.8928926E-02  0.6617188    
 -2.8728733E-02  0.6748828    
 -2.8528526E-02  0.6889009    
 -2.8328327E-02  0.7030964    
 -2.8128132E-02  0.7168227    
 -2.7927926E-02  0.7296358    
 -2.7727732E-02  0.7414203    
 -2.7527526E-02  0.7523631    
 -2.7327333E-02  0.7628174    
 -2.7127126E-02  0.7731849    
 -2.6926927E-02  0.7837974    
 -2.6726726E-02  0.7948444    
 -2.6526527E-02  0.8064511    
 -2.6326327E-02  0.8187127    
 -2.6126128E-02  0.8317693    
 -2.5925932E-02  0.8457955    
 -2.5725726E-02  0.8609626    
 -2.5525527E-02  0.8773187    
 -2.5325326E-02  0.8947119    
 -2.5125127E-02  0.9128054    
 -2.4924926E-02  0.9311308    
 -2.4724727E-02  0.9492626    
 -2.4524527E-02  0.9670010    
 -2.4324328E-02  0.9844804    
 -2.4124121E-02   1.002160    
 -2.3923926E-02   1.020671    
 -2.3723722E-02   1.040612    
 -2.3523526E-02   1.062296    
 -2.3323327E-02   1.085574    
 -2.3123126E-02   1.109909    
 -2.2922928E-02   1.134507    
 -2.2722721E-02   1.158676    
 -2.2522528E-02   1.182127    
 -2.2322321E-02   1.205174    
 -2.2122128E-02   1.228716    
 -2.1921922E-02   1.254022    
 -2.1721721E-02   1.282320    
 -2.1521520E-02   1.314390    
 -2.1321321E-02   1.350274    
 -2.1121120E-02   1.389212    
 -2.0920921E-02   1.429853    
 -2.0720728E-02   1.470697    
 -2.0520521E-02   1.510555    
 -2.0320321E-02   1.548979    
 -2.0120122E-02   1.586416    
 -1.9919921E-02   1.624070    
 -1.9719722E-02   1.663588    
 -1.9519521E-02   1.706526    
 -1.9319320E-02   1.753933    
 -1.9119121E-02   1.806027    
 -1.8918915E-02   1.862224    
 -1.8718721E-02   1.921271    
 -1.8518515E-02   1.981682    
 -1.8318322E-02   2.042042    
 -1.8118121E-02   2.101396    
 -1.7917922E-02   2.159317    
 -1.7717721E-02   2.215903    
 -1.7517515E-02   2.271675    
 -1.7317321E-02   2.327309    
 -1.7117115E-02   2.383548    
 -1.6916921E-02   2.441106    
 -1.6716715E-02   2.500695    
 -1.6516522E-02   2.563052    
 -1.6316315E-02   2.629008    
 -1.6116114E-02   2.699495    
 -1.5915915E-02   2.775493    
 -1.5715715E-02   2.857930    
 -1.5515521E-02   2.947581    
 -1.5315315E-02   3.045030    
 -1.5115121E-02   3.150519    
 -1.4914915E-02   3.264003    
 -1.4714715E-02   3.385064    
 -1.4514515E-02   3.512974    
 -1.4314315E-02   3.646706    
 -1.4114115E-02   3.785080    
 -1.3913915E-02   3.926961    
 -1.3713715E-02   4.071606    
 -1.3513515E-02   4.218938    
 -1.3313308E-02   4.369941    
 -1.3113115E-02   4.526693    
 -1.2912915E-02   4.692327    
 -1.2712715E-02   4.870555    
 -1.2512515E-02   5.065060    
 -1.2312309E-02   5.278812    
 -1.2112116E-02   5.513516    
 -1.1911909E-02   5.769450    
 -1.1711715E-02   6.045643    
 -1.1511508E-02   6.340633    
 -1.1311315E-02   6.653126    
 -1.1111109E-02   6.982945    
 -1.0910909E-02   7.331360    
 -1.0710709E-02   7.701084    
 -1.0510509E-02   8.095783    
 -1.0310316E-02   8.519147    
 -1.0110109E-02   8.974188    
 -9.9099148E-03   9.462791    
 -9.7097093E-03   9.985777    
 -9.5095085E-03   10.54340    
 -9.3093086E-03   11.13647    
 -9.1091087E-03   11.76714    
 -8.9089088E-03   12.43934    
 -8.7087089E-03   13.15868    
 -8.5085090E-03   13.93144    
 -8.3083091E-03   14.76357    
 -8.1081027E-03   15.65923    
 -7.9079093E-03   16.62028    
 -7.7077090E-03   17.64654    
 -7.5075091E-03   18.73651    
 -7.3073092E-03   19.88922    
 -7.1071088E-03   21.10549    
 -6.9069089E-03   22.38918    
 -6.7067025E-03   23.74685    
 -6.5065091E-03   25.18660    
 -6.3063027E-03   26.71651    
 -6.1061089E-03   28.34178    
 -5.9059029E-03   30.06417    
 -5.7057091E-03   31.88059    
 -5.5055027E-03   33.78505    
 -5.3053028E-03   35.76965    
 -5.1051090E-03   37.82771    
 -4.9049030E-03   39.95529    
 -4.7047092E-03   42.15117    
 -4.5045028E-03   44.41669    
 -4.3043094E-03   46.75202    
 -4.1041030E-03   49.15404    
 -3.9039028E-03   51.61224    
 -3.7037029E-03   54.10849    
 -3.5035030E-03   56.61690    
 -3.3033029E-03   59.10723    
 -3.1031030E-03   61.54928    
 -2.9029094E-03   63.91776    
 -2.7027030E-03   66.19687    
 -2.5025031E-03   68.38142    
 -2.3023030E-03   70.47685    
 -2.1021031E-03   72.49532    
 -1.9019031E-03   74.45010    
 -1.7017031E-03   76.34947    
 -1.5014968E-03   78.19077    
 -1.3013030E-03   79.95668    
 -1.1010967E-03   81.61497    
 -9.0090313E-04   83.11989    
 -7.0069678E-04   84.41750    
 -5.0050311E-04   85.45218    
 -3.0030316E-04   86.17390    
 -1.0009683E-04   86.54547    
  1.0009683E-04   86.54548    
  3.0030316E-04   86.17389    
  5.0049683E-04   85.45229    
  7.0070312E-04   84.41753    
  9.0089679E-04   83.11993    
  1.1011031E-03   81.61495    
  1.3013030E-03   79.95670    
  1.5015031E-03   78.19071    
  1.7017031E-03   76.34947    
  1.9019031E-03   74.45010    
  2.1021031E-03   72.49532    
  2.3022967E-03   70.47694    
  2.5025031E-03   68.38142    
  2.7027030E-03   66.19686    
  2.9029029E-03   63.91785    
  3.1031030E-03   61.54928    
  3.3033029E-03   59.10723    
  3.5035030E-03   56.61691    
  3.7037029E-03   54.10849    
  3.9039028E-03   51.61224    
  4.1041090E-03   49.15396    
  4.3043029E-03   46.75211    
  4.5045093E-03   44.41662    
  4.7047026E-03   42.15125    
  4.9049030E-03   39.95529    
  5.1051029E-03   37.82775    
  5.3053028E-03   35.76965    
  5.5055092E-03   33.78498    
  5.7057026E-03   31.88066    
  5.9059090E-03   30.06413    
  6.1061028E-03   28.34182    
  6.3063093E-03   26.71645    
  6.5065026E-03   25.18666    
  6.7067090E-03   23.74681    
  6.9069155E-03   22.38914    
  7.1071088E-03   21.10549    
  7.3073152E-03   19.88919    
  7.5075091E-03   18.73651    
  7.7077025E-03   17.64658    
  7.9079093E-03   16.62028    
  8.1081027E-03   15.65923    
  8.3083091E-03   14.76357    
  8.5085025E-03   13.93147    
  8.7087089E-03   13.15868    
  8.9089023E-03   12.43936    
  9.1091087E-03   11.76715    
  9.3093151E-03   11.13646    
  9.5095215E-03   10.54335    
  9.7097028E-03   9.985782    
  9.9099092E-03   9.462807    
  1.0110116E-02   8.974187    
  1.0310309E-02   8.519142    
  1.0510502E-02   8.095795    
  1.0710709E-02   7.701084    
  1.0910915E-02   7.331357    
  1.1111109E-02   6.982947    
  1.1311315E-02   6.653127    
  1.1511508E-02   6.340633    
  1.1711715E-02   6.045644    
  1.1911909E-02   5.769450    
  1.2112116E-02   5.513516    
  1.2312321E-02   5.278810    
  1.2512502E-02   5.065074    
  1.2712709E-02   4.870555    
  1.2912915E-02   4.692327    
  1.3113122E-02   4.526688    
  1.3313315E-02   4.369937    
  1.3513508E-02   4.218942    
  1.3713715E-02   4.071605    
  1.3913921E-02   3.926965    
  1.4114115E-02   3.785079    
  1.4314309E-02   3.646710    
  1.4514515E-02   3.512974    
  1.4714722E-02   3.385062    
  1.4914915E-02   3.264002    
  1.5115121E-02   3.150517    
  1.5315315E-02   3.045029    
  1.5515508E-02   2.947587    
  1.5715715E-02   2.857930    
  1.5915921E-02   2.775491    
  1.6116127E-02   2.699494    
  1.6316308E-02   2.629010    
  1.6516514E-02   2.563047    
  1.6716721E-02   2.500694    
  1.6916927E-02   2.441106    
  1.7117109E-02   2.383549    
  1.7317316E-02   2.327313    
  1.7517520E-02   2.271677    
  1.7717715E-02   2.215912    
  1.7917922E-02   2.159317    
  1.8118115E-02   2.101400    
  1.8318322E-02   2.042042    
  1.8518515E-02   1.981682    
  1.8718721E-02   1.921270    
  1.8918928E-02   1.862220    
  1.9119121E-02   1.806027    
  1.9319315E-02   1.753932    
  1.9519521E-02   1.706527    
  1.9719727E-02   1.663583    
  1.9919921E-02   1.624070    
  2.0120114E-02   1.586419    
  2.0320321E-02   1.548978    
  2.0520527E-02   1.510556    
  2.0720720E-02   1.470700    
  2.0920914E-02   1.429852    
  2.1121120E-02   1.389212    
  2.1321326E-02   1.350274    
  2.1521520E-02   1.314390    
  2.1721726E-02   1.282317    
  2.1921922E-02   1.254022    
  2.2122128E-02   1.228716    
  2.2322321E-02   1.205174    
  2.2522528E-02   1.182127    
  2.2722721E-02   1.158676    
  2.2922914E-02   1.134507    
  2.3123121E-02   1.109913    
  2.3323327E-02   1.085574    
  2.3523534E-02   1.062297    
  2.3723714E-02   1.040619    
  2.3923920E-02   1.020673    
  2.4124127E-02   1.002162    
  2.4324333E-02  0.9844790    
  2.4524527E-02  0.9670008    
  2.4724720E-02  0.9492582    
  2.4924926E-02  0.9311310    
  2.5125133E-02  0.9128091    
  2.5325326E-02  0.8947119    
  2.5525533E-02  0.8773214    
  2.5725726E-02  0.8609624    
  2.5925921E-02  0.8458005    
  2.6126128E-02  0.8317690    
  2.6326332E-02  0.8187082    
  2.6526527E-02  0.8064512    
  2.6726721E-02  0.7948428    
  2.6926927E-02  0.7837974    
  2.7127134E-02  0.7731876    
  2.7327340E-02  0.7628159    
  2.7527520E-02  0.7523639    
  2.7727727E-02  0.7414233    
  2.7927933E-02  0.7296382    
  2.8128127E-02  0.7168207    
  2.8328333E-02  0.7031015    
  2.8528526E-02  0.6889009    
  2.8728733E-02  0.6748827    
  2.8928926E-02  0.6617181    
  2.9129133E-02  0.6498736    
  2.9329326E-02  0.6394212    
  2.9529532E-02  0.6300099    
  2.9729726E-02  0.6209524    
  2.9929932E-02  0.6114796    
  3.0130139E-02  0.6010122    
  3.0330321E-02  0.5893669    
  3.0530527E-02  0.5768332    
  3.0730734E-02  0.5640766    
  3.0930940E-02  0.5518703    
  3.1131133E-02  0.5408303    
  3.1331327E-02  0.5311673    
  3.1531531E-02  0.5226269    
  3.1731740E-02  0.5146174    
  3.1931933E-02  0.5064551    
  3.2132126E-02  0.4976579    
  3.2332331E-02  0.4881704    
  3.2532539E-02  0.4784145    
  3.2732733E-02  0.4691292    
  3.2932941E-02  0.4610685    
  3.3133134E-02  0.4546835    
  3.3333328E-02  0.4499031    
  3.3533532E-02  0.4460927    
  3.3733740E-02  0.4422356    
  3.3933945E-02  0.4372857    
  3.4134127E-02  0.4305622    
  3.4334332E-02  0.4219944    
  3.4534540E-02  0.4121966    
  3.4734745E-02  0.4023118    
  3.4934938E-02  0.3936030    
  3.5135131E-02  0.3870513    
  3.5335340E-02  0.3829957    
  3.5535533E-02  0.3810390    
  3.5735738E-02  0.3801226    
  3.5935931E-02  0.3789209    
  3.6136139E-02  0.3762134    
  3.6336333E-02  0.3712978    
  3.6536537E-02  0.3641794    
  3.6736745E-02  0.3555315    
  3.6936939E-02  0.3464503    
  3.7137132E-02  0.3380764    
  3.7337340E-02  0.3312621    
  3.7537545E-02  0.3263286    
  3.7737753E-02  0.3230329    
  3.7937932E-02  0.3207216    
  3.8138140E-02  0.3185890    
  3.8338345E-02  0.3159737    
  3.8538538E-02  0.3125096    
  3.8738731E-02  0.3082339    
  3.8938940E-02  0.3034719    
  3.9139144E-02  0.2987139    
  3.9339337E-02  0.2943892    
  3.9539546E-02  0.2907975    
  3.9739739E-02  0.2880275    
  3.9939944E-02  0.2860399    
  4.0140137E-02  0.2847164    
  4.0340345E-02  0.2839680    
  4.0540550E-02  0.2837492    
  4.0740732E-02  0.2840376    
  4.0940940E-02  0.2847754    
  4.1141145E-02  0.2858036    
  4.1341349E-02  0.2868486    
  4.1541532E-02  0.2875476    
  4.1741740E-02  0.2875417    
  4.1941945E-02  0.2866071    
  4.2142153E-02  0.2846802    
  4.2342346E-02  0.2819303    
  4.2542540E-02  0.2786783    
  4.2742744E-02  0.2752886    
  4.2942952E-02  0.2720819    
  4.3143146E-02  0.2692171    
  4.3343350E-02  0.2666834    
  4.3543544E-02  0.2643586    
  4.3743737E-02  0.2620590    
  4.3943945E-02  0.2596740    
  4.4144150E-02  0.2571611    
  4.4344358E-02  0.2545911    
  4.4544537E-02  0.2520517    
  4.4744745E-02  0.2495888    
  4.4944949E-02  0.2471525    
  4.5145158E-02  0.2445783    
  4.5345340E-02  0.2416596    
  4.5545544E-02  0.2382286    
  4.5745749E-02  0.2342814    
  4.5945946E-02  0.2299993    
  4.6146151E-02  0.2257496    
  4.6346344E-02  0.2219921    
  4.6546552E-02  0.2191096    
  4.6746746E-02  0.2173056    
  4.6946950E-02  0.2165041    
  4.7147159E-02  0.2163884    
  4.7347352E-02  0.2164705    
  4.7547545E-02  0.2162861    
  4.7747750E-02  0.2155009    
  4.7947958E-02  0.2140596    
  4.8148137E-02  0.2121308    
  4.8348345E-02  0.2100537    
  4.8548549E-02  0.2081768    
  4.8748758E-02  0.2067177    
  4.8948951E-02  0.2056818    
  4.9149144E-02  0.2048446    
  4.9349349E-02  0.2038532    
  4.9549557E-02  0.2023426    
  4.9749751E-02  0.2000824    
  4.9949955E-02  0.1970543    
  5.0150152E-02  0.1934551    
  5.0350357E-02  0.1896127    
  5.0550550E-02  0.1858919    
  5.0750758E-02  0.1825765    
  5.0950952E-02  0.1797934    
  5.1151145E-02  0.1775304    
  5.1351350E-02  0.1756597    
  5.1551558E-02  0.1740463    
  5.1751763E-02  0.1725938    
  5.1951945E-02  0.1712696    
  5.2152149E-02  0.1700759    
  5.2352358E-02  0.1689979    
  5.2552562E-02  0.1679406    
  5.2752756E-02  0.1667179    
  5.2952949E-02  0.1650942    
  5.3153157E-02  0.1628662    
  5.3353351E-02  0.1599752    
  5.3553555E-02  0.1565730    
  5.3753749E-02  0.1530392    
  5.3953957E-02  0.1498969    
  5.4154150E-02  0.1476896    
  5.4354358E-02  0.1467991    
  5.4554563E-02  0.1473267    
  5.4754756E-02  0.1490429    
  5.4954950E-02  0.1514414    
  5.5155158E-02  0.1538565    
  5.5355363E-02  0.1556737    
  5.5555571E-02  0.1564571    
  5.5755749E-02  0.1560747    
  5.5955958E-02  0.1546846    
  5.6156162E-02  0.1526564    
  5.6356356E-02  0.1504196    
  5.6556564E-02  0.1483447    
  5.6756757E-02  0.1466283    
  5.6956962E-02  0.1452923    
  5.7157155E-02  0.1442023    
  5.7357363E-02  0.1431664    
  5.7557557E-02  0.1420286    
  5.7757761E-02  0.1407083    
  5.7957955E-02  0.1392203    
  5.8158163E-02  0.1376488    
  5.8358368E-02  0.1360804    
  5.8558550E-02  0.1345689    
  5.8758758E-02  0.1331220    
  5.8958963E-02  0.1317092    
  5.9159171E-02  0.1302970    
  5.9359364E-02  0.1288913    
  5.9559558E-02  0.1275283    
  5.9759762E-02  0.1262715    
  5.9959970E-02  0.1251553    
  6.0160164E-02  0.1241453    
  6.0360357E-02  0.1231196    
  6.0560562E-02  0.1218921    
  6.0760770E-02  0.1202682    
  6.0960963E-02  0.1181293    
  6.1161168E-02  0.1154883    
  6.1361361E-02  0.1125177    
  6.1561555E-02  0.1095099    
  6.1761763E-02  0.1067955    
  6.1961967E-02  0.1046219    
  6.2162176E-02  0.1030840    
  6.2362358E-02  0.1020730    
  6.2562563E-02  0.1013294    
  6.2762767E-02  0.1005312    
  6.2962972E-02  9.9418834E-02
  6.3163154E-02  9.7904459E-02
  6.3363366E-02  9.6096031E-02
  6.3563570E-02  9.4274253E-02
  6.3763760E-02  9.2782989E-02
  6.3963972E-02  9.1904208E-02
  6.4164162E-02  9.1740824E-02
  6.4364366E-02  9.2188090E-02
  6.4564563E-02  9.2941895E-02
  6.4764768E-02  9.3633600E-02
  6.4964972E-02  9.3926072E-02
  6.5165170E-02  9.3660027E-02
  6.5365359E-02  9.2882104E-02
  6.5565571E-02  9.1824211E-02
  6.5765776E-02  9.0805650E-02
  6.5965980E-02  9.0109706E-02
  6.6166162E-02  8.9867428E-02
  6.6366367E-02  9.0019591E-02
  6.6566572E-02  9.0325423E-02
  6.6766769E-02  9.0465866E-02
  6.6966966E-02  9.0152398E-02
  6.7167170E-02  8.9233026E-02
  6.7367375E-02  8.7732099E-02
  6.7567572E-02  8.5852839E-02
  6.7767777E-02  8.3882250E-02
  6.7967966E-02  8.2102515E-02
  6.8168178E-02  8.0691814E-02
  6.8368368E-02  7.9703100E-02
  6.8568572E-02  7.9054944E-02
  6.8768784E-02  7.8596003E-02
  6.8968959E-02  7.8179471E-02
  6.9169171E-02  7.7716745E-02
  6.9369376E-02  7.7196911E-02
  6.9569580E-02  7.6678999E-02
  6.9769762E-02  7.6230608E-02
  6.9969967E-02  7.5883880E-02
  7.0170172E-02  7.5623691E-02
  7.0370384E-02  7.5375922E-02
  7.0570573E-02  7.5062416E-02
  7.0770770E-02  7.4651994E-02
  7.0970975E-02  7.4182622E-02
  7.1171165E-02  7.3780097E-02
  7.1371377E-02  7.3603086E-02
  7.1571581E-02  7.3783644E-02
  7.1771778E-02  7.4361153E-02
  7.1971968E-02  7.5241745E-02
  7.2172172E-02  7.6207310E-02
  7.2372384E-02  7.6984785E-02
  7.2572574E-02  7.7319659E-02
  7.2772771E-02  7.7079624E-02
  7.2972976E-02  7.6297462E-02
  7.3173180E-02  7.5159609E-02
  7.3373385E-02  7.3954605E-02
  7.3573567E-02  7.2971024E-02
  7.3773772E-02  7.2397925E-02
  7.3973984E-02  7.2268702E-02
  7.4174173E-02  7.2447814E-02
  7.4374378E-02  7.2689235E-02
  7.4574575E-02  7.2730742E-02
  7.4774779E-02  7.2370298E-02
  7.4974976E-02  7.1549706E-02
  7.5175181E-02  7.0351578E-02
  7.5375386E-02  6.8964243E-02
  7.5575583E-02  6.7610286E-02
  7.5775772E-02  6.6469282E-02
  7.5975977E-02  6.5620810E-02
  7.6176189E-02  6.5037288E-02
  7.6376371E-02  6.4614706E-02
  7.6576576E-02  6.4220272E-02
  7.6776780E-02  6.3773111E-02
  7.6976985E-02  6.3256815E-02
  7.7177182E-02  6.2733673E-02
  7.7377371E-02  6.2311530E-02
  7.7577583E-02  6.2094849E-02
  7.7777788E-02  6.2142543E-02
  7.7977978E-02  6.2448647E-02
  7.8178190E-02  6.2945008E-02
  7.8378379E-02  6.3515909E-02
  7.8578584E-02  6.4067408E-02
  7.8778781E-02  6.4519241E-02
  7.8978986E-02  6.4839408E-02
  7.9179183E-02  6.5021604E-02
  7.9379372E-02  6.5068856E-02
  7.9579577E-02  6.4978644E-02
  7.9779789E-02  6.4731345E-02
  7.9979993E-02  6.4310357E-02
  8.0180176E-02  6.3712321E-02
  8.0380380E-02  6.2984608E-02
  8.0580585E-02  6.2207624E-02
  8.0780789E-02  6.1491970E-02
  8.0980986E-02  6.0935311E-02
  8.1181183E-02  6.0581081E-02
  8.1381388E-02  6.0398739E-02
  8.1581578E-02  6.0279403E-02
  8.1781790E-02  6.0073495E-02
  8.1981979E-02  5.9656020E-02
  8.2182184E-02  5.8977392E-02
  8.2382381E-02  5.8096346E-02
  8.2582586E-02  5.7178766E-02
  8.2782790E-02  5.6448169E-02
  8.2982987E-02  5.6102734E-02
  8.3183177E-02  5.6246843E-02
  8.3383389E-02  5.6843039E-02
  8.3583593E-02  5.7716839E-02
  8.3783798E-02  5.8610439E-02
  8.3983980E-02  5.9273947E-02
  8.4184185E-02  5.9548434E-02
  8.4384389E-02  5.9431970E-02
  8.4584586E-02  5.9061725E-02
  8.4784791E-02  5.8672443E-02
  8.4984988E-02  5.8500055E-02
  8.5185193E-02  5.8674525E-02
  8.5385390E-02  5.9177872E-02
  8.5585594E-02  5.9826199E-02
  8.5785784E-02  6.0333893E-02
  8.5985996E-02  6.0421001E-02
  8.6186185E-02  5.9895035E-02
  8.6386390E-02  5.8739670E-02
  8.6586602E-02  5.7125974E-02
  8.6786777E-02  5.5353507E-02
  8.6986989E-02  5.3751010E-02
  8.7187193E-02  5.2584223E-02
  8.7387398E-02  5.1970992E-02
  8.7587595E-02  5.1857714E-02
  8.7787785E-02  5.2056711E-02
  8.7987989E-02  5.2320242E-02
  8.8188201E-02  5.2423682E-02
  8.8388391E-02  5.2241061E-02
  8.8588588E-02  5.1768526E-02
  8.8788792E-02  5.1097050E-02
  8.8988997E-02  5.0362248E-02
  8.9189194E-02  4.9688783E-02
  8.9389399E-02  4.9138200E-02
  8.9589596E-02  4.8702322E-02
  8.9789785E-02  4.8330326E-02
  8.9989990E-02  4.7964774E-02
  9.0190202E-02  4.7589224E-02
  9.0390407E-02  4.7233354E-02
  9.0590589E-02  4.6967704E-02
  9.0790793E-02  4.6859365E-02
  9.0990998E-02  4.6936419E-02
  9.1191202E-02  4.7149710E-02
  9.1391385E-02  4.7378857E-02
  9.1591589E-02  4.7467504E-02
  9.1791801E-02  4.7278769E-02
  9.1991991E-02  4.6745479E-02
  9.2192195E-02  4.5906264E-02
  9.2392392E-02  4.4899330E-02
  9.2592597E-02  4.3918937E-02
  9.2792794E-02  4.3158881E-02
  9.2992999E-02  4.2753205E-02
  9.3193203E-02  4.2741451E-02
  9.3393400E-02  4.3072008E-02
  9.3593590E-02  4.3639269E-02
  9.3793802E-02  4.4323713E-02
  9.3994007E-02  4.5048058E-02
  9.4194189E-02  4.5785345E-02
  9.4394393E-02  4.6548679E-02
  9.4594598E-02  4.7364581E-02
  9.4794802E-02  4.8222277E-02
  9.4994999E-02  4.9056645E-02
  9.5195189E-02  4.9751893E-02
  9.5395401E-02  5.0179325E-02
  9.5595606E-02  5.0247010E-02
  9.5795795E-02  4.9949866E-02
  9.5996007E-02  4.9382620E-02
  9.6196197E-02  4.8720770E-02
  9.6396402E-02  4.8160572E-02
  9.6596599E-02  4.7846530E-02
  9.6796803E-02  4.7812268E-02
  9.6997008E-02  4.7958281E-02
  9.7197190E-02  4.8079677E-02
  9.7397402E-02  4.7933854E-02
  9.7597606E-02  4.7330271E-02
  9.7797811E-02  4.6198148E-02
  9.7997993E-02  4.4626389E-02
  9.8198198E-02  4.2831477E-02
  9.8398402E-02  4.1097511E-02
  9.8598614E-02  3.9681863E-02
  9.8798804E-02  3.8737334E-02
  9.8999001E-02  3.8277913E-02
  9.9199206E-02  3.8185384E-02
  9.9399395E-02  3.8275275E-02
  9.9599607E-02  3.8364712E-02
  9.9799812E-02  3.8346607E-02
  0.1000000      3.8219523E-02
