 -0.1000000      5.5883288E-02
 -9.9799804E-02  5.5846743E-02
 -9.9599607E-02  5.6166016E-02
 -9.9399403E-02  5.6854930E-02
 -9.9199206E-02  5.7781845E-02
 -9.8999001E-02  5.8720268E-02
 -9.8798804E-02  5.9431300E-02
 -9.8598607E-02  5.9767224E-02
 -9.8398402E-02  5.9722986E-02
 -9.8198205E-02  5.9440270E-02
 -9.7998008E-02  5.9159454E-02
 -9.7797804E-02  5.9114199E-02
 -9.7597606E-02  5.9447959E-02
 -9.7397402E-02  6.0151495E-02
 -9.7197205E-02  6.1074920E-02
 -9.6997000E-02  6.1980795E-02
 -9.6796796E-02  6.2642656E-02
 -9.6596599E-02  6.2932543E-02
 -9.6396402E-02  6.2866896E-02
 -9.6196197E-02  6.2596910E-02
 -9.5996000E-02  6.2341627E-02
 -9.5795795E-02  6.2298521E-02
 -9.5595598E-02  6.2564321E-02
 -9.5395401E-02  6.3098371E-02
 -9.5195197E-02  6.3746400E-02
 -9.4994999E-02  6.4308822E-02
 -9.4794795E-02  6.4626627E-02
 -9.4594598E-02  6.4647794E-02
 -9.4394401E-02  6.4452156E-02
 -9.4194196E-02  6.4210013E-02
 -9.3993999E-02  6.4111240E-02
 -9.3793802E-02  6.4280041E-02
 -9.3593597E-02  6.4725213E-02
 -9.3393400E-02  6.5325059E-02
 -9.3193196E-02  6.5889195E-02
 -9.2992999E-02  6.6237092E-02
 -9.2792802E-02  6.6271879E-02
 -9.2592597E-02  6.6037416E-02
 -9.2392400E-02  6.5698639E-02
 -9.2192195E-02  6.5477647E-02
 -9.1991998E-02  6.5564469E-02
 -9.1791801E-02  6.6043325E-02
 -9.1591589E-02  6.6843495E-02
 -9.1391392E-02  6.7775562E-02
 -9.1191195E-02  6.8602555E-02
 -9.0990990E-02  6.9135591E-02
 -9.0790793E-02  6.9306813E-02
 -9.0590589E-02  6.9208585E-02
 -9.0390392E-02  6.9044724E-02
 -9.0190195E-02  6.9055229E-02
 -8.9989990E-02  6.9416910E-02
 -8.9789793E-02  7.0168346E-02
 -8.9589596E-02  7.1197726E-02
 -8.9389391E-02  7.2280027E-02
 -8.9189194E-02  7.3171936E-02
 -8.8988990E-02  7.3709019E-02
 -8.8788792E-02  7.3863938E-02
 -8.8588595E-02  7.3762067E-02
 -8.8388391E-02  7.3623225E-02
 -8.8188194E-02  7.3668905E-02
 -8.7987989E-02  7.4031964E-02
 -8.7787792E-02  7.4698165E-02
 -8.7587595E-02  7.5519003E-02
 -8.7387390E-02  7.6272465E-02
 -8.7187193E-02  7.6755710E-02
 -8.6986996E-02  7.6883726E-02
 -8.6786792E-02  7.6715417E-02
 -8.6586587E-02  7.6446638E-02
 -8.6386390E-02  7.6327890E-02
 -8.6186193E-02  7.6557852E-02
 -8.5985996E-02  7.7213667E-02
 -8.5785784E-02  7.8207269E-02
 -8.5585594E-02  7.9327337E-02
 -8.5385390E-02  8.0325052E-02
 -8.5185193E-02  8.1011608E-02
 -8.4984988E-02  8.1338361E-02
 -8.4784783E-02  8.1407793E-02
 -8.4584586E-02  8.1437051E-02
 -8.4384389E-02  8.1652939E-02
 -8.4184185E-02  8.2196541E-02
 -8.3983988E-02  8.3065324E-02
 -8.3783783E-02  8.4098145E-02
 -8.3583586E-02  8.5048914E-02
 -8.3383389E-02  8.5678510E-02
 -8.3183184E-02  8.5874036E-02
 -8.2982987E-02  8.5678972E-02
 -8.2782790E-02  8.5301332E-02
 -8.2582586E-02  8.5024484E-02
 -8.2382388E-02  8.5096978E-02
 -8.2182184E-02  8.5635804E-02
 -8.1981987E-02  8.6570591E-02
 -8.1781790E-02  8.7679721E-02
 -8.1581585E-02  8.8670559E-02
 -8.1381388E-02  8.9300081E-02
 -8.1181183E-02  8.9481443E-02
 -8.0980986E-02  8.9305840E-02
 -8.0780789E-02  8.9023083E-02
 -8.0580585E-02  8.8926993E-02
 -8.0380380E-02  8.9242257E-02
 -8.0180183E-02  9.0030298E-02
 -7.9979979E-02  9.1161504E-02
 -7.9779789E-02  9.2364378E-02
 -7.9579577E-02  9.3338259E-02
 -7.9379380E-02  9.3868993E-02
 -7.9179183E-02  9.3928546E-02
 -7.8978978E-02  9.3688890E-02
 -7.8778781E-02  9.3452081E-02
 -7.8578584E-02  9.3541399E-02
 -7.8378379E-02  9.4170950E-02
 -7.8178182E-02  9.5366828E-02
 -7.7977978E-02  9.6948422E-02
 -7.7777781E-02  9.8604336E-02
 -7.7577583E-02  9.9998064E-02
 -7.7377379E-02  0.1008994    
 -7.7177182E-02  0.1012607    
 -7.6976977E-02  0.1012131    
 -7.6776780E-02  0.1010119    
 -7.6576583E-02  0.1009143    
 -7.6376379E-02  0.1010868    
 -7.6176181E-02  0.1015437    
 -7.5975977E-02  0.1021609    
 -7.5775780E-02  0.1027459    
 -7.5575583E-02  0.1031378    
 -7.5375371E-02  0.1033023    
 -7.5175181E-02  0.1033441    
 -7.4974984E-02  0.1034775    
 -7.4774779E-02  0.1039257    
 -7.4574575E-02  0.1048320    
 -7.4374378E-02  0.1061677    
 -7.4174173E-02  0.1077451    
 -7.3973976E-02  0.1092722    
 -7.3773772E-02  0.1104674    
 -7.3573582E-02  0.1111740    
 -7.3373377E-02  0.1114160    
 -7.3173173E-02  0.1114092    
 -7.2972976E-02  0.1114578    
 -7.2772779E-02  0.1118464    
 -7.2572574E-02  0.1127255    
 -7.2372384E-02  0.1140440    
 -7.2172172E-02  0.1155777    
 -7.1971975E-02  0.1170257    
 -7.1771778E-02  0.1181203    
 -7.1571574E-02  0.1187567    
 -7.1371377E-02  0.1190221    
 -7.1171172E-02  0.1191648    
 -7.0970975E-02  0.1194829    
 -7.0770770E-02  0.1202058    
 -7.0570573E-02  0.1213795    
 -7.0370376E-02  0.1228443    
 -7.0170172E-02  0.1242976    
 -6.9969974E-02  0.1254124    
 -6.9769777E-02  0.1259753    
 -6.9569565E-02  0.1259851    
 -6.9369376E-02  0.1256652    
 -6.9169171E-02  0.1253830    
 -6.8968974E-02  0.1255121    
 -6.8768770E-02  0.1262883    
 -6.8568572E-02  0.1277116    
 -6.8368368E-02  0.1295446    
 -6.8168171E-02  0.1314041    
 -6.7967966E-02  0.1328997    
 -6.7767777E-02  0.1337983    
 -6.7567572E-02  0.1341007    
 -6.7367375E-02  0.1340459    
 -6.7167170E-02  0.1340155    
 -6.6966973E-02  0.1343858    
 -6.6766769E-02  0.1353846    
 -6.6566572E-02  0.1370096    
 -6.6366367E-02  0.1390318    
 -6.6166170E-02  0.1411101    
 -6.5965965E-02  0.1429084    
 -6.5765768E-02  0.1442397    
 -6.5565571E-02  0.1451181    
 -6.5365367E-02  0.1457286    
 -6.5165170E-02  0.1463324    
 -6.4964965E-02  0.1471222    
 -6.4764768E-02  0.1481302    
 -6.4564571E-02  0.1491981    
 -6.4364366E-02  0.1500329    
 -6.4164162E-02  0.1503276    
 -6.3963972E-02  0.1499113    
 -6.3763760E-02  0.1488245    
 -6.3563570E-02  0.1473320    
 -6.3363366E-02  0.1458466    
 -6.3163169E-02  0.1447652    
 -6.2962972E-02  0.1443421    
 -6.2762767E-02  0.1446001    
 -6.2562563E-02  0.1453319    
 -6.2362369E-02  0.1461926    
 -6.2162161E-02  0.1468701    
 -6.1961967E-02  0.1471981    
 -6.1761763E-02  0.1472439    
 -6.1561570E-02  0.1472744    
 -6.1361361E-02  0.1476463    
 -6.1161164E-02  0.1486545    
 -6.0960963E-02  0.1503886    
 -6.0760763E-02  0.1527038    
 -6.0560562E-02  0.1552456    
 -6.0360368E-02  0.1576017    
 -6.0160164E-02  0.1594589    
 -5.9959963E-02  0.1607176    
 -5.9759762E-02  0.1615441    
 -5.9559561E-02  0.1622900    
 -5.9359364E-02  0.1633492    
 -5.9159163E-02  0.1649979    
 -5.8958963E-02  0.1672627    
 -5.8758758E-02  0.1699103    
 -5.8558561E-02  0.1725361    
 -5.8358356E-02  0.1747129    
 -5.8158163E-02  0.1761575    
 -5.7957955E-02  0.1768401    
 -5.7757761E-02  0.1769919    
 -5.7557564E-02  0.1769923    
 -5.7357363E-02  0.1772210    
 -5.7157155E-02  0.1779002    
 -5.6956962E-02  0.1790046    
 -5.6756757E-02  0.1802847    
 -5.6556564E-02  0.1813838    
 -5.6356356E-02  0.1820034    
 -5.6156155E-02  0.1820472    
 -5.5955958E-02  0.1816771    
 -5.5755757E-02  0.1812765    
 -5.5555556E-02  0.1812777    
 -5.5355355E-02  0.1820129    
 -5.5155158E-02  0.1835600    
 -5.4954965E-02  0.1857085    
 -5.4754756E-02  0.1880440    
 -5.4554556E-02  0.1900990    
 -5.4354358E-02  0.1915531    
 -5.4154158E-02  0.1923682    
 -5.3953957E-02  0.1927976    
 -5.3753756E-02  0.1932934    
 -5.3553555E-02  0.1943146    
 -5.3353351E-02  0.1961407    
 -5.3153157E-02  0.1987531    
 -5.2952953E-02  0.2018184    
 -5.2752752E-02  0.2048293    
 -5.2552558E-02  0.2073030    
 -5.2352358E-02  0.2089731    
 -5.2152157E-02  0.2099139    
 -5.1951952E-02  0.2104969    
 -5.1751755E-02  0.2112828    
 -5.1551554E-02  0.2127673    
 -5.1351354E-02  0.2152048    
 -5.1151153E-02  0.2185144    
 -5.0950952E-02  0.2222948    
 -5.0750751E-02  0.2260109    
 -5.0550550E-02  0.2292045    
 -5.0350349E-02  0.2316781    
 -5.0150152E-02  0.2335819    
 -4.9949955E-02  0.2353507    
 -4.9749754E-02  0.2375084    
 -4.9549554E-02  0.2404450    
 -4.9349349E-02  0.2442338    
 -4.9149152E-02  0.2485713    
 -4.8948951E-02  0.2528690    
 -4.8748750E-02  0.2564808    
 -4.8548549E-02  0.2589377    
 -4.8348352E-02  0.2601426    
 -4.8148151E-02  0.2604345    
 -4.7947947E-02  0.2604465    
 -4.7747746E-02  0.2609208    
 -4.7547549E-02  0.2624198    
 -4.7347352E-02  0.2651460    
 -4.7147151E-02  0.2688903    
 -4.6946950E-02  0.2731294    
 -4.6746749E-02  0.2772545    
 -4.6546545E-02  0.2808018    
 -4.6346344E-02  0.2836245    
 -4.6146151E-02  0.2859373    
 -4.5945950E-02  0.2881744    
 -4.5745749E-02  0.2908133    
 -4.5545552E-02  0.2941328    
 -4.5345344E-02  0.2980839    
 -4.5145150E-02  0.3023058    
 -4.4944946E-02  0.3062617    
 -4.4744752E-02  0.3094512    
 -4.4544544E-02  0.3116301    
 -4.4344343E-02  0.3129033    
 -4.4144146E-02  0.3137041    
 -4.3943945E-02  0.3146258    
 -4.3743752E-02  0.3162005    
 -4.3543544E-02  0.3186922    
 -4.3343343E-02  0.3220177    
 -4.3143146E-02  0.3257869    
 -4.2942945E-02  0.3294811    
 -4.2742744E-02  0.3326725    
 -4.2542543E-02  0.3351916    
 -4.2342346E-02  0.3371924    
 -4.2142145E-02  0.3390773    
 -4.1941937E-02  0.3413062    
 -4.1741744E-02  0.3442183    
 -4.1541539E-02  0.3478512    
 -4.1341346E-02  0.3519502    
 -4.1141145E-02  0.3560615    
 -4.0940944E-02  0.3597445    
 -4.0740743E-02  0.3627622    
 -4.0540539E-02  0.3652104    
 -4.0340345E-02  0.3674897    
 -4.0140137E-02  0.3701641    
 -3.9939944E-02  0.3737391    
 -3.9739739E-02  0.3784462    
 -3.9539546E-02  0.3841598    
 -3.9339337E-02  0.3904253    
 -3.9139140E-02  0.3966362    
 -3.8938940E-02  0.4022561    
 -3.8738739E-02  0.4070469    
 -3.8538545E-02  0.4111307    
 -3.8338337E-02  0.4149444    
 -3.8138144E-02  0.4190602    
 -3.7937939E-02  0.4239455    
 -3.7737738E-02  0.4297832    
 -3.7537538E-02  0.4364136    
 -3.7337340E-02  0.4434166    
 -3.7137140E-02  0.4502917    
 -3.6936939E-02  0.4566852    
 -3.6736738E-02  0.4625381    
 -3.6536537E-02  0.4681236    
 -3.6336333E-02  0.4739131    
 -3.6136139E-02  0.4803903    
 -3.5935938E-02  0.4878440    
 -3.5735738E-02  0.4962279    
 -3.5535540E-02  0.5051988    
 -3.5335340E-02  0.5142350    
 -3.5135139E-02  0.5228818    
 -3.4934934E-02  0.5309392    
 -3.4734737E-02  0.5385405    
 -3.4534533E-02  0.5461130    
 -3.4334339E-02  0.5541883    
 -3.4134131E-02  0.5631645    
 -3.3933938E-02  0.5731395    
 -3.3733733E-02  0.5838398    
 -3.3533532E-02  0.5947380    
 -3.3333339E-02  0.6052642    
 -3.3133134E-02  0.6150538    
 -3.2932941E-02  0.6241220    
 -3.2732733E-02  0.6328853    
 -3.2532532E-02  0.6420074    
 -3.2332331E-02  0.6521431    
 -3.2132134E-02  0.6636479    
 -3.1931933E-02  0.6764437    
 -3.1731732E-02  0.6899809    
 -3.1531531E-02  0.7034382    
 -3.1331334E-02  0.7160083    
 -3.1131126E-02  0.7271906    
 -3.0930933E-02  0.7369390    
 -3.0730734E-02  0.7456697    
 -3.0530533E-02  0.7540696    
 -3.0330332E-02  0.7627981    
 -3.0130133E-02  0.7722276    
 -2.9929932E-02  0.7823121    
 -2.9729726E-02  0.7926478    
 -2.9529532E-02  0.8026814    
 -2.9329326E-02  0.8120338    
 -2.9129133E-02  0.8207037    
 -2.8928926E-02  0.8291932    
 -2.8728733E-02  0.8383461    
 -2.8528526E-02  0.8490883    
 -2.8328327E-02  0.8620784    
 -2.8128132E-02  0.8774390    
 -2.7927926E-02  0.8946982    
 -2.7727732E-02  0.9129284    
 -2.7527526E-02  0.9310985    
 -2.7327333E-02  0.9484176    
 -2.7127126E-02  0.9646376    
 -2.6926927E-02  0.9801163    
 -2.6726726E-02  0.9956623    
 -2.6526527E-02   1.012203    
 -2.6326327E-02   1.030408    
 -2.6126128E-02   1.050416    
 -2.5925932E-02   1.071773    
 -2.5725726E-02   1.093616    
 -2.5525527E-02   1.114989    
 -2.5325326E-02   1.135208    
 -2.5125127E-02   1.154130    
 -2.4924926E-02   1.172175    
 -2.4724727E-02   1.190177    
 -2.4524527E-02   1.209053    
 -2.4324328E-02   1.229459    
 -2.4124121E-02   1.251580    
 -2.3923926E-02   1.275081    
 -2.3723722E-02   1.299337    
 -2.3523526E-02   1.323631    
 -2.3323327E-02   1.347557    
 -2.3123126E-02   1.371115    
 -2.2922928E-02   1.394748    
 -2.2722721E-02   1.419127    
 -2.2522528E-02   1.444943    
 -2.2322321E-02   1.472646    
 -2.2122128E-02   1.502373    
 -2.1921922E-02   1.533962    
 -2.1721721E-02   1.567154    
 -2.1521520E-02   1.601762    
 -2.1321321E-02   1.637815    
 -2.1121120E-02   1.675526    
 -2.0920921E-02   1.715151    
 -2.0720728E-02   1.756780    
 -2.0520521E-02   1.800203    
 -2.0320321E-02   1.844896    
 -2.0120122E-02   1.890203    
 -1.9919921E-02   1.935633    
 -1.9719722E-02   1.981171    
 -1.9519521E-02   2.027435    
 -1.9319320E-02   2.075636    
 -1.9119121E-02   2.127237    
 -1.8918915E-02   2.183504    
 -1.8718721E-02   2.245050    
 -1.8518515E-02   2.311544    
 -1.8318322E-02   2.381770    
 -1.8118121E-02   2.454008    
 -1.7917922E-02   2.526534    
 -1.7717721E-02   2.598266    
 -1.7517515E-02   2.669044    
 -1.7317321E-02   2.739685    
 -1.7117115E-02   2.811652    
 -1.6916921E-02   2.886531    
 -1.6716715E-02   2.965456    
 -1.6516522E-02   3.048781    
 -1.6316315E-02   3.136117    
 -1.6116114E-02   3.226678    
 -1.5915915E-02   3.319791    
 -1.5715715E-02   3.415535    
 -1.5515521E-02   3.514882    
 -1.5315315E-02   3.619639    
 -1.5115121E-02   3.731984    
 -1.4914915E-02   3.853747    
 -1.4714715E-02   3.985868    
 -1.4514515E-02   4.128087    
 -1.4314315E-02   4.279120    
 -1.4114115E-02   4.437165    
 -1.3913915E-02   4.600650    
 -1.3713715E-02   4.768926    
 -1.3513515E-02   4.942539    
 -1.3313308E-02   5.123211    
 -1.3113115E-02   5.313202    
 -1.2912915E-02   5.514754    
 -1.2712715E-02   5.729424    
 -1.2512515E-02   5.957760    
 -1.2312309E-02   6.199471    
 -1.2112116E-02   6.453937    
 -1.1911909E-02   6.720856    
 -1.1711715E-02   7.000721    
 -1.1511508E-02   7.295130    
 -1.1311315E-02   7.606369    
 -1.1111109E-02   7.937106    
 -1.0910909E-02   8.289556    
 -1.0710709E-02   8.665254    
 -1.0510509E-02   9.064948    
 -1.0310316E-02   9.488994    
 -1.0110109E-02   9.938101    
 -9.9099148E-03   10.41377    
 -9.7097093E-03   10.91899    
 -9.5095085E-03   11.45779    
 -9.3093086E-03   12.03487    
 -9.1091087E-03   12.65472    
 -8.9089088E-03   13.32079    
 -8.7087089E-03   14.03506    
 -8.5085090E-03   14.79816    
 -8.3083091E-03   15.61000    
 -8.1081027E-03   16.47052    
 -7.9079093E-03   17.38051    
 -7.7077090E-03   18.34228    
 -7.5075091E-03   19.35928    
 -7.3073092E-03   20.43574    
 -7.1071088E-03   21.57585    
 -6.9069089E-03   22.78306    
 -6.7067025E-03   24.05987    
 -6.5065091E-03   25.40765    
 -6.3063027E-03   26.82780    
 -6.1061089E-03   28.32150    
 -5.9059029E-03   29.89082    
 -5.7057091E-03   31.53782    
 -5.5055027E-03   33.26458    
 -5.3053028E-03   35.07145    
 -5.1051090E-03   36.95647    
 -4.9049030E-03   38.91484    
 -4.7047092E-03   40.93805    
 -4.5045028E-03   43.01532    
 -4.3043094E-03   45.13326    
 -4.1041030E-03   47.27760    
 -3.9039028E-03   49.43261    
 -3.7037029E-03   51.58241    
 -3.5035030E-03   53.71076    
 -3.3033029E-03   55.80241    
 -3.1031030E-03   57.84471    
 -2.9029094E-03   59.83070    
 -2.7027030E-03   61.76229    
 -2.5025031E-03   63.65252    
 -2.3023030E-03   65.52608    
 -2.1021031E-03   67.41700    
 -1.9019031E-03   69.36121    
 -1.7017031E-03   71.38716    
 -1.5014968E-03   73.50433    
 -1.3013030E-03   75.69244    
 -1.1010967E-03   77.89586    
 -9.0090313E-04   80.02286    
 -7.0069678E-04   81.95460    
 -5.0050311E-04   83.55907    
 -3.0030316E-04   84.71157    
 -1.0009683E-04   85.31503    
  1.0009683E-04   85.31503    
  3.0030316E-04   84.71159    
  5.0049683E-04   83.55916    
  7.0070312E-04   81.95454    
  9.0089679E-04   80.02290    
  1.1011031E-03   77.89576    
  1.3013030E-03   75.69242    
  1.5015031E-03   73.50427    
  1.7017031E-03   71.38715    
  1.9019031E-03   69.36121    
  2.1021031E-03   67.41699    
  2.3022967E-03   65.52616    
  2.5025031E-03   63.65252    
  2.7027030E-03   61.76228    
  2.9029029E-03   59.83072    
  3.1031030E-03   57.84471    
  3.3033029E-03   55.80242    
  3.5035030E-03   53.71076    
  3.7037029E-03   51.58240    
  3.9039028E-03   49.43261    
  4.1041090E-03   47.27749    
  4.3043029E-03   45.13332    
  4.5045093E-03   43.01525    
  4.7047026E-03   40.93812    
  4.9049030E-03   38.91484    
  5.1051029E-03   36.95651    
  5.3053028E-03   35.07145    
  5.5055092E-03   33.26453    
  5.7057026E-03   31.53786    
  5.9059090E-03   29.89077    
  6.1061028E-03   28.32153    
  6.3063093E-03   26.82778    
  6.5065026E-03   25.40771    
  6.7067090E-03   24.05981    
  6.9069155E-03   22.78303    
  7.1071088E-03   21.57585    
  7.3073152E-03   20.43571    
  7.5075091E-03   19.35928    
  7.7077025E-03   18.34232    
  7.9079093E-03   17.38051    
  8.1081027E-03   16.47052    
  8.3083091E-03   15.61000    
  8.5085025E-03   14.79820    
  8.7087089E-03   14.03506    
  8.9089023E-03   13.32080    
  9.1091087E-03   12.65472    
  9.3093151E-03   12.03486    
  9.5095215E-03   11.45775    
  9.7097028E-03   10.91901    
  9.9099092E-03   10.41379    
  1.0110116E-02   9.938087    
  1.0310309E-02   9.489017    
  1.0510502E-02   9.064954    
  1.0710709E-02   8.665254    
  1.0910915E-02   8.289545    
  1.1111109E-02   7.937105    
  1.1311315E-02   7.606369    
  1.1511508E-02   7.295129    
  1.1711715E-02   7.000721    
  1.1911909E-02   6.720857    
  1.2112116E-02   6.453936    
  1.2312321E-02   6.199453    
  1.2512502E-02   5.957766    
  1.2712709E-02   5.729439    
  1.2912915E-02   5.514755    
  1.3113122E-02   5.313192    
  1.3313315E-02   5.123201    
  1.3513508E-02   4.942553    
  1.3713715E-02   4.768927    
  1.3913921E-02   4.600647    
  1.4114115E-02   4.437165    
  1.4314309E-02   4.279121    
  1.4514515E-02   4.128086    
  1.4714722E-02   3.985859    
  1.4914915E-02   3.853747    
  1.5115121E-02   3.731984    
  1.5315315E-02   3.619639    
  1.5515508E-02   3.514877    
  1.5715715E-02   3.415536    
  1.5915921E-02   3.319791    
  1.6116127E-02   3.226669    
  1.6316308E-02   3.136125    
  1.6516514E-02   3.048786    
  1.6716721E-02   2.965460    
  1.6916927E-02   2.886528    
  1.7117109E-02   2.811656    
  1.7317316E-02   2.739681    
  1.7517520E-02   2.669045    
  1.7717715E-02   2.598275    
  1.7917922E-02   2.526535    
  1.8118115E-02   2.454002    
  1.8318322E-02   2.381770    
  1.8518515E-02   2.311545    
  1.8718721E-02   2.245050    
  1.8918928E-02   2.183503    
  1.9119121E-02   2.127237    
  1.9319315E-02   2.075635    
  1.9519521E-02   2.027434    
  1.9719727E-02   1.981168    
  1.9919921E-02   1.935633    
  2.0120114E-02   1.890204    
  2.0320321E-02   1.844896    
  2.0520527E-02   1.800204    
  2.0720720E-02   1.756783    
  2.0920914E-02   1.715156    
  2.1121120E-02   1.675525    
  2.1321326E-02   1.637816    
  2.1521520E-02   1.601763    
  2.1721726E-02   1.567150    
  2.1921922E-02   1.533962    
  2.2122128E-02   1.502373    
  2.2322321E-02   1.472646    
  2.2522528E-02   1.444944    
  2.2722721E-02   1.419127    
  2.2922914E-02   1.394750    
  2.3123121E-02   1.371121    
  2.3323327E-02   1.347556    
  2.3523534E-02   1.323629    
  2.3723714E-02   1.299337    
  2.3923920E-02   1.275085    
  2.4124127E-02   1.251580    
  2.4324333E-02   1.229456    
  2.4524527E-02   1.209054    
  2.4724720E-02   1.190177    
  2.4924926E-02   1.172174    
  2.5125133E-02   1.154131    
  2.5325326E-02   1.135208    
  2.5525533E-02   1.114989    
  2.5725726E-02   1.093616    
  2.5925921E-02   1.071777    
  2.6126128E-02   1.050416    
  2.6326332E-02   1.030412    
  2.6526527E-02   1.012203    
  2.6726721E-02  0.9956665    
  2.6926927E-02  0.9801162    
  2.7127134E-02  0.9646364    
  2.7327340E-02  0.9484175    
  2.7527520E-02  0.9310987    
  2.7727727E-02  0.9129273    
  2.7927933E-02  0.8946931    
  2.8128127E-02  0.8774396    
  2.8328333E-02  0.8620764    
  2.8528526E-02  0.8490881    
  2.8728733E-02  0.8383461    
  2.8928926E-02  0.8291934    
  2.9129133E-02  0.8207037    
  2.9329326E-02  0.8120337    
  2.9529532E-02  0.8026820    
  2.9729726E-02  0.7926478    
  2.9929932E-02  0.7823120    
  3.0130139E-02  0.7722263    
  3.0330321E-02  0.7628003    
  3.0530527E-02  0.7540707    
  3.0730734E-02  0.7456699    
  3.0930940E-02  0.7369369    
  3.1131133E-02  0.7271889    
  3.1331327E-02  0.7160108    
  3.1531531E-02  0.7034382    
  3.1731740E-02  0.6899804    
  3.1931933E-02  0.6764436    
  3.2132126E-02  0.6636472    
  3.2332331E-02  0.6521432    
  3.2532539E-02  0.6420053    
  3.2732733E-02  0.6328852    
  3.2932941E-02  0.6241220    
  3.3133134E-02  0.6150531    
  3.3333328E-02  0.6052634    
  3.3533532E-02  0.5947378    
  3.3733740E-02  0.5838392    
  3.3933945E-02  0.5731366    
  3.4134127E-02  0.5631670    
  3.4334332E-02  0.5541887    
  3.4534540E-02  0.5461135    
  3.4734745E-02  0.5385385    
  3.4934938E-02  0.5309381    
  3.5135131E-02  0.5228840    
  3.5335340E-02  0.5142350    
  3.5535533E-02  0.5052013    
  3.5735738E-02  0.4962280    
  3.5935931E-02  0.4878438    
  3.6136139E-02  0.4803904    
  3.6336333E-02  0.4739133    
  3.6536537E-02  0.4681234    
  3.6736745E-02  0.4625399    
  3.6936939E-02  0.4566853    
  3.7137132E-02  0.4502926    
  3.7337340E-02  0.4434166    
  3.7537545E-02  0.4364128    
  3.7737753E-02  0.4297816    
  3.7937932E-02  0.4239427    
  3.8138140E-02  0.4190610    
  3.8338345E-02  0.4149468    
  3.8538538E-02  0.4111298    
  3.8738731E-02  0.4070491    
  3.8938940E-02  0.4022560    
  3.9139144E-02  0.3966336    
  3.9339337E-02  0.3904250    
  3.9539546E-02  0.3841599    
  3.9739739E-02  0.3784460    
  3.9939944E-02  0.3737391    
  4.0140137E-02  0.3701641    
  4.0340345E-02  0.3674899    
  4.0540550E-02  0.3652123    
  4.0740732E-02  0.3627645    
  4.0940940E-02  0.3597443    
  4.1141145E-02  0.3560616    
  4.1341349E-02  0.3519487    
  4.1541532E-02  0.3478510    
  4.1741740E-02  0.3442168    
  4.1941945E-02  0.3413058    
  4.2142153E-02  0.3390723    
  4.2342346E-02  0.3371925    
  4.2542540E-02  0.3351914    
  4.2742744E-02  0.3326725    
  4.2942952E-02  0.3294811    
  4.3143146E-02  0.3257868    
  4.3343350E-02  0.3220156    
  4.3543544E-02  0.3186923    
  4.3743737E-02  0.3162000    
  4.3943945E-02  0.3146258    
  4.4144150E-02  0.3137016    
  4.4344358E-02  0.3129023    
  4.4544537E-02  0.3116314    
  4.4744745E-02  0.3094535    
  4.4944949E-02  0.3062605    
  4.5145158E-02  0.3023041    
  4.5345340E-02  0.2980810    
  4.5545544E-02  0.2941305    
  4.5745749E-02  0.2908132    
  4.5945946E-02  0.2881758    
  4.6146151E-02  0.2859373    
  4.6346344E-02  0.2836245    
  4.6546552E-02  0.2808025    
  4.6746746E-02  0.2772540    
  4.6946950E-02  0.2731293    
  4.7147159E-02  0.2688913    
  4.7347352E-02  0.2651460    
  4.7547545E-02  0.2624187    
  4.7747750E-02  0.2609211    
  4.7947958E-02  0.2604460    
  4.8148137E-02  0.2604325    
  4.8348345E-02  0.2601440    
  4.8548549E-02  0.2589377    
  4.8748758E-02  0.2564813    
  4.8948951E-02  0.2528689    
  4.9149144E-02  0.2485700    
  4.9349349E-02  0.2442338    
  4.9549557E-02  0.2404449    
  4.9749751E-02  0.2375088    
  4.9949955E-02  0.2353499    
  5.0150152E-02  0.2335844    
  5.0350357E-02  0.2316787    
  5.0550550E-02  0.2292043    
  5.0750758E-02  0.2260115    
  5.0950952E-02  0.2222956    
  5.1151145E-02  0.2185126    
  5.1351350E-02  0.2152078    
  5.1551558E-02  0.2127676    
  5.1751763E-02  0.2112827    
  5.1951945E-02  0.2104965    
  5.2152149E-02  0.2099130    
  5.2352358E-02  0.2089730    
  5.2552562E-02  0.2073023    
  5.2752756E-02  0.2048289    
  5.2952949E-02  0.2018186    
  5.3153157E-02  0.1987530    
  5.3353351E-02  0.1961407    
  5.3553555E-02  0.1943143    
  5.3753749E-02  0.1932920    
  5.3953957E-02  0.1927977    
  5.4154150E-02  0.1923668    
  5.4354358E-02  0.1915531    
  5.4554563E-02  0.1900969    
  5.4754756E-02  0.1880438    
  5.4954950E-02  0.1857101    
  5.5155158E-02  0.1835600    
  5.5355363E-02  0.1820151    
  5.5555571E-02  0.1812780    
  5.5755749E-02  0.1812769    
  5.5955958E-02  0.1816769    
  5.6156162E-02  0.1820457    
  5.6356356E-02  0.1820035    
  5.6556564E-02  0.1813838    
  5.6756757E-02  0.1802846    
  5.6956962E-02  0.1790046    
  5.7157155E-02  0.1779004    
  5.7357363E-02  0.1772209    
  5.7557557E-02  0.1769918    
  5.7757761E-02  0.1769918    
  5.7957955E-02  0.1768399    
  5.8158163E-02  0.1761575    
  5.8358368E-02  0.1747137    
  5.8558550E-02  0.1725363    
  5.8758758E-02  0.1699108    
  5.8958963E-02  0.1672627    
  5.9159171E-02  0.1649965    
  5.9359364E-02  0.1633491    
  5.9559558E-02  0.1622912    
  5.9759762E-02  0.1615442    
  5.9959970E-02  0.1607182    
  6.0160164E-02  0.1594590    
  6.0360357E-02  0.1576024    
  6.0560562E-02  0.1552456    
  6.0760770E-02  0.1527031    
  6.0960963E-02  0.1503885    
  6.1161168E-02  0.1486539    
  6.1361361E-02  0.1476463    
  6.1561555E-02  0.1472744    
  6.1761763E-02  0.1472439    
  6.1961967E-02  0.1471980    
  6.2162176E-02  0.1468691    
  6.2362358E-02  0.1461920    
  6.2562563E-02  0.1453320    
  6.2762767E-02  0.1446001    
  6.2962972E-02  0.1443422    
  6.3163154E-02  0.1447656    
  6.3363366E-02  0.1458464    
  6.3563570E-02  0.1473320    
  6.3763760E-02  0.1488244    
  6.3963972E-02  0.1499113    
  6.4164162E-02  0.1503275    
  6.4364366E-02  0.1500328    
  6.4564563E-02  0.1491974    
  6.4764768E-02  0.1481302    
  6.4964972E-02  0.1471238    
  6.5165170E-02  0.1463323    
  6.5365359E-02  0.1457307    
  6.5565571E-02  0.1451180    
  6.5765776E-02  0.1442388    
  6.5965980E-02  0.1429081    
  6.6166162E-02  0.1411090    
  6.6366367E-02  0.1390320    
  6.6566572E-02  0.1370094    
  6.6766769E-02  0.1353848    
  6.6966966E-02  0.1343871    
  6.7167170E-02  0.1340155    
  6.7367375E-02  0.1340458    
  6.7567572E-02  0.1341006    
  6.7767777E-02  0.1337983    
  6.7967966E-02  0.1328997    
  6.8168178E-02  0.1314018    
  6.8368368E-02  0.1295445    
  6.8568572E-02  0.1277118    
  6.8768784E-02  0.1262873    
  6.8968959E-02  0.1255120    
  6.9169171E-02  0.1253830    
  6.9369376E-02  0.1256651    
  6.9569580E-02  0.1259845    
  6.9769762E-02  0.1259751    
  6.9969967E-02  0.1254108    
  7.0170172E-02  0.1242975    
  7.0370384E-02  0.1228440    
  7.0570573E-02  0.1213795    
  7.0770770E-02  0.1202058    
  7.0970975E-02  0.1194829    
  7.1171165E-02  0.1191629    
  7.1371377E-02  0.1190221    
  7.1571581E-02  0.1187573    
  7.1771778E-02  0.1181204    
  7.1971968E-02  0.1170251    
  7.2172172E-02  0.1155778    
  7.2372384E-02  0.1140440    
  7.2572574E-02  0.1127254    
  7.2772771E-02  0.1118484    
  7.2972976E-02  0.1114577    
  7.3173180E-02  0.1114094    
  7.3373385E-02  0.1114181    
  7.3573567E-02  0.1111739    
  7.3773772E-02  0.1104673    
  7.3973984E-02  0.1092729    
  7.4174173E-02  0.1077451    
  7.4374378E-02  0.1061678    
  7.4574575E-02  0.1048321    
  7.4774779E-02  0.1039258    
  7.4974976E-02  0.1034783    
  7.5175181E-02  0.1033442    
  7.5375386E-02  0.1033032    
  7.5575583E-02  0.1031377    
  7.5775772E-02  0.1027448    
  7.5975977E-02  0.1021610    
  7.6176189E-02  0.1015441    
  7.6376371E-02  0.1010859    
  7.6576576E-02  0.1009124    
  7.6776780E-02  0.1010118    
  7.6976985E-02  0.1012149    
  7.7177182E-02  0.1012607    
  7.7377371E-02  0.1008993    
  7.7577583E-02  9.9998020E-02
  7.7777788E-02  9.8603599E-02
  7.7977978E-02  9.6948482E-02
  7.8178190E-02  9.5365494E-02
  7.8378379E-02  9.4171010E-02
  7.8578584E-02  9.3540996E-02
  7.8778781E-02  9.3452230E-02
  7.8978986E-02  9.3689591E-02
  7.9179183E-02  9.3928613E-02
  7.9379372E-02  9.3868144E-02
  7.9579577E-02  9.3338281E-02
  7.9779789E-02  9.2364371E-02
  7.9979993E-02  9.1161355E-02
  8.0180176E-02  9.0030864E-02
  8.0380380E-02  8.9242302E-02
  8.0580585E-02  8.8927090E-02
  8.0780789E-02  8.9023732E-02
  8.0980986E-02  8.9305960E-02
  8.1181183E-02  8.9480765E-02
  8.1381388E-02  8.9300089E-02
  8.1581578E-02  8.8669471E-02
  8.1781790E-02  8.7679639E-02
  8.1981979E-02  8.6570881E-02
  8.2182184E-02  8.5635886E-02
  8.2382381E-02  8.5097492E-02
  8.2582586E-02  8.5024446E-02
  8.2782790E-02  8.5300237E-02
  8.2982987E-02  8.5678875E-02
  8.3183177E-02  8.5874327E-02
  8.3383389E-02  8.5678428E-02
  8.3583593E-02  8.5047700E-02
  8.3783798E-02  8.4098473E-02
  8.3983980E-02  8.3066233E-02
  8.4184185E-02  8.2196511E-02
  8.4384389E-02  8.1650868E-02
  8.4584586E-02  8.1436984E-02
  8.4784791E-02  8.1409037E-02
  8.4984988E-02  8.1338376E-02
  8.5185193E-02  8.1011593E-02
  8.5385390E-02  8.0324978E-02
  8.5585594E-02  7.9327352E-02
  8.5785784E-02  7.8207299E-02
  8.5985996E-02  7.7213660E-02
  8.6186185E-02  7.6558024E-02
  8.6386390E-02  7.6327898E-02
  8.6586602E-02  7.6447733E-02
  8.6786777E-02  7.6715522E-02
  8.6986989E-02  7.6881848E-02
  8.7187193E-02  7.6755747E-02
  8.7387398E-02  7.6271854E-02
  8.7587595E-02  7.5518981E-02
  8.7787785E-02  7.4697904E-02
  8.7987989E-02  7.4032016E-02
  8.8188201E-02  7.3669314E-02
  8.8388391E-02  7.3623285E-02
  8.8588588E-02  7.3762417E-02
  8.8788792E-02  7.3863961E-02
  8.8988997E-02  7.3709503E-02
  8.9189194E-02  7.3171824E-02
  8.9389399E-02  7.2280020E-02
  8.9589596E-02  7.1197689E-02
  8.9789785E-02  7.0168786E-02
  8.9989990E-02  6.9416985E-02
  9.0190202E-02  6.9055237E-02
  9.0390407E-02  6.9044493E-02
  9.0590589E-02  6.9209196E-02
  9.0790793E-02  6.9306806E-02
  9.0990998E-02  6.9136068E-02
  9.1191202E-02  6.8604745E-02
  9.1391385E-02  6.7775734E-02
  9.1591589E-02  6.6843398E-02
  9.1791801E-02  6.6043280E-02
  9.1991991E-02  6.5566510E-02
  9.2192195E-02  6.5477647E-02
  9.2392392E-02  6.5699629E-02
  9.2592597E-02  6.6037394E-02
  9.2792794E-02  6.6271693E-02
  9.2992999E-02  6.6237114E-02
  9.3193203E-02  6.5889351E-02
  9.3393400E-02  6.5325044E-02
  9.3593590E-02  6.4724468E-02
  9.3793802E-02  6.4280033E-02
  9.3994007E-02  6.4110547E-02
  9.4194189E-02  6.4210221E-02
  9.4394393E-02  6.4452469E-02
  9.4594598E-02  6.4647883E-02
  9.4794802E-02  6.4626358E-02
  9.4994999E-02  6.4308837E-02
  9.5195189E-02  6.3747033E-02
  9.5395401E-02  6.3098319E-02
  9.5595606E-02  6.2564239E-02
  9.5795795E-02  6.2298540E-02
  9.5996007E-02  6.2341545E-02
  9.6196197E-02  6.2596895E-02
  9.6396402E-02  6.2866956E-02
  9.6596599E-02  6.2932499E-02
  9.6796803E-02  6.2642731E-02
  9.6997008E-02  6.1980613E-02
  9.7197190E-02  6.1074793E-02
  9.7397402E-02  6.0152102E-02
  9.7597606E-02  5.9448004E-02
  9.7797811E-02  5.9114002E-02
  9.7997993E-02  5.9159007E-02
  9.8198198E-02  5.9439935E-02
  9.8398402E-02  5.9723064E-02
  9.8598614E-02  5.9767205E-02
  9.8798804E-02  5.9431341E-02
  9.8999001E-02  5.8720805E-02
  9.9199206E-02  5.7781786E-02
  9.9399395E-02  5.6854181E-02
  9.9599607E-02  5.6166042E-02
  9.9799812E-02  5.5846494E-02
  0.1000000      5.5883225E-02
