           N LOWER =  1  N UPPER=  2  WAVELENGTH (angstroms)=  1215.68
                electronic density(1/cm**3)       1.000E+18
                conversion factor for wlengths=f0 1.251E+03
                wings factor                  =   6.731E-06

T(K)                                                                  1.000E+04
RO/Debye                                                              8.982E-01
width Stark                                                           2.344E-04
width incl.Dop.                                                       2.395E-04

  0.000E+00                                                    1.237E+03 ( 1.257E+03 )
  2.512E-05                                                    1.223E+03 ( 1.244E+03 )
  3.981E-05                                                    1.203E+03 ( 1.216E+03 )
  6.310E-05                                                    1.153E+03 ( 1.164E+03 )
  1.000E-04                                                    1.044E+03 ( 1.047E+03 )
  1.585E-04                                                    8.464E+02 ( 8.430E+02 )
  2.512E-04                                                    5.855E+02 ( 5.809E+02 )
  3.981E-04                                                    3.479E+02 ( 3.457E+02 )
  6.310E-04                                                    1.877E+02 ( 1.871E+02 )
  1.000E-03                                                    9.307E+01 ( 9.293E+01 )
  1.585E-03                                                    4.057E+01 ( 4.054E+01 )
  2.512E-03                                                    1.575E+01 ( 1.575E+01 )
  3.981E-03                                                    5.723E+00 ( 5.722E+00 )
  6.310E-03                                                    2.070E+00 ( 2.070E+00 )
  1.000E-02                                                    6.874E-01 ( 6.874E-01 )
  1.585E-02                                                    2.198E-01 ( 2.198E-01 )
  2.512E-02                                                    6.855E-02 ( 6.855E-02 )
  3.981E-02                                                    2.177E-02 ( 2.177E-02 )
  6.310E-02                                                    6.953E-03 ( 6.953E-03 )

T(K)                1.995E+04                3.981E+04                7.943E+04
RO/Debye            6.358E-01                4.501E-01                3.187E-01
width Stark         2.402E-04                2.450E-04                2.527E-04
width incl.Dop.     2.500E-04                2.716E-04                3.041E-04

  0.000E+00  1.166E+03 ( 1.202E+03 )  1.100E+03 ( 1.163E+03 )  1.021E+03 ( 1.123E+03 )
  2.512E-05  1.154E+03 ( 1.188E+03 )  1.091E+03 ( 1.150E+03 )  1.014E+03 ( 1.111E+03 )
  3.981E-05  1.137E+03 ( 1.167E+03 )  1.076E+03 ( 1.130E+03 )  1.003E+03 ( 1.094E+03 )
  6.310E-05  1.095E+03 ( 1.115E+03 )  1.041E+03 ( 1.081E+03 )  9.773E+02 ( 1.048E+03 )
  1.000E-04  1.001E+03 ( 1.008E+03 )  9.628E+02 ( 9.803E+02 )  9.174E+02 ( 9.544E+02 )
  1.585E-04  8.240E+02 ( 8.195E+02 )  8.082E+02 ( 8.018E+02 )  7.933E+02 ( 7.871E+02 )
  2.512E-04  5.799E+02 ( 5.716E+02 )  5.812E+02 ( 5.658E+02 )  5.903E+02 ( 5.637E+02 )
  3.981E-04  3.507E+02 ( 3.464E+02 )  3.566E+02 ( 3.482E+02 )  3.688E+02 ( 3.531E+02 )
  6.310E-04  1.936E+02 ( 1.924E+02 )  1.995E+02 ( 1.972E+02 )  2.079E+02 ( 2.032E+02 )
  1.000E-03  9.864E+01 ( 9.836E+01 )  1.033E+02 ( 1.028E+02 )  1.080E+02 ( 1.069E+02 )
  1.585E-03  4.355E+01 ( 4.348E+01 )  4.569E+01 ( 4.554E+01 )  4.743E+01 ( 4.709E+01 )
  2.512E-03  1.661E+01 ( 1.660E+01 )  1.706E+01 ( 1.703E+01 )  1.720E+01 ( 1.713E+01 )
  3.981E-03  5.855E+00 ( 5.852E+00 )  5.834E+00 ( 5.829E+00 )  5.713E+00 ( 5.703E+00 )
  6.310E-03  2.039E+00 ( 2.039E+00 )  1.969E+00 ( 1.968E+00 )  1.879E+00 ( 1.877E+00 )
  1.000E-02  6.748E-01 ( 6.747E-01 )  6.495E-01 ( 6.494E-01 )  6.157E-01 ( 6.155E-01 )
  1.585E-02  2.167E-01 ( 2.167E-01 )  2.098E-01 ( 2.097E-01 )  1.996E-01 ( 1.996E-01 )
  2.512E-02  6.994E-02 ( 6.994E-02 )  6.840E-02 ( 6.840E-02 )  6.588E-02 ( 6.587E-02 )
  3.981E-02  2.179E-02 ( 2.179E-02 )  2.180E-02 ( 2.180E-02 )  2.157E-02 ( 2.157E-02 )
  6.310E-02  6.958E-03 ( 6.958E-03 )                           6.961E-03 ( 6.961E-03 )
  1.000E-01                                                    2.238E-03 ( 2.238E-03 )

T(K)                1.585E+05                3.162E+05                6.310E+05
RO/Debye            2.256E-01                1.597E-01                1.131E-01
width Stark         2.701E-04                2.905E-04                3.112E-04
width incl.Dop.     3.484E-04                4.137E-04                5.151E-04

  0.000E+00  9.258E+02 ( 1.078E+03 )  8.230E+02 ( 1.035E+03 )  7.234E+02 ( 1.001E+03 )
  2.512E-05  9.211E+02 ( 1.068E+03 )  8.203E+02 ( 1.025E+03 )  7.219E+02 ( 9.915E+02 )
  3.981E-05  9.141E+02 ( 1.051E+03 )  8.161E+02 ( 1.010E+03 )  7.196E+02 ( 9.778E+02 )
  6.310E-05  8.969E+02 ( 1.012E+03 )  8.058E+02 ( 9.752E+02 )  7.139E+02 ( 9.491E+02 )
  1.000E-04  8.560E+02 ( 9.263E+02 )  7.809E+02 ( 8.985E+02 )  6.998E+02 ( 8.790E+02 )
  1.585E-04  7.663E+02 ( 7.736E+02 )  7.234E+02 ( 7.622E+02 )  6.661E+02 ( 7.564E+02 )
  2.512E-04  6.023E+02 ( 5.651E+02 )  6.064E+02 ( 5.699E+02 )  5.916E+02 ( 5.783E+02 )
  3.981E-04  3.917E+02 ( 3.620E+02 )  4.237E+02 ( 3.742E+02 )  4.528E+02 ( 3.877E+02 )
  6.310E-04  2.211E+02 ( 2.114E+02 )  2.412E+02 ( 2.208E+02 )  2.714E+02 ( 2.294E+02 )
  1.000E-03  1.133E+02 ( 1.108E+02 )  1.195E+02 ( 1.140E+02 )  1.282E+02 ( 1.150E+02 )
  1.585E-03  4.851E+01 ( 4.779E+01 )  4.916E+01 ( 4.759E+01 )  4.964E+01 ( 4.624E+01 )
  2.512E-03  1.706E+01 ( 1.691E+01 )  1.678E+01 ( 1.648E+01 )  1.633E+01 ( 1.575E+01 )
  3.981E-03  5.524E+00 ( 5.503E+00 )  5.320E+00 ( 5.280E+00 )  5.111E+00 ( 5.034E+00 )
  6.310E-03  1.781E+00 ( 1.778E+00 )  1.685E+00 ( 1.680E+00 )  1.602E+00 ( 1.592E+00 )
  1.000E-02  5.715E-01 ( 5.711E-01 )  5.360E-01 ( 5.354E-01 )  5.045E-01 ( 5.033E-01 )
  1.585E-02  1.876E-01 ( 1.876E-01 )  1.756E-01 ( 1.756E-01 )  1.640E-01 ( 1.639E-01 )
  2.512E-02  6.216E-02 ( 6.216E-02 )  5.810E-02 ( 5.809E-02 )  5.411E-02 ( 5.409E-02 )
  3.981E-02  2.055E-02 ( 2.055E-02 )  1.931E-02 ( 1.930E-02 )  1.799E-02 ( 1.799E-02 )
  6.310E-02  6.779E-03 ( 6.779E-03 )  6.421E-03 ( 6.421E-03 )  6.009E-03 ( 6.008E-03 )
  1.000E-01  2.233E-03 ( 2.233E-03 )  2.138E-03 ( 2.138E-03 )  2.014E-03 ( 2.014E-03 )
  1.585E-01  7.264E-04 ( 7.264E-04 )  7.130E-04 ( 7.130E-04 )  6.779E-04 ( 6.779E-04 )
  2.512E-01                           2.389E-04 ( 2.389E-04 )  2.296E-04 ( 2.296E-04 )
  3.981E-01                           7.993E-05 ( 7.993E-05 )  7.853E-05 ( 7.853E-05 )
  6.310E-01                                                    2.734E-05 ( 2.734E-05 )
  1.000E+00                                                    9.589E-06 ( 9.589E-06 )

T(K)                1.259E+06
RO/Debye            8.005E-02
width Stark         3.229E-04
width incl.Dop.     6.176E-04

  0.000E+00  6.324E+02 ( 9.961E+02 )
  2.512E-05  6.315E+02 ( 9.842E+02 )
  3.981E-05  6.303E+02 ( 9.712E+02 )
  6.310E-05  6.271E+02 ( 9.442E+02 )
  1.000E-04  6.193E+02 ( 8.808E+02 )
  1.585E-04  6.004E+02 ( 7.641E+02 )
  2.512E-04  5.560E+02 ( 5.915E+02 )
  3.981E-04  4.625E+02 ( 4.000E+02 )
  6.310E-04  3.073E+02 ( 2.333E+02 )
  1.000E-03  1.446E+02 ( 1.125E+02 )
  1.585E-03  5.112E+01 ( 4.363E+01 )
  2.512E-03  1.592E+01 ( 1.478E+01 )
  3.981E-03  4.900E+00 ( 4.753E+00 )
  6.310E-03  1.532E+00 ( 1.514E+00 )
  1.000E-02  4.865E-01 ( 4.843E-01 )
  1.585E-02  1.538E-01 ( 1.535E-01 )
  2.512E-02  5.048E-02 ( 5.044E-02 )
  3.981E-02  1.674E-02 ( 1.674E-02 )
  6.310E-02  5.592E-03 ( 5.592E-03 )
  1.000E-01  1.879E-03 ( 1.879E-03 )
  1.585E-01  6.358E-04 ( 6.358E-04 )
  2.512E-01  2.168E-04 ( 2.168E-04 )
  3.981E-01  7.475E-05 ( 7.475E-05 )
  6.310E-01  2.618E-05 ( 2.618E-05 )
  1.000E+00  9.339E-06 ( 9.339E-06 )
  1.585E+00  3.453E-06 ( 3.453E-06 )
  2.512E+00  1.275E-06 ( 1.275E-06 )
