           N LOWER =  2  N UPPER=  4  WAVELENGTH (angstroms)=  4862.74
                electronic density(1/cm**3)       1.000E+17
                conversion factor for wlengths=f0 2.696E+02
                wings factor                  =   7.062E-03

T(K)                                         5.000E+03                1.000E+04
RO/Debye                                     8.654E-01                6.119E-01
width Stark                                  8.102E-02                8.642E-02
width incl.Dop.                              8.102E-02                8.642E-02

  0.000E+00                           4.199E+00 ( 4.199E+00 )  3.770E+00 ( 3.770E+00 )
  3.981E-03                           4.246E+00 ( 4.246E+00 )  3.827E+00 ( 3.827E+00 )
  6.310E-03                           4.318E+00 ( 4.318E+00 )  3.910E+00 ( 3.910E+00 )
  1.000E-02                           4.498E+00 ( 4.498E+00 )  4.086E+00 ( 4.086E+00 )
  1.585E-02                           4.751E+00 ( 4.751E+00 )  4.380E+00 ( 4.380E+00 )
  2.512E-02                           4.904E+00 ( 4.904E+00 )  4.648E+00 ( 4.648E+00 )
  3.981E-02                           4.464E+00 ( 4.464E+00 )  4.407E+00 ( 4.407E+00 )
  6.310E-02                           3.179E+00 ( 3.179E+00 )  3.272E+00 ( 3.272E+00 )
  1.000E-01                           1.682E+00 ( 1.682E+00 )  1.772E+00 ( 1.772E+00 )
  1.585E-01                           6.928E-01 ( 6.928E-01 )  7.283E-01 ( 7.283E-01 )
  2.512E-01                           2.449E-01 ( 2.449E-01 )  2.528E-01 ( 2.528E-01 )
  3.981E-01                           8.060E-02 ( 8.060E-02 )  8.176E-02 ( 8.176E-02 )
  6.310E-01                           2.552E-02 ( 2.552E-02 )  2.565E-02 ( 2.565E-02 )
  1.000E+00                           7.437E-03 ( 7.437E-03 )  7.461E-03 ( 7.461E-03 )
  1.585E+00                           2.363E-03 ( 2.363E-03 )  2.367E-03 ( 2.367E-03 )
  2.512E+00                           7.559E-04 ( 7.559E-04 )  7.567E-04 ( 7.567E-04 )
  3.981E+00                           2.471E-04 ( 2.471E-04 )  2.472E-04 ( 2.472E-04 )

T(K)                1.995E+04                3.981E+04                7.943E+04
RO/Debye            4.332E-01                3.067E-01                2.171E-01
width Stark         8.950E-02                9.084E-02                9.052E-02
width incl.Dop.     8.950E-02                9.084E-02                9.052E-02

  0.000E+00  3.506E+00 ( 3.506E+00 )  3.357E+00 ( 3.357E+00 )  3.299E+00 ( 3.299E+00 )
  3.981E-03  3.567E+00 ( 3.567E+00 )  3.424E+00 ( 3.424E+00 )  3.375E+00 ( 3.375E+00 )
  6.310E-03  3.656E+00 ( 3.656E+00 )  3.521E+00 ( 3.521E+00 )  3.483E+00 ( 3.483E+00 )
  1.000E-02  3.844E+00 ( 3.844E+00 )  3.726E+00 ( 3.726E+00 )  3.710E+00 ( 3.710E+00 )
  1.585E-02  4.171E+00 ( 4.171E+00 )  4.083E+00 ( 4.083E+00 )  4.100E+00 ( 4.100E+00 )
  2.512E-02  4.512E+00 ( 4.512E+00 )  4.471E+00 ( 4.471E+00 )  4.521E+00 ( 4.521E+00 )
  3.981E-02  4.388E+00 ( 4.388E+00 )  4.407E+00 ( 4.407E+00 )  4.468E+00 ( 4.468E+00 )
  6.310E-02  3.337E+00 ( 3.337E+00 )  3.387E+00 ( 3.387E+00 )  3.428E+00 ( 3.428E+00 )
  1.000E-01  1.826E+00 ( 1.826E+00 )  1.855E+00 ( 1.855E+00 )  1.857E+00 ( 1.857E+00 )
  1.585E-01  7.438E-01 ( 7.438E-01 )  7.436E-01 ( 7.436E-01 )  7.287E-01 ( 7.287E-01 )
  2.512E-01  2.538E-01 ( 2.538E-01 )  2.489E-01 ( 2.489E-01 )  2.393E-01 ( 2.393E-01 )
  3.981E-01  8.114E-02 ( 8.114E-02 )  7.888E-02 ( 7.888E-02 )  7.532E-02 ( 7.532E-02 )
  6.310E-01  2.542E-02 ( 2.542E-02 )  2.480E-02 ( 2.480E-02 )  2.379E-02 ( 2.379E-02 )
  1.000E+00  7.476E-03 ( 7.476E-03 )  7.803E-03 ( 7.803E-03 )  7.569E-03 ( 7.569E-03 )
  1.585E+00  2.369E-03 ( 2.369E-03 )  2.369E-03 ( 2.369E-03 )  2.378E-03 ( 2.378E-03 )
  2.512E+00  7.571E-04 ( 7.571E-04 )  7.573E-04 ( 7.573E-04 )  7.574E-04 ( 7.574E-04 )
  3.981E+00  2.473E-04 ( 2.473E-04 )  2.474E-04 ( 2.474E-04 )  2.474E-04 ( 2.474E-04 )

T(K)                1.585E+05                3.162E+05                6.310E+05
RO/Debye            1.537E-01                1.088E-01                7.703E-02
width Stark         8.911E-02                8.671E-02                8.348E-02
width incl.Dop.     8.911E-02                8.671E-02                8.348E-02

  0.000E+00  3.332E+00 ( 3.332E+00 )  3.454E+00 ( 3.454E+00 )  3.666E+00 ( 3.666E+00 )
  3.981E-03  3.420E+00 ( 3.420E+00 )  3.553E+00 ( 3.553E+00 )  3.780E+00 ( 3.780E+00 )
  6.310E-03  3.541E+00 ( 3.541E+00 )  3.689E+00 ( 3.689E+00 )  3.930E+00 ( 3.930E+00 )
  1.000E-02  3.791E+00 ( 3.791E+00 )  3.961E+00 ( 3.961E+00 )  4.220E+00 ( 4.220E+00 )
  1.585E-02  4.207E+00 ( 4.207E+00 )  4.393E+00 ( 4.393E+00 )  4.652E+00 ( 4.652E+00 )
  2.512E-02  4.631E+00 ( 4.631E+00 )  4.792E+00 ( 4.792E+00 )  4.993E+00 ( 4.993E+00 )
  3.981E-02  4.538E+00 ( 4.538E+00 )  4.613E+00 ( 4.613E+00 )  4.690E+00 ( 4.690E+00 )
  6.310E-02  3.446E+00 ( 3.446E+00 )  3.442E+00 ( 3.442E+00 )  3.416E+00 ( 3.416E+00 )
  1.000E-01  1.842E+00 ( 1.842E+00 )  1.807E+00 ( 1.807E+00 )  1.751E+00 ( 1.751E+00 )
  1.585E-01  7.066E-01 ( 7.066E-01 )  6.778E-01 ( 6.778E-01 )  6.437E-01 ( 6.437E-01 )
  2.512E-01  2.276E-01 ( 2.276E-01 )  2.149E-01 ( 2.149E-01 )  2.020E-01 ( 2.020E-01 )
  3.981E-01  7.104E-02 ( 7.104E-02 )  6.656E-02 ( 6.656E-02 )  6.235E-02 ( 6.235E-02 )
  6.310E-01  2.248E-02 ( 2.248E-02 )  2.107E-02 ( 2.107E-02 )  1.969E-02 ( 1.969E-02 )
  1.000E+00  7.225E-03 ( 7.225E-03 )  6.806E-03 ( 6.806E-03 )  6.366E-03 ( 6.366E-03 )
  1.585E+00  2.301E-03 ( 2.301E-03 )  2.189E-03 ( 2.189E-03 )  2.056E-03 ( 2.056E-03 )
  2.512E+00  7.576E-04 ( 7.576E-04 )  7.301E-04 ( 7.301E-04 )  6.901E-04 ( 6.901E-04 )
  3.981E+00  2.474E-04 ( 2.474E-04 )  2.442E-04 ( 2.442E-04 )  2.329E-04 ( 2.329E-04 )
  6.310E+00  8.217E-05 ( 8.217E-05 )  8.217E-05 ( 8.217E-05 )  7.939E-05 ( 7.939E-05 )
  1.000E+01                           2.787E-05 ( 2.787E-05 )  2.744E-05 ( 2.744E-05 )
  1.585E+01                                                    9.685E-06 ( 9.685E-06 )
  2.512E+01                                                    3.456E-06 ( 3.456E-06 )

T(K)                1.259E+06
RO/Debye            5.454E-02
width Stark         7.940E-02
width incl.Dop.     7.940E-02

  0.000E+00  3.978E+00 ( 3.978E+00 )
  3.981E-03  4.107E+00 ( 4.107E+00 )
  6.310E-03  4.268E+00 ( 4.268E+00 )
  1.000E-02  4.569E+00 ( 4.569E+00 )
  1.585E-02  4.983E+00 ( 4.983E+00 )
  2.512E-02  5.231E+00 ( 5.231E+00 )
  3.981E-02  4.764E+00 ( 4.764E+00 )
  6.310E-02  3.364E+00 ( 3.364E+00 )
  1.000E-01  1.670E+00 ( 1.670E+00 )
  1.585E-01  6.048E-01 ( 6.048E-01 )
  2.512E-01  1.898E-01 ( 1.898E-01 )
  3.981E-01  5.855E-02 ( 5.855E-02 )
  6.310E-01  1.844E-02 ( 1.844E-02 )
  1.000E+00  5.950E-03 ( 5.950E-03 )
  1.585E+00  1.921E-03 ( 1.921E-03 )
  2.512E+00  6.453E-04 ( 6.453E-04 )
  3.981E+00  2.190E-04 ( 2.190E-04 )
  6.310E+00  7.518E-05 ( 7.518E-05 )
  1.000E+01  2.618E-05 ( 2.618E-05 )
  1.585E+01  9.283E-06 ( 9.283E-06 )
  2.512E+01  3.360E-06 ( 3.360E-06 )
  3.981E+01  1.265E-06 ( 1.265E-06 )
  6.310E+01  4.737E-07 ( 4.737E-07 )
