 -1.0000000E-03   2.180937    
 -9.9799817E-04   2.536417    
 -9.9599606E-04   2.826807    
 -9.9399406E-04   3.075015    
 -9.9199207E-04   3.289498    
 -9.8999008E-04   3.432280    
 -9.8798808E-04   3.447824    
 -9.8598609E-04   3.324886    
 -9.8398409E-04   3.112570    
 -9.8198210E-04   2.877149    
 -9.7998010E-04   2.650277    
 -9.7797811E-04   2.415516    
 -9.7597600E-04   2.160822    
 -9.7397406E-04   1.924592    
 -9.7197207E-04   1.780377    
 -9.6997002E-04   1.769918    
 -9.6796808E-04   1.851146    
 -9.6596603E-04   1.924499    
 -9.6396403E-04   1.930917    
 -9.6196210E-04   1.916443    
 -9.5995999E-04   2.001819    
 -9.5795805E-04   2.263294    
 -9.5595611E-04   2.637700    
 -9.5395400E-04   2.950468    
 -9.5195207E-04   3.058198    
 -9.4995002E-04   2.976007    
 -9.4794802E-04   2.868410    
 -9.4594609E-04   2.899013    
 -9.4394403E-04   3.075512    
 -9.4194204E-04   3.227566    
 -9.3993999E-04   3.156515    
 -9.3793799E-04   2.823933    
 -9.3593606E-04   2.405098    
 -9.3393400E-04   2.160196    
 -9.3193201E-04   2.222259    
 -9.2993007E-04   2.498713    
 -9.2792802E-04   2.761645    
 -9.2592603E-04   2.844826    
 -9.2392397E-04   2.761619    
 -9.2192198E-04   2.648700    
 -9.1992004E-04   2.598046    
 -9.1791799E-04   2.556178    
 -9.1591600E-04   2.382374    
 -9.1391394E-04   2.021297    
 -9.1191201E-04   1.602722    
 -9.0991001E-04   1.365915    
 -9.0790796E-04   1.460923    
 -9.0590597E-04   1.801744    
 -9.0390403E-04   2.123353    
 -9.0190198E-04   2.194776    
 -8.9989998E-04   2.009851    
 -8.9789793E-04   1.790252    
 -8.9589600E-04   1.798004    
 -8.9389400E-04   2.128452    
 -8.9189195E-04   2.645461    
 -8.8988995E-04   3.109509    
 -8.8788802E-04   3.365587    
 -8.8588597E-04   3.425594    
 -8.8388397E-04   3.404747    
 -8.8188192E-04   3.394879    
 -8.7987998E-04   3.404729    
 -8.7787799E-04   3.412642    
 -8.7587594E-04   3.440652    
 -8.7387394E-04   3.554520    
 -8.7187201E-04   3.773144    
 -8.6986995E-04   3.993475    
 -8.6786796E-04   4.030303    
 -8.6586591E-04   3.760375    
 -8.6386397E-04   3.246113    
 -8.6186186E-04   2.709101    
 -8.5985992E-04   2.361551    
 -8.5785793E-04   2.235741    
 -8.5585588E-04   2.177576    
 -8.5385394E-04   2.012454    
 -8.5185195E-04   1.735178    
 -8.4984989E-04   1.544112    
 -8.4784796E-04   1.675589    
 -8.4584596E-04   2.183130    
 -8.4384391E-04   2.868654    
 -8.4184197E-04   3.429588    
 -8.3983986E-04   3.701629    
 -8.3783793E-04   3.771811    
 -8.3583593E-04   3.868426    
 -8.3383388E-04   4.128181    
 -8.3183195E-04   4.461181    
 -8.2982989E-04   4.640721    
 -8.2782790E-04   4.531139    
 -8.2582590E-04   4.240834    
 -8.2382391E-04   4.044023    
 -8.2182192E-04   4.140116    
 -8.1981992E-04   4.462781    
 -8.1781787E-04   4.727781    
 -8.1581593E-04   4.677862    
 -8.1381388E-04   4.327847    
 -8.1181189E-04   3.979682    
 -8.0980989E-04   3.994212    
 -8.0780784E-04   4.508256    
 -8.0580590E-04   5.310652    
 -8.0380391E-04   5.984055    
 -8.0180186E-04   6.176999    
 -7.9979986E-04   5.797201    
 -7.9779787E-04   5.013691    
 -7.9579587E-04   4.103818    
 -7.9379388E-04   3.295486    
 -7.9179183E-04   2.705575    
 -7.8978989E-04   2.376058    
 -7.8778784E-04   2.299093    
 -7.8578584E-04   2.417705    
 -7.8378391E-04   2.608664    
 -7.8178186E-04   2.726147    
 -7.7977986E-04   2.701741    
 -7.7777787E-04   2.624007    
 -7.7577581E-04   2.700700    
 -7.7377388E-04   3.105147    
 -7.7177183E-04   3.821132    
 -7.6976983E-04   4.611157    
 -7.6776784E-04   5.156906    
 -7.6576584E-04   5.267431    
 -7.6376385E-04   5.000679    
 -7.6176180E-04   4.605370    
 -7.5975980E-04   4.343594    
 -7.5775781E-04   4.329985    
 -7.5575581E-04   4.498244    
 -7.5375382E-04   4.694582    
 -7.5175177E-04   4.793975    
 -7.4974983E-04   4.764931    
 -7.4774784E-04   4.646951    
 -7.4574584E-04   4.501420    
 -7.4374385E-04   4.387131    
 -7.4174179E-04   4.353635    
 -7.3973980E-04   4.431582    
 -7.3773781E-04   4.609277    
 -7.3573581E-04   4.821752    
 -7.3373382E-04   4.985766    
 -7.3173176E-04   5.072954    
 -7.2972977E-04   5.153325    
 -7.2772783E-04   5.348547    
 -7.2572578E-04   5.719532    
 -7.2372379E-04   6.167662    
 -7.2172179E-04   6.476752    
 -7.1971974E-04   6.462358    
 -7.1771780E-04   6.140105    
 -7.1571581E-04   5.758071    
 -7.1371376E-04   5.638233    
 -7.1171182E-04   5.952415    
 -7.0970977E-04   6.579239    
 -7.0770778E-04   7.182759    
 -7.0570578E-04   7.434522    
 -7.0370373E-04   7.219020    
 -7.0170179E-04   6.674551    
 -6.9969974E-04   6.053248    
 -6.9769775E-04   5.530929    
 -6.9569581E-04   5.114571    
 -6.9369370E-04   4.709191    
 -6.9169176E-04   4.257561    
 -6.8968977E-04   3.839154    
 -6.8768772E-04   3.636523    
 -6.8568578E-04   3.818752    
 -6.8368373E-04   4.418288    
 -6.8168173E-04   5.306568    
 -6.7967980E-04   6.258837    
 -6.7767769E-04   7.058217    
 -6.7567575E-04   7.580645    
 -6.7367376E-04   7.813811    
 -6.7167170E-04   7.819901    
 -6.6966977E-04   7.674728    
 -6.6766771E-04   7.411958    
 -6.6566572E-04   7.011415    
 -6.6366373E-04   6.447088    
 -6.6166167E-04   5.764130    
 -6.5965974E-04   5.135001    
 -6.5765769E-04   4.819909    
 -6.5565569E-04   5.030919    
 -6.5365370E-04   5.768363    
 -6.5165170E-04   6.758389    
 -6.4964971E-04   7.562556    
 -6.4764777E-04   7.828588    
 -6.4564572E-04   7.506683    
 -6.4364373E-04   6.891936    
 -6.4164173E-04   6.442431    
 -6.3963968E-04   6.491360    
 -6.3763774E-04   7.061262    
 -6.3563569E-04   7.892727    
 -6.3363370E-04   8.649066    
 -6.3163170E-04   9.136693    
 -6.2962971E-04   9.387582    
 -6.2762771E-04   9.571087    
 -6.2562566E-04   9.831269    
 -6.2362367E-04   10.17687    
 -6.2162167E-04   10.48670    
 -6.1961968E-04   10.57847    
 -6.1761768E-04   10.29499    
 -6.1561569E-04   9.555662    
 -6.1361369E-04   8.392379    
 -6.1161170E-04   6.991342    
 -6.0960965E-04   5.691990    
 -6.0760765E-04   4.908622    
 -6.0560566E-04   4.954755    
 -6.0360366E-04   5.857032    
 -6.0160167E-04   7.297470    
 -5.9959962E-04   8.756218    
 -5.9759768E-04   9.783981    
 -5.9559563E-04   10.23742    
 -5.9359364E-04   10.30766    
 -5.9159164E-04   10.32651    
 -5.8958959E-04   10.50217    
 -5.8758765E-04   10.76384    
 -5.8558560E-04   10.84343    
 -5.8358361E-04   10.50796    
 -5.8158167E-04   9.768657    
 -5.7957962E-04   8.915460    
 -5.7757762E-04   8.356521    
 -5.7557563E-04   8.383047    
 -5.7357363E-04   9.011779    
 -5.7157158E-04   9.988361    
 -5.6956959E-04   10.94414    
 -5.6756765E-04   11.59755    
 -5.6556566E-04   11.88876    
 -5.6356360E-04   11.98504    
 -5.6156161E-04   12.16368    
 -5.5955962E-04   12.63997    
 -5.5755756E-04   13.43026    
 -5.5555563E-04   14.32364    
 -5.5355357E-04   14.99508    
 -5.5155164E-04   15.17527    
 -5.4954959E-04   14.79444    
 -5.4754759E-04   13.99971    
 -5.4554560E-04   13.04835    
 -5.4354360E-04   12.16159    
 -5.4154155E-04   11.43976    
 -5.3953961E-04   10.88366    
 -5.3753756E-04   10.47895    
 -5.3553557E-04   10.26662    
 -5.3353363E-04   10.33293    
 -5.3153158E-04   10.74216    
 -5.2952959E-04   11.48997    
 -5.2752759E-04   12.49169    
 -5.2552560E-04   13.60880    
 -5.2352354E-04   14.66673    
 -5.2152161E-04   15.46514    
 -5.1951956E-04   15.81189    
 -5.1751756E-04   15.61001    
 -5.1551557E-04   14.95953    
 -5.1351357E-04   14.16972    
 -5.1151158E-04   13.61669    
 -5.0950953E-04   13.50905    
 -5.0750753E-04   13.72081    
 -5.0550560E-04   13.87225    
 -5.0350348E-04   13.61079    
 -5.0150155E-04   12.89954    
 -4.9949955E-04   12.06847    
 -4.9749750E-04   11.57231    
 -4.9549557E-04   11.61867    
 -4.9349351E-04   12.01078    
 -4.9149158E-04   12.32092    
 -4.8948952E-04   12.27628    
 -4.8748756E-04   12.01370    
 -4.8548554E-04   11.98344    
 -4.8348351E-04   12.57848    
 -4.8148152E-04   13.79772    
 -4.7947955E-04   15.23901    
 -4.7747753E-04   16.41536    
 -4.7547551E-04   17.12177    
 -4.7347351E-04   17.51830    
 -4.7147155E-04   17.88573    
 -4.6946947E-04   18.30603    
 -4.6746750E-04   18.57552    
 -4.6546553E-04   18.44118    
 -4.6346348E-04   17.94491    
 -4.6146152E-04   17.51305    
 -4.5945949E-04   17.69003    
 -4.5745753E-04   18.69605    
 -4.5545548E-04   20.22079    
 -4.5345351E-04   21.61186    
 -4.5145149E-04   22.34756    
 -4.4944949E-04   22.38029    
 -4.4744747E-04   22.11505    
 -4.4544550E-04   22.06189    
 -4.4344345E-04   22.47374    
 -4.4144149E-04   23.25569    
 -4.3943946E-04   24.14972    
 -4.3743750E-04   24.96727    
 -4.3543545E-04   25.66486    
 -4.3343348E-04   26.23681    
 -4.3143152E-04   26.60803    
 -4.2942943E-04   26.67134    
 -4.2742747E-04   26.45070    
 -4.2542547E-04   26.17245    
 -4.2342345E-04   26.13046    
 -4.2142143E-04   26.45264    
 -4.1941946E-04   26.97259    
 -4.1741747E-04   27.39392    
 -4.1541544E-04   27.60560    
 -4.1341342E-04   27.84808    
 -4.1141146E-04   28.54866    
 -4.0940940E-04   29.92406    
 -4.0740744E-04   31.71147    
 -4.0540542E-04   33.30208    
 -4.0340348E-04   34.17863    
 -4.0140140E-04   34.32483    
 -3.9939943E-04   34.20055    
 -3.9739747E-04   34.34650    
 -3.9539541E-04   34.93159    
 -3.9339345E-04   35.62601    
 -3.9139143E-04   35.92575    
 -3.8938943E-04   35.58055    
 -3.8738741E-04   34.75898    
 -3.8538544E-04   33.82797    
 -3.8338342E-04   32.98266    
 -3.8138143E-04   32.10365    
 -3.7937940E-04   30.97534    
 -3.7737744E-04   29.63374    
 -3.7537538E-04   28.48766    
 -3.7337342E-04   28.07669    
 -3.7137140E-04   28.66797    
 -3.6936937E-04   30.06191    
 -3.6736741E-04   31.77968    
 -3.6536541E-04   33.43039    
 -3.6336345E-04   34.91003    
 -3.6136137E-04   36.29522    
 -3.5935940E-04   37.59661    
 -3.5735741E-04   38.67601    
 -3.5535538E-04   39.46669    
 -3.5335336E-04   40.22439    
 -3.5135139E-04   41.48349    
 -3.4934940E-04   43.61753    
 -3.4734738E-04   46.35744    
 -3.4534535E-04   48.74041    
 -3.4334339E-04   49.69067    
 -3.4134134E-04   48.82434    
 -3.3933937E-04   46.84341    
 -3.3733735E-04   45.14627    
 -3.3533535E-04   44.90779    
 -3.3333339E-04   46.33095    
 -3.3133136E-04   48.64106    
 -3.2932940E-04   50.77689    
 -3.2732735E-04   52.18721    
 -3.2532538E-04   53.11709    
 -3.2332336E-04   54.23064    
 -3.2132133E-04   55.97824    
 -3.1931934E-04   58.26334    
 -3.1731738E-04   60.60550    
 -3.1531529E-04   62.54462    
 -3.1331333E-04   63.86919    
 -3.1131133E-04   64.54651    
 -3.0930937E-04   64.55151    
 -3.0730729E-04   63.88314    
 -3.0530532E-04   62.76586    
 -3.0330333E-04   61.75784    
 -3.0130130E-04   61.52028    
 -2.9929934E-04   62.33146    
 -2.9729735E-04   63.83509    
 -2.9529538E-04   65.30769    
 -2.9329330E-04   66.34544    
 -2.9129133E-04   67.35608    
 -2.8928934E-04   69.34318    
 -2.8728732E-04   73.09402    
 -2.8528529E-04   78.41131    
 -2.8328333E-04   84.10531    
 -2.8128127E-04   88.80972    
 -2.7927931E-04   91.94633    
 -2.7727729E-04   94.01849    
 -2.7527532E-04   96.00044    
 -2.7327327E-04   98.38824    
 -2.7127130E-04   100.8101    
 -2.6926928E-04   102.5603    
 -2.6726729E-04   103.5465    
 -2.6526532E-04   104.6974    
 -2.6326330E-04   107.4164    
 -2.6126127E-04   112.4899    
 -2.5925928E-04   119.4370    
 -2.5725731E-04   126.9003    
 -2.5525529E-04   133.7372    
 -2.5325327E-04   139.8187    
 -2.5125127E-04   145.8163    
 -2.4924931E-04   152.2363    
 -2.4724723E-04   158.6448    
 -2.4524526E-04   163.9042    
 -2.4324325E-04   167.2192    
 -2.4124124E-04   169.0111    
 -2.3923923E-04   170.7811    
 -2.3723727E-04   173.9648    
 -2.3523530E-04   178.8069    
 -2.3323324E-04   184.2939    
 -2.3123127E-04   189.1703    
 -2.2922926E-04   193.1130    
 -2.2722724E-04   196.9494    
 -2.2522523E-04   201.7195    
 -2.2322327E-04   207.5152    
 -2.2122126E-04   213.2566    
 -2.1921925E-04   217.6820    
 -2.1721722E-04   220.6836    
 -2.1521526E-04   223.6916    
 -2.1321321E-04   228.6354    
 -2.1121124E-04   236.3707    
 -2.0920922E-04   245.9532    
 -2.0720721E-04   255.4288    
 -2.0520520E-04   263.4050    
 -2.0320324E-04   270.0154    
 -2.0120127E-04   276.4554    
 -1.9919920E-04   283.7025    
 -1.9719724E-04   291.7444    
 -1.9519523E-04   300.1292    
 -1.9319321E-04   309.1864    
 -1.9119120E-04   320.5142    
 -1.8918923E-04   335.9326    
 -1.8718716E-04   355.7352    
 -1.8518520E-04   377.9481    
 -1.8318319E-04   399.6639    
 -1.8118123E-04   419.5192    
 -1.7917916E-04   439.0998    
 -1.7717719E-04   461.7841    
 -1.7517518E-04   489.7709    
 -1.7317318E-04   521.8550    
 -1.7117115E-04   554.2279    
 -1.6916920E-04   583.8998    
 -1.6716713E-04   611.9553    
 -1.6516517E-04   643.5728    
 -1.6316320E-04   684.4891    
 -1.6116124E-04   736.7209    
 -1.5915917E-04   797.3164    
 -1.5715721E-04   861.3427    
 -1.5515515E-04   926.7438    
 -1.5315319E-04   996.6918    
 -1.5115112E-04   1077.443    
 -1.4914916E-04   1173.536    
 -1.4714719E-04   1285.044    
 -1.4514512E-04   1409.536    
 -1.4314307E-04   1547.153    
 -1.4114119E-04   1703.542    
 -1.3913914E-04   1886.930    
 -1.3713718E-04   2100.738    
 -1.3513521E-04   2338.521    
 -1.3313314E-04   2586.903    
 -1.3113118E-04   2836.113    
 -1.2912911E-04   3090.194    
 -1.2712716E-04   3366.512    
 -1.2512520E-04   3681.586    
 -1.2312313E-04   4030.663    
 -1.2112106E-04   4375.557    
 -1.1911920E-04   4652.202    
 -1.1711713E-04   4796.614    
 -1.1511507E-04   4774.834    
 -1.1311311E-04   4599.281    
 -1.1111114E-04   4321.282    
 -1.0910908E-04   4005.289    
 -1.0710712E-04   3700.946    
 -1.0510505E-04   3428.688    
 -1.0310319E-04   3184.330    
 -1.0110113E-04   2954.959    
 -9.9099059E-05   2733.389    
 -9.7097196E-05   2522.187    
 -9.5095129E-05   2328.129    
 -9.3093069E-05   2154.968    
 -9.1091104E-05   2001.036    
 -8.9089139E-05   1862.795    
 -8.7087079E-05   1739.706    
 -8.5085114E-05   1635.137    
 -8.3083047E-05   1552.602    
 -8.1081089E-05   1491.519    
 -7.9079124E-05   1446.584    
 -7.7077057E-05   1411.553    
 -7.5074997E-05   1383.769    
 -7.3073126E-05   1364.895    
 -7.1071066E-05   1357.397    
 -6.9069007E-05   1360.157    
 -6.7067136E-05   1367.927    
 -6.5065076E-05   1375.414    
 -6.3063111E-05   1382.638    
 -6.1061044E-05   1396.144    
 -5.9059083E-05   1424.578    
 -5.7057117E-05   1471.875    
 -5.5055058E-05   1534.213    
 -5.3052994E-05   1603.569    
 -5.1051127E-05   1675.056    
 -4.9049064E-05   1751.821    
 -4.7047000E-05   1842.951    
 -4.5045035E-05   1956.107    
 -4.3043074E-05   2091.290    
 -4.1041010E-05   2241.285    
 -3.9039045E-05   2398.542    
 -3.7036982E-05   2562.517    
 -3.5035016E-05   2740.580    
 -3.3033055E-05   2941.761    
 -3.1030992E-05   3168.203    
 -2.9029125E-05   3412.356    
 -2.7027061E-05   3662.505    
 -2.5024998E-05   3911.892    
 -2.3023034E-05   4163.513    
 -2.1021069E-05   4425.958    
 -1.9019006E-05   4703.906    
 -1.7017042E-05   4992.100    
 -1.5014979E-05   5279.188    
 -1.3013015E-05   5558.214    
 -1.1011050E-05   5834.476    
 -9.0089879E-06   6121.112    
 -7.0069245E-06   6423.050    
 -5.0050589E-06   6721.159    
 -3.0029958E-06   6969.703    
 -1.0009326E-06   7112.666    
  1.0009326E-06   7112.661    
  3.0029958E-06   6969.705    
  5.0050589E-06   6721.155    
  7.0070232E-06   6423.073    
  9.0089879E-06   6121.108    
  1.1010952E-05   5834.504    
  1.3013015E-05   5558.219    
  1.5015078E-05   5279.159    
  1.7016944E-05   4992.106    
  1.9019006E-05   4703.910    
  2.1021069E-05   4425.954    
  2.3023034E-05   4163.520    
  2.5024998E-05   3911.900    
  2.7027061E-05   3662.498    
  2.9029026E-05   3412.368    
  3.1030992E-05   3168.207    
  3.3033055E-05   2941.765    
  3.5035016E-05   2740.582    
  3.7037080E-05   2562.493    
  3.9039045E-05   2398.538    
  4.1041010E-05   2241.280    
  4.3043074E-05   2091.286    
  4.5045035E-05   1956.105    
  4.7047000E-05   1842.955    
  4.9049064E-05   1751.821    
  5.1051029E-05   1675.062    
  5.3053092E-05   1603.563    
  5.5055058E-05   1534.214    
  5.7057019E-05   1471.873    
  5.9059083E-05   1424.577    
  6.1061146E-05   1396.151    
  6.3063009E-05   1382.633    
  6.5065076E-05   1375.414    
  6.7067136E-05   1367.922    
  6.9069007E-05   1360.159    
  7.1071066E-05   1357.399    
  7.3073126E-05   1364.898    
  7.5075091E-05   1383.767    
  7.7077057E-05   1411.553    
  7.9079124E-05   1446.583    
  8.1081089E-05   1491.519    
  8.3083149E-05   1552.600    
  8.5085012E-05   1635.128    
  8.7087079E-05   1739.710    
  8.9089139E-05   1862.792    
  9.1091104E-05   2001.036    
  9.3093069E-05   2154.969    
  9.5095129E-05   2328.130    
  9.7097094E-05   2522.171    
  9.9099059E-05   2733.388    
  1.0110113E-04   2954.963    
  1.0310309E-04   3184.317    
  1.0510515E-04   3428.705    
  1.0710712E-04   3700.949    
  1.0910908E-04   4005.288    
  1.1111114E-04   4321.287    
  1.1311321E-04   4599.300    
  1.1511507E-04   4774.836    
  1.1711713E-04   4796.616    
  1.1911910E-04   4652.216    
  1.2112116E-04   4375.546    
  1.2312313E-04   4030.663    
  1.2512509E-04   3681.604    
  1.2712716E-04   3366.510    
  1.2912921E-04   3090.188    
  1.3113108E-04   2836.128    
  1.3313314E-04   2586.902    
  1.3513521E-04   2338.522    
  1.3713707E-04   2100.749    
  1.3913914E-04   1886.930    
  1.4114119E-04   1703.542    
  1.4314316E-04   1547.149    
  1.4514512E-04   1409.536    
  1.4714719E-04   1285.043    
  1.4914916E-04   1173.537    
  1.5115122E-04   1077.435    
  1.5315319E-04   996.6925    
  1.5515515E-04   926.7442    
  1.5715721E-04   861.3429    
  1.5915917E-04   797.3151    
  1.6116114E-04   736.7234    
  1.6316320E-04   684.4895    
  1.6516517E-04   643.5734    
  1.6716713E-04   611.9557    
  1.6916920E-04   583.8991    
  1.7117115E-04   554.2274    
  1.7317322E-04   521.8557    
  1.7517518E-04   489.7694    
  1.7717715E-04   461.7841    
  1.7917922E-04   439.0972    
  1.8118128E-04   419.5184    
  1.8318315E-04   399.6662    
  1.8518520E-04   377.9482    
  1.8718727E-04   355.7333    
  1.8918923E-04   335.9320    
  1.9119120E-04   320.5143    
  1.9319316E-04   309.1876    
  1.9519523E-04   300.1285    
  1.9719728E-04   291.7430    
  1.9919916E-04   283.7043    
  2.0120121E-04   276.4553    
  2.0320328E-04   270.0160    
  2.0520514E-04   263.4079    
  2.0720721E-04   255.4287    
  2.0920928E-04   245.9535    
  2.1121124E-04   236.3687    
  2.1321321E-04   228.6350    
  2.1521526E-04   223.6914    
  2.1721722E-04   220.6836    
  2.1921929E-04   217.6817    
  2.2122126E-04   213.2566    
  2.2322322E-04   207.5163    
  2.2522529E-04   201.7188    
  2.2722724E-04   196.9497    
  2.2922920E-04   193.1138    
  2.3123127E-04   189.1699    
  2.3323324E-04   184.2932    
  2.3523520E-04   178.8079    
  2.3723727E-04   173.9655    
  2.3923923E-04   170.7816    
  2.4124129E-04   169.0105    
  2.4324325E-04   167.2191    
  2.4524523E-04   163.9061    
  2.4724728E-04   158.6447    
  2.4924934E-04   152.2350    
  2.5125121E-04   145.8166    
  2.5325327E-04   139.8185    
  2.5525535E-04   133.7368    
  2.5725731E-04   126.9004    
  2.5925928E-04   119.4377    
  2.6126133E-04   112.4899    
  2.6326330E-04   107.4158    
  2.6526526E-04   104.6966    
  2.6726723E-04   103.5458    
  2.6926928E-04   102.5608    
  2.7127136E-04   100.8097    
  2.7327321E-04   98.38709    
  2.7527529E-04   96.00231    
  2.7727734E-04   94.01868    
  2.7927931E-04   91.94604    
  2.8128127E-04   88.80991    
  2.8328333E-04   84.10516    
  2.8528529E-04   78.41120    
  2.8728737E-04   73.09381    
  2.8928934E-04   69.34341    
  2.9129130E-04   67.35561    
  2.9329336E-04   66.34651    
  2.9529541E-04   65.30824    
  2.9729729E-04   63.83579    
  2.9929934E-04   62.33254    
  3.0130130E-04   61.51966    
  3.0330327E-04   61.75733    
  3.0530532E-04   62.76563    
  3.0730729E-04   63.88385    
  3.0930937E-04   64.55227    
  3.1131133E-04   64.54691    
  3.1331330E-04   63.86831    
  3.1531535E-04   62.54426    
  3.1731740E-04   60.60692    
  3.1931928E-04   58.26368    
  3.2132133E-04   55.97872    
  3.2332342E-04   54.23187    
  3.2532538E-04   53.11761    
  3.2732735E-04   52.18721    
  3.2932940E-04   50.77590    
  3.3133136E-04   48.64174    
  3.3333333E-04   46.33149    
  3.3533538E-04   44.90681    
  3.3733735E-04   45.14619    
  3.3933943E-04   46.84279    
  3.4134128E-04   48.82418    
  3.4334336E-04   49.69108    
  3.4534541E-04   48.74020    
  3.4734738E-04   46.35680    
  3.4934934E-04   43.61820    
  3.5135139E-04   41.48356    
  3.5335336E-04   40.22408    
  3.5535544E-04   39.46619    
  3.5735741E-04   38.67619    
  3.5935937E-04   37.59676    
  3.6136142E-04   36.29574    
  3.6336348E-04   34.90971    
  3.6536535E-04   33.43056    
  3.6736741E-04   31.78049    
  3.6936949E-04   30.06188    
  3.7137134E-04   28.66784    
  3.7337342E-04   28.07634    
  3.7537538E-04   28.48762    
  3.7737744E-04   29.63356    
  3.7937940E-04   30.97570    
  3.8138137E-04   32.10446    
  3.8338342E-04   32.98273    
  3.8538550E-04   33.82785    
  3.8738735E-04   34.75916    
  3.8938943E-04   35.58018    
  3.9139148E-04   35.92674    
  3.9339345E-04   35.62671    
  3.9539541E-04   34.93233    
  3.9739747E-04   34.34680    
  3.9939943E-04   34.20074    
  4.0140140E-04   34.32454    
  4.0340348E-04   34.17933    
  4.0540542E-04   33.30201    
  4.0740750E-04   31.71151    
  4.0940935E-04   29.92364    
  4.1141143E-04   28.54832    
  4.1341348E-04   27.84833    
  4.1541544E-04   27.60552    
  4.1741741E-04   27.39495    
  4.1941946E-04   26.97283    
  4.2142143E-04   26.45283    
  4.2342351E-04   26.13079    
  4.2542547E-04   26.17286    
  4.2742744E-04   26.45093    
  4.2942949E-04   26.67113    
  4.3143146E-04   26.60803    
  4.3343342E-04   26.23753    
  4.3543548E-04   25.66537    
  4.3743756E-04   24.96776    
  4.3943941E-04   24.14984    
  4.4144149E-04   23.25531    
  4.4344354E-04   22.47301    
  4.4544550E-04   22.06164    
  4.4744747E-04   22.11495    
  4.4944944E-04   22.37961    
  4.5145149E-04   22.34752    
  4.5345357E-04   21.61100    
  4.5545542E-04   20.22006    
  4.5745750E-04   18.69652    
  4.5945955E-04   17.69076    
  4.6146152E-04   17.51353    
  4.6346348E-04   17.94413    
  4.6546553E-04   18.44073    
  4.6746750E-04   18.57600    
  4.6946947E-04   18.30608    
  4.7147155E-04   17.88587    
  4.7347351E-04   17.51797    
  4.7547556E-04   17.12196    
  4.7747753E-04   16.41510    
  4.7947949E-04   15.23895    
  4.8148155E-04   13.79861    
  4.8348351E-04   12.57867    
  4.8548548E-04   11.98296    
  4.8748756E-04   12.01320    
  4.8948952E-04   12.27633    
  4.9149158E-04   12.32097    
  4.9349351E-04   12.01025    
  4.9549551E-04   11.61852    
  4.9749756E-04   11.57241    
  4.9949955E-04   12.06841    
  5.0150149E-04   12.89844    
  5.0350354E-04   13.61050    
  5.0550560E-04   13.87288    
  5.0750747E-04   13.72097    
  5.0950953E-04   13.50898    
  5.1151164E-04   13.61762    
  5.1351357E-04   14.16963    
  5.1551557E-04   14.95923    
  5.1751762E-04   15.60977    
  5.1951956E-04   15.81133    
  5.2152161E-04   15.46467    
  5.2352349E-04   14.66671    
  5.2552554E-04   13.60869    
  5.2752765E-04   12.49231    
  5.2952947E-04   11.49021    
  5.3153158E-04   10.74158    
  5.3353363E-04   10.33301    
  5.3553557E-04   10.26715    
  5.3753756E-04   10.47884    
  5.3953961E-04   10.88331    
  5.4154155E-04   11.43957    
  5.4354366E-04   12.16168    
  5.4554560E-04   13.04851    
  5.4754753E-04   14.00045    
  5.4954964E-04   14.79422    
  5.5155170E-04   15.17521    
  5.5355357E-04   14.99484    
  5.5555563E-04   14.32348    
  5.5755756E-04   13.43039    
  5.5955962E-04   12.64008    
  5.6156161E-04   12.16339    
  5.6356355E-04   11.98451    
  5.6556566E-04   11.88872    
  5.6756759E-04   11.59746    
  5.6956959E-04   10.94425    
  5.7157164E-04   9.987685    
  5.7357369E-04   9.011390    
  5.7557557E-04   8.382953    
  5.7757762E-04   8.356531    
  5.7957968E-04   8.915964    
  5.8158167E-04   9.768618    
  5.8358361E-04   10.50774    
  5.8558566E-04   10.84377    
  5.8758765E-04   10.76366    
  5.8958970E-04   10.50228    
  5.9159164E-04   10.32644    
  5.9359364E-04   10.30770    
  5.9559569E-04   10.23744    
  5.9759757E-04   9.783924    
  5.9959962E-04   8.756212    
  6.0160167E-04   7.297431    
  6.0360366E-04   5.857375    
  6.0560560E-04   4.954721    
  6.0760765E-04   4.908587    
  6.0960965E-04   5.691750    
  6.1161170E-04   6.991317    
  6.1361369E-04   8.392214    
  6.1561563E-04   9.555250    
  6.1761768E-04   10.29480    
  6.1961974E-04   10.57904    
  6.2162161E-04   10.48663    
  6.2362367E-04   10.17713    
  6.2562578E-04   9.830753    
  6.2762771E-04   9.571271    
  6.2962971E-04   9.387179    
  6.3163164E-04   9.136611    
  6.3363370E-04   8.649056    
  6.3563569E-04   7.892670    
  6.3763763E-04   7.060874    
  6.3963968E-04   6.491154    
  6.4164179E-04   6.442547    
  6.4364361E-04   6.891388    
  6.4564572E-04   7.506608    
  6.4764777E-04   7.828784    
  6.4964971E-04   7.562478    
  6.5165170E-04   6.758124    
  6.5365375E-04   5.768022    
  6.5565569E-04   5.031325    
  6.5765780E-04   4.820096    
  6.5965974E-04   5.135172    
  6.6166167E-04   5.764214    
  6.6366378E-04   6.446994    
  6.6566584E-04   7.011348    
  6.6766771E-04   7.411945    
  6.6966977E-04   7.674464    
  6.7167165E-04   7.820040    
  6.7367370E-04   7.813079    
  6.7567575E-04   7.580718    
  6.7767763E-04   7.058472    
  6.7967968E-04   6.258942    
  6.8168173E-04   5.306609    
  6.8368379E-04   4.418276    
  6.8568566E-04   3.818610    
  6.8768772E-04   3.636919    
  6.8968977E-04   3.838998    
  6.9169188E-04   4.257312    
  6.9369370E-04   4.709085    
  6.9569581E-04   5.114763    
  6.9769786E-04   5.530537    
  6.9969974E-04   6.053229    
  7.0170179E-04   6.674521    
  7.0370367E-04   7.218997    
  7.0570572E-04   7.434423    
  7.0770778E-04   7.183014    
  7.0970983E-04   6.579055    
  7.1171188E-04   5.951853    
  7.1371393E-04   5.638764    
  7.1571564E-04   5.757351    
  7.1771769E-04   6.140364    
  7.1971974E-04   6.462251    
  7.2172179E-04   6.477334    
  7.2372390E-04   6.167722    
  7.2572572E-04   5.719119    
  7.2772783E-04   5.348530    
  7.2972965E-04   5.152875    
  7.3173176E-04   5.071962    
  7.3373382E-04   4.985837    
  7.3573587E-04   4.821719    
  7.3773775E-04   4.609149    
  7.3973980E-04   4.431554    
  7.4174185E-04   4.353718    
  7.4374391E-04   4.387109    
  7.4574578E-04   4.501157    
  7.4774784E-04   4.646818    
  7.4974971E-04   4.765072    
  7.5175177E-04   4.794172    
  7.5375382E-04   4.694506    
  7.5575593E-04   4.498887    
  7.5775798E-04   4.330097    
  7.5975963E-04   4.343776    
  7.6176168E-04   4.604980    
  7.6376373E-04   5.000723    
  7.6576584E-04   5.266930    
  7.6776790E-04   5.156512    
  7.6976995E-04   4.610811    
  7.7177183E-04   3.821227    
  7.7377388E-04   3.105249    
  7.7577576E-04   2.700492    
  7.7777781E-04   2.624038    
  7.7977986E-04   2.701670    
  7.8178191E-04   2.726156    
  7.8378379E-04   2.609042    
  7.8578584E-04   2.417954    
  7.8778790E-04   2.299164    
  7.8979001E-04   2.376017    
  7.9179183E-04   2.705383    
  7.9379370E-04   3.295078    
  7.9579576E-04   4.104664    
  7.9779787E-04   5.013723    
  7.9979992E-04   5.797257    
  8.0180197E-04   6.176399    
  8.0380403E-04   5.984324    
  8.0580573E-04   5.311005    
  8.0780778E-04   4.508784    
  8.0980983E-04   3.994945    
  8.1181189E-04   3.979837    
  8.1381394E-04   4.328413    
  8.1581599E-04   4.677925    
  8.1781787E-04   4.727700    
  8.1981992E-04   4.463039    
  8.2182180E-04   4.139831    
  8.2382385E-04   4.044383    
  8.2582596E-04   4.240870    
  8.2782801E-04   4.531327    
  8.2982989E-04   4.640640    
  8.3183195E-04   4.461189    
  8.3383400E-04   4.128734    
  8.3583588E-04   3.868536    
  8.3783793E-04   3.771693    
  8.3983981E-04   3.701371    
  8.4184186E-04   3.429587    
  8.4384391E-04   2.868677    
  8.4584596E-04   2.183087    
  8.4784802E-04   1.675323    
  8.4985013E-04   1.544199    
  8.5185177E-04   1.735441    
  8.5385382E-04   2.012258    
  8.5585588E-04   2.177847    
  8.5785793E-04   2.235815    
  8.5986004E-04   2.361518    
  8.6186209E-04   2.709296    
  8.6386397E-04   3.246154    
  8.6586579E-04   3.760770    
  8.6786790E-04   4.030671    
  8.6986995E-04   3.993580    
  8.7187201E-04   3.773088    
  8.7387388E-04   3.554557    
  8.7587594E-04   3.440754    
  8.7787799E-04   3.412676    
  8.7988004E-04   3.404967    
  8.8188192E-04   3.394695    
  8.8388397E-04   3.404726    
  8.8588585E-04   3.425150    
  8.8788790E-04   3.365287    
  8.8988995E-04   3.109482    
  8.9189206E-04   2.645500    
  8.9389412E-04   2.127728    
  8.9589617E-04   1.797902    
  8.9789781E-04   1.789767    
  8.9989993E-04   2.009535    
  9.0190198E-04   2.194805    
  9.0390403E-04   2.123368    
  9.0590608E-04   1.801247    
  9.0790796E-04   1.460799    
  9.0991001E-04   1.366071    
  9.1191189E-04   1.602522    
  9.1391394E-04   2.021712    
  9.1591600E-04   2.382546    
  9.1791805E-04   2.556302    
  9.1991993E-04   2.597966    
  9.2192198E-04   2.648717    
  9.2392409E-04   2.761689    
  9.2592614E-04   2.844918    
  9.2792802E-04   2.761692    
  9.2993007E-04   2.498677    
  9.3193189E-04   2.222583    
  9.3393400E-04   2.160076    
  9.3593606E-04   2.405211    
  9.3793811E-04   2.823916    
  9.3994016E-04   3.156822    
  9.4194186E-04   3.227928    
  9.4394392E-04   3.075867    
  9.4594597E-04   2.899108    
  9.4794802E-04   2.868268    
  9.4995007E-04   2.976315    
  9.5195218E-04   3.058709    
  9.5395400E-04   2.950733    
  9.5595611E-04   2.637714    
  9.5795793E-04   2.263385    
  9.5995999E-04   2.001763    
  9.6196210E-04   1.916208    
  9.6396415E-04   1.931148    
  9.6596603E-04   1.924474    
  9.6796808E-04   1.850845    
  9.6997013E-04   1.769970    
  9.7197201E-04   1.780239    
  9.7397406E-04   1.924437    
  9.7597612E-04   2.161022    
  9.7797799E-04   2.415581    
  9.7998010E-04   2.650166    
  9.8198210E-04   2.877225    
  9.8398421E-04   3.112332    
  9.8598620E-04   3.325147    
  9.8798797E-04   3.448211    
  9.8998996E-04   3.432101    
  9.9199207E-04   3.289264    
  9.9399406E-04   3.075055    
  9.9599618E-04   2.826897    
  9.9799817E-04   2.536217    
  1.0000000E-03   2.180997    
