 -2.0000001E-03   3.305712    
 -1.9959963E-03   3.340222    
 -1.9919921E-03   3.372068    
 -1.9879881E-03   3.391197    
 -1.9839841E-03   3.396064    
 -1.9799802E-03   3.394598    
 -1.9759762E-03   3.399546    
 -1.9719722E-03   3.418693    
 -1.9679682E-03   3.449214    
 -1.9639642E-03   3.479533    
 -1.9599602E-03   3.498621    
 -1.9559562E-03   3.503449    
 -1.9519520E-03   3.501637    
 -1.9479481E-03   3.504537    
 -1.9439441E-03   3.519336    
 -1.9399400E-03   3.544163    
 -1.9359362E-03   3.570979    
 -1.9319321E-03   3.591935    
 -1.9279281E-03   3.605339    
 -1.9239242E-03   3.615627    
 -1.9199200E-03   3.627867    
 -1.9159161E-03   3.643302    
 -1.9119122E-03   3.658080    
 -1.9079080E-03   3.668401    
 -1.9039041E-03   3.673877    
 -1.8999000E-03   3.679683    
 -1.8958960E-03   3.691957    
 -1.8918922E-03   3.712383    
 -1.8878881E-03   3.736209    
 -1.8838841E-03   3.755450    
 -1.8798800E-03   3.765447    
 -1.8758760E-03   3.768149    
 -1.8718721E-03   3.772139    
 -1.8678680E-03   3.785272    
 -1.8638640E-03   3.809906    
 -1.8598601E-03   3.841116    
 -1.8558560E-03   3.870516    
 -1.8518521E-03   3.892601    
 -1.8478479E-03   3.907324    
 -1.8438440E-03   3.918359    
 -1.8398401E-03   3.928274    
 -1.8358360E-03   3.936490    
 -1.8318320E-03   3.939939    
 -1.8278279E-03   3.937867    
 -1.8238240E-03   3.934640    
 -1.8198200E-03   3.938653    
 -1.8158159E-03   3.956809    
 -1.8118119E-03   3.990021    
 -1.8078081E-03   4.033000    
 -1.8038040E-03   4.076555    
 -1.7998000E-03   4.115344    
 -1.7957959E-03   4.149538    
 -1.7917920E-03   4.184745    
 -1.7877880E-03   4.227208    
 -1.7837839E-03   4.279408    
 -1.7797799E-03   4.340287    
 -1.7757760E-03   4.405893    
 -1.7717719E-03   4.472427    
 -1.7677679E-03   4.536336    
 -1.7637638E-03   4.594466    
 -1.7597600E-03   4.643709    
 -1.7557560E-03   4.682479    
 -1.7517519E-03   4.713213    
 -1.7477479E-03   4.741899    
 -1.7437440E-03   4.775369    
 -1.7397399E-03   4.816838    
 -1.7357359E-03   4.862890    
 -1.7317318E-03   4.906106    
 -1.7277279E-03   4.940316    
 -1.7237237E-03   4.966288    
 -1.7197198E-03   4.991585    
 -1.7157159E-03   5.024860    
 -1.7117118E-03   5.069401    
 -1.7077079E-03   5.118715    
 -1.7037039E-03   5.161658    
 -1.6996998E-03   5.189234    
 -1.6956959E-03   5.201601    
 -1.6916919E-03   5.206406    
 -1.6876878E-03   5.212333    
 -1.6836839E-03   5.221832    
 -1.6796797E-03   5.230052    
 -1.6756759E-03   5.230110    
 -1.6716719E-03   5.221832    
 -1.6676678E-03   5.214132    
 -1.6636639E-03   5.220113    
 -1.6596598E-03   5.247103    
 -1.6556558E-03   5.289274    
 -1.6516518E-03   5.330459    
 -1.6476478E-03   5.354443    
 -1.6436438E-03   5.356577    
 -1.6396398E-03   5.346605    
 -1.6356357E-03   5.341839    
 -1.6316319E-03   5.356135    
 -1.6276278E-03   5.391082    
 -1.6236238E-03   5.437917    
 -1.6196198E-03   5.486609    
 -1.6156157E-03   5.535015    
 -1.6116118E-03   5.589235    
 -1.6076078E-03   5.657928    
 -1.6036037E-03   5.743530    
 -1.5995997E-03   5.839208    
 -1.5955957E-03   5.933024    
 -1.5915917E-03   6.016812    
 -1.5875878E-03   6.090680    
 -1.5835837E-03   6.159534    
 -1.5795798E-03   6.225972    
 -1.5755757E-03   6.285516    
 -1.5715717E-03   6.328178    
 -1.5675678E-03   6.347394    
 -1.5635637E-03   6.347378    
 -1.5595597E-03   6.343507    
 -1.5555557E-03   6.352757    
 -1.5515516E-03   6.384628    
 -1.5475478E-03   6.434400    
 -1.5435437E-03   6.488835    
 -1.5395397E-03   6.536098    
 -1.5355357E-03   6.573843    
 -1.5315317E-03   6.608788    
 -1.5275277E-03   6.649515    
 -1.5235236E-03   6.697525    
 -1.5195196E-03   6.746883    
 -1.5155156E-03   6.787662    
 -1.5115116E-03   6.817351    
 -1.5075076E-03   6.842131    
 -1.5035035E-03   6.873114    
 -1.4994997E-03   6.918395    
 -1.4954957E-03   6.975205    
 -1.4914917E-03   7.033466    
 -1.4874877E-03   7.082743    
 -1.4834836E-03   7.120685    
 -1.4794796E-03   7.154498    
 -1.4754756E-03   7.195004    
 -1.4714716E-03   7.249441    
 -1.4674676E-03   7.315963    
 -1.4634635E-03   7.385098    
 -1.4594595E-03   7.446374    
 -1.4554557E-03   7.493575    
 -1.4514516E-03   7.525446    
 -1.4474476E-03   7.545631    
 -1.4434436E-03   7.560018    
 -1.4394395E-03   7.577352    
 -1.4354356E-03   7.608667    
 -1.4314316E-03   7.665261    
 -1.4274275E-03   7.751992    
 -1.4234236E-03   7.862124    
 -1.4194195E-03   7.977073    
 -1.4154156E-03   8.073508    
 -1.4114116E-03   8.136529    
 -1.4074075E-03   8.166696    
 -1.4034036E-03   8.179356    
 -1.3993995E-03   8.193443    
 -1.3953955E-03   8.219089    
 -1.3913916E-03   8.251378    
 -1.3873874E-03   8.276514    
 -1.3833835E-03   8.283448    
 -1.3793795E-03   8.273908    
 -1.3753754E-03   8.260763    
 -1.3713716E-03   8.258082    
 -1.3673675E-03   8.271054    
 -1.3633635E-03   8.293023    
 -1.3593596E-03   8.312704    
 -1.3553554E-03   8.325497    
 -1.3513515E-03   8.338482    
 -1.3473475E-03   8.364208    
 -1.3433434E-03   8.410658    
 -1.3393395E-03   8.471573    
 -1.3353354E-03   8.529787    
 -1.3313314E-03   8.570313    
 -1.3273275E-03   8.591968    
 -1.3233233E-03   8.610922    
 -1.3193195E-03   8.652004    
 -1.3153154E-03   8.731887    
 -1.3113114E-03   8.848867    
 -1.3073074E-03   8.983560    
 -1.3033034E-03   9.112297    
 -1.2992994E-03   9.220356    
 -1.2952955E-03   9.308789    
 -1.2912914E-03   9.389999    
 -1.2872875E-03   9.476418    
 -1.2832835E-03   9.572415    
 -1.2792794E-03   9.671758    
 -1.2752755E-03   9.763262    
 -1.2712714E-03   9.839026    
 -1.2672674E-03   9.897872    
 -1.2632634E-03   9.945150    
 -1.2592594E-03   9.987893    
 -1.2552554E-03   10.03304    
 -1.2512513E-03   10.08365    
 -1.2472473E-03   10.14116    
 -1.2432433E-03   10.20615    
 -1.2392394E-03   10.27895    
 -1.2352354E-03   10.36113    
 -1.2312314E-03   10.45483    
 -1.2272274E-03   10.56253    
 -1.2232234E-03   10.68364    
 -1.2192193E-03   10.81178    
 -1.2152153E-03   10.93466    
 -1.2112113E-03   11.03937    
 -1.2072073E-03   11.11926    
 -1.2032033E-03   11.18063    
 -1.1991992E-03   11.24012    
 -1.1951954E-03   11.31545    
 -1.1911913E-03   11.41243    
 -1.1871873E-03   11.51898    
 -1.1831833E-03   11.61135    
 -1.1791792E-03   11.67063    
 -1.1751753E-03   11.69687    
 -1.1711712E-03   11.71272    
 -1.1671672E-03   11.74979    
 -1.1631633E-03   11.82956    
 -1.1591592E-03   11.94953    
 -1.1551552E-03   12.08756    
 -1.1511513E-03   12.21845    
 -1.1471473E-03   12.33111    
 -1.1431432E-03   12.43388    
 -1.1391392E-03   12.54513    
 -1.1351353E-03   12.67513    
 -1.1311313E-03   12.81678    
 -1.1271272E-03   12.95030    
 -1.1231232E-03   13.06039    
 -1.1191192E-03   13.14615    
 -1.1151151E-03   13.22323    
 -1.1111113E-03   13.30820    
 -1.1071071E-03   13.40638    
 -1.1031033E-03   13.50801    
 -1.0990992E-03   13.60012    
 -1.0950952E-03   13.68189    
 -1.0910912E-03   13.77141    
 -1.0870872E-03   13.89411    
 -1.0830831E-03   14.06426    
 -1.0790792E-03   14.27128    
 -1.0750751E-03   14.48464    
 -1.0710711E-03   14.67177    
 -1.0670673E-03   14.81902    
 -1.0630632E-03   14.93793    
 -1.0590592E-03   15.05239    
 -1.0550552E-03   15.17943    
 -1.0510512E-03   15.31718    
 -1.0470471E-03   15.45049    
 -1.0430432E-03   15.56701    
 -1.0390391E-03   15.67101    
 -1.0350351E-03   15.78382    
 -1.0310311E-03   15.92700    
 -1.0270271E-03   16.10807    
 -1.0230232E-03   16.31556    
 -1.0190191E-03   16.52878    
 -1.0150151E-03   16.73227    
 -1.0110112E-03   16.92309    
 -1.0070070E-03   17.10505    
 -1.0030031E-03   17.27577    
 -9.9899911E-04   17.42118    
 -9.9499500E-04   17.52236    
 -9.9099113E-04   17.57201    
 -9.8698703E-04   17.58461    
 -9.8298315E-04   17.59323    
 -9.7897905E-04   17.62917    
 -9.7497512E-04   17.70732    
 -9.7097107E-04   17.82220    
 -9.6696703E-04   17.96151    
 -9.6296304E-04   18.12192    
 -9.5895911E-04   18.31582    
 -9.5495506E-04   18.55951    
 -9.5095101E-04   18.85508    
 -9.4694702E-04   19.17980    
 -9.4294309E-04   19.49600    
 -9.3893893E-04   19.77493    
 -9.3493500E-04   20.01574    
 -9.3093107E-04   20.24418    
 -9.2692696E-04   20.49213    
 -9.2292303E-04   20.77283    
 -9.1891899E-04   21.07110    
 -9.1491506E-04   21.35657    
 -9.1091095E-04   21.60988    
 -9.0690702E-04   21.83895    
 -9.0290298E-04   22.07446    
 -8.9889899E-04   22.34711    
 -8.9489494E-04   22.66440    
 -8.9089101E-04   23.00737    
 -8.8688690E-04   23.34478    
 -8.8288297E-04   23.65638    
 -8.7887893E-04   23.94300    
 -8.7487500E-04   24.21924    
 -8.7087089E-04   24.49566    
 -8.6686696E-04   24.76733    
 -8.6286303E-04   25.01959    
 -8.5885887E-04   25.24335    
 -8.5485494E-04   25.44766    
 -8.5085095E-04   25.65719    
 -8.4684690E-04   25.89331    
 -8.4284286E-04   26.15982    
 -8.3883893E-04   26.44007    
 -8.3483494E-04   26.71174    
 -8.3083089E-04   26.96707    
 -8.2682684E-04   27.21530    
 -8.2282291E-04   27.47322    
 -8.1881881E-04   27.74847    
 -8.1481488E-04   28.02882    
 -8.1081083E-04   28.29598    
 -8.0680696E-04   28.54355    
 -8.0280280E-04   28.79032    
 -7.9879886E-04   29.06962    
 -7.9479493E-04   29.40519    
 -7.9079083E-04   29.78909    
 -7.8678690E-04   30.18482    
 -7.8278285E-04   30.55151    
 -7.7877886E-04   30.87429    
 -7.7477482E-04   31.17683    
 -7.7077089E-04   31.50750    
 -7.6676684E-04   31.90600    
 -7.6276285E-04   32.37738    
 -7.5875880E-04   32.89485    
 -7.5475487E-04   33.41920    
 -7.5075077E-04   33.92559    
 -7.4674684E-04   34.41228    
 -7.4274279E-04   34.89144    
 -7.3873874E-04   35.37025    
 -7.3473481E-04   35.84377    
 -7.3073083E-04   36.30749    
 -7.2672690E-04   36.76994    
 -7.2272273E-04   37.25740    
 -7.1871880E-04   37.79861    
 -7.1471481E-04   38.40187    
 -7.1071077E-04   39.04160    
 -7.0670672E-04   39.67589    
 -7.0270279E-04   40.27330    
 -6.9869880E-04   40.83740    
 -6.9469475E-04   41.40225    
 -6.9069071E-04   42.00473    
 -6.8668678E-04   42.65432    
 -6.8268267E-04   43.32619    
 -6.7867874E-04   43.98439    
 -6.7467469E-04   44.61611    
 -6.7067071E-04   45.24868    
 -6.6666678E-04   45.93305    
 -6.6266273E-04   46.70767    
 -6.5865880E-04   47.56716    
 -6.5465469E-04   48.46473    
 -6.5065076E-04   49.34611    
 -6.4664672E-04   50.18607    
 -6.4264267E-04   51.00156    
 -6.3863868E-04   51.82960    
 -6.3463475E-04   52.69370    
 -6.3063059E-04   53.58256    
 -6.2662666E-04   54.46172    
 -6.2262267E-04   55.30930    
 -6.1861874E-04   56.13594    
 -6.1461458E-04   56.98238    
 -6.1061064E-04   57.88748    
 -6.0660666E-04   58.85959    
 -6.0260261E-04   59.87368    
 -5.9859868E-04   60.89941    
 -5.9459469E-04   61.93293    
 -5.9059076E-04   63.00489    
 -5.8658660E-04   64.15414    
 -5.8258267E-04   65.39085    
 -5.7857868E-04   66.67538    
 -5.7457463E-04   67.94258    
 -5.7057058E-04   69.14511    
 -5.6656665E-04   70.29401    
 -5.6256255E-04   71.44842    
 -5.5855862E-04   72.67688    
 -5.5455457E-04   74.00652    
 -5.5055064E-04   75.40905    
 -5.4654654E-04   76.82890    
 -5.4254261E-04   78.23470    
 -5.3853856E-04   79.65164    
 -5.3453457E-04   81.14699    
 -5.3053064E-04   82.78796    
 -5.2652659E-04   84.59829    
 -5.2252255E-04   86.54980    
 -5.1851856E-04   88.59404    
 -5.1451463E-04   90.69615    
 -5.1051058E-04   92.85341    
 -5.0650653E-04   95.07268    
 -5.0250255E-04   97.34392    
 -4.9849862E-04   99.63058    
 -4.9449445E-04   101.8903    
 -4.9049052E-04   104.1137    
 -4.8648650E-04   106.3428    
 -4.8248249E-04   108.6511    
 -4.7847847E-04   111.1000    
 -4.7447454E-04   113.7023    
 -4.7047061E-04   116.4272    
 -4.6646647E-04   119.2410    
 -4.6246254E-04   122.1383    
 -4.5845853E-04   125.1564    
 -4.5445448E-04   128.3384    
 -4.5045046E-04   131.6895    
 -4.4644653E-04   135.1649    
 -4.4244251E-04   138.6992    
 -4.3843850E-04   142.2563    
 -4.3443445E-04   145.8628    
 -4.3043052E-04   149.5927    
 -4.2642641E-04   153.5157    
 -4.2242248E-04   157.6522    
 -4.1841844E-04   161.9725    
 -4.1441442E-04   166.4358    
 -4.1041040E-04   171.0379    
 -4.0640647E-04   175.8286    
 -4.0240254E-04   180.8815    
 -3.9839841E-04   186.2524    
 -3.9439448E-04   191.9567    
 -3.9039046E-04   197.9855    
 -3.8638641E-04   204.3476    
 -3.8238239E-04   211.0862    
 -3.7837846E-04   218.2592    
 -3.7437433E-04   225.8958    
 -3.7037040E-04   233.9700    
 -3.6636638E-04   242.4379    
 -3.6236245E-04   251.2860    
 -3.5835832E-04   260.5741    
 -3.5435439E-04   270.3986    
 -3.5035037E-04   280.8126    
 -3.4634635E-04   291.7450    
 -3.4234230E-04   302.9996    
 -3.3833840E-04   314.3437    
 -3.3433427E-04   325.6264    
 -3.3033034E-04   336.8426    
 -3.2632641E-04   348.0860    
 -3.2232248E-04   359.4380    
 -3.1831834E-04   370.8673    
 -3.1431441E-04   382.2410    
 -3.1031031E-04   393.4313    
 -3.0630638E-04   404.4309    
 -3.0230224E-04   415.3724    
 -2.9829831E-04   426.4308    
 -2.9429438E-04   437.6789    
 -2.9029025E-04   449.0229    
 -2.8628614E-04   460.2825    
 -2.8228239E-04   471.3691    
 -2.7827828E-04   482.4377    
 -2.7427435E-04   493.8662    
 -2.7027042E-04   506.0894    
 -2.6626629E-04   519.3978    
 -2.6226236E-04   533.8512    
 -2.5825822E-04   549.3739    
 -2.5425432E-04   565.9521    
 -2.5025039E-04   583.7777    
 -2.4624626E-04   603.2147    
 -2.4224212E-04   624.6365    
 -2.3823840E-04   648.2578    
 -2.3423426E-04   674.1178    
 -2.3023014E-04   702.2051    
 -2.2622621E-04   732.6130    
 -2.2222228E-04   765.6025    
 -2.1821816E-04   801.4745    
 -2.1421423E-04   840.3873    
 -2.1021010E-04   882.2918    
 -2.0620637E-04   927.0276    
 -2.0220225E-04   974.5534    
 -1.9819812E-04   1025.031    
 -1.9419439E-04   1078.719    
 -1.9019026E-04   1135.740    
 -1.8618614E-04   1195.883    
 -1.8218221E-04   1258.751    
 -1.7817828E-04   1324.123    
 -1.7417416E-04   1392.203    
 -1.7017023E-04   1463.383    
 -1.6616609E-04   1537.426    
 -1.6216218E-04   1612.364    
 -1.5815825E-04   1683.967    
 -1.5415411E-04   1746.261    
 -1.5014999E-04   1793.195    
 -1.4614625E-04   1820.806    
 -1.4214213E-04   1828.796    
 -1.3813801E-04   1820.646    
 -1.3413427E-04   1802.259    
 -1.3013015E-04   1779.725    
 -1.2612622E-04   1757.450    
 -1.2212209E-04   1737.420    
 -1.1811817E-04   1719.769    
 -1.1411423E-04   1704.042    
 -1.1011012E-04   1690.272    
 -1.0610599E-04   1679.272    
 -1.0210225E-04   1672.217    
 -9.8098128E-05   1669.928    
 -9.4094001E-05   1672.531    
 -9.0090070E-05   1679.612    
 -8.6086147E-05   1690.726    
 -8.2082021E-05   1705.823    
 -7.8078090E-05   1725.219    
 -7.4073963E-05   1749.286    
 -7.0070033E-05   1778.040    
 -6.6066110E-05   1811.055    
 -6.2061983E-05   1847.701    
 -5.8058249E-05   1887.469    
 -5.4054122E-05   1930.180    
 -5.0049995E-05   1975.795    
 -4.6046069E-05   2024.100    
 -4.2042138E-05   2074.495    
 -3.8038012E-05   2126.115    
 -3.4034085E-05   2178.217    
 -3.0029958E-05   2230.606    
 -2.6026029E-05   2283.595    
 -2.2022101E-05   2337.462    
 -1.8017976E-05   2391.581    
 -1.4013849E-05   2443.648    
 -1.0010118E-05   2489.579    
 -6.0059915E-06   2524.308    
 -2.0018651E-06   2543.078    
  2.0018651E-06   2543.080    
  6.0059915E-06   2524.307    
  1.0010118E-05   2489.579    
  1.4014046E-05   2443.646    
  1.8017976E-05   2391.582    
  2.2021904E-05   2337.466    
  2.6026029E-05   2283.596    
  3.0030156E-05   2230.604    
  3.4033888E-05   2178.220    
  3.8038012E-05   2126.115    
  4.2042138E-05   2074.496    
  4.6046069E-05   2024.101    
  5.0049995E-05   1975.795    
  5.4054122E-05   1930.179    
  5.8058053E-05   1887.471    
  6.2061983E-05   1847.701    
  6.6066110E-05   1811.055    
  7.0070033E-05   1778.039    
  7.4074160E-05   1749.286    
  7.8078090E-05   1725.219    
  8.2082021E-05   1705.824    
  8.6086147E-05   1690.726    
  9.0090070E-05   1679.611    
  9.4094001E-05   1672.530    
  9.8098128E-05   1669.928    
  1.0210206E-04   1672.217    
  1.0610618E-04   1679.271    
  1.1011012E-04   1690.272    
  1.1411404E-04   1704.042    
  1.1811817E-04   1719.769    
  1.2212229E-04   1737.419    
  1.2612602E-04   1757.449    
  1.3013015E-04   1779.725    
  1.3413427E-04   1802.260    
  1.3813801E-04   1820.647    
  1.4214213E-04   1828.795    
  1.4614625E-04   1820.806    
  1.5015018E-04   1793.193    
  1.5415411E-04   1746.262    
  1.5815825E-04   1683.967    
  1.6216218E-04   1612.365    
  1.6616630E-04   1537.424    
  1.7017002E-04   1463.386    
  1.7417416E-04   1392.201    
  1.7817828E-04   1324.123    
  1.8218221E-04   1258.751    
  1.8618614E-04   1195.883    
  1.9019026E-04   1135.740    
  1.9419419E-04   1078.721    
  1.9819812E-04   1025.031    
  2.0220225E-04   974.5532    
  2.0620618E-04   927.0306    
  2.1021030E-04   882.2894    
  2.1421423E-04   840.3873    
  2.1821816E-04   801.4745    
  2.2222228E-04   765.6020    
  2.2622642E-04   732.6118    
  2.3023014E-04   702.2051    
  2.3423426E-04   674.1186    
  2.3823819E-04   648.2585    
  2.4224233E-04   624.6365    
  2.4624626E-04   603.2144    
  2.5025019E-04   583.7785    
  2.5425432E-04   565.9517    
  2.5825843E-04   549.3731    
  2.6226215E-04   533.8516    
  2.6626629E-04   519.3978    
  2.7027042E-04   506.0898    
  2.7427415E-04   493.8668    
  2.7827828E-04   482.4384    
  2.8228239E-04   471.3694    
  2.8628632E-04   460.2819    
  2.9029025E-04   449.0234    
  2.9429438E-04   437.6792    
  2.9829831E-04   426.4309    
  3.0230245E-04   415.3718    
  3.0630638E-04   404.4310    
  3.1031031E-04   393.4315    
  3.1431441E-04   382.2404    
  3.1831834E-04   370.8675    
  3.2232227E-04   359.4386    
  3.2632641E-04   348.0858    
  3.3033034E-04   336.8427    
  3.3433427E-04   325.6265    
  3.3833840E-04   314.3434    
  3.4234230E-04   302.9995    
  3.4634644E-04   291.7453    
  3.5035037E-04   280.8126    
  3.5435430E-04   270.3987    
  3.5835843E-04   260.5741    
  3.6236257E-04   251.2857    
  3.6636629E-04   242.4382    
  3.7037040E-04   233.9699    
  3.7437453E-04   225.8947    
  3.7837846E-04   218.2589    
  3.8238239E-04   211.0862    
  3.8638632E-04   204.3480    
  3.9039046E-04   197.9855    
  3.9439456E-04   191.9568    
  3.9839832E-04   186.2530    
  4.0240242E-04   180.8812    
  4.0640656E-04   175.8283    
  4.1041028E-04   171.0384    
  4.1441442E-04   166.4358    
  4.1841855E-04   161.9722    
  4.2242248E-04   157.6521    
  4.2642641E-04   153.5157    
  4.3043052E-04   149.5925    
  4.3443445E-04   145.8629    
  4.3843858E-04   142.2567    
  4.4244251E-04   138.6993    
  4.4644644E-04   135.1650    
  4.5045058E-04   131.6894    
  4.5445448E-04   128.3384    
  4.5845841E-04   125.1567    
  4.6246254E-04   122.1381    
  4.6646647E-04   119.2411    
  4.7047040E-04   116.4279    
  4.7447454E-04   113.7023    
  4.7847847E-04   111.0999    
  4.8248257E-04   108.6514    
  4.8648650E-04   106.3429    
  4.9049046E-04   104.1133    
  4.9449457E-04   101.8901    
  4.9849867E-04   99.63058    
  5.0250243E-04   97.34401    
  5.0650653E-04   95.07264    
  5.1051070E-04   92.85298    
  5.1451463E-04   90.69603    
  5.1851856E-04   88.59414    
  5.2252266E-04   86.54973    
  5.2652659E-04   84.59837    
  5.3053052E-04   82.78798    
  5.3453445E-04   81.14684    
  5.3853856E-04   79.65141    
  5.4254272E-04   78.23489    
  5.4654642E-04   76.82899    
  5.5055058E-04   75.40904    
  5.5455469E-04   74.00665    
  5.5855862E-04   72.67682    
  5.6256255E-04   71.44835    
  5.6656665E-04   70.29424    
  5.7057058E-04   69.14513    
  5.7457475E-04   67.94229    
  5.7857868E-04   66.67526    
  5.8258261E-04   65.39082    
  5.8658671E-04   64.15413    
  5.9059082E-04   63.00460    
  5.9459457E-04   61.93282    
  5.9859868E-04   60.89921    
  6.0260261E-04   59.87360    
  6.0660654E-04   58.85941    
  6.1061064E-04   57.88750    
  6.1461458E-04   56.98230    
  6.1861874E-04   56.13594    
  6.2262267E-04   55.30933    
  6.2662660E-04   54.46190    
  6.3063070E-04   53.58236    
  6.3463481E-04   52.69397    
  6.3863856E-04   51.82972    
  6.4264267E-04   51.00150    
  6.4664683E-04   50.18589    
  6.5065076E-04   49.34602    
  6.5465469E-04   48.46461    
  6.5865880E-04   47.56705    
  6.6266273E-04   46.70757    
  6.6666666E-04   45.93298    
  6.7067076E-04   45.24850    
  6.7467469E-04   44.61604    
  6.7867886E-04   43.98450    
  6.8268256E-04   43.32612    
  6.8668672E-04   42.65437    
  6.9069082E-04   42.00465    
  6.9469475E-04   41.40228    
  6.9869868E-04   40.83762    
  7.0270279E-04   40.27328    
  7.0670672E-04   39.67587    
  7.1071088E-04   39.04153    
  7.1471481E-04   38.40199    
  7.1871874E-04   37.79864    
  7.2272285E-04   37.25738    
  7.2672695E-04   36.76992    
  7.3073071E-04   36.30751    
  7.3473481E-04   35.84381    
  7.3873898E-04   35.36976    
  7.4274268E-04   34.89141    
  7.4674684E-04   34.41230    
  7.5075077E-04   33.92566    
  7.5475487E-04   33.41922    
  7.5875880E-04   32.89486    
  7.6276273E-04   32.37739    
  7.6676684E-04   31.90598    
  7.7077100E-04   31.50759    
  7.7477470E-04   31.17690    
  7.7877886E-04   30.87432    
  7.8278297E-04   30.55163    
  7.8678690E-04   30.18480    
  7.9079083E-04   29.78913    
  7.9479493E-04   29.40519    
  7.9879886E-04   29.06966    
  8.0280280E-04   28.79032    
  8.0680696E-04   28.54352    
  8.1081083E-04   28.29592    
  8.1481499E-04   28.02878    
  8.1881869E-04   27.74828    
  8.2282285E-04   27.47327    
  8.2682696E-04   27.21531    
  8.3083089E-04   26.96710    
  8.3483482E-04   26.71183    
  8.3883893E-04   26.44004    
  8.4284286E-04   26.15985    
  8.4684702E-04   25.89343    
  8.5085095E-04   25.65723    
  8.5485488E-04   25.44768    
  8.5885898E-04   25.24336    
  8.6286291E-04   25.01959    
  8.6686685E-04   24.76745    
  8.7087095E-04   24.49557    
  8.7487511E-04   24.21918    
  8.7887881E-04   23.94326    
  8.8288297E-04   23.65641    
  8.8688708E-04   23.34503    
  8.9089101E-04   23.00737    
  8.9489494E-04   22.66441    
  8.9889887E-04   22.34707    
  9.0290298E-04   22.07448    
  9.0690714E-04   21.83908    
  9.1091084E-04   21.60996    
  9.1491500E-04   21.35658    
  9.1891910E-04   21.07092    
  9.2292303E-04   20.77288    
  9.2692696E-04   20.49215    
  9.3093107E-04   20.24412    
  9.3493500E-04   20.01582    
  9.3893893E-04   19.77501    
  9.4294309E-04   19.49599    
  9.4694702E-04   19.17984    
  9.5095113E-04   18.85505    
  9.5495506E-04   18.55943    
  9.5895899E-04   18.31581    
  9.6296309E-04   18.12191    
  9.6696703E-04   17.96147    
  9.7097096E-04   17.82230    
  9.7497512E-04   17.70732    
  9.7897905E-04   17.62917    
  9.8298315E-04   17.59322    
  9.8698703E-04   17.58465    
  9.9099101E-04   17.57197    
  9.9499512E-04   17.52225    
  9.9899911E-04   17.42129    
  1.0030030E-03   17.27576    
  1.0070071E-03   17.10495    
  1.0110112E-03   16.92308    
  1.0150149E-03   16.73217    
  1.0190191E-03   16.52869    
  1.0230233E-03   16.31561    
  1.0270271E-03   16.10801    
  1.0310311E-03   15.92691    
  1.0350352E-03   15.78355    
  1.0390391E-03   15.67100    
  1.0430432E-03   15.56672    
  1.0470470E-03   15.45043    
  1.0510511E-03   15.31713    
  1.0550553E-03   15.17937    
  1.0590589E-03   15.05234    
  1.0630632E-03   14.93791    
  1.0670673E-03   14.81902    
  1.0710711E-03   14.67174    
  1.0750751E-03   14.48462    
  1.0790792E-03   14.27125    
  1.0830831E-03   14.06421    
  1.0870873E-03   13.89402    
  1.0910912E-03   13.77144    
  1.0950951E-03   13.68200    
  1.0990993E-03   13.60010    
  1.1031034E-03   13.50801    
  1.1071071E-03   13.40635    
  1.1111113E-03   13.30822    
  1.1151151E-03   13.22319    
  1.1191192E-03   13.14614    
  1.1231232E-03   13.06035    
  1.1271271E-03   12.95042    
  1.1311313E-03   12.81676    
  1.1351352E-03   12.67522    
  1.1391392E-03   12.54521    
  1.1431433E-03   12.43403    
  1.1471474E-03   12.33098    
  1.1511511E-03   12.21838    
  1.1551552E-03   12.08761    
  1.1591594E-03   11.94942    
  1.1631633E-03   11.82957    
  1.1671672E-03   11.74979    
  1.1711713E-03   11.71276    
  1.1751753E-03   11.69690    
  1.1791794E-03   11.67055    
  1.1831833E-03   11.61140    
  1.1871873E-03   11.51901    
  1.1911914E-03   11.41245    
  1.1951951E-03   11.31534    
  1.1991992E-03   11.24006    
  1.2032033E-03   11.18068    
  1.2072073E-03   11.11923    
  1.2112112E-03   11.03931    
  1.2152153E-03   10.93465    
  1.2192193E-03   10.81174    
  1.2232234E-03   10.68366    
  1.2272274E-03   10.56254    
  1.2312313E-03   10.45487    
  1.2352354E-03   10.36109    
  1.2392395E-03   10.27895    
  1.2432432E-03   10.20614    
  1.2472473E-03   10.14120    
  1.2512516E-03   10.08351    
  1.2552554E-03   10.03309    
  1.2592594E-03   9.987967    
  1.2632633E-03   9.945116    
  1.2672674E-03   9.897901    
  1.2712714E-03   9.839041    
  1.2752753E-03   9.763385    
  1.2792794E-03   9.671858    
  1.2832836E-03   9.572514    
  1.2872872E-03   9.476439    
  1.2912914E-03   9.390019    
  1.2952955E-03   9.308798    
  1.2992994E-03   9.220340    
  1.3033034E-03   9.112283    
  1.3073075E-03   8.983692    
  1.3113114E-03   8.848813    
  1.3153156E-03   8.731828    
  1.3193195E-03   8.651934    
  1.3233233E-03   8.610933    
  1.3273276E-03   8.591902    
  1.3313317E-03   8.570450    
  1.3353354E-03   8.529730    
  1.3393395E-03   8.471551    
  1.3433433E-03   8.410524    
  1.3473474E-03   8.364216    
  1.3513515E-03   8.338471    
  1.3553553E-03   8.325531    
  1.3593594E-03   8.312652    
  1.3633635E-03   8.293055    
  1.3673676E-03   8.271041    
  1.3713713E-03   8.258080    
  1.3753754E-03   8.260754    
  1.3793795E-03   8.273913    
  1.3833838E-03   8.283490    
  1.3873874E-03   8.276507    
  1.3913916E-03   8.251334    
  1.3953957E-03   8.219149    
  1.3993995E-03   8.193421    
  1.4034036E-03   8.179374    
  1.4074073E-03   8.166648    
  1.4114114E-03   8.136435    
  1.4154156E-03   8.073459    
  1.4194197E-03   7.976950    
  1.4234238E-03   7.862060    
  1.4274279E-03   7.751932    
  1.4314313E-03   7.665227    
  1.4354354E-03   7.608672    
  1.4394395E-03   7.577330    
  1.4434436E-03   7.560040    
  1.4474478E-03   7.545621    
  1.4514514E-03   7.525472    
  1.4554557E-03   7.493608    
  1.4594593E-03   7.446473    
  1.4634635E-03   7.385069    
  1.4674676E-03   7.315911    
  1.4714717E-03   7.249463    
  1.4754755E-03   7.195178    
  1.4794796E-03   7.154540    
  1.4834837E-03   7.120780    
  1.4874878E-03   7.082751    
  1.4914916E-03   7.033325    
  1.4954957E-03   6.975209    
  1.4994994E-03   6.918408    
  1.5035035E-03   6.873171    
  1.5075076E-03   6.842149    
  1.5115119E-03   6.817393    
  1.5155160E-03   6.787704    
  1.5195193E-03   6.746730    
  1.5235234E-03   6.697771    
  1.5275275E-03   6.649597    
  1.5315317E-03   6.608799    
  1.5355358E-03   6.573841    
  1.5395399E-03   6.536104    
  1.5435437E-03   6.488845    
  1.5475478E-03   6.434392    
  1.5515515E-03   6.384596    
  1.5555556E-03   6.352797    
  1.5595597E-03   6.343495    
  1.5635638E-03   6.347417    
  1.5675676E-03   6.347384    
  1.5715717E-03   6.328238    
  1.5755758E-03   6.285696    
  1.5795800E-03   6.226017    
  1.5835837E-03   6.159478    
  1.5875874E-03   6.090683    
  1.5915915E-03   6.016904    
  1.5955957E-03   5.933036    
  1.5995998E-03   5.839181    
  1.6036039E-03   5.743568    
  1.6076081E-03   5.657773    
  1.6116115E-03   5.589136    
  1.6156156E-03   5.534876    
  1.6196197E-03   5.486591    
  1.6236238E-03   5.437934    
  1.6276279E-03   5.391034    
  1.6316320E-03   5.356164    
  1.6356357E-03   5.341879    
  1.6396398E-03   5.346526    
  1.6436436E-03   5.356576    
  1.6476477E-03   5.354418    
  1.6516519E-03   5.330255    
  1.6556560E-03   5.289259    
  1.6596598E-03   5.247047    
  1.6636639E-03   5.220121    
  1.6676680E-03   5.214070    
  1.6716718E-03   5.221771    
  1.6756759E-03   5.230148    
  1.6796796E-03   5.230088    
  1.6836837E-03   5.221864    
  1.6876878E-03   5.212342    
  1.6916919E-03   5.206409    
  1.6956960E-03   5.201602    
  1.6997003E-03   5.189305    
  1.7037035E-03   5.161620    
  1.7077076E-03   5.118787    
  1.7117118E-03   5.069450    
  1.7157159E-03   5.024895    
  1.7197201E-03   4.991663    
  1.7237242E-03   4.966407    
  1.7277279E-03   4.940336    
  1.7317316E-03   4.906106    
  1.7357358E-03   4.862817    
  1.7397399E-03   4.816811    
  1.7437440E-03   4.775369    
  1.7477478E-03   4.741876    
  1.7517519E-03   4.713230    
  1.7557560E-03   4.682522    
  1.7597601E-03   4.643685    
  1.7637638E-03   4.594525    
  1.7677679E-03   4.536367    
  1.7717717E-03   4.472449    
  1.7757758E-03   4.405907    
  1.7797799E-03   4.340306    
  1.7837841E-03   4.279391    
  1.7877882E-03   4.227119    
  1.7917923E-03   4.184843    
  1.7957956E-03   4.149523    
  1.7997999E-03   4.115244    
  1.8038040E-03   4.076547    
  1.8078081E-03   4.033036    
  1.8118122E-03   3.990040    
  1.8158159E-03   3.956786    
  1.8198200E-03   3.938621    
  1.8238238E-03   3.934637    
  1.8278279E-03   3.937841    
  1.8318320E-03   3.939904    
  1.8358361E-03   3.936481    
  1.8398399E-03   3.928293    
  1.8438440E-03   3.918332    
  1.8478482E-03   3.907351    
  1.8518523E-03   3.892592    
  1.8558560E-03   3.870504    
  1.8598601E-03   3.841070    
  1.8638638E-03   3.810019    
  1.8678680E-03   3.785272    
  1.8718721E-03   3.772143    
  1.8758762E-03   3.768205    
  1.8798803E-03   3.765415    
  1.8838837E-03   3.755572    
  1.8878878E-03   3.736192    
  1.8918919E-03   3.712369    
  1.8958960E-03   3.691982    
  1.8999001E-03   3.679707    
  1.9039044E-03   3.673860    
  1.9079080E-03   3.668413    
  1.9119122E-03   3.658091    
  1.9159159E-03   3.643202    
  1.9199200E-03   3.627861    
  1.9239242E-03   3.615644    
  1.9279283E-03   3.605354    
  1.9319321E-03   3.591918    
  1.9359362E-03   3.571001    
  1.9399403E-03   3.544219    
  1.9439440E-03   3.519265    
  1.9479481E-03   3.504500    
  1.9519522E-03   3.501579    
  1.9559560E-03   3.503443    
  1.9599602E-03   3.498601    
  1.9639642E-03   3.479479    
  1.9679684E-03   3.449221    
  1.9719724E-03   3.418735    
  1.9759759E-03   3.399546    
  1.9799799E-03   3.394633    
  1.9839841E-03   3.396082    
  1.9879881E-03   3.391196    
  1.9919924E-03   3.372039    
  1.9959963E-03   3.340305    
  2.0000001E-03   3.305723    
