 -2.0000001E-03   2.635574    
 -1.9959963E-03   2.669451    
 -1.9919921E-03   2.705359    
 -1.9879881E-03   2.739956    
 -1.9839841E-03   2.774573    
 -1.9799802E-03   2.809834    
 -1.9759762E-03   2.841581    
 -1.9719722E-03   2.860762    
 -1.9679682E-03   2.858639    
 -1.9639642E-03   2.833005    
 -1.9599602E-03   2.790748    
 -1.9559562E-03   2.745533    
 -1.9519520E-03   2.711075    
 -1.9479481E-03   2.695106    
 -1.9439441E-03   2.698274    
 -1.9399400E-03   2.715797    
 -1.9359362E-03   2.743706    
 -1.9319321E-03   2.781472    
 -1.9279281E-03   2.832148    
 -1.9239242E-03   2.898451    
 -1.9199200E-03   2.979043    
 -1.9159161E-03   3.065813    
 -1.9119122E-03   3.146596    
 -1.9079080E-03   3.209396    
 -1.9039041E-03   3.248580    
 -1.8999000E-03   3.267403    
 -1.8958960E-03   3.276435    
 -1.8918922E-03   3.288141    
 -1.8878881E-03   3.309386    
 -1.8838841E-03   3.337090    
 -1.8798800E-03   3.359982    
 -1.8758760E-03   3.364663    
 -1.8718721E-03   3.344158    
 -1.8678680E-03   3.303439    
 -1.8638640E-03   3.257427    
 -1.8598601E-03   3.223310    
 -1.8558560E-03   3.211423    
 -1.8518521E-03   3.220497    
 -1.8478479E-03   3.239773    
 -1.8438440E-03   3.257574    
 -1.8398401E-03   3.268680    
 -1.8358360E-03   3.276870    
 -1.8318320E-03   3.290028    
 -1.8278279E-03   3.312964    
 -1.8238240E-03   3.342543    
 -1.8198200E-03   3.369334    
 -1.8158159E-03   3.385123    
 -1.8118119E-03   3.389168    
 -1.8078081E-03   3.390736    
 -1.8038040E-03   3.402778    
 -1.7998000E-03   3.434768    
 -1.7957959E-03   3.486270    
 -1.7917920E-03   3.547612    
 -1.7877880E-03   3.605637    
 -1.7837839E-03   3.650553    
 -1.7797799E-03   3.679635    
 -1.7757760E-03   3.696034    
 -1.7717719E-03   3.705006    
 -1.7677679E-03   3.711396    
 -1.7637638E-03   3.718867    
 -1.7597600E-03   3.731193    
 -1.7557560E-03   3.751667    
 -1.7517519E-03   3.782288    
 -1.7477479E-03   3.821270    
 -1.7437440E-03   3.863711    
 -1.7397399E-03   3.904845    
 -1.7357359E-03   3.944348    
 -1.7317318E-03   3.986994    
 -1.7277279E-03   4.039761    
 -1.7237237E-03   4.105465    
 -1.7197198E-03   4.178262    
 -1.7157159E-03   4.244928    
 -1.7117118E-03   4.291483    
 -1.7077079E-03   4.312299    
 -1.7037039E-03   4.312479    
 -1.6996998E-03   4.306364    
 -1.6956959E-03   4.307970    
 -1.6916919E-03   4.323683    
 -1.6876878E-03   4.349857    
 -1.6836839E-03   4.377245    
 -1.6796797E-03   4.397614    
 -1.6756759E-03   4.408179    
 -1.6716719E-03   4.411427    
 -1.6676678E-03   4.411070    
 -1.6636639E-03   4.408321    
 -1.6596598E-03   4.402293    
 -1.6556558E-03   4.391255    
 -1.6516518E-03   4.376181    
 -1.6476478E-03   4.358982    
 -1.6436438E-03   4.341711    
 -1.6396398E-03   4.323944    
 -1.6356357E-03   4.304216    
 -1.6316319E-03   4.282363    
 -1.6276278E-03   4.262859    
 -1.6236238E-03   4.251184    
 -1.6196198E-03   4.250227    
 -1.6156157E-03   4.254771    
 -1.6116118E-03   4.254740    
 -1.6076078E-03   4.240362    
 -1.6036037E-03   4.214701    
 -1.5995997E-03   4.195431    
 -1.5955957E-03   4.209889    
 -1.5915917E-03   4.279147    
 -1.5875878E-03   4.404307    
 -1.5835837E-03   4.561729    
 -1.5795798E-03   4.711287    
 -1.5755757E-03   4.815861    
 -1.5715717E-03   4.858177    
 -1.5675678E-03   4.848003    
 -1.5635637E-03   4.814252    
 -1.5595597E-03   4.789799    
 -1.5555557E-03   4.796532    
 -1.5515516E-03   4.837722    
 -1.5475478E-03   4.902168    
 -1.5435437E-03   4.972032    
 -1.5395397E-03   5.032128    
 -1.5355357E-03   5.074051    
 -1.5315317E-03   5.097407    
 -1.5275277E-03   5.106357    
 -1.5235236E-03   5.108702    
 -1.5195196E-03   5.112616    
 -1.5155156E-03   5.124134    
 -1.5115116E-03   5.144273    
 -1.5075076E-03   5.168010    
 -1.5035035E-03   5.186106    
 -1.4994997E-03   5.189242    
 -1.4954957E-03   5.174337    
 -1.4914917E-03   5.147109    
 -1.4874877E-03   5.120358    
 -1.4834836E-03   5.109129    
 -1.4794796E-03   5.123377    
 -1.4754756E-03   5.164378    
 -1.4714716E-03   5.224096    
 -1.4674676E-03   5.289743    
 -1.4634635E-03   5.348069    
 -1.4594595E-03   5.391807    
 -1.4554557E-03   5.420618    
 -1.4514516E-03   5.441200    
 -1.4474476E-03   5.464074    
 -1.4434436E-03   5.497369    
 -1.4394395E-03   5.541336    
 -1.4354356E-03   5.584499    
 -1.4314316E-03   5.608841    
 -1.4274275E-03   5.596818    
 -1.4234236E-03   5.543844    
 -1.4194195E-03   5.464028    
 -1.4154156E-03   5.388857    
 -1.4114116E-03   5.353504    
 -1.4074075E-03   5.381077    
 -1.4034036E-03   5.470365    
 -1.3993995E-03   5.597020    
 -1.3953955E-03   5.724762    
 -1.3913916E-03   5.823542    
 -1.3873874E-03   5.881047    
 -1.3833835E-03   5.904357    
 -1.3793795E-03   5.910699    
 -1.3753754E-03   5.915769    
 -1.3713716E-03   5.926521    
 -1.3673675E-03   5.941790    
 -1.3633635E-03   5.959147    
 -1.3593596E-03   5.981168    
 -1.3553554E-03   6.016227    
 -1.3513515E-03   6.073531    
 -1.3473475E-03   6.157552    
 -1.3433434E-03   6.264293    
 -1.3393395E-03   6.383942    
 -1.3353354E-03   6.504356    
 -1.3313314E-03   6.615331    
 -1.3273275E-03   6.708851    
 -1.3233233E-03   6.777538    
 -1.3193195E-03   6.814764    
 -1.3153154E-03   6.816459    
 -1.3113114E-03   6.786969    
 -1.3073074E-03   6.739522    
 -1.3033034E-03   6.694582    
 -1.2992994E-03   6.670619    
 -1.2952955E-03   6.675959    
 -1.2912914E-03   6.705688    
 -1.2872875E-03   6.746032    
 -1.2832835E-03   6.782615    
 -1.2792794E-03   6.809410    
 -1.2752755E-03   6.830208    
 -1.2712714E-03   6.853771    
 -1.2672674E-03   6.886423    
 -1.2632634E-03   6.928104    
 -1.2592594E-03   6.974858    
 -1.2552554E-03   7.025115    
 -1.2512513E-03   7.083728    
 -1.2472473E-03   7.159005    
 -1.2432433E-03   7.254196    
 -1.2392394E-03   7.357907    
 -1.2352354E-03   7.444351    
 -1.2312314E-03   7.484458    
 -1.2272274E-03   7.463517    
 -1.2232234E-03   7.393861    
 -1.2192193E-03   7.314670    
 -1.2152153E-03   7.273540    
 -1.2112113E-03   7.303677    
 -1.2072073E-03   7.405641    
 -1.2032033E-03   7.550581    
 -1.1991992E-03   7.698477    
 -1.1951954E-03   7.824576    
 -1.1911913E-03   7.933301    
 -1.1871873E-03   8.051810    
 -1.1831833E-03   8.207483    
 -1.1791792E-03   8.403665    
 -1.1751753E-03   8.610209    
 -1.1711712E-03   8.777228    
 -1.1671672E-03   8.861769    
 -1.1631633E-03   8.851863    
 -1.1591592E-03   8.773383    
 -1.1551552E-03   8.673225    
 -1.1511513E-03   8.594941    
 -1.1471473E-03   8.558095    
 -1.1431432E-03   8.557551    
 -1.1391392E-03   8.575933    
 -1.1351353E-03   8.603464    
 -1.1311313E-03   8.644735    
 -1.1271272E-03   8.714721    
 -1.1231232E-03   8.823224    
 -1.1191192E-03   8.964925    
 -1.1151151E-03   9.118841    
 -1.1111113E-03   9.259074    
 -1.1071071E-03   9.366427    
 -1.1031033E-03   9.434875    
 -1.0990992E-03   9.468316    
 -1.0950952E-03   9.474190    
 -1.0910912E-03   9.461136    
 -1.0870872E-03   9.441793    
 -1.0830831E-03   9.437310    
 -1.0790792E-03   9.474677    
 -1.0750751E-03   9.574975    
 -1.0710711E-03   9.739782    
 -1.0670673E-03   9.941880    
 -1.0630632E-03   10.13385    
 -1.0590592E-03   10.26902    
 -1.0550552E-03   10.32401    
 -1.0510512E-03   10.31147    
 -1.0470471E-03   10.27337    
 -1.0430432E-03   10.26027    
 -1.0390391E-03   10.30830    
 -1.0350351E-03   10.42613    
 -1.0310311E-03   10.59613    
 -1.0270271E-03   10.78470    
 -1.0230232E-03   10.95641    
 -1.0190191E-03   11.08435    
 -1.0150151E-03   11.15637    
 -1.0110112E-03   11.17645    
 -1.0070070E-03   11.16375    
 -1.0030031E-03   11.14668    
 -9.9899911E-04   11.15299    
 -9.9499500E-04   11.19843    
 -9.9099113E-04   11.27929    
 -9.8698703E-04   11.37901    
 -9.8298315E-04   11.48233    
 -9.7897905E-04   11.59123    
 -9.7497512E-04   11.72884    
 -9.7097107E-04   11.92706    
 -9.6696703E-04   12.20387    
 -9.6296304E-04   12.54466    
 -9.5895911E-04   12.90376    
 -9.5495506E-04   13.22722    
 -9.5095101E-04   13.48298    
 -9.4694702E-04   13.68029    
 -9.4294309E-04   13.86039    
 -9.3893893E-04   14.06929    
 -9.3493500E-04   14.32567    
 -9.3093107E-04   14.60675    
 -9.2692696E-04   14.86058    
 -9.2292303E-04   15.04064    
 -9.1891899E-04   15.13476    
 -9.1491506E-04   15.17346    
 -9.1091095E-04   15.21412    
 -9.0690702E-04   15.30805    
 -9.0290298E-04   15.47467    
 -8.9889899E-04   15.69559    
 -8.9489494E-04   15.92951    
 -8.9089101E-04   16.13991    
 -8.8688690E-04   16.31655    
 -8.8288297E-04   16.47935    
 -8.7887893E-04   16.66715    
 -8.7487500E-04   16.91447    
 -8.7087089E-04   17.23051    
 -8.6686696E-04   17.59244    
 -8.6286303E-04   17.95170    
 -8.5885887E-04   18.25661    
 -8.5485494E-04   18.47534    
 -8.5085095E-04   18.61439    
 -8.4684690E-04   18.71731    
 -8.4284286E-04   18.84360    
 -8.3883893E-04   19.04462    
 -8.3483494E-04   19.33717    
 -8.3083089E-04   19.69970    
 -8.2682684E-04   20.08488    
 -8.2282291E-04   20.44545    
 -8.1881881E-04   20.75616    
 -8.1481488E-04   21.01954    
 -8.1081083E-04   21.25715    
 -8.0680696E-04   21.49586    
 -8.0280280E-04   21.75624    
 -7.9879886E-04   22.04882    
 -7.9479493E-04   22.37971    
 -7.9079083E-04   22.74920    
 -7.8678690E-04   23.14947    
 -7.8278285E-04   23.56082    
 -7.7877886E-04   23.96008    
 -7.7477482E-04   24.33805    
 -7.7077089E-04   24.71395    
 -7.6676684E-04   25.13853    
 -7.6276285E-04   25.66899    
 -7.5875880E-04   26.33110    
 -7.5475487E-04   27.08922    
 -7.5075077E-04   27.85202    
 -7.4674684E-04   28.51144    
 -7.4274279E-04   29.00184    
 -7.3873874E-04   29.33668    
 -7.3473481E-04   29.60480    
 -7.3073083E-04   29.91912    
 -7.2672690E-04   30.35765    
 -7.2272273E-04   30.92314    
 -7.1871880E-04   31.55382    
 -7.1471481E-04   32.16478    
 -7.1071077E-04   32.69699    
 -7.0670672E-04   33.14010    
 -7.0270279E-04   33.52457    
 -6.9869880E-04   33.89002    
 -6.9469475E-04   34.26421    
 -6.9069071E-04   34.65861    
 -6.8668678E-04   35.07945    
 -6.8268267E-04   35.53647    
 -6.7867874E-04   36.04095    
 -6.7467469E-04   36.59404    
 -6.7067071E-04   37.17479    
 -6.6666678E-04   37.75143    
 -6.6266273E-04   38.29694    
 -6.5865880E-04   38.80982    
 -6.5465469E-04   39.31020    
 -6.5065076E-04   39.82399    
 -6.4664672E-04   40.36472    
 -6.4264267E-04   40.92709    
 -6.3863868E-04   41.50656    
 -6.3463475E-04   42.11827    
 -6.3063059E-04   42.80124    
 -6.2662666E-04   43.59902    
 -6.2262267E-04   44.51988    
 -6.1861874E-04   45.51760    
 -6.1461458E-04   46.50465    
 -6.1061064E-04   47.39872    
 -6.0660666E-04   48.17045    
 -6.0260261E-04   48.86425    
 -5.9859868E-04   49.56549    
 -5.9459469E-04   50.34996    
 -5.9059076E-04   51.23394    
 -5.8658660E-04   52.17193    
 -5.8258267E-04   53.09587    
 -5.7857868E-04   53.96703    
 -5.7457463E-04   54.80643    
 -5.7057058E-04   55.67960    
 -5.6656665E-04   56.65658    
 -5.6256255E-04   57.76469    
 -5.5855862E-04   58.97684    
 -5.5455457E-04   60.23139    
 -5.5055064E-04   61.46706    
 -5.4654654E-04   62.65228    
 -5.4254261E-04   63.78917    
 -5.3853856E-04   64.90100    
 -5.3453457E-04   66.01532    
 -5.3053064E-04   67.15553    
 -5.2652659E-04   68.33822    
 -5.2252255E-04   69.56920    
 -5.1851856E-04   70.83938    
 -5.1451463E-04   72.12352    
 -5.1051058E-04   73.39299    
 -5.0650653E-04   74.64254    
 -5.0250255E-04   75.91699    
 -4.9849862E-04   77.31446    
 -4.9449445E-04   78.95705    
 -4.9049052E-04   80.92886    
 -4.8648650E-04   83.23011    
 -4.8248249E-04   85.76053    
 -4.7847847E-04   88.35854    
 -4.7447454E-04   90.87130    
 -4.7047061E-04   93.22365    
 -4.6646647E-04   95.44063    
 -4.6246254E-04   97.62302    
 -4.5845853E-04   99.88519    
 -4.5445448E-04   102.2919    
 -4.5045046E-04   104.8237    
 -4.4644653E-04   107.3893    
 -4.4244251E-04   109.8711    
 -4.3843850E-04   112.1931    
 -4.3443445E-04   114.3713    
 -4.3043052E-04   116.5362    
 -4.2642641E-04   118.8987    
 -4.2242248E-04   121.6731    
 -4.1841844E-04   124.9888    
 -4.1441442E-04   128.8168    
 -4.1041040E-04   132.9680    
 -4.0640647E-04   137.1623    
 -4.0240254E-04   141.1478    
 -3.9839841E-04   144.8032    
 -3.9439448E-04   148.1805    
 -3.9039046E-04   151.4519    
 -3.8638641E-04   154.8134    
 -3.8238239E-04   158.3879    
 -3.7837846E-04   162.2049    
 -3.7437433E-04   166.2385    
 -3.7037040E-04   170.4905    
 -3.6636638E-04   175.0370    
 -3.6236245E-04   180.0098    
 -3.5835832E-04   185.5304    
 -3.5435439E-04   191.6268    
 -3.5035037E-04   198.2128    
 -3.4634635E-04   205.1298    
 -3.4234230E-04   212.2278    
 -3.3833840E-04   219.4421    
 -3.3433427E-04   226.8152    
 -3.3033034E-04   234.4678    
 -3.2632641E-04   242.5348    
 -3.2232248E-04   251.1093    
 -3.1831834E-04   260.2068    
 -3.1431441E-04   269.7685    
 -3.1031031E-04   279.6835    
 -3.0630638E-04   289.8371    
 -3.0230224E-04   300.1664    
 -2.9829831E-04   310.7166    
 -2.9429438E-04   321.6633    
 -2.9029025E-04   333.2715    
 -2.8628614E-04   345.7917    
 -2.8228239E-04   359.3366    
 -2.7827828E-04   373.8220    
 -2.7427435E-04   388.9845    
 -2.7027042E-04   404.5206    
 -2.6626629E-04   420.2417    
 -2.6226236E-04   436.1701    
 -2.5825822E-04   452.5228    
 -2.5425432E-04   469.5833    
 -2.5025039E-04   487.5769    
 -2.4624626E-04   506.6035    
 -2.4224212E-04   526.6809    
 -2.3823840E-04   547.8376    
 -2.3423426E-04   570.1712    
 -2.3023014E-04   593.8120    
 -2.2622621E-04   618.8350    
 -2.2222228E-04   645.1929    
 -2.1821816E-04   672.7535    
 -2.1421423E-04   701.4150    
 -2.1021010E-04   731.2717    
 -2.0620637E-04   762.6187    
 -2.0220225E-04   795.8340    
 -1.9819812E-04   831.1254    
 -1.9419439E-04   868.3401    
 -1.9019026E-04   906.9744    
 -1.8618614E-04   946.3627    
 -1.8218221E-04   986.0117    
 -1.7817828E-04   1025.871    
 -1.7417416E-04   1066.364    
 -1.7017023E-04   1108.182    
 -1.6616609E-04   1151.972    
 -1.6216218E-04   1198.026    
 -1.5815825E-04   1246.189    
 -1.5415411E-04   1295.949    
 -1.5014999E-04   1346.667    
 -1.4614625E-04   1397.795    
 -1.4214213E-04   1449.062    
 -1.3813801E-04   1500.443    
 -1.3413427E-04   1552.092    
 -1.3013015E-04   1604.217    
 -1.2612622E-04   1656.966    
 -1.2212209E-04   1710.345    
 -1.1811817E-04   1764.236    
 -1.1411423E-04   1818.454    
 -1.1011012E-04   1872.814    
 -1.0610599E-04   1927.209    
 -1.0210225E-04   1981.591    
 -9.8098128E-05   2035.951    
 -9.4094001E-05   2090.192    
 -9.0090070E-05   2144.083    
 -8.6086147E-05   2197.261    
 -8.2082021E-05   2249.329    
 -7.8078090E-05   2299.926    
 -7.4073963E-05   2348.832    
 -7.0070033E-05   2395.912    
 -6.6066110E-05   2441.071    
 -6.2061983E-05   2484.163    
 -5.8058249E-05   2524.938    
 -5.4054122E-05   2563.146    
 -5.0049995E-05   2598.568    
 -4.6046069E-05   2631.100    
 -4.2042138E-05   2660.741    
 -3.8038012E-05   2687.493    
 -3.4034085E-05   2711.366    
 -3.0029958E-05   2732.312    
 -2.6026029E-05   2750.303    
 -2.2022101E-05   2765.391    
 -1.8017976E-05   2777.715    
 -1.4013849E-05   2787.443    
 -1.0010118E-05   2794.719    
 -6.0059915E-06   2799.593    
 -2.0018651E-06   2802.049    
  2.0018651E-06   2802.050    
  6.0059915E-06   2799.594    
  1.0010118E-05   2794.718    
  1.4014046E-05   2787.444    
  1.8017976E-05   2777.716    
  2.2021904E-05   2765.392    
  2.6026029E-05   2750.304    
  3.0030156E-05   2732.311    
  3.4033888E-05   2711.367    
  3.8038012E-05   2687.496    
  4.2042138E-05   2660.741    
  4.6046069E-05   2631.101    
  5.0049995E-05   2598.569    
  5.4054122E-05   2563.144    
  5.8058053E-05   2524.943    
  6.2061983E-05   2484.163    
  6.6066110E-05   2441.072    
  7.0070033E-05   2395.913    
  7.4074160E-05   2348.830    
  7.8078090E-05   2299.925    
  8.2082021E-05   2249.330    
  8.6086147E-05   2197.261    
  9.0090070E-05   2144.083    
  9.4094001E-05   2090.193    
  9.8098128E-05   2035.952    
  1.0210206E-04   1981.595    
  1.0610618E-04   1927.207    
  1.1011012E-04   1872.814    
  1.1411404E-04   1818.457    
  1.1811817E-04   1764.236    
  1.2212229E-04   1710.343    
  1.2612602E-04   1656.969    
  1.3013015E-04   1604.217    
  1.3413427E-04   1552.092    
  1.3813801E-04   1500.443    
  1.4214213E-04   1449.063    
  1.4614625E-04   1397.795    
  1.5015018E-04   1346.664    
  1.5415411E-04   1295.949    
  1.5815825E-04   1246.189    
  1.6216218E-04   1198.026    
  1.6616630E-04   1151.970    
  1.7017002E-04   1108.184    
  1.7417416E-04   1066.364    
  1.7817828E-04   1025.872    
  1.8218221E-04   986.0117    
  1.8618614E-04   946.3627    
  1.9019026E-04   906.9752    
  1.9419419E-04   868.3426    
  1.9819812E-04   831.1257    
  2.0220225E-04   795.8342    
  2.0620618E-04   762.6204    
  2.1021030E-04   731.2708    
  2.1421423E-04   701.4148    
  2.1821816E-04   672.7535    
  2.2222228E-04   645.1926    
  2.2622642E-04   618.8329    
  2.3023014E-04   593.8121    
  2.3423426E-04   570.1711    
  2.3823819E-04   547.8383    
  2.4224233E-04   526.6802    
  2.4624626E-04   506.6033    
  2.5025019E-04   487.5773    
  2.5425432E-04   469.5835    
  2.5825843E-04   452.5223    
  2.6226215E-04   436.1706    
  2.6626629E-04   420.2415    
  2.7027042E-04   404.5205    
  2.7427415E-04   388.9854    
  2.7827828E-04   373.8219    
  2.8228239E-04   359.3364    
  2.8628632E-04   345.7901    
  2.9029025E-04   333.2714    
  2.9429438E-04   321.6635    
  2.9829831E-04   310.7166    
  3.0230245E-04   300.1658    
  3.0630638E-04   289.8370    
  3.1031031E-04   279.6833    
  3.1431441E-04   269.7685    
  3.1831834E-04   260.2070    
  3.2232227E-04   251.1096    
  3.2632641E-04   242.5346    
  3.3033034E-04   234.4679    
  3.3433427E-04   226.8150    
  3.3833840E-04   219.4419    
  3.4234230E-04   212.2278    
  3.4634644E-04   205.1301    
  3.5035037E-04   198.2129    
  3.5435430E-04   191.6267    
  3.5835843E-04   185.5305    
  3.6236257E-04   180.0104    
  3.6636629E-04   175.0367    
  3.7037040E-04   170.4906    
  3.7437453E-04   166.2387    
  3.7837846E-04   162.2049    
  3.8238239E-04   158.3877    
  3.8638632E-04   154.8134    
  3.9039046E-04   151.4520    
  3.9439456E-04   148.1801    
  3.9839832E-04   144.8038    
  4.0240242E-04   141.1476    
  4.0640656E-04   137.1624    
  4.1041028E-04   132.9683    
  4.1441442E-04   128.8170    
  4.1841855E-04   124.9886    
  4.2242248E-04   121.6731    
  4.2642641E-04   118.8987    
  4.3043052E-04   116.5363    
  4.3443445E-04   114.3716    
  4.3843858E-04   112.1930    
  4.4244251E-04   109.8710    
  4.4644644E-04   107.3894    
  4.5045058E-04   104.8238    
  4.5445448E-04   102.2918    
  4.5845841E-04   99.88533    
  4.6246254E-04   97.62307    
  4.6646647E-04   95.44054    
  4.7047040E-04   93.22378    
  4.7447454E-04   90.87135    
  4.7847847E-04   88.35857    
  4.8248257E-04   85.76052    
  4.8648650E-04   83.23006    
  4.9049046E-04   80.92918    
  4.9449457E-04   78.95658    
  4.9849867E-04   77.31431    
  5.0250243E-04   75.91680    
  5.0650653E-04   74.64269    
  5.1051070E-04   73.39304    
  5.1451463E-04   72.12360    
  5.1851856E-04   70.83936    
  5.2252266E-04   69.56868    
  5.2652659E-04   68.33821    
  5.3053052E-04   67.15607    
  5.3453445E-04   66.01547    
  5.3853856E-04   64.90097    
  5.4254272E-04   63.78925    
  5.4654642E-04   62.65233    
  5.5055058E-04   61.46713    
  5.5455469E-04   60.23133    
  5.5855862E-04   58.97683    
  5.6256255E-04   57.76476    
  5.6656665E-04   56.65665    
  5.7057058E-04   55.67968    
  5.7457475E-04   54.80624    
  5.7857868E-04   53.96702    
  5.8258261E-04   53.09585    
  5.8658671E-04   52.17196    
  5.9059082E-04   51.23385    
  5.9459457E-04   50.35004    
  5.9859868E-04   49.56553    
  6.0260261E-04   48.86425    
  6.0660654E-04   48.17020    
  6.1061064E-04   47.39875    
  6.1461458E-04   46.50463    
  6.1861874E-04   45.51752    
  6.2262267E-04   44.51987    
  6.2662660E-04   43.59900    
  6.3063070E-04   42.80172    
  6.3463481E-04   42.11829    
  6.3863856E-04   41.50675    
  6.4264267E-04   40.92702    
  6.4664683E-04   40.36467    
  6.5065076E-04   39.82394    
  6.5465469E-04   39.31013    
  6.5865880E-04   38.80989    
  6.6266273E-04   38.29701    
  6.6666666E-04   37.75131    
  6.7067076E-04   37.17475    
  6.7467469E-04   36.59402    
  6.7867886E-04   36.04113    
  6.8268256E-04   35.53653    
  6.8668672E-04   35.07940    
  6.9069082E-04   34.65871    
  6.9469475E-04   34.26417    
  6.9869868E-04   33.89008    
  7.0270279E-04   33.52468    
  7.0670672E-04   33.14011    
  7.1071088E-04   32.69687    
  7.1471481E-04   32.16475    
  7.1871874E-04   31.55382    
  7.2272285E-04   30.92318    
  7.2672695E-04   30.35758    
  7.3073071E-04   29.91927    
  7.3473481E-04   29.60485    
  7.3873898E-04   29.33673    
  7.4274268E-04   29.00186    
  7.4674684E-04   28.51147    
  7.5075077E-04   27.85196    
  7.5475487E-04   27.08920    
  7.5875880E-04   26.33107    
  7.6276273E-04   25.66895    
  7.6676684E-04   25.13861    
  7.7077100E-04   24.71391    
  7.7477470E-04   24.33796    
  7.7877886E-04   23.96012    
  7.8278297E-04   23.56079    
  7.8678690E-04   23.14950    
  7.9079083E-04   22.74920    
  7.9479493E-04   22.37974    
  7.9879886E-04   22.04882    
  8.0280280E-04   21.75619    
  8.0680696E-04   21.49584    
  8.1081083E-04   21.25712    
  8.1481499E-04   21.01942    
  8.1881869E-04   20.75628    
  8.2282285E-04   20.44552    
  8.2682696E-04   20.08494    
  8.3083089E-04   19.69969    
  8.3483482E-04   19.33733    
  8.3883893E-04   19.04463    
  8.4284286E-04   18.84355    
  8.4684702E-04   18.71732    
  8.5085095E-04   18.61433    
  8.5485488E-04   18.47530    
  8.5885898E-04   18.25651    
  8.6286291E-04   17.95188    
  8.6686685E-04   17.59240    
  8.7087095E-04   17.23042    
  8.7487511E-04   16.91416    
  8.7887881E-04   16.66713    
  8.8288297E-04   16.47929    
  8.8688708E-04   16.31667    
  8.9089101E-04   16.13996    
  8.9489494E-04   15.92949    
  8.9889887E-04   15.69539    
  9.0290298E-04   15.47465    
  9.0690714E-04   15.30794    
  9.1091084E-04   15.21406    
  9.1491500E-04   15.17341    
  9.1891910E-04   15.13481    
  9.2292303E-04   15.04063    
  9.2692696E-04   14.86056    
  9.3093107E-04   14.60680    
  9.3493500E-04   14.32574    
  9.3893893E-04   14.06931    
  9.4294309E-04   13.86048    
  9.4694702E-04   13.68026    
  9.5095113E-04   13.48310    
  9.5495506E-04   13.22721    
  9.5895899E-04   12.90349    
  9.6296309E-04   12.54462    
  9.6696703E-04   12.20390    
  9.7097096E-04   11.92727    
  9.7497512E-04   11.72886    
  9.7897905E-04   11.59123    
  9.8298315E-04   11.48233    
  9.8698703E-04   11.37897    
  9.9099101E-04   11.27923    
  9.9499512E-04   11.19850    
  9.9899911E-04   11.15294    
  1.0030030E-03   11.14682    
  1.0070071E-03   11.16382    
  1.0110112E-03   11.17650    
  1.0150149E-03   11.15633    
  1.0190191E-03   11.08431    
  1.0230233E-03   10.95631    
  1.0270271E-03   10.78470    
  1.0310311E-03   10.59616    
  1.0350352E-03   10.42615    
  1.0390391E-03   10.30832    
  1.0430432E-03   10.26034    
  1.0470470E-03   10.27342    
  1.0510511E-03   10.31156    
  1.0550553E-03   10.32390    
  1.0590589E-03   10.26895    
  1.0630632E-03   10.13371    
  1.0670673E-03   9.941847    
  1.0710711E-03   9.739781    
  1.0750751E-03   9.574989    
  1.0790792E-03   9.474696    
  1.0830831E-03   9.437371    
  1.0870873E-03   9.441791    
  1.0910912E-03   9.461144    
  1.0950951E-03   9.474252    
  1.0990993E-03   9.468446    
  1.1031034E-03   9.434968    
  1.1071071E-03   9.366405    
  1.1111113E-03   9.259104    
  1.1151151E-03   9.118874    
  1.1191192E-03   8.964978    
  1.1231232E-03   8.823256    
  1.1271271E-03   8.714638    
  1.1311313E-03   8.644770    
  1.1351352E-03   8.603408    
  1.1391392E-03   8.575869    
  1.1431433E-03   8.557592    
  1.1471474E-03   8.558147    
  1.1511511E-03   8.594851    
  1.1551552E-03   8.673251    
  1.1591594E-03   8.773412    
  1.1631633E-03   8.851880    
  1.1671672E-03   8.861791    
  1.1711713E-03   8.777184    
  1.1751753E-03   8.610210    
  1.1791794E-03   8.403570    
  1.1831833E-03   8.207472    
  1.1871873E-03   8.051791    
  1.1911914E-03   7.933288    
  1.1951951E-03   7.824605    
  1.1991992E-03   7.698431    
  1.2032033E-03   7.550560    
  1.2072073E-03   7.405567    
  1.2112112E-03   7.303703    
  1.2152153E-03   7.273494    
  1.2192193E-03   7.314664    
  1.2232234E-03   7.393871    
  1.2272274E-03   7.463580    
  1.2312313E-03   7.484610    
  1.2352354E-03   7.444369    
  1.2392395E-03   7.357767    
  1.2432432E-03   7.254247    
  1.2472473E-03   7.158983    
  1.2512516E-03   7.083597    
  1.2552554E-03   7.025119    
  1.2592594E-03   6.974870    
  1.2632633E-03   6.928072    
  1.2672674E-03   6.886402    
  1.2712714E-03   6.853800    
  1.2752753E-03   6.830272    
  1.2792794E-03   6.809425    
  1.2832836E-03   6.782494    
  1.2872872E-03   6.745934    
  1.2912914E-03   6.705703    
  1.2952955E-03   6.675966    
  1.2992994E-03   6.670660    
  1.3033034E-03   6.694642    
  1.3073075E-03   6.739790    
  1.3113114E-03   6.786979    
  1.3153156E-03   6.816431    
  1.3193195E-03   6.814795    
  1.3233233E-03   6.777554    
  1.3273276E-03   6.708713    
  1.3313317E-03   6.615345    
  1.3353354E-03   6.504379    
  1.3393395E-03   6.383976    
  1.3433433E-03   6.264318    
  1.3473474E-03   6.157489    
  1.3513515E-03   6.073531    
  1.3553553E-03   6.016107    
  1.3593594E-03   5.981123    
  1.3633635E-03   5.959159    
  1.3673676E-03   5.941706    
  1.3713713E-03   5.926478    
  1.3753754E-03   5.915776    
  1.3793795E-03   5.910703    
  1.3833838E-03   5.904391    
  1.3873874E-03   5.881042    
  1.3913916E-03   5.823534    
  1.3953957E-03   5.724792    
  1.3993995E-03   5.596889    
  1.4034036E-03   5.470428    
  1.4074073E-03   5.381102    
  1.4114114E-03   5.353511    
  1.4154156E-03   5.388858    
  1.4194197E-03   5.464109    
  1.4234238E-03   5.543962    
  1.4274279E-03   5.596864    
  1.4314313E-03   5.608994    
  1.4354354E-03   5.584602    
  1.4394395E-03   5.541386    
  1.4434436E-03   5.497355    
  1.4474478E-03   5.464062    
  1.4514514E-03   5.441223    
  1.4554557E-03   5.420591    
  1.4594593E-03   5.391821    
  1.4634635E-03   5.348050    
  1.4674676E-03   5.289752    
  1.4714717E-03   5.223965    
  1.4754755E-03   5.164372    
  1.4794796E-03   5.123415    
  1.4834837E-03   5.109110    
  1.4874878E-03   5.120450    
  1.4914916E-03   5.147075    
  1.4954957E-03   5.174333    
  1.4994994E-03   5.189270    
  1.5035035E-03   5.186094    
  1.5075076E-03   5.168035    
  1.5115119E-03   5.144194    
  1.5155160E-03   5.124111    
  1.5195193E-03   5.112751    
  1.5235234E-03   5.108748    
  1.5275275E-03   5.106374    
  1.5315317E-03   5.097415    
  1.5355358E-03   5.074100    
  1.5395399E-03   5.032022    
  1.5435437E-03   4.972034    
  1.5475478E-03   4.902181    
  1.5515515E-03   4.837696    
  1.5555556E-03   4.796537    
  1.5595597E-03   4.789783    
  1.5635638E-03   4.814185    
  1.5675676E-03   4.847814    
  1.5715717E-03   4.858140    
  1.5755758E-03   4.815810    
  1.5795800E-03   4.711256    
  1.5835837E-03   4.561762    
  1.5875874E-03   4.404409    
  1.5915915E-03   4.279152    
  1.5955957E-03   4.209888    
  1.5995998E-03   4.195463    
  1.6036039E-03   4.214779    
  1.6076081E-03   4.240505    
  1.6116115E-03   4.254620    
  1.6156156E-03   4.254964    
  1.6196197E-03   4.250159    
  1.6236238E-03   4.251198    
  1.6276279E-03   4.262912    
  1.6316320E-03   4.282518    
  1.6356357E-03   4.304195    
  1.6396398E-03   4.323918    
  1.6436436E-03   4.341742    
  1.6476477E-03   4.359032    
  1.6516519E-03   4.376098    
  1.6556560E-03   4.391352    
  1.6596598E-03   4.402313    
  1.6636639E-03   4.408349    
  1.6676680E-03   4.410990    
  1.6716718E-03   4.411437    
  1.6756759E-03   4.408219    
  1.6796796E-03   4.397663    
  1.6836837E-03   4.377302    
  1.6876878E-03   4.349855    
  1.6916919E-03   4.323695    
  1.6956960E-03   4.307958    
  1.6997003E-03   4.306484    
  1.7037035E-03   4.312410    
  1.7077076E-03   4.312275    
  1.7117118E-03   4.291501    
  1.7157159E-03   4.244933    
  1.7197201E-03   4.178330    
  1.7237242E-03   4.105406    
  1.7277279E-03   4.039779    
  1.7317316E-03   3.986972    
  1.7357358E-03   3.944416    
  1.7397399E-03   3.904843    
  1.7437440E-03   3.863710    
  1.7477478E-03   3.821136    
  1.7517519E-03   3.782304    
  1.7557560E-03   3.751659    
  1.7597601E-03   3.731185    
  1.7637638E-03   3.718863    
  1.7677679E-03   3.711447    
  1.7717717E-03   3.705153    
  1.7757758E-03   3.696099    
  1.7797799E-03   3.679638    
  1.7837841E-03   3.650578    
  1.7877882E-03   3.605577    
  1.7917923E-03   3.547635    
  1.7957956E-03   3.486233    
  1.7997999E-03   3.434739    
  1.8038040E-03   3.402758    
  1.8078081E-03   3.390730    
  1.8118122E-03   3.389274    
  1.8158159E-03   3.385119    
  1.8198200E-03   3.369326    
  1.8238238E-03   3.342469    
  1.8278279E-03   3.312973    
  1.8318320E-03   3.290016    
  1.8358361E-03   3.276775    
  1.8398399E-03   3.268733    
  1.8438440E-03   3.257597    
  1.8478482E-03   3.239772    
  1.8518523E-03   3.220495    
  1.8558560E-03   3.211408    
  1.8598601E-03   3.223290    
  1.8638638E-03   3.257350    
  1.8678680E-03   3.303467    
  1.8718721E-03   3.344174    
  1.8758762E-03   3.364676    
  1.8798803E-03   3.359968    
  1.8838837E-03   3.337090    
  1.8878878E-03   3.309326    
  1.8918919E-03   3.288134    
  1.8958960E-03   3.276441    
  1.8999001E-03   3.267372    
  1.9039044E-03   3.248533    
  1.9079080E-03   3.209455    
  1.9119122E-03   3.146612    
  1.9159159E-03   3.065855    
  1.9199200E-03   2.979035    
  1.9239242E-03   2.898441    
  1.9279283E-03   2.832107    
  1.9319321E-03   2.781452    
  1.9359362E-03   2.743702    
  1.9399403E-03   2.715823    
  1.9439440E-03   2.698317    
  1.9479481E-03   2.695115    
  1.9519522E-03   2.711079    
  1.9559560E-03   2.745542    
  1.9599602E-03   2.790737    
  1.9639642E-03   2.833006    
  1.9679684E-03   2.858700    
  1.9719724E-03   2.860771    
  1.9759759E-03   2.841593    
  1.9799799E-03   2.809841    
  1.9839841E-03   2.774569    
  1.9879881E-03   2.739945    
  1.9919924E-03   2.705321    
  1.9959963E-03   2.669439    
  2.0000001E-03   2.635612    
