 -2.0000001E-03   3.161774    
 -1.9959963E-03   3.116260    
 -1.9919921E-03   3.081413    
 -1.9879881E-03   3.053654    
 -1.9839841E-03   3.026383    
 -1.9799802E-03   2.998236    
 -1.9759762E-03   2.974177    
 -1.9719722E-03   2.962225    
 -1.9679682E-03   2.965786    
 -1.9639642E-03   2.980358    
 -1.9599602E-03   2.994439    
 -1.9559562E-03   2.996160    
 -1.9519520E-03   2.978517    
 -1.9479481E-03   2.943072    
 -1.9439441E-03   2.898414    
 -1.9399400E-03   2.856604    
 -1.9359362E-03   2.830431    
 -1.9319321E-03   2.829774    
 -1.9279281E-03   2.859622    
 -1.9239242E-03   2.919241    
 -1.9199200E-03   2.998866    
 -1.9159161E-03   3.081126    
 -1.9119122E-03   3.144053    
 -1.9079080E-03   3.167306    
 -1.9039041E-03   3.141580    
 -1.8999000E-03   3.074416    
 -1.8958960E-03   2.989311    
 -1.8918922E-03   2.918802    
 -1.8878881E-03   2.891219    
 -1.8838841E-03   2.918916    
 -1.8798800E-03   2.993565    
 -1.8758760E-03   3.089595    
 -1.8718721E-03   3.177775    
 -1.8678680E-03   3.237714    
 -1.8638640E-03   3.266000    
 -1.8598601E-03   3.273712    
 -1.8558560E-03   3.277644    
 -1.8518521E-03   3.288680    
 -1.8478479E-03   3.306856    
 -1.8438440E-03   3.325412    
 -1.8398401E-03   3.338276    
 -1.8358360E-03   3.346221    
 -1.8318320E-03   3.356068    
 -1.8278279E-03   3.374532    
 -1.8238240E-03   3.401453    
 -1.8198200E-03   3.429808    
 -1.8158159E-03   3.451581    
 -1.8118119E-03   3.467862    
 -1.8078081E-03   3.491215    
 -1.8038040E-03   3.539200    
 -1.7998000E-03   3.622049    
 -1.7957959E-03   3.730803    
 -1.7917920E-03   3.839085    
 -1.7877880E-03   3.914994    
 -1.7837839E-03   3.938478    
 -1.7797799E-03   3.912531    
 -1.7757760E-03   3.860287    
 -1.7717719E-03   3.810604    
 -1.7677679E-03   3.783428    
 -1.7637638E-03   3.781250    
 -1.7597600E-03   3.795071    
 -1.7557560E-03   3.814720    
 -1.7517519E-03   3.836673    
 -1.7477479E-03   3.865338    
 -1.7437440E-03   3.904578    
 -1.7397399E-03   3.950693    
 -1.7357359E-03   3.991014    
 -1.7317318E-03   4.011073    
 -1.7277279E-03   4.002223    
 -1.7237237E-03   3.966733    
 -1.7197198E-03   3.914894    
 -1.7157159E-03   3.857686    
 -1.7117118E-03   3.802651    
 -1.7077079E-03   3.753358    
 -1.7037039E-03   3.712996    
 -1.6996998E-03   3.687829    
 -1.6956959E-03   3.686579    
 -1.6916919E-03   3.716420    
 -1.6876878E-03   3.777808    
 -1.6836839E-03   3.865195    
 -1.6796797E-03   3.969526    
 -1.6756759E-03   4.081169    
 -1.6716719E-03   4.190789    
 -1.6676678E-03   4.287550    
 -1.6636639E-03   4.359128    
 -1.6596598E-03   4.395336    
 -1.6556558E-03   4.395108    
 -1.6516518E-03   4.371633    
 -1.6476478E-03   4.350445    
 -1.6436438E-03   4.357843    
 -1.6396398E-03   4.407379    
 -1.6356357E-03   4.493977    
 -1.6316319E-03   4.596585    
 -1.6276278E-03   4.691992    
 -1.6236238E-03   4.765617    
 -1.6196198E-03   4.816536    
 -1.6156157E-03   4.850839    
 -1.6116118E-03   4.873810    
 -1.6076078E-03   4.885725    
 -1.6036037E-03   4.885814    
 -1.5995997E-03   4.878233    
 -1.5955957E-03   4.875065    
 -1.5915917E-03   4.888126    
 -1.5875878E-03   4.920583    
 -1.5835837E-03   4.960586    
 -1.5795798E-03   4.988735    
 -1.5755757E-03   4.990685    
 -1.5715717E-03   4.969924    
 -1.5675678E-03   4.946276    
 -1.5635637E-03   4.942378    
 -1.5595597E-03   4.966369    
 -1.5555557E-03   5.006676    
 -1.5515516E-03   5.038524    
 -1.5475478E-03   5.043283    
 -1.5435437E-03   5.021190    
 -1.5395397E-03   4.990300    
 -1.5355357E-03   4.970752    
 -1.5315317E-03   4.969518    
 -1.5275277E-03   4.978189    
 -1.5235236E-03   4.980996    
 -1.5195196E-03   4.972171    
 -1.5155156E-03   4.962861    
 -1.5115116E-03   4.974871    
 -1.5075076E-03   5.021352    
 -1.5035035E-03   5.097333    
 -1.4994997E-03   5.180552    
 -1.4954957E-03   5.248440    
 -1.4914917E-03   5.293049    
 -1.4874877E-03   5.325099    
 -1.4834836E-03   5.361660    
 -1.4794796E-03   5.408154    
 -1.4754756E-03   5.451586    
 -1.4714716E-03   5.467973    
 -1.4674676E-03   5.442814    
 -1.4634635E-03   5.382736    
 -1.4594595E-03   5.315154    
 -1.4554557E-03   5.271595    
 -1.4514516E-03   5.269651    
 -1.4474476E-03   5.309812    
 -1.4434436E-03   5.382916    
 -1.4394395E-03   5.482679    
 -1.4354356E-03   5.610837    
 -1.4314316E-03   5.767291    
 -1.4274275E-03   5.936761    
 -1.4234236E-03   6.086997    
 -1.4194195E-03   6.180519    
 -1.4154156E-03   6.201733    
 -1.4114116E-03   6.168322    
 -1.4074075E-03   6.126770    
 -1.4034036E-03   6.124358    
 -1.3993995E-03   6.180218    
 -1.3953955E-03   6.275752    
 -1.3913916E-03   6.369905    
 -1.3873874E-03   6.427529    
 -1.3833835E-03   6.441622    
 -1.3793795E-03   6.434109    
 -1.3753754E-03   6.433907    
 -1.3713716E-03   6.455346    
 -1.3673675E-03   6.490285    
 -1.3633635E-03   6.518649    
 -1.3593596E-03   6.528758    
 -1.3553554E-03   6.525465    
 -1.3513515E-03   6.525393    
 -1.3473475E-03   6.538400    
 -1.3433434E-03   6.558331    
 -1.3393395E-03   6.566672    
 -1.3353354E-03   6.548904    
 -1.3313314E-03   6.507415    
 -1.3273275E-03   6.461979    
 -1.3233233E-03   6.432082    
 -1.3193195E-03   6.423563    
 -1.3153154E-03   6.423480    
 -1.3113114E-03   6.412469    
 -1.3073074E-03   6.384123    
 -1.3033034E-03   6.351303    
 -1.2992994E-03   6.338568    
 -1.2952955E-03   6.362945    
 -1.2912914E-03   6.422390    
 -1.2872875E-03   6.499238    
 -1.2832835E-03   6.577905    
 -1.2792794E-03   6.657790    
 -1.2752755E-03   6.753133    
 -1.2712714E-03   6.878469    
 -1.2672674E-03   7.030428    
 -1.2632634E-03   7.187712    
 -1.2592594E-03   7.324561    
 -1.2552554E-03   7.432147    
 -1.2512513E-03   7.524947    
 -1.2472473E-03   7.627068    
 -1.2432433E-03   7.747339    
 -1.2392394E-03   7.865230    
 -1.2352354E-03   7.938217    
 -1.2312314E-03   7.934215    
 -1.2272274E-03   7.858025    
 -1.2232234E-03   7.757347    
 -1.2192193E-03   7.700063    
 -1.2152153E-03   7.733901    
 -1.2112113E-03   7.863454    
 -1.2072073E-03   8.049713    
 -1.2032033E-03   8.237354    
 -1.1991992E-03   8.386738    
 -1.1951954E-03   8.487489    
 -1.1911913E-03   8.553532    
 -1.1871873E-03   8.604001    
 -1.1831833E-03   8.652287    
 -1.1791792E-03   8.707185    
 -1.1751753E-03   8.779345    
 -1.1711712E-03   8.882850    
 -1.1671672E-03   9.025465    
 -1.1631633E-03   9.197604    
 -1.1591592E-03   9.371161    
 -1.1551552E-03   9.516568    
 -1.1511513E-03   9.625743    
 -1.1471473E-03   9.725047    
 -1.1431432E-03   9.859265    
 -1.1391392E-03   10.05969    
 -1.1351353E-03   10.31370    
 -1.1311313E-03   10.56144    
 -1.1271272E-03   10.72657    
 -1.1231232E-03   10.76059    
 -1.1191192E-03   10.67235    
 -1.1151151E-03   10.52428    
 -1.1111113E-03   10.39868    
 -1.1071071E-03   10.35534    
 -1.1031033E-03   10.40860    
 -1.0990992E-03   10.53558    
 -1.0950952E-03   10.69589    
 -1.0910912E-03   10.85521    
 -1.0870872E-03   10.99137    
 -1.0830831E-03   11.08930    
 -1.0790792E-03   11.13785    
 -1.0750751E-03   11.13579    
 -1.0710711E-03   11.10376    
 -1.0670673E-03   11.08459    
 -1.0630632E-03   11.12897    
 -1.0590592E-03   11.27005    
 -1.0550552E-03   11.50029    
 -1.0510512E-03   11.77578    
 -1.0470471E-03   12.04008    
 -1.0430432E-03   12.25537    
 -1.0390391E-03   12.42191    
 -1.0350351E-03   12.56767    
 -1.0310311E-03   12.72510    
 -1.0270271E-03   12.91074    
 -1.0230232E-03   13.12083    
 -1.0190191E-03   13.34752    
 -1.0150151E-03   13.59360    
 -1.0110112E-03   13.87541    
 -1.0070070E-03   14.20902    
 -1.0030031E-03   14.59124    
 -9.9899911E-04   14.98998    
 -9.9499500E-04   15.35914    
 -9.9099113E-04   15.65860    
 -9.8698703E-04   15.87570    
 -9.8298315E-04   16.02217    
 -9.7897905E-04   16.12326    
 -9.7497512E-04   16.20075    
 -9.7097107E-04   16.26597    
 -9.6696703E-04   16.32507    
 -9.6296304E-04   16.38853    
 -9.5895911E-04   16.47298    
 -9.5495506E-04   16.59763    
 -9.5095101E-04   16.77460    
 -9.4694702E-04   17.00550    
 -9.4294309E-04   17.28477    
 -9.3893893E-04   17.60295    
 -9.3493500E-04   17.95031    
 -9.3093107E-04   18.30850    
 -9.2692696E-04   18.64919    
 -9.2292303E-04   18.94072    
 -9.1891899E-04   19.15981    
 -9.1491506E-04   19.30752    
 -9.1091095E-04   19.40796    
 -9.0690702E-04   19.49448    
 -9.0290298E-04   19.58849    
 -8.9889899E-04   19.68934    
 -8.9489494E-04   19.78461    
 -8.9089101E-04   19.87398    
 -8.8688690E-04   19.97999    
 -8.8288297E-04   20.14227    
 -8.7887893E-04   20.39121    
 -8.7487500E-04   20.72430    
 -8.7087089E-04   21.10398    
 -8.6686696E-04   21.48482    
 -8.6286303E-04   21.84439    
 -8.5885887E-04   22.19679    
 -8.5485494E-04   22.57247    
 -8.5085095E-04   22.98141    
 -8.4684690E-04   23.39100    
 -8.4284286E-04   23.73602    
 -8.3883893E-04   23.96815    
 -8.3483494E-04   24.09440    
 -8.3083089E-04   24.18741    
 -8.2682684E-04   24.34852    
 -8.2282291E-04   24.65078    
 -8.1881881E-04   25.10217    
 -8.1481488E-04   25.65339    
 -8.1081083E-04   26.24315    
 -8.0680696E-04   26.83701    
 -8.0280280E-04   27.44015    
 -7.9879886E-04   28.06615    
 -7.9479493E-04   28.70349    
 -7.9079083E-04   29.30885    
 -7.8678690E-04   29.83279    
 -7.8278285E-04   30.26647    
 -7.7877886E-04   30.65520    
 -7.7477482E-04   31.07247    
 -7.7077089E-04   31.56121    
 -7.6676684E-04   32.09570    
 -7.6276285E-04   32.59653    
 -7.5875880E-04   32.99246    
 -7.5475487E-04   33.28585    
 -7.5075077E-04   33.56844    
 -7.4674684E-04   33.97117    
 -7.4274279E-04   34.57561    
 -7.3873874E-04   35.35204    
 -7.3473481E-04   36.17129    
 -7.3073083E-04   36.87773    
 -7.2672690E-04   37.38633    
 -7.2272273E-04   37.72589    
 -7.1871880E-04   38.01673    
 -7.1471481E-04   38.39490    
 -7.1071077E-04   38.93740    
 -7.0670672E-04   39.63799    
 -7.0270279E-04   40.43461    
 -6.9869880E-04   41.26612    
 -6.9469475E-04   42.10701    
 -6.9069071E-04   42.97318    
 -6.8668678E-04   43.89006    
 -6.8268267E-04   44.87008    
 -6.7867874E-04   45.89771    
 -6.7467469E-04   46.94556    
 -6.7067071E-04   47.98701    
 -6.6666678E-04   49.01320    
 -6.6266273E-04   50.03173    
 -6.5865880E-04   51.06596    
 -6.5465469E-04   52.14953    
 -6.5065076E-04   53.31821    
 -6.4664672E-04   54.59545    
 -6.4264267E-04   55.97150    
 -6.3863868E-04   57.39991    
 -6.3463475E-04   58.81024    
 -6.3063059E-04   60.14045    
 -6.2662666E-04   61.37103    
 -6.2262267E-04   62.53474    
 -6.1861874E-04   63.68950    
 -6.1461458E-04   64.87912    
 -6.1061064E-04   66.10650    
 -6.0660666E-04   67.34206    
 -6.0260261E-04   68.55984    
 -5.9859868E-04   69.77354    
 -5.9459469E-04   71.03627    
 -5.9059076E-04   72.40615    
 -5.8658660E-04   73.90555    
 -5.8258267E-04   75.50915    
 -5.7857868E-04   77.17175    
 -5.7457463E-04   78.87463    
 -5.7057058E-04   80.64935    
 -5.6656665E-04   82.55676    
 -5.6256255E-04   84.62712    
 -5.5855862E-04   86.82224    
 -5.5455457E-04   89.04408    
 -5.5055064E-04   91.18796    
 -5.4654654E-04   93.21828    
 -5.4254261E-04   95.19640    
 -5.3853856E-04   97.25401    
 -5.3453457E-04   99.52611    
 -5.3053064E-04   102.0950    
 -5.2652659E-04   104.9768    
 -5.2252255E-04   108.1390    
 -5.1851856E-04   111.5291    
 -5.1451463E-04   115.0818    
 -5.1051058E-04   118.7290    
 -5.0650653E-04   122.4069    
 -5.0250255E-04   126.1080    
 -4.9849862E-04   129.9117    
 -4.9449445E-04   133.9736    
 -4.9049052E-04   138.4447    
 -4.8648650E-04   143.3594    
 -4.8248249E-04   148.5789    
 -4.7847847E-04   153.8589    
 -4.7447454E-04   159.0151    
 -4.7047061E-04   164.0727    
 -4.6646647E-04   169.2917    
 -4.6246254E-04   174.9994    
 -4.5845853E-04   181.3518    
 -4.5445448E-04   188.1747    
 -4.5045046E-04   195.0357    
 -4.4644653E-04   201.5189    
 -4.4244251E-04   207.5217    
 -4.3843850E-04   213.3764    
 -4.3443445E-04   219.6895    
 -4.3043052E-04   226.9961    
 -4.2642641E-04   235.4780    
 -4.2242248E-04   244.9134    
 -4.1841844E-04   254.8981    
 -4.1441442E-04   265.1405    
 -4.1041040E-04   275.6307    
 -4.0640647E-04   286.5579    
 -4.0240254E-04   298.0667    
 -3.9839841E-04   310.0752    
 -3.9439448E-04   322.2872    
 -3.9039046E-04   334.4144    
 -3.8638641E-04   346.3737    
 -3.8238239E-04   358.3297    
 -3.7837846E-04   370.4902    
 -3.7437433E-04   382.8300    
 -3.7037040E-04   394.9691    
 -3.6636638E-04   406.3288    
 -3.6236245E-04   416.4657    
 -3.5835832E-04   425.3640    
 -3.5435439E-04   433.4450    
 -3.5035037E-04   441.3220    
 -3.4634635E-04   449.4348    
 -3.4234230E-04   457.8445    
 -3.3833840E-04   466.3170    
 -3.3433427E-04   474.5898    
 -3.3033034E-04   482.6444    
 -3.2632641E-04   490.7892    
 -3.2232248E-04   499.5276    
 -3.1831834E-04   509.3529    
 -3.1431441E-04   520.6038    
 -3.1031031E-04   533.4653    
 -3.0630638E-04   548.0526    
 -3.0230224E-04   564.4711    
 -2.9829831E-04   582.8370    
 -2.9429438E-04   603.2564    
 -2.9029025E-04   625.8521    
 -2.8628614E-04   650.7943    
 -2.8228239E-04   678.3126    
 -2.7827828E-04   708.6087    
 -2.7427435E-04   741.6872    
 -2.7027042E-04   777.3264    
 -2.6626629E-04   815.2416    
 -2.6226236E-04   855.3923    
 -2.5825822E-04   898.2855    
 -2.5425432E-04   944.8983    
 -2.5025039E-04   996.3213    
 -2.4624626E-04   1053.234    
 -2.4224212E-04   1115.669    
 -2.3823840E-04   1183.263    
 -2.3423426E-04   1255.864    
 -2.3023014E-04   1333.897    
 -2.2622621E-04   1418.229    
 -2.2222228E-04   1509.461    
 -2.1821816E-04   1607.238    
 -2.1421423E-04   1710.235    
 -2.1021010E-04   1817.132    
 -2.0620637E-04   1927.753    
 -2.0220225E-04   2043.497    
 -1.9819812E-04   2165.963    
 -1.9419439E-04   2294.212    
 -1.9019026E-04   2422.146    
 -1.8618614E-04   2537.780    
 -1.8218221E-04   2625.790    
 -1.7817828E-04   2672.503    
 -1.7417416E-04   2671.069    
 -1.7017023E-04   2624.235    
 -1.6616609E-04   2543.057    
 -1.6216218E-04   2442.294    
 -1.5815825E-04   2334.904    
 -1.5415411E-04   2228.445    
 -1.5014999E-04   2124.829    
 -1.4614625E-04   2022.883    
 -1.4214213E-04   1921.575    
 -1.3813801E-04   1821.959    
 -1.3413427E-04   1726.763    
 -1.3013015E-04   1638.556    
 -1.2612622E-04   1558.155    
 -1.2212209E-04   1484.325    
 -1.1811817E-04   1415.014    
 -1.1411423E-04   1348.962    
 -1.1011012E-04   1286.463    
 -1.0610599E-04   1228.898    
 -1.0210225E-04   1177.434    
 -9.8098128E-05   1132.013    
 -9.4094001E-05   1091.354    
 -9.0090070E-05   1053.860    
 -8.6086147E-05   1018.624    
 -8.2082021E-05   985.8423    
 -7.8078090E-05   956.3506    
 -7.4073963E-05   930.7670    
 -7.0070033E-05   908.9754    
 -6.6066110E-05   890.2446    
 -6.2061983E-05   873.8528    
 -5.8058249E-05   859.6175    
 -5.4054122E-05   847.9025    
 -5.0049995E-05   839.1335    
 -4.6046069E-05   833.2858    
 -4.2042138E-05   829.7436    
 -3.8038012E-05   827.5933    
 -3.4034085E-05   826.1705    
 -3.0029958E-05   825.2478    
 -2.6026029E-05   824.9030    
 -2.2022101E-05   825.1089    
 -1.8017976E-05   825.5460    
 -1.4013849E-05   825.7241    
 -1.0010118E-05   825.3644    
 -6.0059915E-06   824.6522    
 -2.0018651E-06   824.0591    
  2.0018651E-06   824.0597    
  6.0059915E-06   824.6477    
  1.0010118E-05   825.3622    
  1.4014046E-05   825.7219    
  1.8017976E-05   825.5470    
  2.2021904E-05   825.1133    
  2.6026029E-05   824.8999    
  3.0030156E-05   825.2482    
  3.4033888E-05   826.1635    
  3.8038012E-05   827.5961    
  4.2042138E-05   829.7440    
  4.6046069E-05   833.2892    
  5.0049995E-05   839.1342    
  5.4054122E-05   847.9014    
  5.8058053E-05   859.6152    
  6.2061983E-05   873.8530    
  6.6066110E-05   890.2451    
  7.0070033E-05   908.9756    
  7.4074160E-05   930.7688    
  7.8078090E-05   956.3501    
  8.2082021E-05   985.8412    
  8.6086147E-05   1018.623    
  9.0090070E-05   1053.859    
  9.4094001E-05   1091.358    
  9.8098128E-05   1132.014    
  1.0210206E-04   1177.432    
  1.0610618E-04   1228.900    
  1.1011012E-04   1286.463    
  1.1411404E-04   1348.956    
  1.1811817E-04   1415.013    
  1.2212229E-04   1484.327    
  1.2612602E-04   1558.152    
  1.3013015E-04   1638.556    
  1.3413427E-04   1726.763    
  1.3813801E-04   1821.959    
  1.4214213E-04   1921.575    
  1.4614625E-04   2022.885    
  1.5015018E-04   2124.833    
  1.5415411E-04   2228.444    
  1.5815825E-04   2334.907    
  1.6216218E-04   2442.295    
  1.6616630E-04   2543.064    
  1.7017002E-04   2624.234    
  1.7417416E-04   2671.071    
  1.7817828E-04   2672.503    
  1.8218221E-04   2625.791    
  1.8618614E-04   2537.780    
  1.9019026E-04   2422.146    
  1.9419419E-04   2294.218    
  1.9819812E-04   2165.964    
  2.0220225E-04   2043.497    
  2.0620618E-04   1927.758    
  2.1021030E-04   1817.127    
  2.1421423E-04   1710.236    
  2.1821816E-04   1607.238    
  2.2222228E-04   1509.461    
  2.2622642E-04   1418.225    
  2.3023014E-04   1333.897    
  2.3423426E-04   1255.863    
  2.3823819E-04   1183.266    
  2.4224233E-04   1115.666    
  2.4624626E-04   1053.234    
  2.5025019E-04   996.3228    
  2.5425432E-04   944.8982    
  2.5825843E-04   898.2837    
  2.6226215E-04   855.3965    
  2.6626629E-04   815.2421    
  2.7027042E-04   777.3273    
  2.7427415E-04   741.6879    
  2.7827828E-04   708.6080    
  2.8228239E-04   678.3137    
  2.8628632E-04   650.7919    
  2.9029025E-04   625.8517    
  2.9429438E-04   603.2560    
  2.9829831E-04   582.8374    
  3.0230245E-04   564.4702    
  3.0630638E-04   548.0523    
  3.1031031E-04   533.4656    
  3.1431441E-04   520.6035    
  3.1831834E-04   509.3533    
  3.2232227E-04   499.5276    
  3.2632641E-04   490.7889    
  3.3033034E-04   482.6441    
  3.3433427E-04   474.5895    
  3.3833840E-04   466.3172    
  3.4234230E-04   457.8442    
  3.4634644E-04   449.4343    
  3.5035037E-04   441.3225    
  3.5435430E-04   433.4453    
  3.5835843E-04   425.3631    
  3.6236257E-04   416.4659    
  3.6636629E-04   406.3289    
  3.7037040E-04   394.9695    
  3.7437453E-04   382.8304    
  3.7837846E-04   370.4902    
  3.8238239E-04   358.3302    
  3.8638632E-04   346.3736    
  3.9039046E-04   334.4143    
  3.9439456E-04   322.2877    
  3.9839832E-04   310.0753    
  4.0240242E-04   298.0667    
  4.0640656E-04   286.5571    
  4.1041028E-04   275.6315    
  4.1441442E-04   265.1402    
  4.1841855E-04   254.8988    
  4.2242248E-04   244.9135    
  4.2642641E-04   235.4778    
  4.3043052E-04   226.9957    
  4.3443445E-04   219.6893    
  4.3843858E-04   213.3774    
  4.4244251E-04   207.5217    
  4.4644644E-04   201.5194    
  4.5045058E-04   195.0358    
  4.5445448E-04   188.1748    
  4.5845841E-04   181.3523    
  4.6246254E-04   174.9991    
  4.6646647E-04   169.2915    
  4.7047040E-04   164.0725    
  4.7447454E-04   159.0149    
  4.7847847E-04   153.8588    
  4.8248257E-04   148.5787    
  4.8648650E-04   143.3598    
  4.9049046E-04   138.4451    
  4.9449457E-04   133.9731    
  4.9849867E-04   129.9112    
  5.0250243E-04   126.1081    
  5.0650653E-04   122.4068    
  5.1051070E-04   118.7290    
  5.1451463E-04   115.0818    
  5.1851856E-04   111.5290    
  5.2252266E-04   108.1393    
  5.2652659E-04   104.9769    
  5.3053052E-04   102.0950    
  5.3453445E-04   99.52576    
  5.3853856E-04   97.25418    
  5.4254272E-04   95.19621    
  5.4654642E-04   93.21865    
  5.5055058E-04   91.18824    
  5.5455469E-04   89.04389    
  5.5855862E-04   86.82234    
  5.6256255E-04   84.62691    
  5.6656665E-04   82.55668    
  5.7057058E-04   80.64938    
  5.7457475E-04   78.87463    
  5.7857868E-04   77.17197    
  5.8258261E-04   75.50880    
  5.8658671E-04   73.90522    
  5.9059082E-04   72.40604    
  5.9459457E-04   71.03685    
  5.9859868E-04   69.77321    
  6.0260261E-04   68.55980    
  6.0660654E-04   67.34206    
  6.1061064E-04   66.10647    
  6.1461458E-04   64.87920    
  6.1861874E-04   63.68942    
  6.2262267E-04   62.53461    
  6.2662660E-04   61.37070    
  6.3063070E-04   60.14012    
  6.3463481E-04   58.81045    
  6.3863856E-04   57.40020    
  6.4264267E-04   55.97139    
  6.4664683E-04   54.59523    
  6.5065076E-04   53.31815    
  6.5465469E-04   52.14916    
  6.5865880E-04   51.06605    
  6.6266273E-04   50.03173    
  6.6666666E-04   49.01291    
  6.7067076E-04   47.98679    
  6.7467469E-04   46.94542    
  6.7867886E-04   45.89727    
  6.8268256E-04   44.86972    
  6.8668672E-04   43.89019    
  6.9069082E-04   42.97275    
  6.9469475E-04   42.10704    
  6.9869868E-04   41.26614    
  7.0270279E-04   40.43464    
  7.0670672E-04   39.63792    
  7.1071088E-04   38.93753    
  7.1471481E-04   38.39484    
  7.1871874E-04   38.01707    
  7.2272285E-04   37.72565    
  7.2672695E-04   37.38635    
  7.3073071E-04   36.87808    
  7.3473481E-04   36.17129    
  7.3873898E-04   35.35203    
  7.4274268E-04   34.57545    
  7.4674684E-04   33.97095    
  7.5075077E-04   33.56851    
  7.5475487E-04   33.28591    
  7.5875880E-04   32.99236    
  7.6276273E-04   32.59637    
  7.6676684E-04   32.09568    
  7.7077100E-04   31.56089    
  7.7477470E-04   31.07252    
  7.7877886E-04   30.65532    
  7.8278297E-04   30.26618    
  7.8678690E-04   29.83293    
  7.9079083E-04   29.30876    
  7.9479493E-04   28.70371    
  7.9879886E-04   28.06601    
  8.0280280E-04   27.44005    
  8.0680696E-04   26.83694    
  8.1081083E-04   26.24303    
  8.1481499E-04   25.65359    
  8.1881869E-04   25.10234    
  8.2282285E-04   24.65103    
  8.2682696E-04   24.34866    
  8.3083089E-04   24.18745    
  8.3483482E-04   24.09447    
  8.3883893E-04   23.96821    
  8.4284286E-04   23.73624    
  8.4684702E-04   23.39084    
  8.5085095E-04   22.98120    
  8.5485488E-04   22.57224    
  8.5885898E-04   22.19655    
  8.6286291E-04   21.84447    
  8.6686685E-04   21.48499    
  8.7087095E-04   21.10419    
  8.7487511E-04   20.72404    
  8.7887881E-04   20.39127    
  8.8288297E-04   20.14221    
  8.8688708E-04   19.97960    
  8.9089101E-04   19.87387    
  8.9489494E-04   19.78460    
  8.9889887E-04   19.68931    
  9.0290298E-04   19.58853    
  9.0690714E-04   19.49486    
  9.1091084E-04   19.40801    
  9.1491500E-04   19.30736    
  9.1891910E-04   19.15965    
  9.2292303E-04   18.94063    
  9.2692696E-04   18.64926    
  9.3093107E-04   18.30857    
  9.3493500E-04   17.95033    
  9.3893893E-04   17.60302    
  9.4294309E-04   17.28473    
  9.4694702E-04   17.00542    
  9.5095113E-04   16.77444    
  9.5495506E-04   16.59765    
  9.5895899E-04   16.47305    
  9.6296309E-04   16.38873    
  9.6696703E-04   16.32501    
  9.7097096E-04   16.26615    
  9.7497512E-04   16.20075    
  9.7897905E-04   16.12329    
  9.8298315E-04   16.02205    
  9.8698703E-04   15.87556    
  9.9099101E-04   15.65870    
  9.9499512E-04   15.35886    
  9.9899911E-04   14.99014    
  1.0030030E-03   14.59117    
  1.0070071E-03   14.20928    
  1.0110112E-03   13.87542    
  1.0150149E-03   13.59350    
  1.0190191E-03   13.34754    
  1.0230233E-03   13.12084    
  1.0270271E-03   12.91066    
  1.0310311E-03   12.72505    
  1.0350352E-03   12.56754    
  1.0390391E-03   12.42189    
  1.0430432E-03   12.25548    
  1.0470470E-03   12.03982    
  1.0510511E-03   11.77575    
  1.0550553E-03   11.50016    
  1.0590589E-03   11.26995    
  1.0630632E-03   11.12900    
  1.0670673E-03   11.08451    
  1.0710711E-03   11.10359    
  1.0750751E-03   11.13582    
  1.0790792E-03   11.13780    
  1.0830831E-03   11.08933    
  1.0870873E-03   10.99145    
  1.0910912E-03   10.85522    
  1.0950951E-03   10.69577    
  1.0990993E-03   10.53555    
  1.1031034E-03   10.40854    
  1.1071071E-03   10.35503    
  1.1111113E-03   10.39865    
  1.1151151E-03   10.52436    
  1.1191192E-03   10.67233    
  1.1231232E-03   10.76048    
  1.1271271E-03   10.72657    
  1.1311313E-03   10.56132    
  1.1351352E-03   10.31353    
  1.1391392E-03   10.05961    
  1.1431433E-03   9.859207    
  1.1471474E-03   9.724904    
  1.1511511E-03   9.625935    
  1.1551552E-03   9.516464    
  1.1591594E-03   9.371003    
  1.1631633E-03   9.197644    
  1.1671672E-03   9.025461    
  1.1711713E-03   8.882835    
  1.1751753E-03   8.779407    
  1.1791794E-03   8.707489    
  1.1831833E-03   8.652291    
  1.1871873E-03   8.603959    
  1.1911914E-03   8.553806    
  1.1951951E-03   8.488031    
  1.1991992E-03   8.386665    
  1.2032033E-03   8.237400    
  1.2072073E-03   8.049685    
  1.2112112E-03   7.863707    
  1.2152153E-03   7.733880    
  1.2192193E-03   7.700144    
  1.2232234E-03   7.757414    
  1.2272274E-03   7.858031    
  1.2312313E-03   7.934348    
  1.2352354E-03   7.938255    
  1.2392395E-03   7.865097    
  1.2432432E-03   7.747325    
  1.2472473E-03   7.627146    
  1.2512516E-03   7.524948    
  1.2552554E-03   7.432111    
  1.2592594E-03   7.324546    
  1.2632633E-03   7.187664    
  1.2672674E-03   7.030411    
  1.2712714E-03   6.878376    
  1.2752753E-03   6.753135    
  1.2792794E-03   6.657705    
  1.2832836E-03   6.578093    
  1.2872872E-03   6.499304    
  1.2912914E-03   6.422299    
  1.2952955E-03   6.362857    
  1.2992994E-03   6.338485    
  1.3033034E-03   6.351320    
  1.3073075E-03   6.383962    
  1.3113114E-03   6.412561    
  1.3153156E-03   6.423378    
  1.3193195E-03   6.423562    
  1.3233233E-03   6.432091    
  1.3273276E-03   6.461745    
  1.3313317E-03   6.507594    
  1.3353354E-03   6.548829    
  1.3393395E-03   6.566688    
  1.3433433E-03   6.558397    
  1.3473474E-03   6.538406    
  1.3513515E-03   6.525422    
  1.3553553E-03   6.525666    
  1.3593594E-03   6.528854    
  1.3633635E-03   6.518684    
  1.3673676E-03   6.490290    
  1.3713713E-03   6.455288    
  1.3753754E-03   6.433911    
  1.3793795E-03   6.433812    
  1.3833838E-03   6.441570    
  1.3873874E-03   6.427469    
  1.3913916E-03   6.369851    
  1.3953957E-03   6.276014    
  1.3993995E-03   6.180478    
  1.4034036E-03   6.124314    
  1.4074073E-03   6.126776    
  1.4114114E-03   6.168288    
  1.4154156E-03   6.201797    
  1.4194197E-03   6.180645    
  1.4234238E-03   6.086843    
  1.4274279E-03   5.936870    
  1.4314313E-03   5.767289    
  1.4354354E-03   5.610777    
  1.4394395E-03   5.482686    
  1.4434436E-03   5.382779    
  1.4474478E-03   5.309998    
  1.4514514E-03   5.269740    
  1.4554557E-03   5.271554    
  1.4594593E-03   5.315291    
  1.4634635E-03   5.382779    
  1.4674676E-03   5.442780    
  1.4714717E-03   5.468159    
  1.4754755E-03   5.451526    
  1.4794796E-03   5.408174    
  1.4834837E-03   5.361680    
  1.4874878E-03   5.325087    
  1.4914916E-03   5.292931    
  1.4954957E-03   5.248388    
  1.4994994E-03   5.180595    
  1.5035035E-03   5.097322    
  1.5075076E-03   5.021266    
  1.5115119E-03   4.974690    
  1.5155160E-03   4.963013    
  1.5195193E-03   4.972005    
  1.5235234E-03   4.981292    
  1.5275275E-03   4.978365    
  1.5315317E-03   4.969523    
  1.5355358E-03   4.970532    
  1.5395399E-03   4.990209    
  1.5435437E-03   5.021324    
  1.5475478E-03   5.043276    
  1.5515515E-03   5.038413    
  1.5555556E-03   5.006812    
  1.5595597E-03   4.966311    
  1.5635638E-03   4.942248    
  1.5675676E-03   4.946178    
  1.5715717E-03   4.969943    
  1.5755758E-03   4.990650    
  1.5795800E-03   4.988676    
  1.5835837E-03   4.960592    
  1.5875874E-03   4.920671    
  1.5915915E-03   4.888168    
  1.5955957E-03   4.875109    
  1.5995998E-03   4.878287    
  1.6036039E-03   4.885689    
  1.6076081E-03   4.885845    
  1.6116115E-03   4.873816    
  1.6156156E-03   4.850827    
  1.6196197E-03   4.816517    
  1.6236238E-03   4.765571    
  1.6276279E-03   4.691936    
  1.6316320E-03   4.596645    
  1.6356357E-03   4.493959    
  1.6396398E-03   4.407505    
  1.6436436E-03   4.357835    
  1.6476477E-03   4.350284    
  1.6516519E-03   4.371541    
  1.6556560E-03   4.395005    
  1.6596598E-03   4.395389    
  1.6636639E-03   4.359241    
  1.6676680E-03   4.287562    
  1.6716718E-03   4.190814    
  1.6756759E-03   4.081145    
  1.6796796E-03   3.969575    
  1.6836837E-03   3.865239    
  1.6876878E-03   3.777779    
  1.6916919E-03   3.716425    
  1.6956960E-03   3.686747    
  1.6997003E-03   3.687845    
  1.7037035E-03   3.712911    
  1.7077076E-03   3.753409    
  1.7117118E-03   3.802705    
  1.7157159E-03   3.857672    
  1.7197201E-03   3.914810    
  1.7237242E-03   3.966776    
  1.7277279E-03   4.002269    
  1.7317316E-03   4.011047    
  1.7357358E-03   3.990882    
  1.7397399E-03   3.950686    
  1.7437440E-03   3.904553    
  1.7477478E-03   3.865505    
  1.7517519E-03   3.836766    
  1.7557560E-03   3.814783    
  1.7597601E-03   3.795188    
  1.7637638E-03   3.781240    
  1.7677679E-03   3.783436    
  1.7717717E-03   3.810592    
  1.7757758E-03   3.860084    
  1.7797799E-03   3.912505    
  1.7837841E-03   3.938380    
  1.7877882E-03   3.915102    
  1.7917923E-03   3.839029    
  1.7957956E-03   3.730876    
  1.7997999E-03   3.621951    
  1.8038040E-03   3.539281    
  1.8078081E-03   3.491163    
  1.8118122E-03   3.467885    
  1.8158159E-03   3.451552    
  1.8198200E-03   3.429786    
  1.8238238E-03   3.401461    
  1.8278279E-03   3.374480    
  1.8318320E-03   3.355994    
  1.8358361E-03   3.346254    
  1.8398399E-03   3.338337    
  1.8438440E-03   3.325418    
  1.8478482E-03   3.306896    
  1.8518523E-03   3.288750    
  1.8558560E-03   3.277673    
  1.8598601E-03   3.273761    
  1.8638638E-03   3.265934    
  1.8678680E-03   3.237685    
  1.8718721E-03   3.177749    
  1.8758762E-03   3.089548    
  1.8798803E-03   2.993524    
  1.8838837E-03   2.919000    
  1.8878878E-03   2.891162    
  1.8918919E-03   2.918858    
  1.8958960E-03   2.989264    
  1.8999001E-03   3.074346    
  1.9039044E-03   3.141507    
  1.9079080E-03   3.167308    
  1.9119122E-03   3.144075    
  1.9159159E-03   3.081208    
  1.9199200E-03   2.998932    
  1.9239242E-03   2.919230    
  1.9279283E-03   2.859720    
  1.9319321E-03   2.829795    
  1.9359362E-03   2.830446    
  1.9399403E-03   2.856761    
  1.9439440E-03   2.898310    
  1.9479481E-03   2.943127    
  1.9519522E-03   2.978625    
  1.9559560E-03   2.996143    
  1.9599602E-03   2.994472    
  1.9639642E-03   2.980385    
  1.9679684E-03   2.965789    
  1.9719724E-03   2.962312    
  1.9759759E-03   2.974198    
  1.9799799E-03   2.998195    
  1.9839841E-03   3.026421    
  1.9879881E-03   3.053653    
  1.9919924E-03   3.081445    
  1.9959963E-03   3.116371    
  2.0000001E-03   3.161725    
