 -4.9999999E-03  0.8637957    
 -4.9899900E-03  0.8629993    
 -4.9799802E-03  0.8611255    
 -4.9699699E-03  0.8607430    
 -4.9599600E-03  0.8651457    
 -4.9499501E-03  0.8761751    
 -4.9399403E-03  0.8912418    
 -4.9299300E-03  0.9041837    
 -4.9199201E-03  0.9110630    
 -4.9099098E-03  0.9136159    
 -4.8998999E-03  0.9164831    
 -4.8898896E-03  0.9225446    
 -4.8798798E-03  0.9320485    
 -4.8698699E-03  0.9436266    
 -4.8598601E-03  0.9552445    
 -4.8498502E-03  0.9650748    
 -4.8398399E-03  0.9734874    
 -4.8298300E-03  0.9824139    
 -4.8198197E-03  0.9925579    
 -4.8098098E-03   1.002006    
 -4.7997995E-03   1.008552    
 -4.7897897E-03   1.012056    
 -4.7797798E-03   1.013595    
 -4.7697700E-03   1.013942    
 -4.7597601E-03   1.014181    
 -4.7497498E-03   1.015335    
 -4.7397399E-03   1.017407    
 -4.7297296E-03   1.018193    
 -4.7197198E-03   1.016222    
 -4.7097094E-03   1.012136    
 -4.6996996E-03   1.007676    
 -4.6896897E-03   1.003548    
 -4.6796799E-03  0.9997487    
 -4.6696700E-03  0.9975460    
 -4.6596597E-03  0.9987816    
 -4.6496498E-03   1.004141    
 -4.6396400E-03   1.013454    
 -4.6296297E-03   1.026644    
 -4.6196193E-03   1.043611    
 -4.6096095E-03   1.061663    
 -4.5995996E-03   1.074975    
 -4.5895898E-03   1.078764    
 -4.5795795E-03   1.074160    
 -4.5695696E-03   1.068599    
 -4.5595597E-03   1.069082    
 -4.5495499E-03   1.076520    
 -4.5395396E-03   1.087035    
 -4.5295293E-03   1.096799    
 -4.5195194E-03   1.104340    
 -4.5095095E-03   1.108780    
 -4.4994997E-03   1.109242    
 -4.4894894E-03   1.107130    
 -4.4794795E-03   1.106484    
 -4.4694697E-03   1.110654    
 -4.4594598E-03   1.119102    
 -4.4494495E-03   1.128711    
 -4.4394392E-03   1.136903    
 -4.4294293E-03   1.143729    
 -4.4194194E-03   1.150941    
 -4.4094096E-03   1.160314    
 -4.3993993E-03   1.171452    
 -4.3893894E-03   1.182047    
 -4.3793796E-03   1.189118    
 -4.3693697E-03   1.191313    
 -4.3593599E-03   1.189901    
 -4.3493495E-03   1.188569    
 -4.3393392E-03   1.190916    
 -4.3293294E-03   1.197370    
 -4.3193190E-03   1.204209    
 -4.3093092E-03   1.207977    
 -4.2992993E-03   1.210697    
 -4.2892895E-03   1.219345    
 -4.2792796E-03   1.237912    
 -4.2692693E-03   1.263331    
 -4.2592594E-03   1.288079    
 -4.2492491E-03   1.306275    
 -4.2392393E-03   1.315410    
 -4.2292294E-03   1.316115    
 -4.2192191E-03   1.311790    
 -4.2092092E-03   1.308149    
 -4.1991994E-03   1.309230    
 -4.1891895E-03   1.314903    
 -4.1791792E-03   1.323098    
 -4.1691693E-03   1.333913    
 -4.1591590E-03   1.349558    
 -4.1491492E-03   1.371253    
 -4.1391389E-03   1.397412    
 -4.1291290E-03   1.425090    
 -4.1191191E-03   1.451540    
 -4.1091093E-03   1.474718    
 -4.0990994E-03   1.493301    
 -4.0890891E-03   1.507053    
 -4.0790793E-03   1.517573    
 -4.0690694E-03   1.527443    
 -4.0590591E-03   1.537428    
 -4.0490492E-03   1.545725    
 -4.0390389E-03   1.550250    
 -4.0290290E-03   1.552264    
 -4.0190192E-03   1.555935    
 -4.0090089E-03   1.563276    
 -3.9989995E-03   1.571077    
 -3.9889892E-03   1.573818    
 -3.9789793E-03   1.570036    
 -3.9689690E-03   1.563415    
 -3.9589587E-03   1.558209    
 -3.9489488E-03   1.556246    
 -3.9389390E-03   1.557647    
 -3.9289291E-03   1.563610    
 -3.9189192E-03   1.575422    
 -3.9089089E-03   1.591624    
 -3.8988988E-03   1.607388    
 -3.8888890E-03   1.619203    
 -3.8788787E-03   1.626714    
 -3.8688693E-03   1.631209    
 -3.8588590E-03   1.632844    
 -3.8488489E-03   1.632639    
 -3.8388390E-03   1.635014    
 -3.8288287E-03   1.644804    
 -3.8188188E-03   1.661517    
 -3.8088090E-03   1.679447    
 -3.7987989E-03   1.693660    
 -3.7887890E-03   1.704928    
 -3.7787787E-03   1.716707    
 -3.7687689E-03   1.730092    
 -3.7587588E-03   1.744149    
 -3.7487489E-03   1.759255    
 -3.7387386E-03   1.777352    
 -3.7287287E-03   1.799467    
 -3.7187189E-03   1.823702    
 -3.7087088E-03   1.846424    
 -3.6986985E-03   1.865054    
 -3.6886886E-03   1.881361    
 -3.6786788E-03   1.900971    
 -3.6686689E-03   1.928794    
 -3.6586588E-03   1.963906    
 -3.6486485E-03   1.999495    
 -3.6386386E-03   2.029239    
 -3.6286288E-03   2.051399    
 -3.6186187E-03   2.067662    
 -3.6086084E-03   2.080117    
 -3.5985985E-03   2.091078    
 -3.5885887E-03   2.103398    
 -3.5785788E-03   2.117947    
 -3.5685685E-03   2.132300    
 -3.5585584E-03   2.143169    
 -3.5485486E-03   2.150872    
 -3.5385387E-03   2.159302    
 -3.5285288E-03   2.170460    
 -3.5185185E-03   2.181264    
 -3.5085084E-03   2.187925    
 -3.4984986E-03   2.192436    
 -3.4884887E-03   2.200970    
 -3.4784784E-03   2.215953    
 -3.4684683E-03   2.231152    
 -3.4584585E-03   2.239077    
 -3.4484486E-03   2.240024    
 -3.4384383E-03   2.241513    
 -3.4284284E-03   2.247816    
 -3.4184183E-03   2.254016    
 -3.4084085E-03   2.253153    
 -3.3983986E-03   2.245757    
 -3.3883883E-03   2.240655    
 -3.3783785E-03   2.246258    
 -3.3683684E-03   2.263114    
 -3.3583585E-03   2.285911    
 -3.3483487E-03   2.310798    
 -3.3383383E-03   2.339442    
 -3.3283283E-03   2.374737    
 -3.3183184E-03   2.415543    
 -3.3083083E-03   2.456100    
 -3.2982985E-03   2.490761    
 -3.2882884E-03   2.516538    
 -3.2782783E-03   2.533212    
 -3.2682684E-03   2.543128    
 -3.2582583E-03   2.551947    
 -3.2482482E-03   2.565562    
 -3.2382382E-03   2.585391    
 -3.2282281E-03   2.608528    
 -3.2182182E-03   2.633261    
 -3.2082084E-03   2.661546    
 -3.1981983E-03   2.693767    
 -3.1881882E-03   2.724887    
 -3.1781783E-03   2.749689    
 -3.1681682E-03   2.771006    
 -3.1581582E-03   2.796897    
 -3.1481483E-03   2.831194    
 -3.1381380E-03   2.868399    
 -3.1281281E-03   2.900403    
 -3.1181183E-03   2.924468    
 -3.1081082E-03   2.944528    
 -3.0980981E-03   2.964347    
 -3.0880882E-03   2.982797    
 -3.0780782E-03   2.995775    
 -3.0680681E-03   3.000986    
 -3.0580582E-03   3.000093    
 -3.0480481E-03   2.995384    
 -3.0380380E-03   2.987235    
 -3.0280282E-03   2.977044    
 -3.0180181E-03   2.969814    
 -3.0080082E-03   2.971364    
 -2.9979981E-03   2.982380    
 -2.9879878E-03   2.997550    
 -2.9779780E-03   3.012382    
 -2.9679681E-03   3.027969    
 -2.9579580E-03   3.050179    
 -2.9479479E-03   3.084355    
 -2.9379381E-03   3.131563    
 -2.9279280E-03   3.186702    
 -2.9179181E-03   3.239439    
 -2.9079081E-03   3.280087    
 -2.8978977E-03   3.305098    
 -2.8878879E-03   3.317264    
 -2.8778778E-03   3.321828    
 -2.8678679E-03   3.323932    
 -2.8578578E-03   3.329024    
 -2.8478478E-03   3.341286    
 -2.8378379E-03   3.360880    
 -2.8278281E-03   3.384425    
 -2.8178177E-03   3.408967    
 -2.8078076E-03   3.433558    
 -2.7977978E-03   3.456670    
 -2.7877877E-03   3.476525    
 -2.7777778E-03   3.494066    
 -2.7677678E-03   3.514536    
 -2.7577577E-03   3.543510    
 -2.7477478E-03   3.582783    
 -2.7377380E-03   3.628785    
 -2.7277276E-03   3.674543    
 -2.7177178E-03   3.713323    
 -2.7077077E-03   3.745068    
 -2.6976976E-03   3.779288    
 -2.6876878E-03   3.826823    
 -2.6776779E-03   3.885930    
 -2.6676676E-03   3.942641    
 -2.6576577E-03   3.986161    
 -2.6476476E-03   4.019067    
 -2.6376375E-03   4.051240    
 -2.6276277E-03   4.088000    
 -2.6176176E-03   4.128738    
 -2.6076075E-03   4.172757    
 -2.5975977E-03   4.218914    
 -2.5875878E-03   4.263895    
 -2.5775777E-03   4.303870    
 -2.5675676E-03   4.339460    
 -2.5575575E-03   4.372952    
 -2.5475475E-03   4.402920    
 -2.5375376E-03   4.426258    
 -2.5275275E-03   4.445014    
 -2.5175174E-03   4.465362    
 -2.5075076E-03   4.489853    
 -2.4974977E-03   4.515418    
 -2.4874876E-03   4.540066    
 -2.4774773E-03   4.565999    
 -2.4674674E-03   4.595222    
 -2.4574574E-03   4.626340    
 -2.4474475E-03   4.658112    
 -2.4374374E-03   4.692958    
 -2.4274273E-03   4.733660    
 -2.4174175E-03   4.779535    
 -2.4074076E-03   4.827733    
 -2.3973975E-03   4.878066    
 -2.3873874E-03   4.932512    
 -2.3773774E-03   4.991998    
 -2.3673673E-03   5.055090    
 -2.3573574E-03   5.120561    
 -2.3473476E-03   5.188634    
 -2.3373372E-03   5.258936    
 -2.3273274E-03   5.330082    
 -2.3173175E-03   5.400983    
 -2.3073072E-03   5.472338    
 -2.2972974E-03   5.545068    
 -2.2872873E-03   5.617617    
 -2.2772772E-03   5.686915    
 -2.2672673E-03   5.752267    
 -2.2572575E-03   5.816037    
 -2.2472474E-03   5.879723    
 -2.2372373E-03   5.940958    
 -2.2272274E-03   5.995093    
 -2.2172171E-03   6.039945    
 -2.2072073E-03   6.077863    
 -2.1971972E-03   6.113555    
 -2.1871871E-03   6.150818    
 -2.1771772E-03   6.191834    
 -2.1671674E-03   6.237949    
 -2.1571573E-03   6.289272    
 -2.1471472E-03   6.345249    
 -2.1371371E-03   6.405455    
 -2.1271270E-03   6.473115    
 -2.1171172E-03   6.554288    
 -2.1071073E-03   6.649719    
 -2.0970970E-03   6.749461    
 -2.0870871E-03   6.838750    
 -2.0770773E-03   6.912072    
 -2.0670672E-03   6.976723    
 -2.0570571E-03   7.043659    
 -2.0470468E-03   7.116860    
 -2.0370369E-03   7.193578    
 -2.0270271E-03   7.269522    
 -2.0170170E-03   7.339690    
 -2.0070069E-03   7.399857    
 -1.9969970E-03   7.450423    
 -1.9869870E-03   7.498134    
 -1.9769771E-03   7.550250    
 -1.9669670E-03   7.610863    
 -1.9569569E-03   7.684409    
 -1.9469468E-03   7.775879    
 -1.9369370E-03   7.883070    
 -1.9269269E-03   7.992116    
 -1.9169169E-03   8.088257    
 -1.9069071E-03   8.169031    
 -1.8968969E-03   8.243485    
 -1.8868870E-03   8.319057    
 -1.8768768E-03   8.396338    
 -1.8668667E-03   8.473413    
 -1.8568569E-03   8.551121    
 -1.8468469E-03   8.632123    
 -1.8368368E-03   8.719844    
 -1.8268268E-03   8.818112    
 -1.8168170E-03   8.930161    
 -1.8068068E-03   9.055436    
 -1.7967967E-03   9.190818    
 -1.7867868E-03   9.336069    
 -1.7767766E-03   9.493596    
 -1.7667668E-03   9.662034    
 -1.7567568E-03   9.833872    
 -1.7467467E-03   10.00145    
 -1.7367367E-03   10.16283    
 -1.7267269E-03   10.31575    
 -1.7167168E-03   10.45062    
 -1.7067066E-03   10.55774    
 -1.6966967E-03   10.64235    
 -1.6866866E-03   10.72421    
 -1.6766769E-03   10.81921    
 -1.6666666E-03   10.92571    
 -1.6566566E-03   11.03510    
 -1.6466468E-03   11.14816    
 -1.6366368E-03   11.27424    
 -1.6266268E-03   11.41855    
 -1.6166165E-03   11.57876    
 -1.6066066E-03   11.74877    
 -1.5965967E-03   11.92234    
 -1.5865864E-03   12.09581    
 -1.5765765E-03   12.27682    
 -1.5665665E-03   12.47907    
 -1.5565567E-03   12.70146    
 -1.5465467E-03   12.91896    
 -1.5365368E-03   13.10952    
 -1.5265265E-03   13.28343    
 -1.5165166E-03   13.46978    
 -1.5065067E-03   13.67856    
 -1.4964964E-03   13.89447    
 -1.4864864E-03   14.10758    
 -1.4764764E-03   14.32881    
 -1.4664661E-03   14.56736    
 -1.4564563E-03   14.81310    
 -1.4464463E-03   15.05194    
 -1.4364364E-03   15.28997    
 -1.4264265E-03   15.54389    
 -1.4164166E-03   15.81680    
 -1.4064063E-03   16.09394    
 -1.3963963E-03   16.36414    
 -1.3863865E-03   16.63029    
 -1.3763765E-03   16.89554    
 -1.3663666E-03   17.14797    
 -1.3563567E-03   17.37591    
 -1.3463463E-03   17.59285    
 -1.3363364E-03   17.83314    
 -1.3263260E-03   18.11592    
 -1.3163162E-03   18.42986    
 -1.3063062E-03   18.75721    
 -1.2962964E-03   19.10089    
 -1.2862860E-03   19.46680    
 -1.2762761E-03   19.83827    
 -1.2662662E-03   20.19118    
 -1.2562562E-03   20.53282    
 -1.2462464E-03   20.90102    
 -1.2362364E-03   21.32180    
 -1.2262261E-03   21.78293    
 -1.2162162E-03   22.25842    
 -1.2062063E-03   22.74097    
 -1.1961963E-03   23.24210    
 -1.1861864E-03   23.76728    
 -1.1761765E-03   24.29194    
 -1.1661662E-03   24.77271    
 -1.1561563E-03   25.18671    
 -1.1461460E-03   25.56750    
 -1.1361360E-03   25.98793    
 -1.1261262E-03   26.49739    
 -1.1161162E-03   27.08148    
 -1.1061059E-03   27.69464    
 -1.0960960E-03   28.31831    
 -1.0860860E-03   28.97482    
 -1.0760761E-03   29.69185    
 -1.0660662E-03   30.46649    
 -1.0560562E-03   31.26054    
 -1.0460459E-03   32.02574    
 -1.0360361E-03   32.74404    
 -1.0260261E-03   33.45165    
 -1.0160162E-03   34.20927    
 -1.0060063E-03   35.05174    
 -9.9599641E-04   35.97430    
 -9.8598609E-04   36.96152    
 -9.7597571E-04   38.00101    
 -9.6596580E-04   39.06781    
 -9.5595588E-04   40.12787    
 -9.4594597E-04   41.17000    
 -9.3593606E-04   42.20760    
 -9.2592573E-04   43.23952    
 -9.1591582E-04   44.24636    
 -9.0590591E-04   45.23506    
 -8.9589600E-04   46.25842    
 -8.8588602E-04   47.36827    
 -8.7587611E-04   48.57891    
 -8.6586579E-04   49.89101    
 -8.5585588E-04   51.31759    
 -8.4584596E-04   52.86428    
 -8.3583605E-04   54.50210    
 -8.2582614E-04   56.19295    
 -8.1581622E-04   57.92325    
 -8.0580550E-04   59.69719    
 -7.9579558E-04   61.51762    
 -7.8578567E-04   63.39475    
 -7.7577576E-04   65.34960    
 -7.6576584E-04   67.39098    
 -7.5575552E-04   69.50073    
 -7.4574561E-04   71.66903    
 -7.3573564E-04   73.92192    
 -7.2572572E-04   76.29682    
 -7.1571581E-04   78.80592    
 -7.0570590E-04   81.44389    
 -6.9569558E-04   84.21750    
 -6.8568566E-04   87.13519    
 -6.7567575E-04   90.17380    
 -6.6566584E-04   93.30215    
 -6.5565592E-04   96.54362    
 -6.4564601E-04   99.98965    
 -6.3563528E-04   103.7251    
 -6.2562537E-04   107.7649    
 -6.1561546E-04   112.0798    
 -6.0560554E-04   116.6520    
 -5.9559557E-04   121.4777    
 -5.8558566E-04   126.5438    
 -5.7557534E-04   131.8631    
 -5.6556542E-04   137.5035    
 -5.5555551E-04   143.5276    
 -5.4554560E-04   149.9142    
 -5.3553568E-04   156.6210    
 -5.2552577E-04   163.7159    
 -5.1551545E-04   171.3511    
 -5.0550554E-04   179.5925    
 -4.9549562E-04   188.3760    
 -4.8548568E-04   197.6773    
 -4.7547577E-04   207.5883    
 -4.6546545E-04   218.1825    
 -4.5545513E-04   229.4165    
 -4.4544521E-04   241.2701    
 -4.3543530E-04   253.8823    
 -4.2542536E-04   267.4233    
 -4.1541544E-04   281.9471    
 -4.0540553E-04   297.5031    
 -3.9539521E-04   314.3084    
 -3.8538530E-04   332.6135    
 -3.7537538E-04   352.4633    
 -3.6536544E-04   373.7795    
 -3.5535553E-04   396.6823    
 -3.4534562E-04   421.5221    
 -3.3533529E-04   448.5374    
 -3.2532538E-04   477.6337    
 -3.1531547E-04   508.5627    
 -3.0530553E-04   541.1761    
 -2.9529521E-04   575.4505    
 -2.8528529E-04   611.3633    
 -2.7527497E-04   648.8454    
 -2.6526506E-04   687.7353    
 -2.5525515E-04   727.8000    
 -2.4524523E-04   768.8776    
 -2.3523530E-04   811.0622    
 -2.2522538E-04   854.6455    
 -2.1521507E-04   899.8325    
 -2.0520514E-04   946.6851    
 -1.9519523E-04   995.3733    
 -1.8518530E-04   1046.279    
 -1.7517539E-04   1099.645    
 -1.6516546E-04   1155.194    
 -1.5515515E-04   1212.172    
 -1.4514523E-04   1269.664    
 -1.3513531E-04   1326.555    
 -1.2512499E-04   1381.229    
 -1.1511507E-04   1431.723    
 -1.0510515E-04   1476.658    
 -9.5094838E-05   1516.144    
 -8.5084917E-05   1551.587    
 -7.5074997E-05   1584.591    
 -6.5065076E-05   1615.974    
 -5.5055156E-05   1645.696    
 -4.5045235E-05   1673.331    
 -3.5034918E-05   1698.243    
 -2.5024998E-05   1719.353    
 -1.5015078E-05   1735.019    
 -5.0051581E-06   1743.439    
  5.0047620E-06   1743.449    
  1.5014683E-05   1735.021    
  2.5024998E-05   1719.353    
  3.5034918E-05   1698.243    
  4.5045235E-05   1673.331    
  5.5055156E-05   1645.695    
  6.5065076E-05   1615.974    
  7.5075390E-05   1584.589    
  8.5085310E-05   1551.586    
  9.5095231E-05   1516.142    
  1.0510515E-04   1476.659    
  1.1511507E-04   1431.723    
  1.2512499E-04   1381.229    
  1.3513531E-04   1326.556    
  1.4514523E-04   1269.664    
  1.5515515E-04   1212.172    
  1.6516507E-04   1155.197    
  1.7517500E-04   1099.648    
  1.8518491E-04   1046.280    
  1.9519523E-04   995.3732    
  2.0520514E-04   946.6850    
  2.1521546E-04   899.8308    
  2.2522538E-04   854.6455    
  2.3523530E-04   811.0623    
  2.4524523E-04   768.8776    
  2.5525552E-04   727.7985    
  2.6526547E-04   687.7345    
  2.7527538E-04   648.8442    
  2.8528529E-04   611.3635    
  2.9529521E-04   575.4503    
  3.0530515E-04   541.1771    
  3.1531547E-04   508.5623    
  3.2532538E-04   477.6338    
  3.3533529E-04   448.5371    
  3.4534521E-04   421.5228    
  3.5535512E-04   396.6833    
  3.6536506E-04   373.7804    
  3.7537538E-04   352.4633    
  3.8538568E-04   332.6129    
  3.9539562E-04   314.3076    
  4.0540553E-04   297.5031    
  4.1541544E-04   281.9472    
  4.2542536E-04   267.4233    
  4.3543568E-04   253.8816    
  4.4544559E-04   241.2694    
  4.5545553E-04   229.4162    
  4.6546545E-04   218.1825    
  4.7547536E-04   207.5889    
  4.8548527E-04   197.6779    
  4.9549562E-04   188.3760    
  5.0550554E-04   179.5925    
  5.1551545E-04   171.3511    
  5.2552536E-04   163.7161    
  5.3553528E-04   156.6215    
  5.4554519E-04   149.9144    
  5.5555592E-04   143.5275    
  5.6556583E-04   137.5033    
  5.7557574E-04   131.8626    
  5.8558566E-04   126.5438    
  5.9559557E-04   121.4777    
  6.0560554E-04   116.6521    
  6.1561581E-04   112.0797    
  6.2562578E-04   107.7646    
  6.3563569E-04   103.7248    
  6.4564560E-04   99.98952    
  6.5565552E-04   96.54354    
  6.6566543E-04   93.30187    
  6.7567575E-04   90.17377    
  6.8568566E-04   87.13511    
  6.9569558E-04   84.21759    
  7.0570549E-04   81.44392    
  7.1571540E-04   78.80622    
  7.2572572E-04   76.29685    
  7.3573604E-04   73.92145    
  7.4574596E-04   71.66907    
  7.5575593E-04   69.50047    
  7.6576584E-04   67.39098    
  7.7577576E-04   65.34962    
  7.8578567E-04   63.39470    
  7.9579599E-04   61.51727    
  8.0580590E-04   59.69698    
  8.1581582E-04   57.92332    
  8.2582573E-04   56.19297    
  8.3583564E-04   54.50208    
  8.4584556E-04   52.86450    
  8.5585588E-04   51.31762    
  8.6586579E-04   49.89099    
  8.7587576E-04   48.57896    
  8.8588567E-04   47.36824    
  8.9589600E-04   46.25842    
  9.0590632E-04   45.23499    
  9.1591623E-04   44.24626    
  9.2592614E-04   43.23941    
  9.3593606E-04   42.20756    
  9.4594597E-04   41.17000    
  9.5595588E-04   40.12785    
  9.6596620E-04   39.06767    
  9.7597612E-04   38.00101    
  9.8598609E-04   36.96151    
  9.9599594E-04   35.97437    
  1.0060059E-03   35.05178    
  1.0160158E-03   34.20933    
  1.0260261E-03   33.45166    
  1.0360361E-03   32.74408    
  1.0460459E-03   32.02578    
  1.0560559E-03   31.26048    
  1.0660662E-03   30.46644    
  1.0760761E-03   29.69181    
  1.0860864E-03   28.97474    
  1.0960964E-03   28.31837    
  1.1061063E-03   27.69467    
  1.1161162E-03   27.08141    
  1.1261262E-03   26.49739    
  1.1361360E-03   25.98796    
  1.1461463E-03   25.56747    
  1.1561563E-03   25.18678    
  1.1661662E-03   24.77273    
  1.1761761E-03   24.29201    
  1.1861860E-03   23.76735    
  1.1961960E-03   23.24234    
  1.2062063E-03   22.74097    
  1.2162162E-03   22.25844    
  1.2262261E-03   21.78289    
  1.2362364E-03   21.32174    
  1.2462464E-03   20.90099    
  1.2562562E-03   20.53279    
  1.2662666E-03   20.19106    
  1.2762765E-03   19.83822    
  1.2862864E-03   19.46684    
  1.2962964E-03   19.10089    
  1.3063062E-03   18.75721    
  1.3163162E-03   18.42980    
  1.3263265E-03   18.11584    
  1.3363364E-03   17.83310    
  1.3463463E-03   17.59284    
  1.3563563E-03   17.37578    
  1.3663662E-03   17.14801    
  1.3763761E-03   16.89549    
  1.3863865E-03   16.63027    
  1.3963963E-03   16.36412    
  1.4064066E-03   16.09387    
  1.4164166E-03   15.81678    
  1.4264265E-03   15.54390    
  1.4364364E-03   15.28999    
  1.4464468E-03   15.05203    
  1.4564566E-03   14.81307    
  1.4664666E-03   14.56743    
  1.4764764E-03   14.32874    
  1.4864864E-03   14.10758    
  1.4964964E-03   13.89447    
  1.5065067E-03   13.67853    
  1.5165166E-03   13.46982    
  1.5265265E-03   13.28346    
  1.5365364E-03   13.10955    
  1.5465464E-03   12.91907    
  1.5565562E-03   12.70163    
  1.5665665E-03   12.47908    
  1.5765765E-03   12.27683    
  1.5865868E-03   12.09581    
  1.5965967E-03   11.92234    
  1.6066066E-03   11.74877    
  1.6166165E-03   11.57875    
  1.6266268E-03   11.41855    
  1.6366368E-03   11.27423    
  1.6466463E-03   11.14824    
  1.6566566E-03   11.03513    
  1.6666669E-03   10.92569    
  1.6766764E-03   10.81917    
  1.6866868E-03   10.72415    
  1.6966963E-03   10.64227    
  1.7067066E-03   10.55776    
  1.7167169E-03   10.45059    
  1.7267264E-03   10.31567    
  1.7367367E-03   10.16280    
  1.7467464E-03   10.00156    
  1.7567567E-03   9.833799    
  1.7667669E-03   9.662076    
  1.7767772E-03   9.493561    
  1.7867868E-03   9.336050    
  1.7967972E-03   9.190757    
  1.8068067E-03   9.055529    
  1.8168170E-03   8.930171    
  1.8268273E-03   8.818016    
  1.8368368E-03   8.719857    
  1.8468471E-03   8.632197    
  1.8568566E-03   8.551091    
  1.8668670E-03   8.473319    
  1.8768765E-03   8.396281    
  1.8868868E-03   8.319054    
  1.8968971E-03   8.243504    
  1.9069066E-03   8.169093    
  1.9169169E-03   8.088253    
  1.9269264E-03   7.992101    
  1.9369368E-03   7.883045    
  1.9469471E-03   7.775861    
  1.9569567E-03   7.684394    
  1.9669670E-03   7.610871    
  1.9769764E-03   7.550256    
  1.9869867E-03   7.498108    
  1.9969963E-03   7.450526    
  2.0070074E-03   7.399911    
  2.0170177E-03   7.339653    
  2.0270273E-03   7.269473    
  2.0370376E-03   7.193592    
  2.0470470E-03   7.116868    
  2.0570573E-03   7.043658    
  2.0670677E-03   6.976675    
  2.0770773E-03   6.912077    
  2.0870876E-03   6.838740    
  2.0970970E-03   6.749460    
  2.1071073E-03   6.649687    
  2.1171169E-03   6.554288    
  2.1271273E-03   6.473157    
  2.1371376E-03   6.405446    
  2.1471470E-03   6.345311    
  2.1571573E-03   6.289314    
  2.1671669E-03   6.237959    
  2.1771772E-03   6.191826    
  2.1871876E-03   6.150858    
  2.1971972E-03   6.113505    
  2.2072075E-03   6.077880    
  2.2172169E-03   6.039908    
  2.2272272E-03   5.995143    
  2.2372368E-03   5.941044    
  2.2472471E-03   5.879733    
  2.2572575E-03   5.816041    
  2.2672669E-03   5.752221    
  2.2772772E-03   5.686907    
  2.2872868E-03   5.617655    
  2.2972971E-03   5.545155    
  2.3073074E-03   5.472312    
  2.3173168E-03   5.401052    
  2.3273272E-03   5.330130    
  2.3373368E-03   5.258904    
  2.3473478E-03   5.188600    
  2.3573574E-03   5.120566    
  2.3673677E-03   5.055097    
  2.3773781E-03   4.991989    
  2.3873874E-03   4.932584    
  2.3973978E-03   4.878076    
  2.4074074E-03   4.827726    
  2.4174177E-03   4.779479    
  2.4274280E-03   4.733627    
  2.4374374E-03   4.692981    
  2.4474477E-03   4.658070    
  2.4574574E-03   4.626308    
  2.4674677E-03   4.595240    
  2.4774773E-03   4.566028    
  2.4874876E-03   4.540092    
  2.4974979E-03   4.515449    
  2.5075073E-03   4.489876    
  2.5175177E-03   4.465397    
  2.5275273E-03   4.444992    
  2.5375376E-03   4.426259    
  2.5475479E-03   4.402905    
  2.5575573E-03   4.372942    
  2.5675676E-03   4.339444    
  2.5775773E-03   4.303908    
  2.5875876E-03   4.263865    
  2.5975970E-03   4.218945    
  2.6076073E-03   4.172720    
  2.6176176E-03   4.128735    
  2.6276272E-03   4.088023    
  2.6376375E-03   4.051248    
  2.6476469E-03   4.019042    
  2.6576573E-03   3.986206    
  2.6676676E-03   3.942666    
  2.6776772E-03   3.885932    
  2.6876875E-03   3.826799    
  2.6976978E-03   3.779265    
  2.7077082E-03   3.745053    
  2.7177185E-03   3.713265    
  2.7277281E-03   3.674610    
  2.7377382E-03   3.628801    
  2.7477478E-03   3.582766    
  2.7577581E-03   3.543554    
  2.7677678E-03   3.514528    
  2.7777781E-03   3.494037    
  2.7877884E-03   3.476495    
  2.7977978E-03   3.456670    
  2.8078081E-03   3.433547    
  2.8178177E-03   3.408978    
  2.8278281E-03   3.384423    
  2.8378384E-03   3.360851    
  2.8478478E-03   3.341273    
  2.8578581E-03   3.329049    
  2.8678677E-03   3.323946    
  2.8778780E-03   3.321787    
  2.8878874E-03   3.317234    
  2.8978977E-03   3.305090    
  2.9079081E-03   3.280094    
  2.9179177E-03   3.239399    
  2.9279280E-03   3.186704    
  2.9379374E-03   3.131601    
  2.9479477E-03   3.084347    
  2.9579580E-03   3.050221    
  2.9679677E-03   3.028022    
  2.9779780E-03   3.012381    
  2.9879876E-03   2.997497    
  2.9979979E-03   2.982350    
  3.0080073E-03   2.971432    
  3.0180176E-03   2.969800    
  3.0280279E-03   2.977021    
  3.0380383E-03   2.987244    
  3.0480486E-03   2.995313    
  3.0580582E-03   3.000095    
  3.0680685E-03   3.000942    
  3.0780789E-03   2.995769    
  3.0880882E-03   2.982800    
  3.0980986E-03   2.964346    
  3.1081082E-03   2.944542    
  3.1181185E-03   2.924531    
  3.1281279E-03   2.900381    
  3.1381382E-03   2.868423    
  3.1481485E-03   2.831171    
  3.1581582E-03   2.796914    
  3.1681685E-03   2.770991    
  3.1781779E-03   2.749733    
  3.1881882E-03   2.724871    
  3.1981985E-03   2.693791    
  3.2082081E-03   2.661567    
  3.2182185E-03   2.633283    
  3.2282281E-03   2.608551    
  3.2382382E-03   2.585392    
  3.2482478E-03   2.565566    
  3.2582581E-03   2.551953    
  3.2682684E-03   2.543118    
  3.2782780E-03   2.533203    
  3.2882884E-03   2.516540    
  3.2982978E-03   2.490761    
  3.3083081E-03   2.456084    
  3.3183184E-03   2.415512    
  3.3283280E-03   2.374748    
  3.3383383E-03   2.339430    
  3.3483477E-03   2.310835    
  3.3583581E-03   2.285887    
  3.3683677E-03   2.263114    
  3.3783787E-03   2.246272    
  3.3883890E-03   2.240616    
  3.3983986E-03   2.245746    
  3.4084090E-03   2.253148    
  3.4184183E-03   2.254019    
  3.4284287E-03   2.247804    
  3.4384390E-03   2.241524    
  3.4484486E-03   2.240025    
  3.4584589E-03   2.239074    
  3.4684683E-03   2.231163    
  3.4784786E-03   2.215940    
  3.4884890E-03   2.201001    
  3.4984986E-03   2.192428    
  3.5085089E-03   2.187959    
  3.5185185E-03   2.181274    
  3.5285288E-03   2.170461    
  3.5385382E-03   2.159275    
  3.5485486E-03   2.150842    
  3.5585589E-03   2.143173    
  3.5685685E-03   2.132296    
  3.5785788E-03   2.117938    
  3.5885882E-03   2.103331    
  3.5985985E-03   2.091095    
  3.6086089E-03   2.080107    
  3.6186185E-03   2.067647    
  3.6286288E-03   2.051402    
  3.6386382E-03   2.029221    
  3.6486485E-03   1.999456    
  3.6586581E-03   1.963876    
  3.6686684E-03   1.928789    
  3.6786788E-03   1.900969    
  3.6886882E-03   1.881363    
  3.6986985E-03   1.865044    
  3.7087081E-03   1.846383    
  3.7187191E-03   1.823729    
  3.7287294E-03   1.799487    
  3.7387391E-03   1.777341    
  3.7487494E-03   1.759255    
  3.7587588E-03   1.744138    
  3.7687691E-03   1.730089    
  3.7787787E-03   1.716712    
  3.7887890E-03   1.704927    
  3.7987994E-03   1.693641    
  3.8088090E-03   1.679444    
  3.8188193E-03   1.661528    
  3.8288287E-03   1.644786    
  3.8388390E-03   1.635010    
  3.8488493E-03   1.632680    
  3.8588590E-03   1.632849    
  3.8688693E-03   1.631223    
  3.8788787E-03   1.626729    
  3.8888890E-03   1.619218    
  3.8988986E-03   1.607415    
  3.9089089E-03   1.591642    
  3.9189192E-03   1.575420    
  3.9289286E-03   1.563554    
  3.9389390E-03   1.557659    
  3.9489483E-03   1.556249    
  3.9589587E-03   1.558222    
  3.9689690E-03   1.563409    
  3.9789788E-03   1.570059    
  3.9889892E-03   1.573813    
  3.9989986E-03   1.571059    
  4.0090089E-03   1.563274    
  4.0190183E-03   1.555930    
  4.0290286E-03   1.552215    
  4.0390389E-03   1.550255    
  4.0490488E-03   1.545748    
  4.0590595E-03   1.537439    
  4.0690694E-03   1.527434    
  4.0790793E-03   1.517550    
  4.0890896E-03   1.507047    
  4.0990994E-03   1.493319    
  4.1091098E-03   1.474729    
  4.1191191E-03   1.451530    
  4.1291295E-03   1.425106    
  4.1391389E-03   1.397427    
  4.1491492E-03   1.371250    
  4.1591595E-03   1.349515    
  4.1691693E-03   1.333928    
  4.1791797E-03   1.323132    
  4.1891891E-03   1.314869    
  4.1991994E-03   1.309226    
  4.2092097E-03   1.308130    
  4.2192191E-03   1.311788    
  4.2292294E-03   1.316121    
  4.2392388E-03   1.315457    
  4.2492491E-03   1.306287    
  4.2592590E-03   1.288057    
  4.2692693E-03   1.263330    
  4.2792796E-03   1.237902    
  4.2892890E-03   1.219337    
  4.2992993E-03   1.210693    
  4.3093087E-03   1.207953    
  4.3193190E-03   1.204185    
  4.3293294E-03   1.197372    
  4.3393392E-03   1.190913    
  4.3493495E-03   1.188567    
  4.3593589E-03   1.189927    
  4.3693692E-03   1.191304    
  4.3793786E-03   1.189110    
  4.3893890E-03   1.182073    
  4.3994002E-03   1.171512    
  4.4094096E-03   1.160318    
  4.4194199E-03   1.150956    
  4.4294293E-03   1.143734    
  4.4394396E-03   1.136879    
  4.4494499E-03   1.128701    
  4.4594598E-03   1.119102    
  4.4694701E-03   1.110636    
  4.4794795E-03   1.106477    
  4.4894898E-03   1.107126    
  4.4995002E-03   1.109239    
  4.5095095E-03   1.108776    
  4.5195199E-03   1.104355    
  4.5295293E-03   1.096790    
  4.5395396E-03   1.087031    
  4.5495494E-03   1.076503    
  4.5595597E-03   1.069075    
  4.5695701E-03   1.068614    
  4.5795795E-03   1.074172    
  4.5895898E-03   1.078768    
  4.5995992E-03   1.075004    
  4.6096095E-03   1.061650    
  4.6196198E-03   1.043631    
  4.6296297E-03   1.026669    
  4.6396400E-03   1.013454    
  4.6496494E-03   1.004129    
  4.6596597E-03  0.9987932    
  4.6696691E-03  0.9975632    
  4.6796794E-03  0.9997423    
  4.6896897E-03   1.003551    
  4.6996991E-03   1.007698    
  4.7097094E-03   1.012144    
  4.7197193E-03   1.016231    
  4.7297296E-03   1.018199    
  4.7397404E-03   1.017433    
  4.7497503E-03   1.015353    
  4.7597606E-03   1.014192    
  4.7697700E-03   1.013956    
  4.7797803E-03   1.013576    
  4.7897897E-03   1.012076    
  4.7998000E-03   1.008554    
  4.8098103E-03   1.002014    
  4.8198197E-03  0.9925680    
  4.8298300E-03  0.9824433    
  4.8398399E-03  0.9734828    
  4.8498502E-03  0.9650761    
  4.8598605E-03  0.9552123    
  4.8698699E-03  0.9436299    
  4.8798802E-03  0.9320833    
  4.8898896E-03  0.9225407    
  4.8998999E-03  0.9164844    
  4.9099098E-03  0.9136584    
  4.9199201E-03  0.9110789    
  4.9299304E-03  0.9041620    
  4.9399398E-03  0.8912200    
  4.9499501E-03  0.8761835    
  4.9599595E-03  0.8651436    
  4.9699699E-03  0.8607477    
  4.9799802E-03  0.8611390    
  4.9899896E-03  0.8629676    
  4.9999999E-03  0.8638058    
