 -4.9999999E-03  0.3979804    
 -4.9899900E-03  0.4352131    
 -4.9799802E-03  0.5486510    
 -4.9699699E-03  0.6102322    
 -4.9599600E-03  0.5563143    
 -4.9499501E-03  0.5066505    
 -4.9399403E-03  0.5767719    
 -4.9299300E-03  0.6904983    
 -4.9199201E-03  0.7278854    
 -4.9099098E-03  0.7298076    
 -4.8998999E-03  0.7819319    
 -4.8898896E-03  0.8223355    
 -4.8798798E-03  0.7531270    
 -4.8698699E-03  0.6219873    
 -4.8598601E-03  0.5088476    
 -4.8498502E-03  0.3652250    
 -4.8398399E-03  0.1614699    
 -4.8298300E-03  4.6921782E-02
 -4.8198197E-03  0.1430039    
 -4.8098098E-03  0.3065827    
 -4.7997995E-03  0.3295654    
 -4.7897897E-03  0.2611599    
 -4.7797798E-03  0.3040507    
 -4.7697700E-03  0.4840000    
 -4.7597601E-03  0.6485836    
 -4.7497498E-03  0.7183998    
 -4.7397399E-03  0.7305298    
 -4.7297296E-03  0.6905931    
 -4.7197198E-03  0.5752078    
 -4.7097094E-03  0.4400171    
 -4.6996996E-03  0.3622168    
 -4.6896897E-03  0.3173204    
 -4.6796799E-03  0.2557911    
 -4.6696700E-03  0.2506793    
 -4.6596597E-03  0.4157662    
 -4.6496498E-03  0.7030192    
 -4.6396400E-03  0.9193329    
 -4.6296297E-03  0.9496969    
 -4.6196193E-03  0.8598694    
 -4.6096095E-03  0.7648712    
 -4.5995996E-03  0.6871374    
 -4.5895898E-03  0.5834439    
 -4.5795795E-03  0.4592433    
 -4.5695696E-03  0.3924003    
 -4.5595597E-03  0.4395595    
 -4.5495499E-03  0.5610899    
 -4.5395396E-03  0.6677620    
 -4.5295293E-03  0.7108845    
 -4.5195194E-03  0.6891405    
 -4.5095095E-03  0.6108645    
 -4.4994997E-03  0.5178905    
 -4.4894894E-03  0.5067368    
 -4.4794795E-03  0.6211511    
 -4.4694697E-03  0.7479449    
 -4.4594598E-03  0.7400749    
 -4.4494495E-03  0.6375309    
 -4.4394392E-03  0.6329418    
 -4.4294293E-03  0.7945401    
 -4.4194194E-03  0.9580314    
 -4.4094096E-03  0.9442903    
 -4.3993993E-03  0.7752007    
 -4.3893894E-03  0.6104425    
 -4.3793796E-03  0.5513705    
 -4.3693697E-03  0.5697476    
 -4.3593599E-03  0.5817150    
 -4.3493495E-03  0.5432198    
 -4.3393392E-03  0.4846242    
 -4.3293294E-03  0.4665647    
 -4.3193190E-03  0.5068527    
 -4.3093092E-03  0.5717434    
 -4.2992993E-03  0.6367478    
 -4.2892895E-03  0.7020812    
 -4.2792796E-03  0.7506019    
 -4.2692693E-03  0.7578371    
 -4.2592594E-03  0.7482650    
 -4.2492491E-03  0.7603340    
 -4.2392393E-03  0.7578105    
 -4.2292294E-03  0.6763577    
 -4.2192191E-03  0.5607051    
 -4.2092092E-03  0.5379382    
 -4.1991994E-03  0.6412896    
 -4.1891895E-03  0.7688125    
 -4.1791792E-03  0.8257435    
 -4.1691693E-03  0.8079827    
 -4.1591590E-03  0.7602502    
 -4.1491492E-03  0.7502748    
 -4.1391389E-03  0.8447880    
 -4.1291290E-03   1.001703    
 -4.1191191E-03   1.064678    
 -4.1091093E-03  0.9952498    
 -4.0990994E-03  0.9944883    
 -4.0890891E-03   1.209118    
 -4.0790793E-03   1.443559    
 -4.0690694E-03   1.412056    
 -4.0590591E-03   1.175638    
 -4.0490492E-03   1.042582    
 -4.0390389E-03   1.096303    
 -4.0290290E-03   1.130087    
 -4.0190192E-03   1.042842    
 -4.0090089E-03  0.9975515    
 -3.9989995E-03   1.134180    
 -3.9889892E-03   1.369345    
 -3.9789793E-03   1.543537    
 -3.9689690E-03   1.585750    
 -3.9589587E-03   1.506394    
 -3.9489488E-03   1.383175    
 -3.9389390E-03   1.350048    
 -3.9289291E-03   1.445085    
 -3.9189192E-03   1.505378    
 -3.9089089E-03   1.372269    
 -3.8988988E-03   1.148161    
 -3.8888890E-03   1.071263    
 -3.8788787E-03   1.186554    
 -3.8688693E-03   1.334927    
 -3.8588590E-03   1.421235    
 -3.8488489E-03   1.488632    
 -3.8388390E-03   1.548189    
 -3.8288287E-03   1.540251    
 -3.8188188E-03   1.478874    
 -3.8088090E-03   1.455619    
 -3.7987989E-03   1.471935    
 -3.7887890E-03   1.419401    
 -3.7787787E-03   1.269066    
 -3.7687689E-03   1.150205    
 -3.7587588E-03   1.179058    
 -3.7487489E-03   1.300121    
 -3.7387386E-03   1.361803    
 -3.7287287E-03   1.302172    
 -3.7187189E-03   1.201448    
 -3.7087088E-03   1.164461    
 -3.6986985E-03   1.199674    
 -3.6886886E-03   1.241782    
 -3.6786788E-03   1.266160    
 -3.6686689E-03   1.319273    
 -3.6586588E-03   1.419549    
 -3.6486485E-03   1.496014    
 -3.6386386E-03   1.491754    
 -3.6286288E-03   1.474465    
 -3.6186187E-03   1.552973    
 -3.6086084E-03   1.695715    
 -3.5985985E-03   1.730065    
 -3.5885887E-03   1.561847    
 -3.5785788E-03   1.328654    
 -3.5685685E-03   1.265589    
 -3.5585584E-03   1.423378    
 -3.5485486E-03   1.585256    
 -3.5385387E-03   1.511779    
 -3.5285288E-03   1.234565    
 -3.5185185E-03   1.032242    
 -3.5085084E-03   1.112622    
 -3.4984986E-03   1.404357    
 -3.4884887E-03   1.688399    
 -3.4784784E-03   1.837458    
 -3.4684683E-03   1.865327    
 -3.4584585E-03   1.836875    
 -3.4484486E-03   1.812997    
 -3.4384383E-03   1.826379    
 -3.4284284E-03   1.838495    
 -3.4184183E-03   1.773927    
 -3.4084085E-03   1.632787    
 -3.3983986E-03   1.497605    
 -3.3883883E-03   1.403385    
 -3.3783785E-03   1.304376    
 -3.3683684E-03   1.195031    
 -3.3583585E-03   1.136950    
 -3.3483487E-03   1.139821    
 -3.3383383E-03   1.149433    
 -3.3283283E-03   1.174194    
 -3.3183184E-03   1.264230    
 -3.3083083E-03   1.354314    
 -3.2982985E-03   1.317741    
 -3.2882884E-03   1.190804    
 -3.2782783E-03   1.128319    
 -3.2682684E-03   1.125634    
 -3.2582583E-03   1.043228    
 -3.2482482E-03  0.9430571    
 -3.2382382E-03   1.099080    
 -3.2282281E-03   1.575772    
 -3.2182182E-03   2.075413    
 -3.2082084E-03   2.323607    
 -3.1981983E-03   2.354067    
 -3.1881882E-03   2.299452    
 -3.1781783E-03   2.168750    
 -3.1681682E-03   1.981144    
 -3.1581582E-03   1.878072    
 -3.1481483E-03   1.922960    
 -3.1381380E-03   1.966980    
 -3.1281281E-03   1.862918    
 -3.1181183E-03   1.672865    
 -3.1081082E-03   1.560411    
 -3.0980981E-03   1.607689    
 -3.0880882E-03   1.807018    
 -3.0780782E-03   2.098752    
 -3.0680681E-03   2.348268    
 -3.0580582E-03   2.407241    
 -3.0480481E-03   2.254462    
 -3.0380380E-03   2.009626    
 -3.0280282E-03   1.811517    
 -3.0180181E-03   1.740491    
 -3.0080082E-03   1.802996    
 -2.9979981E-03   1.918818    
 -2.9879878E-03   2.004059    
 -2.9779780E-03   2.123671    
 -2.9679681E-03   2.425854    
 -2.9579580E-03   2.855949    
 -2.9479479E-03   3.126323    
 -2.9379381E-03   3.081861    
 -2.9279280E-03   2.905378    
 -2.9179181E-03   2.829630    
 -2.9079081E-03   2.839030    
 -2.8978977E-03   2.787497    
 -2.8878879E-03   2.629273    
 -2.8778778E-03   2.417140    
 -2.8678679E-03   2.251280    
 -2.8578578E-03   2.288776    
 -2.8478478E-03   2.583921    
 -2.8378379E-03   2.876807    
 -2.8278281E-03   2.823847    
 -2.8178177E-03   2.479384    
 -2.8078076E-03   2.227260    
 -2.7977978E-03   2.199288    
 -2.7877877E-03   2.139324    
 -2.7777778E-03   1.928400    
 -2.7677678E-03   1.823266    
 -2.7577577E-03   2.022049    
 -2.7477478E-03   2.366661    
 -2.7377380E-03   2.641565    
 -2.7277276E-03   2.825212    
 -2.7177178E-03   2.900570    
 -2.7077077E-03   2.759478    
 -2.6976976E-03   2.442952    
 -2.6876878E-03   2.161045    
 -2.6776779E-03   1.958454    
 -2.6676676E-03   1.683949    
 -2.6576577E-03   1.387161    
 -2.6476476E-03   1.386075    
 -2.6376375E-03   1.797896    
 -2.6276277E-03   2.322903    
 -2.6176176E-03   2.637577    
 -2.6076075E-03   2.721716    
 -2.5975977E-03   2.683010    
 -2.5875878E-03   2.536823    
 -2.5775777E-03   2.309354    
 -2.5675676E-03   2.138036    
 -2.5575575E-03   2.124884    
 -2.5475475E-03   2.220357    
 -2.5375376E-03   2.315880    
 -2.5275275E-03   2.348799    
 -2.5175174E-03   2.311799    
 -2.5075076E-03   2.257833    
 -2.4974977E-03   2.264086    
 -2.4874876E-03   2.314382    
 -2.4774773E-03   2.300688    
 -2.4674674E-03   2.213563    
 -2.4574574E-03   2.196062    
 -2.4474475E-03   2.314620    
 -2.4374374E-03   2.422715    
 -2.4274273E-03   2.361083    
 -2.4174175E-03   2.163438    
 -2.4074076E-03   1.973758    
 -2.3973975E-03   1.880136    
 -2.3873874E-03   1.883515    
 -2.3773774E-03   1.910384    
 -2.3673673E-03   1.860376    
 -2.3573574E-03   1.752734    
 -2.3473476E-03   1.748766    
 -2.3373372E-03   1.890499    
 -2.3273274E-03   1.980201    
 -2.3173175E-03   1.929462    
 -2.3073072E-03   2.005243    
 -2.2972974E-03   2.422482    
 -2.2872873E-03   2.919988    
 -2.2772772E-03   3.115219    
 -2.2672673E-03   3.073144    
 -2.2572575E-03   3.116067    
 -2.2472474E-03   3.278061    
 -2.2372373E-03   3.384564    
 -2.2272274E-03   3.467372    
 -2.2172171E-03   3.636026    
 -2.2072073E-03   3.734375    
 -2.1971972E-03   3.590463    
 -2.1871871E-03   3.404519    
 -2.1771772E-03   3.429242    
 -2.1671674E-03   3.488925    
 -2.1571573E-03   3.290775    
 -2.1471472E-03   2.984307    
 -2.1371371E-03   2.928175    
 -2.1271270E-03   3.138858    
 -2.1171172E-03   3.419744    
 -2.1071073E-03   3.748935    
 -2.0970970E-03   4.077848    
 -2.0870871E-03   4.098651    
 -2.0770773E-03   3.729961    
 -2.0670672E-03   3.476993    
 -2.0570571E-03   3.747385    
 -2.0470468E-03   4.165341    
 -2.0370369E-03   4.154672    
 -2.0270271E-03   3.846591    
 -2.0170170E-03   3.764400    
 -2.0070069E-03   3.923496    
 -1.9969970E-03   3.918175    
 -1.9869870E-03   3.682068    
 -1.9769771E-03   3.519928    
 -1.9669670E-03   3.536504    
 -1.9569569E-03   3.575151    
 -1.9469468E-03   3.578340    
 -1.9369370E-03   3.553466    
 -1.9269269E-03   3.394621    
 -1.9169169E-03   3.143831    
 -1.9069071E-03   3.146827    
 -1.8968969E-03   3.530519    
 -1.8868870E-03   3.862201    
 -1.8768768E-03   3.793263    
 -1.8668667E-03   3.678200    
 -1.8568569E-03   4.003062    
 -1.8468469E-03   4.502691    
 -1.8368368E-03   4.464572    
 -1.8268268E-03   3.748957    
 -1.8168170E-03   2.952433    
 -1.8068068E-03   2.635130    
 -1.7967967E-03   2.836910    
 -1.7867868E-03   3.288175    
 -1.7767766E-03   3.685524    
 -1.7667668E-03   3.789416    
 -1.7567568E-03   3.605154    
 -1.7467467E-03   3.469815    
 -1.7367367E-03   3.688531    
 -1.7267269E-03   4.107403    
 -1.7167168E-03   4.295613    
 -1.7067066E-03   4.147891    
 -1.6966967E-03   4.069356    
 -1.6866866E-03   4.477436    
 -1.6766769E-03   5.270831    
 -1.6666666E-03   5.911184    
 -1.6566566E-03   5.999022    
 -1.6466468E-03   5.676579    
 -1.6366368E-03   5.444088    
 -1.6266268E-03   5.667471    
 -1.6166165E-03   6.312761    
 -1.6066066E-03   7.041284    
 -1.5965967E-03   7.450799    
 -1.5865864E-03   7.371377    
 -1.5765765E-03   7.084790    
 -1.5665665E-03   7.090352    
 -1.5565567E-03   7.455863    
 -1.5465467E-03   7.688461    
 -1.5365368E-03   7.549833    
 -1.5265265E-03   7.589432    
 -1.5165166E-03   8.322209    
 -1.5065067E-03   9.256918    
 -1.4964964E-03   9.523778    
 -1.4864864E-03   9.208406    
 -1.4764764E-03   9.159140    
 -1.4664661E-03   9.605273    
 -1.4564563E-03   9.958991    
 -1.4464463E-03   9.961866    
 -1.4364364E-03   9.976861    
 -1.4264265E-03   10.06466    
 -1.4164166E-03   9.853955    
 -1.4064063E-03   9.504237    
 -1.3963963E-03   9.695793    
 -1.3863865E-03   10.41494    
 -1.3763765E-03   10.82488    
 -1.3663666E-03   10.63043    
 -1.3563567E-03   10.49735    
 -1.3463463E-03   10.82342    
 -1.3363364E-03   11.18383    
 -1.3263260E-03   11.28937    
 -1.3163162E-03   11.38593    
 -1.3063062E-03   11.44161    
 -1.2962964E-03   11.11221    
 -1.2862860E-03   10.75259    
 -1.2762761E-03   11.15519    
 -1.2662662E-03   11.98940    
 -1.2562562E-03   11.91951    
 -1.2462464E-03   10.68905    
 -1.2362364E-03   9.679869    
 -1.2262261E-03   9.952278    
 -1.2162162E-03   11.10938    
 -1.2062063E-03   12.47369    
 -1.1961963E-03   13.82175    
 -1.1861864E-03   14.54854    
 -1.1761765E-03   13.90581    
 -1.1661662E-03   12.72139    
 -1.1561563E-03   13.05144    
 -1.1461460E-03   15.25851    
 -1.1361360E-03   17.20163    
 -1.1261262E-03   17.31194    
 -1.1161162E-03   16.68290    
 -1.1061059E-03   16.93312    
 -1.0960960E-03   17.74900    
 -1.0860860E-03   18.03406    
 -1.0760761E-03   18.04609    
 -1.0660662E-03   18.75417    
 -1.0560562E-03   20.10445    
 -1.0460459E-03   21.37058    
 -1.0360361E-03   22.41649    
 -1.0260261E-03   23.37380    
 -1.0160162E-03   23.84224    
 -1.0060063E-03   23.54576    
 -9.9599641E-04   23.09846    
 -9.8598609E-04   23.11699    
 -9.7597571E-04   23.21135    
 -9.6596580E-04   22.76838    
 -9.5595588E-04   22.14922    
 -9.4594597E-04   22.23963    
 -9.3593606E-04   23.24925    
 -9.2592573E-04   24.65683    
 -9.1591582E-04   25.99659    
 -9.0590591E-04   27.16312    
 -8.9589600E-04   28.20526    
 -8.8588602E-04   29.16490    
 -8.7587611E-04   29.95966    
 -8.6586579E-04   30.39779    
 -8.5585588E-04   30.54689    
 -8.4584596E-04   30.91918    
 -8.3583605E-04   31.93145    
 -8.2582614E-04   33.43168    
 -8.1581622E-04   35.10054    
 -8.0580550E-04   36.92036    
 -7.9579558E-04   38.89109    
 -7.8578567E-04   40.82501    
 -7.7577576E-04   42.76187    
 -7.6576584E-04   44.88461    
 -7.5575552E-04   46.69413    
 -7.4574561E-04   47.19168    
 -7.3573564E-04   46.35118    
 -7.2572572E-04   45.44063    
 -7.1571581E-04   45.51479    
 -7.0570590E-04   46.61556    
 -6.9569558E-04   48.57304    
 -6.8568566E-04   51.13235    
 -6.7567575E-04   53.17260    
 -6.6566584E-04   53.75986    
 -6.5565592E-04   54.29527    
 -6.4564601E-04   57.35275    
 -6.3563528E-04   62.74615    
 -6.2562537E-04   67.22850    
 -6.1561546E-04   69.03996    
 -6.0560554E-04   70.15904    
 -5.9559557E-04   72.89201    
 -5.8558566E-04   76.88648    
 -5.7557534E-04   81.01236    
 -5.6556542E-04   85.49828    
 -5.5555551E-04   90.36491    
 -5.4554560E-04   94.23632    
 -5.3553568E-04   96.82634    
 -5.2552577E-04   100.5011    
 -5.1551545E-04   107.3675    
 -5.0550554E-04   116.5243    
 -4.9549562E-04   125.8778    
 -4.8548568E-04   134.8751    
 -4.7547577E-04   143.9587    
 -4.6546545E-04   153.1257    
 -4.5545513E-04   162.5233    
 -4.4544521E-04   172.9504    
 -4.3543530E-04   184.7602    
 -4.2542536E-04   197.7462    
 -4.1541544E-04   212.3454    
 -4.0540553E-04   228.9735    
 -3.9539521E-04   246.4591    
 -3.8538530E-04   263.9341    
 -3.7537538E-04   283.8557    
 -3.6536544E-04   309.3276    
 -3.5535553E-04   338.3371    
 -3.4534562E-04   365.1028    
 -3.3533529E-04   388.0643    
 -3.2532538E-04   412.1856    
 -3.1531547E-04   442.0394    
 -3.0530553E-04   476.7607    
 -2.9529521E-04   513.2968    
 -2.8528529E-04   550.4747    
 -2.7527497E-04   588.2819    
 -2.6526506E-04   627.2745    
 -2.5525515E-04   670.5367    
 -2.4524523E-04   722.3981    
 -2.3523530E-04   783.5334    
 -2.2522538E-04   850.6353    
 -2.1521507E-04   921.2233    
 -2.0520514E-04   994.5249    
 -1.9519523E-04   1067.692    
 -1.8518530E-04   1136.990    
 -1.7517539E-04   1203.587    
 -1.6516546E-04   1272.195    
 -1.5515515E-04   1343.335    
 -1.4514523E-04   1413.615    
 -1.3513531E-04   1483.995    
 -1.2512499E-04   1558.894    
 -1.1511507E-04   1635.445    
 -1.0510515E-04   1704.075    
 -9.5094838E-05   1763.181    
 -8.5084917E-05   1821.945    
 -7.5074997E-05   1882.902    
 -6.5065076E-05   1934.016    
 -5.5055156E-05   1967.245    
 -4.5045235E-05   1993.277    
 -3.5034918E-05   2025.315    
 -2.5024998E-05   2057.792    
 -1.5015078E-05   2076.000    
 -5.0051581E-06   2079.629    
  5.0047620E-06   2079.633    
  1.5014683E-05   2076.001    
  2.5024998E-05   2057.791    
  3.5034918E-05   2025.316    
  4.5045235E-05   1993.276    
  5.5055156E-05   1967.245    
  6.5065076E-05   1934.016    
  7.5075390E-05   1882.898    
  8.5085310E-05   1821.941    
  9.5095231E-05   1763.180    
  1.0510515E-04   1704.075    
  1.1511507E-04   1635.445    
  1.2512499E-04   1558.894    
  1.3513531E-04   1483.996    
  1.4514523E-04   1413.615    
  1.5515515E-04   1343.335    
  1.6516507E-04   1272.199    
  1.7517500E-04   1203.588    
  1.8518491E-04   1136.992    
  1.9519523E-04   1067.692    
  2.0520514E-04   994.5247    
  2.1521546E-04   921.2200    
  2.2522538E-04   850.6353    
  2.3523530E-04   783.5334    
  2.4524523E-04   722.3976    
  2.5525552E-04   670.5355    
  2.6526547E-04   627.2731    
  2.7527538E-04   588.2789    
  2.8528529E-04   550.4751    
  2.9529521E-04   513.2973    
  3.0530515E-04   476.7637    
  3.1531547E-04   442.0397    
  3.2532538E-04   412.1859    
  3.3533529E-04   388.0642    
  3.4534521E-04   365.1043    
  3.5535512E-04   338.3380    
  3.6536506E-04   309.3289    
  3.7537538E-04   283.8557    
  3.8538568E-04   263.9336    
  3.9539562E-04   246.4579    
  4.0540553E-04   228.9737    
  4.1541544E-04   212.3453    
  4.2542536E-04   197.7462    
  4.3543568E-04   184.7595    
  4.4544559E-04   172.9496    
  4.5545553E-04   162.5231    
  4.6546545E-04   153.1255    
  4.7547536E-04   143.9591    
  4.8548527E-04   134.8753    
  4.9549562E-04   125.8777    
  5.0550554E-04   116.5242    
  5.1551545E-04   107.3674    
  5.2552536E-04   100.5016    
  5.3553528E-04   96.82648    
  5.4554519E-04   94.23698    
  5.5555592E-04   90.36483    
  5.6556583E-04   85.49783    
  5.7557574E-04   81.01182    
  5.8558566E-04   76.88642    
  5.9559557E-04   72.89202    
  6.0560554E-04   70.15906    
  6.1561581E-04   69.03944    
  6.2562578E-04   67.22859    
  6.3563569E-04   62.74574    
  6.4564560E-04   57.35300    
  6.5565552E-04   54.29546    
  6.6566543E-04   53.75981    
  6.7567575E-04   53.17259    
  6.8568566E-04   51.13242    
  6.9569558E-04   48.57301    
  7.0570549E-04   46.61595    
  7.1571540E-04   45.51520    
  7.2572572E-04   45.44052    
  7.3573604E-04   46.35123    
  7.4574596E-04   47.19199    
  7.5575593E-04   46.69397    
  7.6576584E-04   44.88472    
  7.7577576E-04   42.76173    
  7.8578567E-04   40.82504    
  7.9579599E-04   38.89090    
  8.0580590E-04   36.92041    
  8.1581582E-04   35.10083    
  8.2582573E-04   33.43174    
  8.3583564E-04   31.93130    
  8.4584556E-04   30.91909    
  8.5585588E-04   30.54686    
  8.6586579E-04   30.39779    
  8.7587576E-04   29.95973    
  8.8588567E-04   29.16460    
  8.9589600E-04   28.20540    
  9.0590632E-04   27.16311    
  9.1591623E-04   25.99642    
  9.2592614E-04   24.65682    
  9.3593606E-04   23.24934    
  9.4594597E-04   22.23970    
  9.5595588E-04   22.14922    
  9.6596620E-04   22.76834    
  9.7597612E-04   23.21134    
  9.8598609E-04   23.11702    
  9.9599594E-04   23.09872    
  1.0060059E-03   23.54564    
  1.0160158E-03   23.84228    
  1.0260261E-03   23.37381    
  1.0360361E-03   22.41644    
  1.0460459E-03   21.37044    
  1.0560559E-03   20.10440    
  1.0660662E-03   18.75424    
  1.0760761E-03   18.04604    
  1.0860864E-03   18.03405    
  1.0960964E-03   17.74897    
  1.1061063E-03   16.93304    
  1.1161162E-03   16.68283    
  1.1261262E-03   17.31194    
  1.1361360E-03   17.20163    
  1.1461463E-03   15.25843    
  1.1561563E-03   13.05130    
  1.1661662E-03   12.72136    
  1.1761761E-03   13.90592    
  1.1861860E-03   14.54850    
  1.1961960E-03   13.82184    
  1.2062063E-03   12.47373    
  1.2162162E-03   11.10946    
  1.2262261E-03   9.952341    
  1.2362364E-03   9.679822    
  1.2462464E-03   10.68903    
  1.2562562E-03   11.91954    
  1.2662666E-03   11.98918    
  1.2762765E-03   11.15508    
  1.2862864E-03   10.75281    
  1.2962964E-03   11.11220    
  1.3063062E-03   11.44145    
  1.3163162E-03   11.38592    
  1.3263265E-03   11.28915    
  1.3363364E-03   11.18384    
  1.3463463E-03   10.82343    
  1.3563563E-03   10.49740    
  1.3663662E-03   10.63043    
  1.3763761E-03   10.82476    
  1.3863865E-03   10.41497    
  1.3963963E-03   9.695803    
  1.4064066E-03   9.504339    
  1.4164166E-03   9.853974    
  1.4264265E-03   10.06461    
  1.4364364E-03   9.976858    
  1.4464468E-03   9.961673    
  1.4564566E-03   9.958957    
  1.4664666E-03   9.605415    
  1.4764764E-03   9.159119    
  1.4864864E-03   9.208365    
  1.4964964E-03   9.523825    
  1.5065067E-03   9.256907    
  1.5165166E-03   8.322141    
  1.5265265E-03   7.589444    
  1.5365364E-03   7.549756    
  1.5465464E-03   7.688645    
  1.5565562E-03   7.455582    
  1.5665665E-03   7.090392    
  1.5765765E-03   7.084792    
  1.5865868E-03   7.371263    
  1.5965967E-03   7.450782    
  1.6066066E-03   7.041296    
  1.6166165E-03   6.312771    
  1.6266268E-03   5.667469    
  1.6366368E-03   5.444088    
  1.6466463E-03   5.676577    
  1.6566566E-03   5.999012    
  1.6666669E-03   5.911270    
  1.6766764E-03   5.270840    
  1.6866868E-03   4.477393    
  1.6966963E-03   4.069318    
  1.7067066E-03   4.147887    
  1.7167169E-03   4.295578    
  1.7267264E-03   4.107530    
  1.7367367E-03   3.688469    
  1.7467464E-03   3.469770    
  1.7567567E-03   3.605155    
  1.7667669E-03   3.789164    
  1.7767772E-03   3.685321    
  1.7867868E-03   3.288136    
  1.7967972E-03   2.836764    
  1.8068067E-03   2.635147    
  1.8168170E-03   2.952396    
  1.8268273E-03   3.748931    
  1.8368368E-03   4.464592    
  1.8468471E-03   4.502600    
  1.8568566E-03   4.003064    
  1.8668670E-03   3.678193    
  1.8768765E-03   3.793247    
  1.8868868E-03   3.862037    
  1.8968971E-03   3.530452    
  1.9069066E-03   3.146836    
  1.9169169E-03   3.143785    
  1.9269264E-03   3.394526    
  1.9369368E-03   3.553459    
  1.9469471E-03   3.578390    
  1.9569567E-03   3.575130    
  1.9669670E-03   3.536487    
  1.9769764E-03   3.520134    
  1.9869867E-03   3.681990    
  1.9969963E-03   3.918031    
  2.0070074E-03   3.923436    
  2.0170177E-03   3.764324    
  2.0270273E-03   3.846447    
  2.0370376E-03   4.154469    
  2.0470470E-03   4.165294    
  2.0570573E-03   3.747355    
  2.0670677E-03   3.477096    
  2.0770773E-03   3.729944    
  2.0870876E-03   4.098692    
  2.0970970E-03   4.077860    
  2.1071073E-03   3.748925    
  2.1171169E-03   3.419875    
  2.1271273E-03   3.138855    
  2.1371376E-03   2.928135    
  2.1471470E-03   2.984245    
  2.1571573E-03   3.290759    
  2.1671669E-03   3.488766    
  2.1771772E-03   3.429227    
  2.1871876E-03   3.404421    
  2.1971972E-03   3.590480    
  2.2072075E-03   3.734371    
  2.2172169E-03   3.635993    
  2.2272272E-03   3.467444    
  2.2372368E-03   3.384536    
  2.2472471E-03   3.278044    
  2.2572575E-03   3.116059    
  2.2672669E-03   3.073169    
  2.2772772E-03   3.115218    
  2.2872868E-03   2.919908    
  2.2972971E-03   2.422559    
  2.3073074E-03   2.005211    
  2.3173168E-03   1.929437    
  2.3273272E-03   1.980201    
  2.3373368E-03   1.890501    
  2.3473478E-03   1.748775    
  2.3573574E-03   1.752705    
  2.3673677E-03   1.860406    
  2.3773781E-03   1.910319    
  2.3873874E-03   1.883512    
  2.3973978E-03   1.880225    
  2.4074074E-03   1.973601    
  2.4174177E-03   2.163506    
  2.4274280E-03   2.361087    
  2.4374374E-03   2.422731    
  2.4474477E-03   2.314688    
  2.4574574E-03   2.196068    
  2.4674677E-03   2.213511    
  2.4774773E-03   2.300670    
  2.4874876E-03   2.314371    
  2.4974979E-03   2.263968    
  2.5075073E-03   2.257795    
  2.5175177E-03   2.311775    
  2.5275273E-03   2.348886    
  2.5375376E-03   2.315870    
  2.5475479E-03   2.220477    
  2.5575573E-03   2.124852    
  2.5675676E-03   2.138042    
  2.5775773E-03   2.309430    
  2.5875876E-03   2.536818    
  2.5975970E-03   2.682966    
  2.6076073E-03   2.721687    
  2.6176176E-03   2.637568    
  2.6276272E-03   2.323032    
  2.6376375E-03   1.797939    
  2.6476469E-03   1.386096    
  2.6576573E-03   1.387184    
  2.6676676E-03   1.683987    
  2.6776772E-03   1.958428    
  2.6876875E-03   2.161087    
  2.6976978E-03   2.442966    
  2.7077082E-03   2.759451    
  2.7177185E-03   2.900635    
  2.7277281E-03   2.825202    
  2.7377382E-03   2.641577    
  2.7477478E-03   2.366700    
  2.7577581E-03   2.022054    
  2.7677678E-03   1.823298    
  2.7777781E-03   1.928431    
  2.7877884E-03   2.139373    
  2.7977978E-03   2.199284    
  2.8078081E-03   2.227285    
  2.8178177E-03   2.479356    
  2.8278281E-03   2.823827    
  2.8378384E-03   2.876844    
  2.8478478E-03   2.583893    
  2.8578581E-03   2.288800    
  2.8678677E-03   2.251275    
  2.8778780E-03   2.417156    
  2.8878874E-03   2.629165    
  2.8978977E-03   2.787480    
  2.9079081E-03   2.838995    
  2.9179177E-03   2.829613    
  2.9279280E-03   2.905375    
  2.9379374E-03   3.081772    
  2.9479477E-03   3.126259    
  2.9579580E-03   2.855958    
  2.9679677E-03   2.425923    
  2.9779780E-03   2.123662    
  2.9879876E-03   2.004074    
  2.9979979E-03   1.918921    
  3.0080073E-03   1.803070    
  3.0180176E-03   1.740526    
  3.0280279E-03   1.811577    
  3.0380383E-03   2.009533    
  3.0480486E-03   2.254417    
  3.0580582E-03   2.407232    
  3.0680685E-03   2.348207    
  3.0780789E-03   2.098768    
  3.0880882E-03   1.807051    
  3.0980986E-03   1.607668    
  3.1081082E-03   1.560436    
  3.1181185E-03   1.672830    
  3.1281279E-03   1.862859    
  3.1381382E-03   1.966994    
  3.1481485E-03   1.922870    
  3.1581582E-03   1.878068    
  3.1681685E-03   1.981158    
  3.1781779E-03   2.168732    
  3.1881882E-03   2.299498    
  3.1981985E-03   2.354033    
  3.2082081E-03   2.323536    
  3.2182185E-03   2.075412    
  3.2282281E-03   1.575787    
  3.2382382E-03   1.099077    
  3.2482478E-03  0.9431008    
  3.2582581E-03   1.043160    
  3.2682684E-03   1.125638    
  3.2782780E-03   1.128337    
  3.2882884E-03   1.190804    
  3.2982978E-03   1.317680    
  3.3083081E-03   1.354272    
  3.3183184E-03   1.264228    
  3.3283280E-03   1.174165    
  3.3383383E-03   1.149444    
  3.3483477E-03   1.139740    
  3.3583581E-03   1.136943    
  3.3683677E-03   1.194938    
  3.3783787E-03   1.304384    
  3.3883890E-03   1.403362    
  3.3983986E-03   1.497591    
  3.4084090E-03   1.632832    
  3.4184183E-03   1.773967    
  3.4284287E-03   1.838494    
  3.4384390E-03   1.826364    
  3.4484486E-03   1.812994    
  3.4584589E-03   1.836904    
  3.4684683E-03   1.865304    
  3.4784786E-03   1.837374    
  3.4884890E-03   1.688316    
  3.4984986E-03   1.404321    
  3.5085089E-03   1.112679    
  3.5185185E-03   1.032268    
  3.5285288E-03   1.234583    
  3.5385382E-03   1.511809    
  3.5485486E-03   1.585289    
  3.5585589E-03   1.423414    
  3.5685685E-03   1.265620    
  3.5785788E-03   1.328672    
  3.5885882E-03   1.561854    
  3.5985985E-03   1.730070    
  3.6086089E-03   1.695765    
  3.6186185E-03   1.553083    
  3.6286288E-03   1.474451    
  3.6386382E-03   1.491702    
  3.6486485E-03   1.495997    
  3.6586581E-03   1.419539    
  3.6686684E-03   1.319346    
  3.6786788E-03   1.266166    
  3.6886882E-03   1.241839    
  3.6986985E-03   1.199657    
  3.7087081E-03   1.164433    
  3.7187191E-03   1.201448    
  3.7287294E-03   1.302152    
  3.7387391E-03   1.361776    
  3.7487494E-03   1.300099    
  3.7587588E-03   1.179045    
  3.7687691E-03   1.150116    
  3.7787787E-03   1.269083    
  3.7887890E-03   1.419414    
  3.7987994E-03   1.471970    
  3.8088090E-03   1.455607    
  3.8188193E-03   1.478789    
  3.8288287E-03   1.540244    
  3.8388390E-03   1.548185    
  3.8488493E-03   1.488608    
  3.8588590E-03   1.421232    
  3.8688693E-03   1.334918    
  3.8788787E-03   1.186556    
  3.8888890E-03   1.071262    
  3.8988986E-03   1.148213    
  3.9089089E-03   1.372277    
  3.9189192E-03   1.505368    
  3.9289286E-03   1.445045    
  3.9389390E-03   1.350101    
  3.9489483E-03   1.383206    
  3.9589587E-03   1.506414    
  3.9689690E-03   1.585775    
  3.9789788E-03   1.543532    
  3.9889892E-03   1.369392    
  3.9989986E-03   1.134223    
  4.0090089E-03  0.9975667    
  4.0190183E-03   1.042912    
  4.0290286E-03   1.130052    
  4.0390389E-03   1.096301    
  4.0490488E-03   1.042564    
  4.0590595E-03   1.175627    
  4.0690694E-03   1.412050    
  4.0790793E-03   1.443547    
  4.0890896E-03   1.209047    
  4.0990994E-03  0.9944668    
  4.1091098E-03  0.9952159    
  4.1191191E-03   1.064679    
  4.1291295E-03   1.001709    
  4.1391389E-03  0.8447742    
  4.1491492E-03  0.7502826    
  4.1591595E-03  0.7602257    
  4.1691693E-03  0.8079785    
  4.1791797E-03  0.8256890    
  4.1891891E-03  0.7688132    
  4.1991994E-03  0.6412909    
  4.2092097E-03  0.5379812    
  4.2192191E-03  0.5607040    
  4.2292294E-03  0.6763670    
  4.2392388E-03  0.7577713    
  4.2492491E-03  0.7603320    
  4.2592590E-03  0.7481961    
  4.2692693E-03  0.7578257    
  4.2792796E-03  0.7506115    
  4.2892890E-03  0.7020704    
  4.2992993E-03  0.6367729    
  4.3093087E-03  0.5718070    
  4.3193190E-03  0.5068282    
  4.3293294E-03  0.4665570    
  4.3393392E-03  0.4845265    
  4.3493495E-03  0.5432028    
  4.3593589E-03  0.5817873    
  4.3693692E-03  0.5697384    
  4.3793786E-03  0.5513666    
  4.3893890E-03  0.6104603    
  4.3994002E-03  0.7753069    
  4.4094096E-03  0.9442852    
  4.4194199E-03  0.9580039    
  4.4294293E-03  0.7945457    
  4.4394396E-03  0.6329094    
  4.4494499E-03  0.6375583    
  4.4594598E-03  0.7400715    
  4.4694701E-03  0.7479941    
  4.4794795E-03  0.6211348    
  4.4894898E-03  0.5067725    
  4.4995002E-03  0.5179137    
  4.5095095E-03  0.6108596    
  4.5195199E-03  0.6891471    
  4.5295293E-03  0.7108659    
  4.5395396E-03  0.6677519    
  4.5495494E-03  0.5610810    
  4.5595597E-03  0.4395680    
  4.5695701E-03  0.3924009    
  4.5795795E-03  0.4592642    
  4.5895898E-03  0.5834368    
  4.5995992E-03  0.6870472    
  4.6096095E-03  0.7648858    
  4.6196198E-03  0.8598459    
  4.6296297E-03  0.9496962    
  4.6396400E-03  0.9193361    
  4.6496494E-03  0.7030708    
  4.6596597E-03  0.4157478    
  4.6696691E-03  0.2506984    
  4.6796794E-03  0.2558035    
  4.6896897E-03  0.3173239    
  4.6996991E-03  0.3622155    
  4.7097094E-03  0.4400279    
  4.7197193E-03  0.5752602    
  4.7297296E-03  0.6905900    
  4.7397404E-03  0.7305430    
  4.7497503E-03  0.7184235    
  4.7597606E-03  0.6486340    
  4.7697700E-03  0.4839959    
  4.7797803E-03  0.3040438    
  4.7897897E-03  0.2611549    
  4.7998000E-03  0.3295152    
  4.8098103E-03  0.3065782    
  4.8198197E-03  0.1429989    
  4.8298300E-03  4.6930537E-02
  4.8398399E-03  0.1614660    
  4.8498502E-03  0.3652233    
  4.8598605E-03  0.5088413    
  4.8698699E-03  0.6219751    
  4.8798802E-03  0.7531055    
  4.8898896E-03  0.8223270    
  4.8998999E-03  0.7819051    
  4.9099098E-03  0.7298042    
  4.9199201E-03  0.7278807    
  4.9299304E-03  0.6905121    
  4.9399398E-03  0.5768092    
  4.9499501E-03  0.5066527    
  4.9599595E-03  0.5563225    
  4.9699699E-03  0.6102428    
  4.9799802E-03  0.5486363    
  4.9899896E-03  0.4352037    
  4.9999999E-03  0.3979708    
