 -4.9999999E-03   1.328433    
 -4.9899900E-03   1.348654    
 -4.9799802E-03   1.367409    
 -4.9699699E-03   1.381517    
 -4.9599600E-03   1.390887    
 -4.9499501E-03   1.398422    
 -4.9399403E-03   1.407766    
 -4.9299300E-03   1.420829    
 -4.9199201E-03   1.437191    
 -4.9099098E-03   1.455468    
 -4.8998999E-03   1.474335    
 -4.8898896E-03   1.493203    
 -4.8798798E-03   1.511340    
 -4.8698699E-03   1.527831    
 -4.8598601E-03   1.541767    
 -4.8498502E-03   1.552835    
 -4.8398399E-03   1.561332    
 -4.8298300E-03   1.567442    
 -4.8198197E-03   1.571329    
 -4.8098098E-03   1.573395    
 -4.7997995E-03   1.574985    
 -4.7897897E-03   1.577822    
 -4.7797798E-03   1.582615    
 -4.7697700E-03   1.587806    
 -4.7597601E-03   1.590321    
 -4.7497498E-03   1.587690    
 -4.7397399E-03   1.580070    
 -4.7297296E-03   1.570482    
 -4.7197198E-03   1.562560    
 -4.7097094E-03   1.558490    
 -4.6996996E-03   1.557708    
 -4.6896897E-03   1.558242    
 -4.6796799E-03   1.558046    
 -4.6696700E-03   1.555825    
 -4.6596597E-03   1.550888    
 -4.6496498E-03   1.542970    
 -4.6396400E-03   1.532716    
 -4.6296297E-03   1.521743    
 -4.6196193E-03   1.512117    
 -4.6096095E-03   1.504838    
 -4.5995996E-03   1.499164    
 -4.5895898E-03   1.493619    
 -4.5795795E-03   1.488156    
 -4.5695696E-03   1.484897    
 -4.5595597E-03   1.486730    
 -4.5495499E-03   1.494364    
 -4.5395396E-03   1.505106    
 -4.5295293E-03   1.514319    
 -4.5195194E-03   1.519010    
 -4.5095095E-03   1.520179    
 -4.4994997E-03   1.521697    
 -4.4894894E-03   1.526890    
 -4.4794795E-03   1.536193    
 -4.4694697E-03   1.547775    
 -4.4594598E-03   1.559987    
 -4.4494495E-03   1.573564    
 -4.4394392E-03   1.590952    
 -4.4294293E-03   1.613553    
 -4.4194194E-03   1.640311    
 -4.4094096E-03   1.668440    
 -4.3993993E-03   1.695678    
 -4.3893894E-03   1.721839    
 -4.3793796E-03   1.747871    
 -4.3693697E-03   1.773708    
 -4.3593599E-03   1.797181    
 -4.3493495E-03   1.815238    
 -4.3393392E-03   1.826137    
 -4.3293294E-03   1.830584    
 -4.3193190E-03   1.831156    
 -4.3093092E-03   1.830317    
 -4.2992993E-03   1.829451    
 -4.2892895E-03   1.829079    
 -4.2792796E-03   1.829677    
 -4.2692693E-03   1.832358    
 -4.2592594E-03   1.838386    
 -4.2492491E-03   1.848135    
 -4.2392393E-03   1.860860    
 -4.2292294E-03   1.874990    
 -4.2192191E-03   1.888726    
 -4.2092092E-03   1.900184    
 -4.1991994E-03   1.907882    
 -4.1891895E-03   1.910645    
 -4.1791792E-03   1.907930    
 -4.1691693E-03   1.899708    
 -4.1591590E-03   1.886351    
 -4.1491492E-03   1.868170    
 -4.1391389E-03   1.845761    
 -4.1291290E-03   1.820463    
 -4.1191191E-03   1.794996    
 -4.1091093E-03   1.772841    
 -4.0990994E-03   1.757039    
 -4.0890891E-03   1.748798    
 -4.0790793E-03   1.747552    
 -4.0690694E-03   1.751486    
 -4.0590591E-03   1.758402    
 -4.0490492E-03   1.766398    
 -4.0390389E-03   1.773847    
 -4.0290290E-03   1.780158    
 -4.0190192E-03   1.786447    
 -4.0090089E-03   1.796151    
 -3.9989995E-03   1.814185    
 -3.9889892E-03   1.844337    
 -3.9789793E-03   1.886796    
 -3.9689690E-03   1.936600    
 -3.9589587E-03   1.985772    
 -3.9489488E-03   2.027021    
 -3.9389390E-03   2.057392    
 -3.9289291E-03   2.079662    
 -3.9189192E-03   2.100612    
 -3.9089089E-03   2.127224    
 -3.8988988E-03   2.163034    
 -3.8888890E-03   2.206657    
 -3.8788787E-03   2.253218    
 -3.8688693E-03   2.297214    
 -3.8588590E-03   2.334995    
 -3.8488489E-03   2.365598    
 -3.8388390E-03   2.389582    
 -3.8288287E-03   2.407642    
 -3.8188188E-03   2.420485    
 -3.8088090E-03   2.429509    
 -3.7987989E-03   2.437773    
 -3.7887890E-03   2.448943    
 -3.7787787E-03   2.464723    
 -3.7687689E-03   2.483354    
 -3.7587588E-03   2.500413    
 -3.7487489E-03   2.512252    
 -3.7387386E-03   2.518950    
 -3.7287287E-03   2.524322    
 -3.7187189E-03   2.532576    
 -3.7087088E-03   2.544735    
 -3.6986985E-03   2.558636    
 -3.6886886E-03   2.571664    
 -3.6786788E-03   2.584196    
 -3.6686689E-03   2.599243    
 -3.6586588E-03   2.619225    
 -3.6486485E-03   2.642190    
 -3.6386386E-03   2.662550    
 -3.6286288E-03   2.675488    
 -3.6186187E-03   2.681160    
 -3.6086084E-03   2.684975    
 -3.5985985E-03   2.692893    
 -3.5885887E-03   2.706844    
 -3.5785788E-03   2.724082    
 -3.5685685E-03   2.741322    
 -3.5585584E-03   2.759113    
 -3.5485486E-03   2.781921    
 -3.5385387E-03   2.813307    
 -3.5285288E-03   2.851392    
 -3.5185185E-03   2.888397    
 -3.5085084E-03   2.916198    
 -3.4984986E-03   2.932468    
 -3.4884887E-03   2.942761    
 -3.4784784E-03   2.956970    
 -3.4684683E-03   2.983212    
 -3.4584585E-03   3.023649    
 -3.4484486E-03   3.074658    
 -3.4384383E-03   3.129745    
 -3.4284284E-03   3.181914    
 -3.4184183E-03   3.225741    
 -3.4084085E-03   3.257876    
 -3.3983986E-03   3.278025    
 -3.3883883E-03   3.289481    
 -3.3783785E-03   3.297735    
 -3.3683684E-03   3.308282    
 -3.3583585E-03   3.324006    
 -3.3483487E-03   3.345153    
 -3.3383383E-03   3.370446    
 -3.3283283E-03   3.398805    
 -3.3183184E-03   3.428782    
 -3.3083083E-03   3.457412    
 -3.2982985E-03   3.480151    
 -3.2882884E-03   3.492902    
 -3.2782783E-03   3.495752    
 -3.2682684E-03   3.494006    
 -3.2582583E-03   3.495798    
 -3.2482482E-03   3.506613    
 -3.2382382E-03   3.525674    
 -3.2282281E-03   3.546450    
 -3.2182182E-03   3.560626    
 -3.2082084E-03   3.563241    
 -3.1981983E-03   3.554970    
 -3.1881882E-03   3.541078    
 -3.1781783E-03   3.528844    
 -3.1681682E-03   3.524428    
 -3.1581582E-03   3.531705    
 -3.1481483E-03   3.551654    
 -3.1381380E-03   3.582820    
 -3.1281281E-03   3.622228    
 -3.1181183E-03   3.665453    
 -3.1081082E-03   3.706845    
 -3.0980981E-03   3.740106    
 -3.0880882E-03   3.758942    
 -3.0780782E-03   3.760095    
 -3.0680681E-03   3.745973    
 -3.0580582E-03   3.725634    
 -3.0480481E-03   3.711830    
 -3.0380380E-03   3.714278    
 -3.0280282E-03   3.734364    
 -3.0180181E-03   3.763845    
 -3.0080082E-03   3.790071    
 -2.9979981E-03   3.803723    
 -2.9879878E-03   3.803650    
 -2.9779780E-03   3.796297    
 -2.9679681E-03   3.790863    
 -2.9579580E-03   3.794522    
 -2.9479479E-03   3.810857    
 -2.9379381E-03   3.840472    
 -2.9279280E-03   3.882239    
 -2.9179181E-03   3.933311    
 -2.9079081E-03   3.988789    
 -2.8978977E-03   4.043060    
 -2.8878879E-03   4.092620    
 -2.8778778E-03   4.138328    
 -2.8678679E-03   4.184642    
 -2.8578578E-03   4.235764    
 -2.8478478E-03   4.291921    
 -2.8378379E-03   4.348577    
 -2.8278281E-03   4.399559    
 -2.8178177E-03   4.441154    
 -2.8078076E-03   4.474250    
 -2.7977978E-03   4.503372    
 -2.7877877E-03   4.533864    
 -2.7777778E-03   4.569705    
 -2.7677678E-03   4.612807    
 -2.7577577E-03   4.663005    
 -2.7477478E-03   4.717753    
 -2.7377380E-03   4.772210    
 -2.7277276E-03   4.820204    
 -2.7177178E-03   4.857594    
 -2.7077077E-03   4.884831    
 -2.6976976E-03   4.908014    
 -2.6876878E-03   4.935135    
 -2.6776779E-03   4.971251    
 -2.6676676E-03   5.014460    
 -2.6576577E-03   5.056351    
 -2.6476476E-03   5.087475    
 -2.6376375E-03   5.103730    
 -2.6276277E-03   5.109886    
 -2.6176176E-03   5.116622    
 -2.6076075E-03   5.134385    
 -2.5975977E-03   5.166767    
 -2.5875878E-03   5.210461    
 -2.5775777E-03   5.259685    
 -2.5675676E-03   5.312921    
 -2.5575575E-03   5.375041    
 -2.5475475E-03   5.452844    
 -2.5375376E-03   5.547375    
 -2.5275275E-03   5.649621    
 -2.5175174E-03   5.744444    
 -2.5075076E-03   5.819559    
 -2.4974977E-03   5.872842    
 -2.4874876E-03   5.911929    
 -2.4774773E-03   5.946938    
 -2.4674674E-03   5.982137    
 -2.4574574E-03   6.015161    
 -2.4474475E-03   6.042641    
 -2.4374374E-03   6.067389    
 -2.4274273E-03   6.099504    
 -2.4174175E-03   6.150283    
 -2.4074076E-03   6.224292    
 -2.3973975E-03   6.315794    
 -2.3873874E-03   6.413332    
 -2.3773774E-03   6.506475    
 -2.3673673E-03   6.590726    
 -2.3573574E-03   6.667029    
 -2.3473476E-03   6.738854    
 -2.3373372E-03   6.809447    
 -2.3273274E-03   6.882132    
 -2.3173175E-03   6.960128    
 -2.3073072E-03   7.045681    
 -2.2972974E-03   7.138493    
 -2.2872873E-03   7.235787    
 -2.2772772E-03   7.334192    
 -2.2672673E-03   7.432044    
 -2.2572575E-03   7.529547    
 -2.2472474E-03   7.626367    
 -2.2372373E-03   7.719747    
 -2.2272274E-03   7.806376    
 -2.2172171E-03   7.885661    
 -2.2072073E-03   7.963000    
 -2.1971972E-03   8.047174    
 -2.1871871E-03   8.146173    
 -2.1771772E-03   8.262278    
 -2.1671674E-03   8.392159    
 -2.1571573E-03   8.529381    
 -2.1471472E-03   8.667758    
 -2.1371371E-03   8.802169    
 -2.1271270E-03   8.928742    
 -2.1171172E-03   9.045717    
 -2.1071073E-03   9.154485    
 -2.0970970E-03   9.259961    
 -2.0870871E-03   9.366763    
 -2.0770773E-03   9.475894    
 -2.0670672E-03   9.582890    
 -2.0570571E-03   9.682176    
 -2.0470468E-03   9.770952    
 -2.0370369E-03   9.850562    
 -2.0270271E-03   9.922646    
 -2.0170170E-03   9.984894    
 -2.0070069E-03   10.03193    
 -1.9969970E-03   10.06149    
 -1.9869870E-03   10.08053    
 -1.9769771E-03   10.10330    
 -1.9669670E-03   10.14313    
 -1.9569569E-03   10.20401    
 -1.9469468E-03   10.28019    
 -1.9369370E-03   10.36478    
 -1.9269269E-03   10.45739    
 -1.9169169E-03   10.56437    
 -1.9069071E-03   10.69129    
 -1.8968969E-03   10.83509    
 -1.8868870E-03   10.98343    
 -1.8768768E-03   11.12208    
 -1.8668667E-03   11.24146    
 -1.8568569E-03   11.33788    
 -1.8468469E-03   11.41055    
 -1.8368368E-03   11.46091    
 -1.8268268E-03   11.49761    
 -1.8168170E-03   11.53984    
 -1.8068068E-03   11.61382    
 -1.7967967E-03   11.73940    
 -1.7867868E-03   11.91853    
 -1.7767766E-03   12.13474    
 -1.7667668E-03   12.36566    
 -1.7567568E-03   12.59808    
 -1.7467467E-03   12.83185    
 -1.7367367E-03   13.07077    
 -1.7267269E-03   13.31168    
 -1.7167168E-03   13.54365    
 -1.7067066E-03   13.75885    
 -1.6966967E-03   13.96307    
 -1.6866866E-03   14.17435    
 -1.6766769E-03   14.40870    
 -1.6666666E-03   14.66672    
 -1.6566566E-03   14.93327    
 -1.6466468E-03   15.19131    
 -1.6366368E-03   15.43716    
 -1.6266268E-03   15.68287    
 -1.6166165E-03   15.94595    
 -1.6066066E-03   16.23503    
 -1.5965967E-03   16.54496    
 -1.5865864E-03   16.86215    
 -1.5765765E-03   17.17409    
 -1.5665665E-03   17.47324    
 -1.5565567E-03   17.75621    
 -1.5465467E-03   18.02134    
 -1.5365368E-03   18.26995    
 -1.5265265E-03   18.50868    
 -1.5165166E-03   18.74929    
 -1.5065067E-03   19.00446    
 -1.4964964E-03   19.28390    
 -1.4864864E-03   19.59368    
 -1.4764764E-03   19.93793    
 -1.4664661E-03   20.31934    
 -1.4564563E-03   20.73539    
 -1.4464463E-03   21.17616    
 -1.4364364E-03   21.62646    
 -1.4264265E-03   22.07451    
 -1.4164166E-03   22.51792    
 -1.4064063E-03   22.96291    
 -1.3963963E-03   23.41709    
 -1.3863865E-03   23.88170    
 -1.3763765E-03   24.35435    
 -1.3663666E-03   24.83562    
 -1.3563567E-03   25.33328    
 -1.3463463E-03   25.85786    
 -1.3363364E-03   26.41413    
 -1.3263260E-03   26.99892    
 -1.3163162E-03   27.60765    
 -1.3063062E-03   28.24368    
 -1.2962964E-03   28.91807    
 -1.2862860E-03   29.63759    
 -1.2762761E-03   30.39236    
 -1.2662662E-03   31.15757    
 -1.2562562E-03   31.90868    
 -1.2462464E-03   32.63812    
 -1.2362364E-03   33.35919    
 -1.2262261E-03   34.09435    
 -1.2162162E-03   34.86204    
 -1.2062063E-03   35.67589    
 -1.1961963E-03   36.55161    
 -1.1861864E-03   37.50853    
 -1.1761765E-03   38.55568    
 -1.1661662E-03   39.66891    
 -1.1561563E-03   40.78543    
 -1.1461460E-03   41.82988    
 -1.1361360E-03   42.75755    
 -1.1261262E-03   43.58693    
 -1.1161162E-03   44.39177    
 -1.1061059E-03   45.26009    
 -1.0960960E-03   46.24609    
 -1.0860860E-03   47.34808    
 -1.0760761E-03   48.52331    
 -1.0660662E-03   49.72236    
 -1.0560562E-03   50.91917    
 -1.0460459E-03   52.12286    
 -1.0360361E-03   53.37109    
 -1.0260261E-03   54.71395    
 -1.0160162E-03   56.19361    
 -1.0060063E-03   57.82940    
 -9.9599641E-04   59.60962    
 -9.8598609E-04   61.49850    
 -9.7597571E-04   63.45578    
 -9.6596580E-04   65.45538    
 -9.5595588E-04   67.49376    
 -9.4594597E-04   69.57977    
 -9.3593606E-04   71.71966    
 -9.2592573E-04   73.91151    
 -9.1591582E-04   76.15059    
 -9.0590591E-04   78.43938    
 -8.9589600E-04   80.78564    
 -8.8588602E-04   83.19016    
 -8.7587611E-04   85.63836    
 -8.6586579E-04   88.10802    
 -8.5585588E-04   90.58759    
 -8.4584596E-04   93.09476    
 -8.3583605E-04   95.67336    
 -8.2582614E-04   98.37541    
 -8.1581622E-04   101.2421    
 -8.0580550E-04   104.2999    
 -7.9579558E-04   107.5643    
 -7.8578567E-04   111.0473    
 -7.7577576E-04   114.7504    
 -7.6576584E-04   118.6608    
 -7.5575552E-04   122.7576    
 -7.4574561E-04   127.0293    
 -7.3573564E-04   131.4896    
 -7.2572572E-04   136.1723    
 -7.1571581E-04   141.1114    
 -7.0570590E-04   146.3161    
 -6.9569558E-04   151.7673    
 -6.8568566E-04   157.4256    
 -6.7567575E-04   163.2503    
 -6.6566584E-04   169.2044    
 -6.5565592E-04   175.2628    
 -6.4564601E-04   181.4285    
 -6.3563528E-04   187.7515    
 -6.2562537E-04   194.3277    
 -6.1561546E-04   201.2701    
 -6.0560554E-04   208.6550    
 -5.9559557E-04   216.4906    
 -5.8558566E-04   224.7409    
 -5.7557534E-04   233.3819    
 -5.6556542E-04   242.4415    
 -5.5555551E-04   251.9833    
 -5.4554560E-04   262.0407    
 -5.3553568E-04   272.5692    
 -5.2552577E-04   283.4672    
 -5.1551545E-04   294.6581    
 -5.0550554E-04   306.1615    
 -4.9549562E-04   318.0929    
 -4.8548568E-04   330.5890    
 -4.7547577E-04   343.7261    
 -4.6546545E-04   357.5032    
 -4.5545513E-04   371.8956    
 -4.4544521E-04   386.9157    
 -4.3543530E-04   402.6307    
 -4.2542536E-04   419.1089    
 -4.1541544E-04   436.3738    
 -4.0540553E-04   454.3882    
 -3.9539521E-04   473.0987    
 -3.8538530E-04   492.4596    
 -3.7537538E-04   512.4290    
 -3.6536544E-04   532.9328    
 -3.5535553E-04   553.8575    
 -3.4534562E-04   575.0994    
 -3.3533529E-04   596.6392    
 -3.2532538E-04   618.5476    
 -3.1531547E-04   640.9227    
 -3.0530553E-04   663.7714    
 -2.9529521E-04   686.9440    
 -2.8528529E-04   710.1600    
 -2.7527497E-04   733.1171    
 -2.6526506E-04   755.5787    
 -2.5525515E-04   777.4238    
 -2.4524523E-04   798.6309    
 -2.3523530E-04   819.2743    
 -2.2522538E-04   839.5267    
 -2.1521507E-04   859.6407    
 -2.0520514E-04   879.8676    
 -1.9519523E-04   900.3326    
 -1.8518530E-04   920.9255    
 -1.7517539E-04   941.3197    
 -1.6516546E-04   961.1088    
 -1.5515515E-04   979.9960    
 -1.4514523E-04   997.9061    
 -1.3513531E-04   1014.968    
 -1.2512499E-04   1031.394    
 -1.1511507E-04   1047.353    
 -1.0510515E-04   1062.892    
 -9.5094838E-05   1077.939    
 -8.5084917E-05   1092.318    
 -7.5074997E-05   1105.791    
 -6.5065076E-05   1118.072    
 -5.5055156E-05   1128.874    
 -4.5045235E-05   1137.960    
 -3.5034918E-05   1145.188    
 -2.5024998E-05   1150.523    
 -1.5015078E-05   1154.013    
 -5.0051581E-06   1155.739    
  5.0047620E-06   1155.728    
  1.5014683E-05   1154.014    
  2.5024998E-05   1150.523    
  3.5034918E-05   1145.188    
  4.5045235E-05   1137.960    
  5.5055156E-05   1128.874    
  6.5065076E-05   1118.072    
  7.5075390E-05   1105.791    
  8.5085310E-05   1092.318    
  9.5095231E-05   1077.938    
  1.0510515E-04   1062.892    
  1.1511507E-04   1047.353    
  1.2512499E-04   1031.394    
  1.3513531E-04   1014.968    
  1.4514523E-04   997.9061    
  1.5515515E-04   979.9962    
  1.6516507E-04   961.1099    
  1.7517500E-04   941.3207    
  1.8518491E-04   920.9268    
  1.9519523E-04   900.3327    
  2.0520514E-04   879.8676    
  2.1521546E-04   859.6395    
  2.2522538E-04   839.5266    
  2.3523530E-04   819.2742    
  2.4524523E-04   798.6309    
  2.5525552E-04   777.4227    
  2.6526547E-04   755.5779    
  2.7527538E-04   733.1164    
  2.8528529E-04   710.1599    
  2.9529521E-04   686.9440    
  3.0530515E-04   663.7725    
  3.1531547E-04   640.9227    
  3.2532538E-04   618.5474    
  3.3533529E-04   596.6392    
  3.4534521E-04   575.1003    
  3.5535512E-04   553.8580    
  3.6536506E-04   532.9338    
  3.7537538E-04   512.4290    
  3.8538568E-04   492.4588    
  3.9539562E-04   473.0980    
  4.0540553E-04   454.3882    
  4.1541544E-04   436.3738    
  4.2542536E-04   419.1089    
  4.3543568E-04   402.6301    
  4.4544559E-04   386.9155    
  4.5545553E-04   371.8948    
  4.6546545E-04   357.5032    
  4.7547536E-04   343.7265    
  4.8548527E-04   330.5892    
  4.9549562E-04   318.0929    
  5.0550554E-04   306.1615    
  5.1551545E-04   294.6582    
  5.2552536E-04   283.4677    
  5.3553528E-04   272.5697    
  5.4554519E-04   262.0414    
  5.5555592E-04   251.9830    
  5.6556583E-04   242.4413    
  5.7557574E-04   233.3817    
  5.8558566E-04   224.7409    
  5.9559557E-04   216.4906    
  6.0560554E-04   208.6549    
  6.1561581E-04   201.2701    
  6.2562578E-04   194.3273    
  6.3563569E-04   187.7511    
  6.4564560E-04   181.4286    
  6.5565552E-04   175.2628    
  6.6566543E-04   169.2047    
  6.7567575E-04   163.2504    
  6.8568566E-04   157.4256    
  6.9569558E-04   151.7673    
  7.0570549E-04   146.3165    
  7.1571540E-04   141.1116    
  7.2572572E-04   136.1723    
  7.3573604E-04   131.4893    
  7.4574596E-04   127.0292    
  7.5575593E-04   122.7573    
  7.6576584E-04   118.6609    
  7.7577576E-04   114.7504    
  7.8578567E-04   111.0473    
  7.9579599E-04   107.5642    
  8.0580590E-04   104.2996    
  8.1581582E-04   101.2422    
  8.2582573E-04   98.37543    
  8.3583564E-04   95.67348    
  8.4584556E-04   93.09481    
  8.5585588E-04   90.58762    
  8.6586579E-04   88.10802    
  8.7587576E-04   85.63866    
  8.8588567E-04   83.19022    
  8.9589600E-04   80.78562    
  9.0590632E-04   78.43931    
  9.1591623E-04   76.15040    
  9.2592614E-04   73.91138    
  9.3593606E-04   71.71967    
  9.4594597E-04   69.57977    
  9.5595588E-04   67.49376    
  9.6596620E-04   65.45526    
  9.7597612E-04   63.45560    
  9.8598609E-04   61.49852    
  9.9599594E-04   59.60961    
  1.0060059E-03   57.82949    
  1.0160158E-03   56.19374    
  1.0260261E-03   54.71394    
  1.0360361E-03   53.37109    
  1.0460459E-03   52.12289    
  1.0560559E-03   50.91913    
  1.0660662E-03   49.72235    
  1.0760761E-03   48.52330    
  1.0860864E-03   47.34797    
  1.0960964E-03   46.24596    
  1.1061063E-03   45.26011    
  1.1161162E-03   44.39175    
  1.1261262E-03   43.58692    
  1.1361360E-03   42.75755    
  1.1461463E-03   41.82986    
  1.1561563E-03   40.78543    
  1.1661662E-03   39.66889    
  1.1761761E-03   38.55578    
  1.1861860E-03   37.50861    
  1.1961960E-03   36.55167    
  1.2062063E-03   35.67589    
  1.2162162E-03   34.86204    
  1.2262261E-03   34.09435    
  1.2362364E-03   33.35919    
  1.2462464E-03   32.63812    
  1.2562562E-03   31.90867    
  1.2662666E-03   31.15752    
  1.2762765E-03   30.39227    
  1.2862864E-03   29.63752    
  1.2962964E-03   28.91806    
  1.3063062E-03   28.24368    
  1.3163162E-03   27.60765    
  1.3263265E-03   26.99886    
  1.3363364E-03   26.41412    
  1.3463463E-03   25.85786    
  1.3563563E-03   25.33324    
  1.3663662E-03   24.83558    
  1.3763761E-03   24.35441    
  1.3863865E-03   23.88171    
  1.3963963E-03   23.41708    
  1.4064066E-03   22.96291    
  1.4164166E-03   22.51792    
  1.4264265E-03   22.07452    
  1.4364364E-03   21.62646    
  1.4464468E-03   21.17619    
  1.4564566E-03   20.73536    
  1.4664666E-03   20.31932    
  1.4764764E-03   19.93793    
  1.4864864E-03   19.59368    
  1.4964964E-03   19.28390    
  1.5065067E-03   19.00445    
  1.5165166E-03   18.74929    
  1.5265265E-03   18.50868    
  1.5365364E-03   18.26992    
  1.5465464E-03   18.02135    
  1.5565562E-03   17.75624    
  1.5665665E-03   17.47322    
  1.5765765E-03   17.17408    
  1.5865868E-03   16.86220    
  1.5965967E-03   16.54495    
  1.6066066E-03   16.23503    
  1.6166165E-03   15.94594    
  1.6266268E-03   15.68287    
  1.6366368E-03   15.43717    
  1.6466463E-03   15.19137    
  1.6566566E-03   14.93326    
  1.6666669E-03   14.66670    
  1.6766764E-03   14.40868    
  1.6866868E-03   14.17435    
  1.6966963E-03   13.96307    
  1.7067066E-03   13.75885    
  1.7167169E-03   13.54364    
  1.7267264E-03   13.31166    
  1.7367367E-03   13.07078    
  1.7467464E-03   12.83181    
  1.7567567E-03   12.59808    
  1.7667669E-03   12.36565    
  1.7767772E-03   12.13473    
  1.7867868E-03   11.91853    
  1.7967972E-03   11.73940    
  1.8068067E-03   11.61381    
  1.8168170E-03   11.53984    
  1.8268273E-03   11.49765    
  1.8368368E-03   11.46091    
  1.8468471E-03   11.41047    
  1.8568566E-03   11.33787    
  1.8668670E-03   11.24144    
  1.8768765E-03   11.12207    
  1.8868868E-03   10.98342    
  1.8968971E-03   10.83503    
  1.9069066E-03   10.69130    
  1.9169169E-03   10.56437    
  1.9269264E-03   10.45735    
  1.9369368E-03   10.36481    
  1.9469471E-03   10.28017    
  1.9569567E-03   10.20396    
  1.9669670E-03   10.14313    
  1.9769764E-03   10.10330    
  1.9869867E-03   10.08054    
  1.9969963E-03   10.06153    
  2.0070074E-03   10.03191    
  2.0170177E-03   9.984903    
  2.0270273E-03   9.922611    
  2.0370376E-03   9.850607    
  2.0470470E-03   9.770980    
  2.0570573E-03   9.682168    
  2.0670677E-03   9.582893    
  2.0770773E-03   9.475888    
  2.0870876E-03   9.366751    
  2.0970970E-03   9.259961    
  2.1071073E-03   9.154512    
  2.1171169E-03   9.045718    
  2.1271273E-03   8.928720    
  2.1371376E-03   8.802187    
  2.1471470E-03   8.667777    
  2.1571573E-03   8.529416    
  2.1671669E-03   8.392183    
  2.1771772E-03   8.262274    
  2.1871876E-03   8.146154    
  2.1971972E-03   8.047159    
  2.2072075E-03   7.962990    
  2.2172169E-03   7.885686    
  2.2272272E-03   7.806352    
  2.2372368E-03   7.719736    
  2.2472471E-03   7.626379    
  2.2572575E-03   7.529553    
  2.2672669E-03   7.432070    
  2.2772772E-03   7.334197    
  2.2872868E-03   7.235837    
  2.2972971E-03   7.138507    
  2.3073074E-03   7.045642    
  2.3173168E-03   6.960142    
  2.3273272E-03   6.882124    
  2.3373368E-03   6.809478    
  2.3473478E-03   6.738814    
  2.3573574E-03   6.667028    
  2.3673677E-03   6.590736    
  2.3773781E-03   6.506463    
  2.3873874E-03   6.413324    
  2.3973978E-03   6.315803    
  2.4074074E-03   6.224264    
  2.4174177E-03   6.150308    
  2.4274280E-03   6.099511    
  2.4374374E-03   6.067389    
  2.4474477E-03   6.042637    
  2.4574574E-03   6.015161    
  2.4674677E-03   5.982127    
  2.4774773E-03   5.946932    
  2.4874876E-03   5.911928    
  2.4974979E-03   5.872857    
  2.5075073E-03   5.819574    
  2.5175177E-03   5.744473    
  2.5275273E-03   5.649622    
  2.5375376E-03   5.547374    
  2.5475479E-03   5.452841    
  2.5575573E-03   5.375053    
  2.5675676E-03   5.312924    
  2.5775773E-03   5.259710    
  2.5875876E-03   5.210454    
  2.5975970E-03   5.166785    
  2.6076073E-03   5.134376    
  2.6176176E-03   5.116621    
  2.6276272E-03   5.109867    
  2.6376375E-03   5.103732    
  2.6476469E-03   5.087465    
  2.6576573E-03   5.056356    
  2.6676676E-03   5.014456    
  2.6776772E-03   4.971247    
  2.6876875E-03   4.935102    
  2.6976978E-03   4.908011    
  2.7077082E-03   4.884850    
  2.7177185E-03   4.857574    
  2.7277281E-03   4.820251    
  2.7377382E-03   4.772173    
  2.7477478E-03   4.717751    
  2.7577581E-03   4.663004    
  2.7677678E-03   4.612778    
  2.7777781E-03   4.569692    
  2.7877884E-03   4.533865    
  2.7977978E-03   4.503372    
  2.8078081E-03   4.474278    
  2.8178177E-03   4.441155    
  2.8278281E-03   4.399558    
  2.8378384E-03   4.348547    
  2.8478478E-03   4.291921    
  2.8578581E-03   4.235771    
  2.8678677E-03   4.184633    
  2.8778780E-03   4.138311    
  2.8878874E-03   4.092617    
  2.8978977E-03   4.043060    
  2.9079081E-03   3.988787    
  2.9179177E-03   3.933257    
  2.9279280E-03   3.882236    
  2.9379374E-03   3.840396    
  2.9479477E-03   3.810847    
  2.9579580E-03   3.794516    
  2.9679677E-03   3.790855    
  2.9779780E-03   3.796300    
  2.9879876E-03   3.803652    
  2.9979979E-03   3.803710    
  3.0080073E-03   3.790101    
  3.0180176E-03   3.763871    
  3.0280279E-03   3.734365    
  3.0380383E-03   3.714283    
  3.0480486E-03   3.711806    
  3.0580582E-03   3.725637    
  3.0680685E-03   3.745966    
  3.0780789E-03   3.760120    
  3.0880882E-03   3.758942    
  3.0980986E-03   3.740098    
  3.1081082E-03   3.706846    
  3.1181185E-03   3.665401    
  3.1281279E-03   3.622258    
  3.1381382E-03   3.582840    
  3.1481485E-03   3.551595    
  3.1581582E-03   3.531702    
  3.1681685E-03   3.524406    
  3.1781779E-03   3.528849    
  3.1881882E-03   3.541075    
  3.1981985E-03   3.554952    
  3.2082081E-03   3.563252    
  3.2182185E-03   3.560628    
  3.2282281E-03   3.546443    
  3.2382382E-03   3.525676    
  3.2482478E-03   3.506581    
  3.2582581E-03   3.495802    
  3.2682684E-03   3.494004    
  3.2782780E-03   3.495718    
  3.2882884E-03   3.492903    
  3.2982978E-03   3.480156    
  3.3083081E-03   3.457443    
  3.3183184E-03   3.428781    
  3.3283280E-03   3.398789    
  3.3383383E-03   3.370444    
  3.3483477E-03   3.345150    
  3.3583581E-03   3.323998    
  3.3683677E-03   3.308268    
  3.3783787E-03   3.297758    
  3.3883890E-03   3.289454    
  3.3983986E-03   3.278026    
  3.4084090E-03   3.257878    
  3.4184183E-03   3.225742    
  3.4284287E-03   3.181933    
  3.4384390E-03   3.129724    
  3.4484486E-03   3.074659    
  3.4584589E-03   3.023631    
  3.4684683E-03   2.983222    
  3.4784786E-03   2.956959    
  3.4884890E-03   2.942752    
  3.4984986E-03   2.932469    
  3.5085089E-03   2.916225    
  3.5185185E-03   2.888395    
  3.5285288E-03   2.851392    
  3.5385382E-03   2.813342    
  3.5485486E-03   2.781922    
  3.5585589E-03   2.759139    
  3.5685685E-03   2.741319    
  3.5785788E-03   2.724080    
  3.5885882E-03   2.706848    
  3.5985985E-03   2.692894    
  3.6086089E-03   2.684942    
  3.6186185E-03   2.681157    
  3.6286288E-03   2.675486    
  3.6386382E-03   2.662549    
  3.6486485E-03   2.642189    
  3.6586581E-03   2.619195    
  3.6686684E-03   2.599258    
  3.6786788E-03   2.584192    
  3.6886882E-03   2.571647    
  3.6986985E-03   2.558630    
  3.7087081E-03   2.544750    
  3.7187191E-03   2.532568    
  3.7287294E-03   2.524315    
  3.7387391E-03   2.518945    
  3.7487494E-03   2.512248    
  3.7587588E-03   2.500410    
  3.7687691E-03   2.483353    
  3.7787787E-03   2.464723    
  3.7887890E-03   2.448942    
  3.7987994E-03   2.437775    
  3.8088090E-03   2.429509    
  3.8188193E-03   2.420481    
  3.8288287E-03   2.407640    
  3.8388390E-03   2.389582    
  3.8488493E-03   2.365588    
  3.8588590E-03   2.334997    
  3.8688693E-03   2.297215    
  3.8788787E-03   2.253219    
  3.8888890E-03   2.206657    
  3.8988986E-03   2.163038    
  3.9089089E-03   2.127226    
  3.9189192E-03   2.100612    
  3.9289286E-03   2.079662    
  3.9389390E-03   2.057394    
  3.9489483E-03   2.027032    
  3.9589587E-03   1.985777    
  3.9689690E-03   1.936602    
  3.9789788E-03   1.886790    
  3.9889892E-03   1.844340    
  3.9989986E-03   1.814188    
  4.0090089E-03   1.796153    
  4.0190183E-03   1.786476    
  4.0290286E-03   1.780156    
  4.0390389E-03   1.773849    
  4.0490488E-03   1.766387    
  4.0590595E-03   1.758400    
  4.0690694E-03   1.751489    
  4.0790793E-03   1.747573    
  4.0890896E-03   1.748800    
  4.0990994E-03   1.757040    
  4.1091098E-03   1.772851    
  4.1191191E-03   1.794995    
  4.1291295E-03   1.820470    
  4.1391389E-03   1.845763    
  4.1491492E-03   1.868172    
  4.1591595E-03   1.886363    
  4.1691693E-03   1.899711    
  4.1791797E-03   1.907918    
  4.1891891E-03   1.910633    
  4.1991994E-03   1.907882    
  4.2092097E-03   1.900185    
  4.2192191E-03   1.888729    
  4.2292294E-03   1.874993    
  4.2392388E-03   1.860842    
  4.2492491E-03   1.848133    
  4.2592590E-03   1.838384    
  4.2692693E-03   1.832357    
  4.2792796E-03   1.829676    
  4.2892890E-03   1.829050    
  4.2992993E-03   1.829449    
  4.3093087E-03   1.830311    
  4.3193190E-03   1.831152    
  4.3293294E-03   1.830583    
  4.3393392E-03   1.826137    
  4.3493495E-03   1.815237    
  4.3593589E-03   1.797153    
  4.3693692E-03   1.773678    
  4.3793786E-03   1.747868    
  4.3893890E-03   1.721836    
  4.3994002E-03   1.695678    
  4.4094096E-03   1.668439    
  4.4194199E-03   1.640333    
  4.4294293E-03   1.613553    
  4.4394396E-03   1.590963    
  4.4494499E-03   1.573572    
  4.4594598E-03   1.559986    
  4.4694701E-03   1.547766    
  4.4794795E-03   1.536188    
  4.4894898E-03   1.526858    
  4.4995002E-03   1.521705    
  4.5095095E-03   1.520177    
  4.5195199E-03   1.519002    
  4.5295293E-03   1.514317    
  4.5395396E-03   1.505103    
  4.5495494E-03   1.494374    
  4.5595597E-03   1.486730    
  4.5695701E-03   1.484888    
  4.5795795E-03   1.488155    
  4.5895898E-03   1.493617    
  4.5995992E-03   1.499132    
  4.6096095E-03   1.504838    
  4.6196198E-03   1.512113    
  4.6296297E-03   1.521741    
  4.6396400E-03   1.532717    
  4.6496494E-03   1.542977    
  4.6596597E-03   1.550887    
  4.6696691E-03   1.555849    
  4.6796794E-03   1.558037    
  4.6896897E-03   1.558243    
  4.6996991E-03   1.557725    
  4.7097094E-03   1.558488    
  4.7197193E-03   1.562572    
  4.7297296E-03   1.570471    
  4.7397404E-03   1.580072    
  4.7497503E-03   1.587691    
  4.7597606E-03   1.590325    
  4.7697700E-03   1.587807    
  4.7797803E-03   1.582590    
  4.7897897E-03   1.577825    
  4.7998000E-03   1.574981    
  4.8098103E-03   1.573385    
  4.8198197E-03   1.571330    
  4.8298300E-03   1.567455    
  4.8398399E-03   1.561335    
  4.8498502E-03   1.552837    
  4.8598605E-03   1.541750    
  4.8698699E-03   1.527831    
  4.8798802E-03   1.511343    
  4.8898896E-03   1.493205    
  4.8998999E-03   1.474339    
  4.9099098E-03   1.455465    
  4.9199201E-03   1.437192    
  4.9299304E-03   1.420812    
  4.9399398E-03   1.407775    
  4.9499501E-03   1.398426    
  4.9599595E-03   1.390865    
  4.9699699E-03   1.381520    
  4.9799802E-03   1.367409    
  4.9899896E-03   1.348663    
  4.9999999E-03   1.328434    
