 -4.9999999E-03   1.059107    
 -4.9899900E-03   1.028915    
 -4.9799802E-03   1.002325    
 -4.9699699E-03  0.9864268    
 -4.9599600E-03  0.9925168    
 -4.9499501E-03   1.025710    
 -4.9399403E-03   1.076591    
 -4.9299300E-03   1.124735    
 -4.9199201E-03   1.153432    
 -4.9099098E-03   1.162040    
 -4.8998999E-03   1.165851    
 -4.8898896E-03   1.182056    
 -4.8798798E-03   1.215984    
 -4.8698699E-03   1.259556    
 -4.8598601E-03   1.301043    
 -4.8498502E-03   1.334732    
 -4.8398399E-03   1.361050    
 -4.8298300E-03   1.378053    
 -4.8198197E-03   1.377622    
 -4.8098098E-03   1.351610    
 -4.7997995E-03   1.302875    
 -4.7897897E-03   1.248239    
 -4.7797798E-03   1.206722    
 -4.7697700E-03   1.184443    
 -4.7597601E-03   1.170252    
 -4.7497498E-03   1.148122    
 -4.7397399E-03   1.114897    
 -4.7297296E-03   1.085315    
 -4.7197198E-03   1.078565    
 -4.7097094E-03   1.099303    
 -4.6996996E-03   1.131737    
 -4.6896897E-03   1.153389    
 -4.6796799E-03   1.155576    
 -4.6696700E-03   1.151325    
 -4.6596597E-03   1.163252    
 -4.6496498E-03   1.203362    
 -4.6396400E-03   1.263168    
 -4.6296297E-03   1.322276    
 -4.6196193E-03   1.365070    
 -4.6096095E-03   1.389630    
 -4.5995996E-03   1.402380    
 -4.5895898E-03   1.407201    
 -4.5795795E-03   1.402130    
 -4.5695696E-03   1.386117    
 -4.5595597E-03   1.367162    
 -4.5495499E-03   1.359895    
 -4.5395396E-03   1.372362    
 -4.5295293E-03   1.394982    
 -4.5195194E-03   1.403187    
 -4.5095095E-03   1.373971    
 -4.4994997E-03   1.303451    
 -4.4894894E-03   1.210647    
 -4.4794795E-03   1.125178    
 -4.4694697E-03   1.070229    
 -4.4594598E-03   1.053098    
 -4.4494495E-03   1.068840    
 -4.4394392E-03   1.108952    
 -4.4294293E-03   1.165648    
 -4.4194194E-03   1.229360    
 -4.4094096E-03   1.285633    
 -4.3993993E-03   1.318529    
 -4.3893894E-03   1.320174    
 -4.3793796E-03   1.297975    
 -4.3693697E-03   1.272205    
 -4.3593599E-03   1.262807    
 -4.3493495E-03   1.275948    
 -4.3393392E-03   1.300762    
 -4.3293294E-03   1.318776    
 -4.3193190E-03   1.318619    
 -4.3093092E-03   1.304263    
 -4.2992993E-03   1.290793    
 -4.2892895E-03   1.292675    
 -4.2792796E-03   1.313727    
 -4.2692693E-03   1.346536    
 -4.2592594E-03   1.380628    
 -4.2492491E-03   1.409677    
 -4.2392393E-03   1.433217    
 -4.2292294E-03   1.451711    
 -4.2192191E-03   1.462211    
 -4.2092092E-03   1.459567    
 -4.1991994E-03   1.442509    
 -4.1891895E-03   1.417345    
 -4.1791792E-03   1.395388    
 -4.1691693E-03   1.384949    
 -4.1591590E-03   1.385890    
 -4.1491492E-03   1.392079    
 -4.1391389E-03   1.398454    
 -4.1291290E-03   1.406319    
 -4.1191191E-03   1.420483    
 -4.1091093E-03   1.442143    
 -4.0990994E-03   1.464723    
 -4.0890891E-03   1.478941    
 -4.0790793E-03   1.482238    
 -4.0690694E-03   1.482878    
 -4.0590591E-03   1.494051    
 -4.0490492E-03   1.522004    
 -4.0390389E-03   1.559580    
 -4.0290290E-03   1.591777    
 -4.0190192E-03   1.607759    
 -4.0090089E-03   1.608902    
 -3.9989995E-03   1.606455    
 -3.9889892E-03   1.611387    
 -3.9789793E-03   1.627690    
 -3.9689690E-03   1.653019    
 -3.9589587E-03   1.684186    
 -3.9489488E-03   1.718890    
 -3.9389390E-03   1.752754    
 -3.9289291E-03   1.776049    
 -3.9189192E-03   1.777358    
 -3.9089089E-03   1.752584    
 -3.8988988E-03   1.710823    
 -3.8888890E-03   1.669739    
 -3.8788787E-03   1.642723    
 -3.8688693E-03   1.629875    
 -3.8588590E-03   1.620497    
 -3.8488489E-03   1.605829    
 -3.8388390E-03   1.589452    
 -3.8288287E-03   1.586224    
 -3.8188188E-03   1.611100    
 -3.8088090E-03   1.667696    
 -3.7987989E-03   1.745434    
 -3.7887890E-03   1.824602    
 -3.7787787E-03   1.884336    
 -3.7687689E-03   1.908343    
 -3.7587588E-03   1.889546    
 -3.7487489E-03   1.834763    
 -3.7387386E-03   1.765818    
 -3.7287287E-03   1.712254    
 -3.7187189E-03   1.695540    
 -3.7087088E-03   1.716316    
 -3.6986985E-03   1.756400    
 -3.6886886E-03   1.796773    
 -3.6786788E-03   1.835142    
 -3.6686689E-03   1.886957    
 -3.6586588E-03   1.965628    
 -3.6486485E-03   2.062831    
 -3.6386386E-03   2.147516    
 -3.6286288E-03   2.191353    
 -3.6186187E-03   2.194954    
 -3.6086084E-03   2.191173    
 -3.5985985E-03   2.217653    
 -3.5885887E-03   2.283254    
 -3.5785788E-03   2.359005    
 -3.5685685E-03   2.402424    
 -3.5585584E-03   2.393680    
 -3.5485486E-03   2.350819    
 -3.5385387E-03   2.311927    
 -3.5285288E-03   2.303102    
 -3.5185185E-03   2.321980    
 -3.5085084E-03   2.348910    
 -3.4984986E-03   2.369478    
 -3.4884887E-03   2.385794    
 -3.4784784E-03   2.407266    
 -3.4684683E-03   2.436290    
 -3.4584585E-03   2.466731    
 -3.4484486E-03   2.496523    
 -3.4384383E-03   2.535990    
 -3.4284284E-03   2.598804    
 -3.4184183E-03   2.680832    
 -3.4084085E-03   2.751263    
 -3.3983986E-03   2.768967    
 -3.3883883E-03   2.714886    
 -3.3783785E-03   2.610183    
 -3.3683684E-03   2.502760    
 -3.3583585E-03   2.432496    
 -3.3483487E-03   2.405701    
 -3.3383383E-03   2.399627    
 -3.3283283E-03   2.390524    
 -3.3183184E-03   2.376980    
 -3.3083083E-03   2.379135    
 -3.2982985E-03   2.417588    
 -3.2882884E-03   2.494357    
 -3.2782783E-03   2.591279    
 -3.2682684E-03   2.684197    
 -3.2582583E-03   2.756068    
 -3.2482482E-03   2.801242    
 -3.2382382E-03   2.821571    
 -3.2282281E-03   2.825123    
 -3.2182182E-03   2.827530    
 -3.2082084E-03   2.847881    
 -3.1981983E-03   2.898164    
 -3.1881882E-03   2.971064    
 -3.1781783E-03   3.041653    
 -3.1681682E-03   3.085505    
 -3.1581582E-03   3.098404    
 -3.1481483E-03   3.099786    
 -3.1381380E-03   3.113019    
 -3.1281281E-03   3.142389    
 -3.1181183E-03   3.167927    
 -3.1081082E-03   3.166131    
 -3.0980981E-03   3.136013    
 -3.0880882E-03   3.105755    
 -3.0780782E-03   3.111472    
 -3.0680681E-03   3.168274    
 -3.0580582E-03   3.258488    
 -3.0480481E-03   3.347972    
 -3.0380380E-03   3.413357    
 -3.0280282E-03   3.454468    
 -3.0180181E-03   3.484354    
 -3.0080082E-03   3.510294    
 -2.9979981E-03   3.527210    
 -2.9879878E-03   3.529860    
 -2.9779780E-03   3.527050    
 -2.9679681E-03   3.541226    
 -2.9579580E-03   3.588986    
 -2.9479479E-03   3.662364    
 -2.9379381E-03   3.728562    
 -2.9279280E-03   3.751776    
 -2.9179181E-03   3.720616    
 -2.9079081E-03   3.657996    
 -2.8978977E-03   3.608420    
 -2.8878879E-03   3.612818    
 -2.8778778E-03   3.689543    
 -2.8678679E-03   3.829865    
 -2.8578578E-03   4.005198    
 -2.8478478E-03   4.177965    
 -2.8378379E-03   4.311777    
 -2.8278281E-03   4.382846    
 -2.8178177E-03   4.389738    
 -2.8078076E-03   4.357574    
 -2.7977978E-03   4.327452    
 -2.7877877E-03   4.334702    
 -2.7777778E-03   4.387434    
 -2.7677678E-03   4.461376    
 -2.7577577E-03   4.517533    
 -2.7477478E-03   4.530356    
 -2.7377380E-03   4.507495    
 -2.7277276E-03   4.484622    
 -2.7177178E-03   4.498806    
 -2.7077077E-03   4.559937    
 -2.6976976E-03   4.642054    
 -2.6876878E-03   4.702818    
 -2.6776779E-03   4.717256    
 -2.6676676E-03   4.700266    
 -2.6576577E-03   4.698319    
 -2.6476476E-03   4.755694    
 -2.6376375E-03   4.880902    
 -2.6276277E-03   5.040128    
 -2.6176176E-03   5.183550    
 -2.6076075E-03   5.283307    
 -2.5975977E-03   5.351538    
 -2.5875878E-03   5.423334    
 -2.5775777E-03   5.520275    
 -2.5675676E-03   5.626872    
 -2.5575575E-03   5.702408    
 -2.5475475E-03   5.716784    
 -2.5375376E-03   5.679189    
 -2.5275275E-03   5.632489    
 -2.5175174E-03   5.619509    
 -2.5075076E-03   5.649693    
 -2.4974977E-03   5.695357    
 -2.4874876E-03   5.719084    
 -2.4774773E-03   5.705889    
 -2.4674674E-03   5.674471    
 -2.4574574E-03   5.658365    
 -2.4474475E-03   5.679099    
 -2.4374374E-03   5.731655    
 -2.4274273E-03   5.792523    
 -2.4174175E-03   5.837833    
 -2.4074076E-03   5.857613    
 -2.3973975E-03   5.858155    
 -2.3873874E-03   5.856809    
 -2.3773774E-03   5.876330    
 -2.3673673E-03   5.936820    
 -2.3573574E-03   6.047710    
 -2.3473476E-03   6.199804    
 -2.3373372E-03   6.369333    
 -2.3273274E-03   6.531918    
 -2.3173175E-03   6.677736    
 -2.3073072E-03   6.813349    
 -2.2972974E-03   6.945680    
 -2.2872873E-03   7.064732    
 -2.2772772E-03   7.146403    
 -2.2672673E-03   7.176366    
 -2.2572575E-03   7.176203    
 -2.2472474E-03   7.201361    
 -2.2372373E-03   7.305637    
 -2.2272274E-03   7.499563    
 -2.2172171E-03   7.737863    
 -2.2072073E-03   7.950220    
 -2.1971972E-03   8.090709    
 -2.1871871E-03   8.163351    
 -2.1771772E-03   8.205598    
 -2.1671674E-03   8.248132    
 -2.1571573E-03   8.289304    
 -2.1471472E-03   8.306199    
 -2.1371371E-03   8.285726    
 -2.1271270E-03   8.243107    
 -2.1171172E-03   8.210103    
 -2.1071073E-03   8.207873    
 -2.0970970E-03   8.233997    
 -2.0870871E-03   8.275538    
 -2.0770773E-03   8.333999    
 -2.0670672E-03   8.431243    
 -2.0570571E-03   8.591030    
 -2.0470468E-03   8.811833    
 -2.0370369E-03   9.060942    
 -2.0270271E-03   9.295986    
 -2.0170170E-03   9.494441    
 -2.0070069E-03   9.663848    
 -1.9969970E-03   9.826167    
 -1.9869870E-03   9.993279    
 -1.9769771E-03   10.16081    
 -1.9669670E-03   10.32201    
 -1.9569569E-03   10.48591    
 -1.9469468E-03   10.67591    
 -1.9369370E-03   10.90906    
 -1.9269269E-03   11.17228    
 -1.9169169E-03   11.42162    
 -1.9069071E-03   11.60744    
 -1.8968969E-03   11.70699    
 -1.8868870E-03   11.74068    
 -1.8768768E-03   11.76209    
 -1.8668667E-03   11.82959    
 -1.8568569E-03   11.97873    
 -1.8468469E-03   12.20872    
 -1.8368368E-03   12.48520    
 -1.8268268E-03   12.75458    
 -1.8168170E-03   12.96667    
 -1.8068068E-03   13.09545    
 -1.7967967E-03   13.15309    
 -1.7867868E-03   13.18533    
 -1.7767766E-03   13.25122    
 -1.7667668E-03   13.39190    
 -1.7567568E-03   13.61061    
 -1.7467467E-03   13.87241    
 -1.7367367E-03   14.12418    
 -1.7267269E-03   14.32418    
 -1.7167168E-03   14.46339    
 -1.7067066E-03   14.57213    
 -1.6966967E-03   14.70736    
 -1.6866866E-03   14.92957    
 -1.6766769E-03   15.27464    
 -1.6666666E-03   15.73556    
 -1.6566566E-03   16.26225    
 -1.6466468E-03   16.78328    
 -1.6366368E-03   17.23857    
 -1.6266268E-03   17.60278    
 -1.6166165E-03   17.88518    
 -1.6066066E-03   18.11023    
 -1.5965967E-03   18.29437    
 -1.5865864E-03   18.44345    
 -1.5765765E-03   18.56829    
 -1.5665665E-03   18.70076    
 -1.5565567E-03   18.88886    
 -1.5465467E-03   19.16713    
 -1.5365368E-03   19.52769    
 -1.5265265E-03   19.91948    
 -1.5165166E-03   20.28372    
 -1.5065067E-03   20.59960    
 -1.4964964E-03   20.90144    
 -1.4864864E-03   21.24771    
 -1.4764764E-03   21.66537    
 -1.4664661E-03   22.11412    
 -1.4564563E-03   22.50649    
 -1.4464463E-03   22.77050    
 -1.4364364E-03   22.91196    
 -1.4264265E-03   23.02194    
 -1.4164166E-03   23.22346    
 -1.4064063E-03   23.59177    
 -1.3963963E-03   24.10744    
 -1.3863865E-03   24.67544    
 -1.3763765E-03   25.19490    
 -1.3663666E-03   25.62884    
 -1.3563567E-03   26.02580    
 -1.3463463E-03   26.48031    
 -1.3363364E-03   27.06668    
 -1.3263260E-03   27.78919    
 -1.3163162E-03   28.58357    
 -1.3063062E-03   29.36224    
 -1.2962964E-03   30.06954    
 -1.2862860E-03   30.71460    
 -1.2762761E-03   31.36351    
 -1.2662662E-03   32.10147    
 -1.2562562E-03   32.98825    
 -1.2462464E-03   34.03267    
 -1.2362364E-03   35.19204    
 -1.2262261E-03   36.39700    
 -1.2162162E-03   37.57949    
 -1.2062063E-03   38.69545    
 -1.1961963E-03   39.72810    
 -1.1861864E-03   40.67800    
 -1.1761765E-03   41.55129    
 -1.1661662E-03   42.35809    
 -1.1561563E-03   43.11808    
 -1.1461460E-03   43.86773    
 -1.1361360E-03   44.65487    
 -1.1261262E-03   45.52171    
 -1.1161162E-03   46.49029    
 -1.1061059E-03   47.56068    
 -1.0960960E-03   48.72701    
 -1.0860860E-03   49.99364    
 -1.0760761E-03   51.37924    
 -1.0660662E-03   52.90329    
 -1.0560562E-03   54.57277    
 -1.0460459E-03   56.38425    
 -1.0360361E-03   58.34386    
 -1.0260261E-03   60.48169    
 -1.0160162E-03   62.83990    
 -1.0060063E-03   65.43525    
 -9.9599641E-04   68.22318    
 -9.8598609E-04   71.09981    
 -9.7597571E-04   73.94833    
 -9.6596580E-04   76.70013    
 -9.5595588E-04   79.36505    
 -9.4594597E-04   82.00984    
 -9.3593606E-04   84.70135    
 -9.2592573E-04   87.46476    
 -9.1591582E-04   90.28662    
 -9.0590591E-04   93.16144    
 -8.9589600E-04   96.13584    
 -8.8588602E-04   99.30807    
 -8.7587611E-04   102.7718    
 -8.6586579E-04   106.5431    
 -8.5585588E-04   110.5217    
 -8.4584596E-04   114.5270    
 -8.3583605E-04   118.3955    
 -8.2582614E-04   122.0824    
 -8.1581622E-04   125.6967    
 -8.0580550E-04   129.4370    
 -7.9579558E-04   133.4673    
 -7.8578567E-04   137.8219    
 -7.7577576E-04   142.4201    
 -7.6576584E-04   147.1849    
 -7.5575552E-04   152.1800    
 -7.4574561E-04   157.6351    
 -7.3573564E-04   163.8084    
 -7.2572572E-04   170.7748    
 -7.1571581E-04   178.2913    
 -7.0570590E-04   185.8717    
 -6.9569558E-04   193.0354    
 -6.8568566E-04   199.5657    
 -6.7567575E-04   205.6044    
 -6.6566584E-04   211.5298    
 -6.5565592E-04   217.7373    
 -6.4564601E-04   224.4901    
 -6.3563528E-04   231.9159    
 -6.2562537E-04   240.0790    
 -6.1561546E-04   249.0175    
 -6.0560554E-04   258.6816    
 -5.9559557E-04   268.8747    
 -5.8558566E-04   279.3027    
 -5.7557534E-04   289.7554    
 -5.6556542E-04   300.2805    
 -5.5555551E-04   311.1951    
 -5.4554560E-04   322.8684    
 -5.3553568E-04   335.4521    
 -5.2552577E-04   348.7440    
 -5.1551545E-04   362.3247    
 -5.0550554E-04   375.8407    
 -4.9549562E-04   389.2305    
 -4.8548568E-04   402.7226    
 -4.7547577E-04   416.6359    
 -4.6546545E-04   431.1676    
 -4.5545513E-04   446.3127    
 -4.4544521E-04   461.9519    
 -4.3543530E-04   477.9877    
 -4.2542536E-04   494.4185    
 -4.1541544E-04   511.3048    
 -4.0540553E-04   528.6855    
 -3.9539521E-04   546.5179    
 -3.8538530E-04   564.6622    
 -3.7537538E-04   582.9094    
 -3.6536544E-04   601.0456    
 -3.5535553E-04   618.9459    
 -3.4534562E-04   636.6628    
 -3.3533529E-04   654.4222    
 -3.2532538E-04   672.4617    
 -3.1531547E-04   690.7924    
 -3.0530553E-04   709.0073    
 -2.9529521E-04   726.3538    
 -2.8528529E-04   742.0597    
 -2.7527497E-04   755.7697    
 -2.6526506E-04   767.7242    
 -2.5525515E-04   778.5884    
 -2.4524523E-04   789.0301    
 -2.3523530E-04   799.3732    
 -2.2522538E-04   809.5764    
 -2.1521507E-04   819.5227    
 -2.0520514E-04   829.3322    
 -1.9519523E-04   839.3981    
 -1.8518530E-04   850.0944    
 -1.7517539E-04   861.3941    
 -1.6516546E-04   872.7427    
 -1.5515515E-04   883.3042    
 -1.4514523E-04   892.4287    
 -1.3513531E-04   900.0066    
 -1.2512499E-04   906.4805    
 -1.1511507E-04   912.5276    
 -1.0510515E-04   918.6984    
 -9.5094838E-05   925.2136    
 -8.5084917E-05   932.0267    
 -7.5074997E-05   939.0100    
 -6.5065076E-05   946.0793    
 -5.5055156E-05   953.1724    
 -4.5045235E-05   960.1277    
 -3.5034918E-05   966.6117    
 -2.5024998E-05   972.1338    
 -1.5015078E-05   976.1686    
 -5.0051581E-06   978.3070    
  5.0047620E-06   978.3105    
  1.5014683E-05   976.1698    
  2.5024998E-05   972.1339    
  3.5034918E-05   966.6116    
  4.5045235E-05   960.1276    
  5.5055156E-05   953.1727    
  6.5065076E-05   946.0793    
  7.5075390E-05   939.0096    
  8.5085310E-05   932.0255    
  9.5095231E-05   925.2136    
  1.0510515E-04   918.6984    
  1.1511507E-04   912.5275    
  1.2512499E-04   906.4808    
  1.3513531E-04   900.0070    
  1.4514523E-04   892.4286    
  1.5515515E-04   883.3046    
  1.6516507E-04   872.7430    
  1.7517500E-04   861.3956    
  1.8518491E-04   850.0954    
  1.9519523E-04   839.3984    
  2.0520514E-04   829.3323    
  2.1521546E-04   819.5222    
  2.2522538E-04   809.5764    
  2.3523530E-04   799.3735    
  2.4524523E-04   789.0298    
  2.5525552E-04   778.5878    
  2.6526547E-04   767.7236    
  2.7527538E-04   755.7688    
  2.8528529E-04   742.0598    
  2.9529521E-04   726.3541    
  3.0530515E-04   709.0087    
  3.1531547E-04   690.7922    
  3.2532538E-04   672.4620    
  3.3533529E-04   654.4225    
  3.4534521E-04   636.6635    
  3.5535512E-04   618.9468    
  3.6536506E-04   601.0459    
  3.7537538E-04   582.9094    
  3.8538568E-04   564.6616    
  3.9539562E-04   546.5175    
  4.0540553E-04   528.6854    
  4.1541544E-04   511.3048    
  4.2542536E-04   494.4185    
  4.3543568E-04   477.9874    
  4.4544559E-04   461.9508    
  4.5545553E-04   446.3124    
  4.6546545E-04   431.1677    
  4.7547536E-04   416.6364    
  4.8548527E-04   402.7228    
  4.9549562E-04   389.2305    
  5.0550554E-04   375.8405    
  5.1551545E-04   362.3251    
  5.2552536E-04   348.7441    
  5.3553528E-04   335.4525    
  5.4554519E-04   322.8688    
  5.5555592E-04   311.1942    
  5.6556583E-04   300.2799    
  5.7557574E-04   289.7552    
  5.8558566E-04   279.3025    
  5.9559557E-04   268.8748    
  6.0560554E-04   258.6819    
  6.1561581E-04   249.0169    
  6.2562578E-04   240.0787    
  6.3563569E-04   231.9155    
  6.4564560E-04   224.4903    
  6.5565552E-04   217.7374    
  6.6566543E-04   211.5303    
  6.7567575E-04   205.6046    
  6.8568566E-04   199.5655    
  6.9569558E-04   193.0354    
  7.0570549E-04   185.8720    
  7.1571540E-04   178.2916    
  7.2572572E-04   170.7750    
  7.3573604E-04   163.8080    
  7.4574596E-04   157.6349    
  7.5575593E-04   152.1798    
  7.6576584E-04   147.1850    
  7.7577576E-04   142.4200    
  7.8578567E-04   137.8219    
  7.9579599E-04   133.4672    
  8.0580590E-04   129.4371    
  8.1581582E-04   125.6968    
  8.2582573E-04   122.0822    
  8.3583564E-04   118.3956    
  8.4584556E-04   114.5270    
  8.5585588E-04   110.5218    
  8.6586579E-04   106.5432    
  8.7587576E-04   102.7718    
  8.8588567E-04   99.30811    
  8.9589600E-04   96.13583    
  9.0590632E-04   93.16127    
  9.1591623E-04   90.28645    
  9.2592614E-04   87.46476    
  9.3593606E-04   84.70129    
  9.4594597E-04   82.00978    
  9.5595588E-04   79.36508    
  9.6596620E-04   76.70000    
  9.7597612E-04   73.94817    
  9.8598609E-04   71.09995    
  9.9599594E-04   68.22334    
  1.0060059E-03   65.43543    
  1.0160158E-03   62.84002    
  1.0260261E-03   60.48173    
  1.0360361E-03   58.34376    
  1.0460459E-03   56.38419    
  1.0560559E-03   54.57276    
  1.0660662E-03   52.90324    
  1.0760761E-03   51.37926    
  1.0860864E-03   49.99348    
  1.0960964E-03   48.72689    
  1.1061063E-03   47.56065    
  1.1161162E-03   46.49030    
  1.1261262E-03   45.52166    
  1.1361360E-03   44.65477    
  1.1461463E-03   43.86777    
  1.1561563E-03   43.11805    
  1.1661662E-03   42.35811    
  1.1761761E-03   41.55137    
  1.1861860E-03   40.67794    
  1.1961960E-03   39.72816    
  1.2062063E-03   38.69542    
  1.2162162E-03   37.57943    
  1.2262261E-03   36.39694    
  1.2362364E-03   35.19203    
  1.2462464E-03   34.03267    
  1.2562562E-03   32.98831    
  1.2662666E-03   32.10149    
  1.2762765E-03   31.36365    
  1.2862864E-03   30.71455    
  1.2962964E-03   30.06951    
  1.3063062E-03   29.36227    
  1.3163162E-03   28.58359    
  1.3263265E-03   27.78906    
  1.3363364E-03   27.06672    
  1.3463463E-03   26.48031    
  1.3563563E-03   26.02590    
  1.3663662E-03   25.62895    
  1.3763761E-03   25.19490    
  1.3863865E-03   24.67548    
  1.3963963E-03   24.10743    
  1.4064066E-03   23.59170    
  1.4164166E-03   23.22345    
  1.4264265E-03   23.02192    
  1.4364364E-03   22.91199    
  1.4464468E-03   22.77040    
  1.4564566E-03   22.50643    
  1.4664666E-03   22.11418    
  1.4764764E-03   21.66531    
  1.4864864E-03   21.24770    
  1.4964964E-03   20.90141    
  1.5065067E-03   20.59959    
  1.5165166E-03   20.28366    
  1.5265265E-03   19.91949    
  1.5365364E-03   19.52789    
  1.5465464E-03   19.16717    
  1.5565562E-03   18.88885    
  1.5665665E-03   18.70076    
  1.5765765E-03   18.56831    
  1.5865868E-03   18.44340    
  1.5965967E-03   18.29436    
  1.6066066E-03   18.11028    
  1.6166165E-03   17.88524    
  1.6266268E-03   17.60279    
  1.6366368E-03   17.23853    
  1.6466463E-03   16.78334    
  1.6566566E-03   16.26223    
  1.6666669E-03   15.73551    
  1.6766764E-03   15.27469    
  1.6866868E-03   14.92956    
  1.6966963E-03   14.70740    
  1.7067066E-03   14.57211    
  1.7167169E-03   14.46346    
  1.7267264E-03   14.32409    
  1.7367367E-03   14.12425    
  1.7467464E-03   13.87243    
  1.7567567E-03   13.61063    
  1.7667669E-03   13.39193    
  1.7767772E-03   13.25116    
  1.7867868E-03   13.18538    
  1.7967972E-03   13.15309    
  1.8068067E-03   13.09549    
  1.8168170E-03   12.96667    
  1.8268273E-03   12.75460    
  1.8368368E-03   12.48520    
  1.8468471E-03   12.20879    
  1.8568566E-03   11.97869    
  1.8668670E-03   11.82952    
  1.8768765E-03   11.76216    
  1.8868868E-03   11.74065    
  1.8968971E-03   11.70697    
  1.9069066E-03   11.60742    
  1.9169169E-03   11.42162    
  1.9269264E-03   11.17225    
  1.9369368E-03   10.90912    
  1.9469471E-03   10.67589    
  1.9569567E-03   10.48582    
  1.9669670E-03   10.32200    
  1.9769764E-03   10.16081    
  1.9869867E-03   9.993163    
  1.9969963E-03   9.826032    
  2.0070074E-03   9.663917    
  2.0170177E-03   9.494432    
  2.0270273E-03   9.295963    
  2.0370376E-03   9.060886    
  2.0470470E-03   8.811826    
  2.0570573E-03   8.591077    
  2.0670677E-03   8.431245    
  2.0770773E-03   8.333982    
  2.0870876E-03   8.275568    
  2.0970970E-03   8.233981    
  2.1071073E-03   8.207829    
  2.1171169E-03   8.210112    
  2.1271273E-03   8.243161    
  2.1371376E-03   8.285759    
  2.1471470E-03   8.306304    
  2.1571573E-03   8.289304    
  2.1671669E-03   8.248139    
  2.1771772E-03   8.205589    
  2.1871876E-03   8.163326    
  2.1971972E-03   8.090716    
  2.2072075E-03   7.950206    
  2.2172169E-03   7.737887    
  2.2272272E-03   7.499576    
  2.2372368E-03   7.305665    
  2.2472471E-03   7.201416    
  2.2572575E-03   7.176235    
  2.2672669E-03   7.176311    
  2.2772772E-03   7.146411    
  2.2872868E-03   7.064761    
  2.2972971E-03   6.945671    
  2.3073074E-03   6.813339    
  2.3173168E-03   6.677786    
  2.3273272E-03   6.531905    
  2.3373368E-03   6.369371    
  2.3473478E-03   6.199808    
  2.3573574E-03   6.047709    
  2.3673677E-03   5.936901    
  2.3773781E-03   5.876279    
  2.3873874E-03   5.856784    
  2.3973978E-03   5.858096    
  2.4074074E-03   5.857642    
  2.4174177E-03   5.837762    
  2.4274280E-03   5.792446    
  2.4374374E-03   5.731655    
  2.4474477E-03   5.678979    
  2.4574574E-03   5.658355    
  2.4674677E-03   5.674504    
  2.4774773E-03   5.705922    
  2.4874876E-03   5.719090    
  2.4974979E-03   5.695367    
  2.5075073E-03   5.649653    
  2.5175177E-03   5.619498    
  2.5275273E-03   5.632410    
  2.5375376E-03   5.679195    
  2.5475479E-03   5.716806    
  2.5575573E-03   5.702433    
  2.5675676E-03   5.626886    
  2.5775773E-03   5.520210    
  2.5875876E-03   5.423361    
  2.5975970E-03   5.351602    
  2.6076073E-03   5.283270    
  2.6176176E-03   5.183548    
  2.6276272E-03   5.040158    
  2.6376375E-03   4.880911    
  2.6476469E-03   4.755657    
  2.6576573E-03   4.698311    
  2.6676676E-03   4.700298    
  2.6776772E-03   4.717283    
  2.6876875E-03   4.702789    
  2.6976978E-03   4.642050    
  2.7077082E-03   4.559964    
  2.7177185E-03   4.498809    
  2.7277281E-03   4.484635    
  2.7377382E-03   4.507459    
  2.7477478E-03   4.530320    
  2.7577581E-03   4.517471    
  2.7677678E-03   4.461337    
  2.7777781E-03   4.387380    
  2.7877884E-03   4.334738    
  2.7977978E-03   4.327460    
  2.8078081E-03   4.357550    
  2.8178177E-03   4.389740    
  2.8278281E-03   4.382833    
  2.8378384E-03   4.311800    
  2.8478478E-03   4.177967    
  2.8578581E-03   4.005207    
  2.8678677E-03   3.829875    
  2.8778780E-03   3.689560    
  2.8878874E-03   3.612794    
  2.8978977E-03   3.608410    
  2.9079081E-03   3.658008    
  2.9179177E-03   3.720644    
  2.9279280E-03   3.751782    
  2.9379374E-03   3.728550    
  2.9479477E-03   3.662413    
  2.9579580E-03   3.589046    
  2.9679677E-03   3.541219    
  2.9779780E-03   3.527067    
  2.9879876E-03   3.529841    
  2.9979979E-03   3.527250    
  3.0080073E-03   3.510283    
  3.0180176E-03   3.484404    
  3.0280279E-03   3.454498    
  3.0380383E-03   3.413306    
  3.0480486E-03   3.347991    
  3.0580582E-03   3.258503    
  3.0680685E-03   3.168291    
  3.0780789E-03   3.111396    
  3.0880882E-03   3.105770    
  3.0980986E-03   3.136016    
  3.1081082E-03   3.166143    
  3.1181185E-03   3.167943    
  3.1281279E-03   3.142345    
  3.1381382E-03   3.113035    
  3.1481485E-03   3.099734    
  3.1581582E-03   3.098421    
  3.1681685E-03   3.085485    
  3.1781779E-03   3.041661    
  3.1881882E-03   2.971056    
  3.1981985E-03   2.898132    
  3.2082081E-03   2.847900    
  3.2182185E-03   2.827521    
  3.2282281E-03   2.825131    
  3.2382382E-03   2.821558    
  3.2482478E-03   2.801212    
  3.2582581E-03   2.756111    
  3.2682684E-03   2.684209    
  3.2782780E-03   2.591299    
  3.2882884E-03   2.494365    
  3.2982978E-03   2.417576    
  3.3083081E-03   2.379141    
  3.3183184E-03   2.376985    
  3.3283280E-03   2.390492    
  3.3383383E-03   2.399645    
  3.3483477E-03   2.405642    
  3.3583581E-03   2.432534    
  3.3683677E-03   2.502822    
  3.3783787E-03   2.610239    
  3.3883890E-03   2.714964    
  3.3983986E-03   2.768970    
  3.4084090E-03   2.751286    
  3.4184183E-03   2.680854    
  3.4284287E-03   2.598813    
  3.4384390E-03   2.536000    
  3.4484486E-03   2.496552    
  3.4584589E-03   2.466755    
  3.4684683E-03   2.436299    
  3.4784786E-03   2.407335    
  3.4884890E-03   2.385856    
  3.4984986E-03   2.369478    
  3.5085089E-03   2.348888    
  3.5185185E-03   2.321988    
  3.5285288E-03   2.303104    
  3.5385382E-03   2.311941    
  3.5485486E-03   2.350835    
  3.5585589E-03   2.393688    
  3.5685685E-03   2.402409    
  3.5785788E-03   2.358989    
  3.5885882E-03   2.283247    
  3.5985985E-03   2.217629    
  3.6086089E-03   2.191111    
  3.6186185E-03   2.194960    
  3.6286288E-03   2.191333    
  3.6386382E-03   2.147517    
  3.6486485E-03   2.062820    
  3.6586581E-03   1.965681    
  3.6686684E-03   1.886935    
  3.6786788E-03   1.835147    
  3.6886882E-03   1.796774    
  3.6986985E-03   1.756390    
  3.7087081E-03   1.716242    
  3.7187191E-03   1.695508    
  3.7287294E-03   1.712238    
  3.7387391E-03   1.765848    
  3.7487494E-03   1.834770    
  3.7587588E-03   1.889553    
  3.7687691E-03   1.908354    
  3.7787787E-03   1.884337    
  3.7887890E-03   1.824601    
  3.7987994E-03   1.745463    
  3.8088090E-03   1.667738    
  3.8188193E-03   1.611088    
  3.8288287E-03   1.586218    
  3.8388390E-03   1.589467    
  3.8488493E-03   1.605846    
  3.8588590E-03   1.620512    
  3.8688693E-03   1.629876    
  3.8788787E-03   1.642743    
  3.8888890E-03   1.669722    
  3.8988986E-03   1.710829    
  3.9089089E-03   1.752588    
  3.9189192E-03   1.777372    
  3.9289286E-03   1.776060    
  3.9389390E-03   1.752761    
  3.9489483E-03   1.718882    
  3.9589587E-03   1.684168    
  3.9689690E-03   1.653031    
  3.9789788E-03   1.627671    
  3.9889892E-03   1.611382    
  3.9989986E-03   1.606431    
  4.0090089E-03   1.608888    
  4.0190183E-03   1.607740    
  4.0290286E-03   1.591799    
  4.0390389E-03   1.559567    
  4.0490488E-03   1.522002    
  4.0590595E-03   1.494072    
  4.0690694E-03   1.482860    
  4.0790793E-03   1.482202    
  4.0890896E-03   1.478938    
  4.0990994E-03   1.464734    
  4.1091098E-03   1.442118    
  4.1191191E-03   1.420466    
  4.1291295E-03   1.406298    
  4.1391389E-03   1.398455    
  4.1491492E-03   1.392079    
  4.1591595E-03   1.385913    
  4.1691693E-03   1.384928    
  4.1791797E-03   1.395360    
  4.1891891E-03   1.417365    
  4.1991994E-03   1.442518    
  4.2092097E-03   1.459577    
  4.2192191E-03   1.462225    
  4.2292294E-03   1.451723    
  4.2392388E-03   1.433211    
  4.2492491E-03   1.409661    
  4.2592590E-03   1.380593    
  4.2692693E-03   1.346521    
  4.2792796E-03   1.313729    
  4.2892890E-03   1.292695    
  4.2992993E-03   1.290787    
  4.3093087E-03   1.304241    
  4.3193190E-03   1.318629    
  4.3293294E-03   1.318777    
  4.3393392E-03   1.300723    
  4.3493495E-03   1.275951    
  4.3593589E-03   1.262780    
  4.3693692E-03   1.272200    
  4.3793786E-03   1.297953    
  4.3893890E-03   1.320131    
  4.3994002E-03   1.318495    
  4.4094096E-03   1.285610    
  4.4194199E-03   1.229319    
  4.4294293E-03   1.165648    
  4.4394396E-03   1.108922    
  4.4494499E-03   1.068850    
  4.4594598E-03   1.053076    
  4.4694701E-03   1.070203    
  4.4794795E-03   1.125183    
  4.4894898E-03   1.210616    
  4.4995002E-03   1.303468    
  4.5095095E-03   1.373972    
  4.5195199E-03   1.403174    
  4.5295293E-03   1.394972    
  4.5395396E-03   1.372369    
  4.5495494E-03   1.359862    
  4.5595597E-03   1.367172    
  4.5695701E-03   1.386125    
  4.5795795E-03   1.402128    
  4.5895898E-03   1.407208    
  4.5995992E-03   1.402403    
  4.6096095E-03   1.389632    
  4.6196198E-03   1.365078    
  4.6296297E-03   1.322294    
  4.6396400E-03   1.263166    
  4.6496494E-03   1.203368    
  4.6596597E-03   1.163241    
  4.6696691E-03   1.151307    
  4.6796794E-03   1.155566    
  4.6896897E-03   1.153385    
  4.6996991E-03   1.131766    
  4.7097094E-03   1.099299    
  4.7197193E-03   1.078560    
  4.7297296E-03   1.085317    
  4.7397404E-03   1.114885    
  4.7497503E-03   1.148126    
  4.7597606E-03   1.170248    
  4.7697700E-03   1.184444    
  4.7797803E-03   1.206730    
  4.7897897E-03   1.248240    
  4.7998000E-03   1.302902    
  4.8098103E-03   1.351620    
  4.8198197E-03   1.377619    
  4.8298300E-03   1.378062    
  4.8398399E-03   1.361063    
  4.8498502E-03   1.334743    
  4.8598605E-03   1.301030    
  4.8698699E-03   1.259566    
  4.8798802E-03   1.215989    
  4.8898896E-03   1.182058    
  4.8998999E-03   1.165845    
  4.9099098E-03   1.162027    
  4.9199201E-03   1.153437    
  4.9299304E-03   1.124759    
  4.9399398E-03   1.076600    
  4.9499501E-03   1.025722    
  4.9599595E-03  0.9925233    
  4.9699699E-03  0.9864278    
  4.9799802E-03   1.002321    
  4.9899896E-03   1.028925    
  4.9999999E-03   1.059114    
