 -9.9999998E-03  0.5845680    
 -9.9799801E-03  0.5823531    
 -9.9599604E-03  0.5794861    
 -9.9399397E-03  0.5764828    
 -9.9199200E-03  0.5741152    
 -9.8999003E-03  0.5733188    
 -9.8798806E-03  0.5746555    
 -9.8598599E-03  0.5782679    
 -9.8398402E-03  0.5837381    
 -9.8198196E-03  0.5904056    
 -9.7997999E-03  0.5974208    
 -9.7797792E-03  0.6041473    
 -9.7597595E-03  0.6101804    
 -9.7397398E-03  0.6153700    
 -9.7197201E-03  0.6197073    
 -9.6997004E-03  0.6232352    
 -9.6796798E-03  0.6259941    
 -9.6596600E-03  0.6280265    
 -9.6396394E-03  0.6294422    
 -9.6196197E-03  0.6303551    
 -9.5995991E-03  0.6310261    
 -9.5795793E-03  0.6315733    
 -9.5595596E-03  0.6320542    
 -9.5395399E-03  0.6324033    
 -9.5195202E-03  0.6325512    
 -9.4994996E-03  0.6325712    
 -9.4794799E-03  0.6327587    
 -9.4594592E-03  0.6336464    
 -9.4394395E-03  0.6358232    
 -9.4194189E-03  0.6396543    
 -9.3993992E-03  0.6451471    
 -9.3793795E-03  0.6517777    
 -9.3593597E-03  0.6587257    
 -9.3393400E-03  0.6650833    
 -9.3193194E-03  0.6702634    
 -9.2992997E-03  0.6742109    
 -9.2792800E-03  0.6774384    
 -9.2592593E-03  0.6807397    
 -9.2392387E-03  0.6849562    
 -9.2192190E-03  0.6905282    
 -9.1991993E-03  0.6973950    
 -9.1791796E-03  0.7049718    
 -9.1591589E-03  0.7125140    
 -9.1391392E-03  0.7193192    
 -9.1191195E-03  0.7250503    
 -9.0990998E-03  0.7297817    
 -9.0790791E-03  0.7338728    
 -9.0590585E-03  0.7378089    
 -9.0390388E-03  0.7419682    
 -9.0190191E-03  0.7465377    
 -8.9989994E-03  0.7515116    
 -8.9789787E-03  0.7568460    
 -8.9589590E-03  0.7625149    
 -8.9389393E-03  0.7685583    
 -8.9189196E-03  0.7751065    
 -8.8988990E-03  0.7822127    
 -8.8788783E-03  0.7897797    
 -8.8588586E-03  0.7974713    
 -8.8388389E-03  0.8049054    
 -8.8188192E-03  0.8115868    
 -8.7987985E-03  0.8171458    
 -8.7787788E-03  0.8213390    
 -8.7587591E-03  0.8240493    
 -8.7387394E-03  0.8253863    
 -8.7187197E-03  0.8254170    
 -8.6986991E-03  0.8244284    
 -8.6786784E-03  0.8227170    
 -8.6586587E-03  0.8206937    
 -8.6386381E-03  0.8189092    
 -8.6186184E-03  0.8178962    
 -8.5985987E-03  0.8182529    
 -8.5785789E-03  0.8203697    
 -8.5585592E-03  0.8244983    
 -8.5385386E-03  0.8305841    
 -8.5185189E-03  0.8382571    
 -8.4984982E-03  0.8467687    
 -8.4784785E-03  0.8550195    
 -8.4584588E-03  0.8616375    
 -8.4384382E-03  0.8652310    
 -8.4184185E-03  0.8647717    
 -8.3983988E-03  0.8600143    
 -8.3783790E-03  0.8517316    
 -8.3583584E-03  0.8418755    
 -8.3383387E-03  0.8331996    
 -8.3183181E-03  0.8285723    
 -8.2982983E-03  0.8301579    
 -8.2782777E-03  0.8385974    
 -8.2582580E-03  0.8528956    
 -8.2382383E-03  0.8704123    
 -8.2182186E-03  0.8879790    
 -8.1981989E-03  0.9027402    
 -8.1781782E-03  0.9132082    
 -8.1581585E-03  0.9195756    
 -8.1381388E-03  0.9234424    
 -8.1181182E-03  0.9269782    
 -8.0980984E-03  0.9319285    
 -8.0780778E-03  0.9388919    
 -8.0580581E-03  0.9471790    
 -8.0380384E-03  0.9552899    
 -8.0180177E-03  0.9617011    
 -7.9979990E-03  0.9656633    
 -7.9779783E-03  0.9674799    
 -7.9579586E-03  0.9682580    
 -7.9379380E-03  0.9693007    
 -7.9179173E-03  0.9713001    
 -7.8978976E-03  0.9739980    
 -7.8778779E-03  0.9763457    
 -7.8578582E-03  0.9770864    
 -7.8378385E-03  0.9755654    
 -7.8178179E-03  0.9722338    
 -7.7977977E-03  0.9685827    
 -7.7777780E-03  0.9665398    
 -7.7577573E-03  0.9676107    
 -7.7377385E-03  0.9722519    
 -7.7177179E-03  0.9797536    
 -7.6976977E-03  0.9884988    
 -7.6776780E-03  0.9970629    
 -7.6576574E-03   1.004713    
 -7.6376377E-03   1.011835    
 -7.6176180E-03   1.019435    
 -7.5975978E-03   1.028371    
 -7.5775781E-03   1.038485    
 -7.5575574E-03   1.048173    
 -7.5375377E-03   1.054849    
 -7.5175175E-03   1.056037    
 -7.4974978E-03   1.050565    
 -7.4774772E-03   1.039547    
 -7.4574575E-03   1.026317    
 -7.4374378E-03   1.015538    
 -7.4174176E-03   1.011661    
 -7.3973970E-03   1.017281    
 -7.3773772E-03   1.032319    
 -7.3573575E-03   1.054055    
 -7.3373378E-03   1.078173    
 -7.3173176E-03   1.100226    
 -7.2972970E-03   1.117053    
 -7.2772773E-03   1.127326    
 -7.2572576E-03   1.131535    
 -7.2372374E-03   1.131218    
 -7.2172168E-03   1.127950    
 -7.1971971E-03   1.123012    
 -7.1771774E-03   1.117056    
 -7.1571576E-03   1.110598    
 -7.1371370E-03   1.104571    
 -7.1171168E-03   1.100335    
 -7.0970971E-03   1.099507    
 -7.0770774E-03   1.103311    
 -7.0570577E-03   1.111804    
 -7.0370371E-03   1.123568    
 -7.0170169E-03   1.136056    
 -6.9969972E-03   1.146401    
 -6.9769775E-03   1.152557    
 -6.9569568E-03   1.154218    
 -6.9369366E-03   1.152986    
 -6.9169169E-03   1.151837    
 -6.8968972E-03   1.153973    
 -6.8768766E-03   1.161510    
 -6.8568569E-03   1.174701    
 -6.8368367E-03   1.191905    
 -6.8168170E-03   1.210115    
 -6.7967973E-03   1.226274    
 -6.7767766E-03   1.238381    
 -6.7567569E-03   1.246179    
 -6.7367367E-03   1.251079    
 -6.7167170E-03   1.255492    
 -6.6966973E-03   1.261784    
 -6.6766767E-03   1.271302    
 -6.6566565E-03   1.283955    
 -6.6366368E-03   1.298125    
 -6.6166166E-03   1.311621    
 -6.5965969E-03   1.322250    
 -6.5765767E-03   1.328815    
 -6.5565566E-03   1.331482    
 -6.5365369E-03   1.331587    
 -6.5165167E-03   1.331282    
 -6.4964965E-03   1.332652    
 -6.4764763E-03   1.337129    
 -6.4564561E-03   1.345155    
 -6.4364364E-03   1.356243    
 -6.4164167E-03   1.369345    
 -6.3963966E-03   1.383487    
 -6.3763764E-03   1.398162    
 -6.3563567E-03   1.413678    
 -6.3363365E-03   1.430701    
 -6.3163163E-03   1.450058    
 -6.2962966E-03   1.472131    
 -6.2762760E-03   1.496388    
 -6.2562563E-03   1.521553    
 -6.2362365E-03   1.546014    
 -6.2162164E-03   1.568475    
 -6.1961962E-03   1.588429    
 -6.1761765E-03   1.606524    
 -6.1561563E-03   1.624121    
 -6.1361361E-03   1.642778    
 -6.1161164E-03   1.663266    
 -6.0960962E-03   1.684920    
 -6.0760761E-03   1.705807    
 -6.0560564E-03   1.723221    
 -6.0360362E-03   1.734615    
 -6.0160165E-03   1.738837    
 -5.9959963E-03   1.736590    
 -5.9759757E-03   1.730350    
 -5.9559559E-03   1.723656    
 -5.9359362E-03   1.719822    
 -5.9159161E-03   1.720787    
 -5.8958959E-03   1.726857    
 -5.8758762E-03   1.736696    
 -5.8558560E-03   1.748114    
 -5.8358363E-03   1.759287    
 -5.8158161E-03   1.769406    
 -5.7957955E-03   1.778848    
 -5.7757758E-03   1.788864    
 -5.7557556E-03   1.800657    
 -5.7357359E-03   1.814684    
 -5.7157157E-03   1.830438    
 -5.6956955E-03   1.846637    
 -5.6756758E-03   1.861763    
 -5.6556561E-03   1.875070    
 -5.6356355E-03   1.886798    
 -5.6156153E-03   1.898163    
 -5.5955956E-03   1.910928    
 -5.5755754E-03   1.926526    
 -5.5555557E-03   1.945440    
 -5.5355355E-03   1.967154    
 -5.5155153E-03   1.990287    
 -5.4954956E-03   2.013486    
 -5.4754759E-03   2.035842    
 -5.4554553E-03   2.057407    
 -5.4354356E-03   2.079069    
 -5.4154154E-03   2.102133    
 -5.3953952E-03   2.127606    
 -5.3753755E-03   2.155848    
 -5.3553558E-03   2.186423    
 -5.3353352E-03   2.218115    
 -5.3153154E-03   2.249523    
 -5.2952953E-03   2.279482    
 -5.2752751E-03   2.307078    
 -5.2552554E-03   2.332091    
 -5.2352352E-03   2.354368    
 -5.2152150E-03   2.374057    
 -5.1951953E-03   2.391128    
 -5.1751756E-03   2.405725    
 -5.1551554E-03   2.418294    
 -5.1351353E-03   2.429671    
 -5.1151151E-03   2.441438    
 -5.0950949E-03   2.455813    
 -5.0750752E-03   2.475275    
 -5.0550550E-03   2.502086    
 -5.0350348E-03   2.537877    
 -5.0150151E-03   2.582900    
 -4.9949954E-03   2.635893    
 -4.9749753E-03   2.693991    
 -4.9549546E-03   2.753221    
 -4.9349349E-03   2.809205    
 -4.9149147E-03   2.858088    
 -4.8948950E-03   2.897447    
 -4.8748748E-03   2.926806    
 -4.8548547E-03   2.947724    
 -4.8348350E-03   2.963083    
 -4.8148152E-03   2.976064    
 -4.7947951E-03   2.989024    
 -4.7747749E-03   3.002891    
 -4.7547547E-03   3.016625    
 -4.7347345E-03   3.028323    
 -4.7147148E-03   3.035985    
 -4.6946951E-03   3.038771    
 -4.6746745E-03   3.037898    
 -4.6546548E-03   3.036519    
 -4.6346351E-03   3.038896    
 -4.6146144E-03   3.049046    
 -4.5945947E-03   3.069487    
 -4.5745745E-03   3.100281    
 -4.5545544E-03   3.139239    
 -4.5345346E-03   3.182519    
 -4.5145149E-03   3.226002    
 -4.4944948E-03   3.266339    
 -4.4744746E-03   3.301831    
 -4.4544549E-03   3.332201    
 -4.4344342E-03   3.358351    
 -4.4144145E-03   3.381739    
 -4.3943943E-03   3.403672    
 -4.3743742E-03   3.425507    
 -4.3543545E-03   3.448363    
 -4.3343347E-03   3.473727    
 -4.3143146E-03   3.503318    
 -4.2942944E-03   3.538712    
 -4.2742742E-03   3.581038    
 -4.2542540E-03   3.630349    
 -4.2342343E-03   3.685488    
 -4.2142146E-03   3.744376    
 -4.1941940E-03   3.804831    
 -4.1741743E-03   3.865152    
 -4.1541546E-03   3.924773    
 -4.1341344E-03   3.984122    
 -4.1141142E-03   4.044036    
 -4.0940936E-03   4.104857    
 -4.0740739E-03   4.165719    
 -4.0540542E-03   4.224363    
 -4.0340340E-03   4.277713    
 -4.0140138E-03   4.323107    
 -3.9939941E-03   4.359457    
 -3.9739739E-03   4.387893    
 -3.9539542E-03   4.412251    
 -3.9339340E-03   4.437636    
 -3.9139139E-03   4.469078    
 -3.8938937E-03   4.510021    
 -3.8738740E-03   4.561227    
 -3.8538538E-03   4.620736    
 -3.8338338E-03   4.684804    
 -3.8138141E-03   4.749449    
 -3.7937937E-03   4.811898    
 -3.7737740E-03   4.871592    
 -3.7537536E-03   4.930036    
 -3.7337334E-03   4.989576    
 -3.7137137E-03   5.052132    
 -3.6936938E-03   5.117899    
 -3.6736736E-03   5.184749    
 -3.6536537E-03   5.249242    
 -3.6336340E-03   5.308267    
 -3.6136135E-03   5.360853    
 -3.5935934E-03   5.409832    
 -3.5735737E-03   5.461544    
 -3.5535533E-03   5.524737    
 -3.5335335E-03   5.607410    
 -3.5135136E-03   5.714044    
 -3.4934934E-03   5.843357    
 -3.4734735E-03   5.987966    
 -3.4534538E-03   6.136301    
 -3.4334336E-03   6.275632    
 -3.4134132E-03   6.396214    
 -3.3933935E-03   6.493705    
 -3.3733733E-03   6.570127    
 -3.3533538E-03   6.632468    
 -3.3333332E-03   6.689701    
 -3.3133132E-03   6.749781    
 -3.2932935E-03   6.817212    
 -3.2732736E-03   6.893018    
 -3.2532536E-03   6.975877    
 -3.2332330E-03   7.064442    
 -3.2132133E-03   7.158936    
 -3.1931933E-03   7.261916    
 -3.1731727E-03   7.376363    
 -3.1531530E-03   7.504052    
 -3.1331331E-03   7.643168    
 -3.1131133E-03   7.787978    
 -3.0930934E-03   7.930118    
 -3.0730737E-03   8.062103    
 -3.0530530E-03   8.179935    
 -3.0330331E-03   8.285987    
 -3.0130134E-03   8.388128    
 -2.9929928E-03   8.497411    
 -2.9729728E-03   8.623887    
 -2.9529529E-03   8.772926    
 -2.9329322E-03   8.943583    
 -2.9129125E-03   9.129107    
 -2.8928926E-03   9.320451    
 -2.8728729E-03   9.509821    
 -2.8528529E-03   9.693579    
 -2.8328332E-03   9.873212    
 -2.8128126E-03   10.05365    
 -2.7927926E-03   10.24035    
 -2.7727729E-03   10.43665    
 -2.7527530E-03   10.64214    
 -2.7327333E-03   10.85358    
 -2.7127133E-03   11.06681    
 -2.6926927E-03   11.27927    
 -2.6726727E-03   11.49147    
 -2.6526521E-03   11.70654    
 -2.6326324E-03   11.92869    
 -2.6126124E-03   12.16109    
 -2.5925927E-03   12.40434    
 -2.5725721E-03   12.65680    
 -2.5525521E-03   12.91624    
 -2.5325324E-03   13.18151    
 -2.5125125E-03   13.45469    
 -2.4924928E-03   13.74023    
 -2.4724728E-03   14.04367    
 -2.4524522E-03   14.36910    
 -2.4324325E-03   14.71739    
 -2.4124125E-03   15.08546    
 -2.3923926E-03   15.46820    
 -2.3723729E-03   15.86075    
 -2.3523530E-03   16.26093    
 -2.3323323E-03   16.67008    
 -2.3123126E-03   17.09234    
 -2.2922920E-03   17.53215    
 -2.2722720E-03   17.99175    
 -2.2522523E-03   18.46988    
 -2.2322324E-03   18.96169    
 -2.2122117E-03   19.46094    
 -2.1921920E-03   19.96270    
 -2.1721721E-03   20.46498    
 -2.1521521E-03   20.96939    
 -2.1321324E-03   21.48000    
 -2.1121125E-03   22.00081    
 -2.0920918E-03   22.53446    
 -2.0720721E-03   23.08089    
 -2.0520522E-03   23.63920    
 -2.0320325E-03   24.20857    
 -2.0120125E-03   24.79056    
 -1.9919928E-03   25.38945    
 -1.9719722E-03   26.01145    
 -1.9519514E-03   26.66307    
 -1.9319316E-03   27.34948    
 -1.9119118E-03   28.07464    
 -1.8918919E-03   28.84094    
 -1.8718721E-03   29.65093    
 -1.8518515E-03   30.50852    
 -1.8318316E-03   31.41831    
 -1.8118118E-03   32.38482    
 -1.7917920E-03   33.41018    
 -1.7717720E-03   34.49259    
 -1.7517522E-03   35.62675    
 -1.7317316E-03   36.80559    
 -1.7117118E-03   38.02369    
 -1.6916919E-03   39.27994    
 -1.6716721E-03   40.57863    
 -1.6516523E-03   41.92769    
 -1.6316324E-03   43.33455    
 -1.6116110E-03   44.80296    
 -1.5915912E-03   46.32917    
 -1.5715713E-03   47.90460    
 -1.5515515E-03   49.51957    
 -1.5315317E-03   51.16997    
 -1.5115110E-03   52.86166    
 -1.4914912E-03   54.61380    
 -1.4714713E-03   56.45604    
 -1.4514514E-03   58.42190    
 -1.4314316E-03   60.54002    
 -1.4114118E-03   62.82690    
 -1.3913912E-03   65.28313    
 -1.3713713E-03   67.89409    
 -1.3513515E-03   70.63649    
 -1.3313317E-03   73.48625    
 -1.3113118E-03   76.42748    
 -1.2912920E-03   79.45727    
 -1.2712706E-03   82.58783    
 -1.2512507E-03   85.84180    
 -1.2312309E-03   89.24799    
 -1.2112111E-03   92.83226    
 -1.1911911E-03   96.61304    
 -1.1711713E-03   100.5973    
 -1.1511507E-03   104.7825    
 -1.1311308E-03   109.1622    
 -1.1111110E-03   113.7349    
 -1.0910912E-03   118.5087    
 -1.0710714E-03   123.5064    
 -1.0510515E-03   128.7625    
 -1.0310309E-03   134.3170    
 -1.0110111E-03   140.2022    
 -9.9099125E-04   146.4356    
 -9.7097136E-04   153.0136    
 -9.5095154E-04   159.9145    
 -9.3093090E-04   167.1085    
 -9.1091025E-04   174.5716    
 -8.9089043E-04   182.2975    
 -8.7087060E-04   190.3011    
 -8.5085072E-04   198.6143    
 -8.3083089E-04   207.2701    
 -8.1081106E-04   216.2881    
 -7.9079042E-04   225.6635    
 -7.7077060E-04   235.3655    
 -7.5075077E-04   245.3541    
 -7.3073088E-04   255.5983    
 -7.1071106E-04   266.0966    
 -6.9069123E-04   276.8849    
 -6.7067059E-04   288.0280    
 -6.5065076E-04   299.5952    
 -6.3063094E-04   311.6322    
 -6.1061105E-04   324.1331    
 -5.9059041E-04   337.0330    
 -5.7057058E-04   350.2183    
 -5.5054994E-04   363.5591    
 -5.3053012E-04   376.9418    
 -5.1051029E-04   390.2994    
 -4.9049046E-04   403.6210    
 -4.7047061E-04   416.9388    
 -4.5045075E-04   430.3043    
 -4.3043014E-04   443.7584    
 -4.1041028E-04   457.3098    
 -3.9039046E-04   470.9348    
 -3.7037060E-04   484.5784    
 -3.5035078E-04   498.1773    
 -3.3033092E-04   511.6613    
 -3.1031031E-04   524.9569    
 -2.9029045E-04   537.9719    
 -2.7027063E-04   550.5844    
 -2.5024998E-04   562.6381    
 -2.3023014E-04   573.9539    
 -2.1021030E-04   584.3669    
 -1.9018968E-04   593.7598    
 -1.7016983E-04   602.0931    
 -1.5014999E-04   609.4122    
 -1.3013015E-04   615.8223    
 -1.1011031E-04   621.4373    
 -9.0090471E-05   626.3293    
 -7.0069837E-05   630.4896    
 -5.0049995E-05   633.8219    
 -3.0030156E-05   636.1760    
 -1.0010316E-05   637.4006    
  1.0009524E-05   637.3994    
  3.0029365E-05   636.1766    
  5.0049995E-05   633.8218    
  7.0069837E-05   630.4896    
  9.0090471E-05   626.3294    
  1.1011031E-04   621.4374    
  1.3013015E-04   615.8223    
  1.5015078E-04   609.4121    
  1.7017062E-04   602.0930    
  1.9019046E-04   593.7590    
  2.1021030E-04   584.3669    
  2.3023014E-04   573.9539    
  2.5024998E-04   562.6382    
  2.7027063E-04   550.5842    
  2.9029045E-04   537.9720    
  3.1031031E-04   524.9568    
  3.3033013E-04   511.6617    
  3.5034999E-04   498.1779    
  3.7036982E-04   484.5788    
  3.9039046E-04   470.9347    
  4.1041028E-04   457.3098    
  4.3043093E-04   443.7576    
  4.5045075E-04   430.3043    
  4.7047061E-04   416.9388    
  4.9049046E-04   403.6209    
  5.1051105E-04   390.2991    
  5.3053093E-04   376.9412    
  5.5055076E-04   363.5586    
  5.7057058E-04   350.2184    
  5.9059041E-04   337.0328    
  6.1061030E-04   324.1337    
  6.3063094E-04   311.6323    
  6.5065076E-04   299.5953    
  6.7067059E-04   288.0280    
  6.9069042E-04   276.8855    
  7.1071024E-04   266.0972    
  7.3073013E-04   255.5988    
  7.5075077E-04   245.3541    
  7.7077135E-04   235.3649    
  7.9079124E-04   225.6631    
  8.1081106E-04   216.2881    
  8.3083089E-04   207.2701    
  8.5085072E-04   198.6144    
  8.7087136E-04   190.3009    
  8.9089118E-04   182.2971    
  9.1091107E-04   174.5716    
  9.3093090E-04   167.1085    
  9.5095072E-04   159.9146    
  9.7097055E-04   153.0140    
  9.9099125E-04   146.4356    
  1.0110111E-03   140.2022    
  1.0310309E-03   134.3171    
  1.0510507E-03   128.7629    
  1.0710706E-03   123.5067    
  1.0910904E-03   118.5088    
  1.1111118E-03   113.7347    
  1.1311317E-03   109.1623    
  1.1511515E-03   104.7823    
  1.1711713E-03   100.5973    
  1.1911911E-03   96.61307    
  1.2112111E-03   92.83228    
  1.2312316E-03   89.24778    
  1.2512516E-03   85.84162    
  1.2712714E-03   82.58762    
  1.2912912E-03   79.45734    
  1.3113110E-03   76.42749    
  1.3313309E-03   73.48638    
  1.3513515E-03   70.63647    
  1.3713713E-03   67.89408    
  1.3913912E-03   65.28318    
  1.4114110E-03   62.82698    
  1.4314308E-03   60.54013    
  1.4514514E-03   58.42190    
  1.4714721E-03   56.45609    
  1.4914919E-03   54.61372    
  1.5115119E-03   52.86156    
  1.5315317E-03   51.16998    
  1.5515515E-03   49.51958    
  1.5715713E-03   47.90459    
  1.5915920E-03   46.32895    
  1.6116118E-03   44.80288    
  1.6316316E-03   43.33470    
  1.6516515E-03   41.92767    
  1.6716713E-03   40.57869    
  1.6916911E-03   39.27996    
  1.7117118E-03   38.02370    
  1.7317316E-03   36.80556    
  1.7517515E-03   35.62688    
  1.7717713E-03   34.49267    
  1.7917920E-03   33.41017    
  1.8118126E-03   32.38488    
  1.8318325E-03   31.41831    
  1.8518523E-03   30.50849    
  1.8718721E-03   29.65095    
  1.8918919E-03   28.84094    
  1.9119118E-03   28.07464    
  1.9319324E-03   27.34945    
  1.9519522E-03   26.66296    
  1.9719722E-03   26.01146    
  1.9919919E-03   25.38954    
  2.0120118E-03   24.79069    
  2.0320315E-03   24.20862    
  2.0520522E-03   23.63920    
  2.0720721E-03   23.08089    
  2.0920918E-03   22.53446    
  2.1121118E-03   22.00084    
  2.1321324E-03   21.47997    
  2.1521521E-03   20.96937    
  2.1721728E-03   20.46494    
  2.1921927E-03   19.96264    
  2.2122127E-03   19.46095    
  2.2322324E-03   18.96168    
  2.2522523E-03   18.46989    
  2.2722720E-03   17.99173    
  2.2922927E-03   17.53213    
  2.3123126E-03   17.09233    
  2.3323323E-03   16.67008    
  2.3523523E-03   16.26090    
  2.3723720E-03   15.86075    
  2.3923919E-03   15.46823    
  2.4124125E-03   15.08545    
  2.4324325E-03   14.71738    
  2.4524522E-03   14.36910    
  2.4724728E-03   14.04367    
  2.4924928E-03   13.74021    
  2.5125125E-03   13.45469    
  2.5325331E-03   13.18154    
  2.5525531E-03   12.91619    
  2.5725728E-03   12.65681    
  2.5925927E-03   12.40433    
  2.6126124E-03   12.16109    
  2.6326324E-03   11.92869    
  2.6526530E-03   11.70652    
  2.6726727E-03   11.49146    
  2.6926927E-03   11.27927    
  2.7127126E-03   11.06679    
  2.7327323E-03   10.85356    
  2.7527523E-03   10.64216    
  2.7727729E-03   10.43665    
  2.7927926E-03   10.24036    
  2.8128133E-03   10.05365    
  2.8328332E-03   9.873225    
  2.8528529E-03   9.693570    
  2.8728729E-03   9.509824    
  2.8928935E-03   9.320521    
  2.9129132E-03   9.129125    
  2.9329332E-03   8.943587    
  2.9529529E-03   8.772918    
  2.9729728E-03   8.623879    
  2.9929928E-03   8.497402    
  3.0130134E-03   8.388124    
  3.0330331E-03   8.285975    
  3.0530530E-03   8.179914    
  3.0730728E-03   8.062056    
  3.0930927E-03   7.930156    
  3.1131124E-03   7.787941    
  3.1331331E-03   7.643175    
  3.1531530E-03   7.504051    
  3.1731736E-03   7.376362    
  3.1931933E-03   7.261909    
  3.2132133E-03   7.158935    
  3.2332330E-03   7.064437    
  3.2532536E-03   6.975890    
  3.2732736E-03   6.893008    
  3.2932926E-03   6.817217    
  3.3133132E-03   6.749777    
  3.3333339E-03   6.689744    
  3.3533529E-03   6.632488    
  3.3733735E-03   6.570147    
  3.3933925E-03   6.493693    
  3.4134132E-03   6.396209    
  3.4334338E-03   6.275611    
  3.4534528E-03   6.136310    
  3.4734735E-03   5.987967    
  3.4934927E-03   5.843390    
  3.5135134E-03   5.714044    
  3.5335338E-03   5.607414    
  3.5535544E-03   5.524762    
  3.5735737E-03   5.461541    
  3.5935943E-03   5.409777    
  3.6136133E-03   5.360880    
  3.6336340E-03   5.308273    
  3.6536546E-03   5.249272    
  3.6736736E-03   5.184729    
  3.6936942E-03   5.117852    
  3.7137133E-03   5.052137    
  3.7337339E-03   4.989577    
  3.7537529E-03   4.930045    
  3.7737736E-03   4.871607    
  3.7937942E-03   4.811890    
  3.8138132E-03   4.749452    
  3.8338338E-03   4.684802    
  3.8538529E-03   4.620743    
  3.8738735E-03   4.561235    
  3.8938941E-03   4.510022    
  3.9139134E-03   4.469093    
  3.9339340E-03   4.437635    
  3.9539528E-03   4.412258    
  3.9739734E-03   4.387920    
  3.9939927E-03   4.359401    
  4.0140147E-03   4.323146    
  4.0340354E-03   4.277722    
  4.0540546E-03   4.224377    
  4.0740753E-03   4.165687    
  4.0940940E-03   4.104837    
  4.1141147E-03   4.044022    
  4.1341353E-03   3.984128    
  4.1541546E-03   3.924792    
  4.1741752E-03   3.865181    
  4.1941940E-03   3.804838    
  4.2142146E-03   3.744366    
  4.2342339E-03   3.685456    
  4.2542545E-03   3.630370    
  4.2742752E-03   3.581051    
  4.2942939E-03   3.538745    
  4.3143146E-03   3.503335    
  4.3343338E-03   3.473723    
  4.3543545E-03   3.448368    
  4.3743751E-03   3.425527    
  4.3943943E-03   3.403691    
  4.4144150E-03   3.381743    
  4.4344338E-03   3.358327    
  4.4544544E-03   3.332191    
  4.4744737E-03   3.301819    
  4.4944943E-03   3.266343    
  4.5145149E-03   3.225997    
  4.5345337E-03   3.182512    
  4.5545544E-03   3.139241    
  4.5745736E-03   3.100281    
  4.5945942E-03   3.069483    
  4.6146149E-03   3.049054    
  4.6346337E-03   3.038898    
  4.6546543E-03   3.036522    
  4.6746735E-03   3.037905    
  4.6946956E-03   3.038752    
  4.7147148E-03   3.035990    
  4.7347355E-03   3.028345    
  4.7547561E-03   3.016629    
  4.7747749E-03   3.002846    
  4.7947955E-03   2.989014    
  4.8148148E-03   2.976042    
  4.8348354E-03   2.963076    
  4.8548561E-03   2.947747    
  4.8748748E-03   2.926806    
  4.8948955E-03   2.897426    
  4.9149147E-03   2.858091    
  4.9349354E-03   2.809198    
  4.9549546E-03   2.753223    
  4.9749753E-03   2.693989    
  4.9949959E-03   2.635893    
  5.0150147E-03   2.582891    
  5.0350353E-03   2.537878    
  5.0550546E-03   2.502087    
  5.0750752E-03   2.475272    
  5.0950958E-03   2.455802    
  5.1151146E-03   2.441430    
  5.1351353E-03   2.429665    
  5.1551545E-03   2.418288    
  5.1751751E-03   2.405725    
  5.1951939E-03   2.391116    
  5.2152146E-03   2.374016    
  5.2352352E-03   2.354366    
  5.2552545E-03   2.332076    
  5.2752751E-03   2.307082    
  5.2952939E-03   2.279476    
  5.3153145E-03   2.249544    
  5.3353352E-03   2.218117    
  5.3553544E-03   2.186403    
  5.3753750E-03   2.155858    
  5.3953957E-03   2.127611    
  5.4154163E-03   2.102132    
  5.4354370E-03   2.079112    
  5.4554562E-03   2.057415    
  5.4754764E-03   2.035851    
  5.4954956E-03   2.013488    
  5.5155163E-03   1.990306    
  5.5355355E-03   1.967136    
  5.5555562E-03   1.945444    
  5.5755768E-03   1.926537    
  5.5955956E-03   1.910931    
  5.6156162E-03   1.898156    
  5.6356355E-03   1.886802    
  5.6556561E-03   1.875075    
  5.6756767E-03   1.861777    
  5.6956955E-03   1.846641    
  5.7157162E-03   1.830456    
  5.7357354E-03   1.814693    
  5.7557561E-03   1.800649    
  5.7757748E-03   1.788880    
  5.7957955E-03   1.778848    
  5.8158161E-03   1.769401    
  5.8358354E-03   1.759292    
  5.8558560E-03   1.748117    
  5.8758748E-03   1.736701    
  5.8958954E-03   1.726872    
  5.9159161E-03   1.720807    
  5.9359353E-03   1.719782    
  5.9559559E-03   1.723666    
  5.9759752E-03   1.730369    
  5.9959958E-03   1.736565    
  6.0160146E-03   1.738847    
  6.0360353E-03   1.734645    
  6.0560559E-03   1.723233    
  6.0760765E-03   1.705808    
  6.0960972E-03   1.684936    
  6.1161164E-03   1.663265    
  6.1361371E-03   1.642782    
  6.1561577E-03   1.624132    
  6.1761765E-03   1.606520    
  6.1961971E-03   1.588430    
  6.2162164E-03   1.568470    
  6.2362370E-03   1.546017    
  6.2562558E-03   1.521552    
  6.2762764E-03   1.496382    
  6.2962971E-03   1.472135    
  6.3163163E-03   1.450064    
  6.3363370E-03   1.430708    
  6.3563557E-03   1.413673    
  6.3763764E-03   1.398166    
  6.3963970E-03   1.383504    
  6.4164163E-03   1.369350    
  6.4364369E-03   1.356244    
  6.4564561E-03   1.345160    
  6.4764763E-03   1.337124    
  6.4964956E-03   1.332648    
  6.5165162E-03   1.331271    
  6.5365369E-03   1.331583    
  6.5565561E-03   1.331479    
  6.5765767E-03   1.328809    
  6.5965955E-03   1.322232    
  6.6166162E-03   1.311612    
  6.6366368E-03   1.298124    
  6.6566560E-03   1.283955    
  6.6766767E-03   1.271299    
  6.6966955E-03   1.261791    
  6.7167161E-03   1.255492    
  6.7367353E-03   1.251090    
  6.7567574E-03   1.246174    
  6.7767780E-03   1.238397    
  6.7967973E-03   1.226272    
  6.8168179E-03   1.210120    
  6.8368367E-03   1.191904    
  6.8568573E-03   1.174726    
  6.8768780E-03   1.161503    
  6.8968972E-03   1.153973    
  6.9169179E-03   1.151837    
  6.9369366E-03   1.152986    
  6.9569573E-03   1.154221    
  6.9769779E-03   1.152559    
  6.9969972E-03   1.146401    
  7.0170178E-03   1.136069    
  7.0370371E-03   1.123576    
  7.0570577E-03   1.111800    
  7.0770765E-03   1.103297    
  7.0970971E-03   1.099505    
  7.1171178E-03   1.100341    
  7.1371370E-03   1.104570    
  7.1571576E-03   1.110595    
  7.1771764E-03   1.117040    
  7.1971971E-03   1.123010    
  7.2172177E-03   1.127957    
  7.2372369E-03   1.131187    
  7.2572576E-03   1.131534    
  7.2772764E-03   1.127336    
  7.2972970E-03   1.117051    
  7.3173163E-03   1.100253    
  7.3373369E-03   1.078180    
  7.3573575E-03   1.054055    
  7.3773763E-03   1.032328    
  7.3973970E-03   1.017277    
  7.4174162E-03   1.011655    
  7.4374382E-03   1.015554    
  7.4574589E-03   1.026322    
  7.4774781E-03   1.039540    
  7.4974988E-03   1.050569    
  7.5175175E-03   1.056033    
  7.5375382E-03   1.054842    
  7.5575574E-03   1.048177    
  7.5775781E-03   1.038488    
  7.5975987E-03   1.028366    
  7.6176180E-03   1.019433    
  7.6376386E-03   1.011836    
  7.6576574E-03   1.004711    
  7.6776780E-03  0.9970660    
  7.6976987E-03  0.9884953    
  7.7177179E-03  0.9797513    
  7.7377385E-03  0.9722511    
  7.7577573E-03  0.9676084    
  7.7777780E-03  0.9665362    
  7.7977972E-03  0.9685710    
  7.8178179E-03  0.9722341    
  7.8378385E-03  0.9755668    
  7.8578573E-03  0.9770854    
  7.8778779E-03  0.9763408    
  7.8978967E-03  0.9740053    
  7.9179173E-03  0.9712979    
  7.9379380E-03  0.9692984    
  7.9579577E-03  0.9682617    
  7.9779783E-03  0.9674777    
  7.9979971E-03  0.9656645    
  8.0180177E-03  0.9617094    
  8.0380365E-03  0.9552828    
  8.0580572E-03  0.9471895    
  8.0780778E-03  0.9388914    
  8.0980975E-03  0.9319345    
  8.1181191E-03  0.9269739    
  8.1381388E-03  0.9234487    
  8.1581585E-03  0.9195850    
  8.1781792E-03  0.9131889    
  8.1981989E-03  0.9027411    
  8.2182195E-03  0.8879706    
  8.2382383E-03  0.8704120    
  8.2582589E-03  0.8529001    
  8.2782777E-03  0.8386001    
  8.2982983E-03  0.8301587    
  8.3183190E-03  0.8285668    
  8.3383387E-03  0.8332018    
  8.3583593E-03  0.8418819    
  8.3783781E-03  0.8517369    
  8.3983988E-03  0.8600100    
  8.4184194E-03  0.8648018    
  8.4384382E-03  0.8652347    
  8.4584588E-03  0.8616403    
  8.4784776E-03  0.8550272    
  8.4984982E-03  0.8467714    
  8.5185179E-03  0.8382450    
  8.5385386E-03  0.8305820    
  8.5585592E-03  0.8244990    
  8.5785780E-03  0.8203658    
  8.5985987E-03  0.8182402    
  8.6186174E-03  0.8179173    
  8.6386381E-03  0.8189133    
  8.6586587E-03  0.8206903    
  8.6786784E-03  0.8227056    
  8.6986991E-03  0.8244267    
  8.7187178E-03  0.8254252    
  8.7387385E-03  0.8253739    
  8.7587573E-03  0.8240775    
  8.7787779E-03  0.8213481    
  8.7988004E-03  0.8171513    
  8.8188192E-03  0.8115838    
  8.8388398E-03  0.8048993    
  8.8588586E-03  0.7974707    
  8.8788792E-03  0.7897732    
  8.8988999E-03  0.7822311    
  8.9189196E-03  0.7751043    
  8.9389402E-03  0.7685595    
  8.9589590E-03  0.7625158    
  8.9789797E-03  0.7568612    
  8.9990003E-03  0.7515090    
  9.0190191E-03  0.7465373    
  9.0390397E-03  0.7419741    
  9.0590585E-03  0.7378112    
  9.0790791E-03  0.7338644    
  9.0990989E-03  0.7297844    
  9.1191195E-03  0.7250479    
  9.1391401E-03  0.7193252    
  9.1591589E-03  0.7125104    
  9.1791796E-03  0.7049711    
  9.1991983E-03  0.6973878    
  9.2192190E-03  0.6905263    
  9.2392396E-03  0.6849588    
  9.2592593E-03  0.6807575    
  9.2792800E-03  0.6774257    
  9.2992987E-03  0.6742102    
  9.3193194E-03  0.6702599    
  9.3393382E-03  0.6650789    
  9.3593588E-03  0.6587340    
  9.3793795E-03  0.6517761    
  9.3993982E-03  0.6451398    
  9.4194189E-03  0.6396567    
  9.4394386E-03  0.6358312    
  9.4594592E-03  0.6336506    
  9.4794808E-03  0.6327601    
  9.4995005E-03  0.6325737    
  9.5195211E-03  0.6325475    
  9.5395399E-03  0.6324027    
  9.5595606E-03  0.6320565    
  9.5795793E-03  0.6315717    
  9.5996000E-03  0.6310277    
  9.6196206E-03  0.6303526    
  9.6396394E-03  0.6294368    
  9.6596600E-03  0.6280257    
  9.6796798E-03  0.6259914    
  9.6997004E-03  0.6232362    
  9.7197210E-03  0.6196964    
  9.7397398E-03  0.6153705    
  9.7597605E-03  0.6101747    
  9.7797792E-03  0.6041395    
  9.7997999E-03  0.5974266    
  9.8198196E-03  0.5904122    
  9.8398402E-03  0.5837418    
  9.8598609E-03  0.5782453    
  9.8798797E-03  0.5746573    
  9.8999003E-03  0.5733216    
  9.9199191E-03  0.5741335    
  9.9399397E-03  0.5764868    
  9.9599604E-03  0.5794863    
  9.9799791E-03  0.5823732    
  9.9999998E-03  0.5845684    
