 -9.9999998E-03  0.8437952    
 -9.9799801E-03  0.8488244    
 -9.9599604E-03  0.8518741    
 -9.9399397E-03  0.8537650    
 -9.9199200E-03  0.8555453    
 -9.8999003E-03  0.8580278    
 -9.8798806E-03  0.8613743    
 -9.8598599E-03  0.8650874    
 -9.8398402E-03  0.8684806    
 -9.8198196E-03  0.8709581    
 -9.7997999E-03  0.8724904    
 -9.7797792E-03  0.8736243    
 -9.7597595E-03  0.8751369    
 -9.7397398E-03  0.8777189    
 -9.7197201E-03  0.8815081    
 -9.6997004E-03  0.8861304    
 -9.6796798E-03  0.8909432    
 -9.6596600E-03  0.8953493    
 -9.6396394E-03  0.8992777    
 -9.6196197E-03  0.9031283    
 -9.5995991E-03  0.9076402    
 -9.5795793E-03  0.9133171    
 -9.5595596E-03  0.9201736    
 -9.5395399E-03  0.9275735    
 -9.5195202E-03  0.9344761    
 -9.4994996E-03  0.9399766    
 -9.4794799E-03  0.9437227    
 -9.4594592E-03  0.9460628    
 -9.4394395E-03  0.9478884    
 -9.4194189E-03  0.9502119    
 -9.3993992E-03  0.9535763    
 -9.3793795E-03  0.9578977    
 -9.3593597E-03  0.9625378    
 -9.3393400E-03  0.9667165    
 -9.3193194E-03  0.9700478    
 -9.2992997E-03  0.9726839    
 -9.2792800E-03  0.9754368    
 -9.2592593E-03  0.9791529    
 -9.2392387E-03  0.9844521    
 -9.2192190E-03  0.9912343    
 -9.1991993E-03  0.9988936    
 -9.1791796E-03   1.006619    
 -9.1591589E-03   1.013873    
 -9.1391392E-03   1.020819    
 -9.1191195E-03   1.028190    
 -9.0990998E-03   1.036987    
 -9.0790791E-03   1.047850    
 -9.0590585E-03   1.060649    
 -9.0390388E-03   1.074361    
 -9.0190191E-03   1.087605    
 -8.9989994E-03   1.099064    
 -8.9789787E-03   1.108157    
 -8.9589590E-03   1.115140    
 -8.9389393E-03   1.121019    
 -8.9189196E-03   1.126879    
 -8.8988990E-03   1.133279    
 -8.8788783E-03   1.140152    
 -8.8588586E-03   1.146669    
 -8.8388389E-03   1.151946    
 -8.8188192E-03   1.155472    
 -8.7987985E-03   1.157467    
 -8.7787788E-03   1.158833    
 -8.7587591E-03   1.160651    
 -8.7387394E-03   1.163698    
 -8.7187197E-03   1.168160    
 -8.6986991E-03   1.173475    
 -8.6786784E-03   1.178852    
 -8.6586587E-03   1.183694    
 -8.6386381E-03   1.187981    
 -8.6186184E-03   1.192328    
 -8.5985987E-03   1.197611    
 -8.5785789E-03   1.204413    
 -8.5585592E-03   1.212674    
 -8.5385386E-03   1.221603    
 -8.5185189E-03   1.230117    
 -8.4984982E-03   1.237174    
 -8.4784785E-03   1.242428    
 -8.4584588E-03   1.246300    
 -8.4384382E-03   1.249692    
 -8.4184185E-03   1.253477    
 -8.3983988E-03   1.258085    
 -8.3783790E-03   1.263216    
 -8.3583584E-03   1.268272    
 -8.3383387E-03   1.272514    
 -8.3183181E-03   1.275832    
 -8.2982983E-03   1.278678    
 -8.2782777E-03   1.282005    
 -8.2582580E-03   1.286658    
 -8.2382383E-03   1.292974    
 -8.2182186E-03   1.300436    
 -8.1981989E-03   1.308004    
 -8.1781782E-03   1.314531    
 -8.1581585E-03   1.319422    
 -8.1381388E-03   1.322978    
 -8.1181182E-03   1.326219    
 -8.0980984E-03   1.330460    
 -8.0780778E-03   1.336619    
 -8.0580581E-03   1.344778    
 -8.0380384E-03   1.354255    
 -8.0180177E-03   1.363907    
 -7.9979990E-03   1.372830    
 -7.9779783E-03   1.380752    
 -7.9579586E-03   1.388120    
 -7.9379380E-03   1.395711    
 -7.9179173E-03   1.404131    
 -7.8978976E-03   1.413331    
 -7.8778779E-03   1.422515    
 -7.8578582E-03   1.430536    
 -7.8378385E-03   1.436477    
 -7.8178179E-03   1.440255    
 -7.7977977E-03   1.442673    
 -7.7777780E-03   1.445211    
 -7.7577573E-03   1.449362    
 -7.7377385E-03   1.455882    
 -7.7177179E-03   1.464653    
 -7.6976977E-03   1.474760    
 -7.6776780E-03   1.485076    
 -7.6576574E-03   1.494851    
 -7.6376377E-03   1.504092    
 -7.6176180E-03   1.513437    
 -7.5975978E-03   1.523776    
 -7.5775781E-03   1.535517    
 -7.5575574E-03   1.548404    
 -7.5375377E-03   1.561484    
 -7.5175175E-03   1.573681    
 -7.4974978E-03   1.584319    
 -7.4774772E-03   1.593498    
 -7.4574575E-03   1.602095    
 -7.4374378E-03   1.611257    
 -7.4174176E-03   1.621726    
 -7.3973970E-03   1.633434    
 -7.3773772E-03   1.645575    
 -7.3573575E-03   1.656950    
 -7.3373378E-03   1.666741    
 -7.3173176E-03   1.674945    
 -7.2972970E-03   1.682501    
 -7.2772773E-03   1.690906    
 -7.2572576E-03   1.701314    
 -7.2372374E-03   1.714094    
 -7.2172168E-03   1.728514    
 -7.1971971E-03   1.743157    
 -7.1771774E-03   1.756635    
 -7.1571576E-03   1.768290    
 -7.1371370E-03   1.778494    
 -7.1171168E-03   1.788494    
 -7.0970971E-03   1.799660    
 -7.0770774E-03   1.812786    
 -7.0570577E-03   1.827710    
 -7.0370371E-03   1.843324    
 -7.0170169E-03   1.858244    
 -6.9969972E-03   1.871489    
 -6.9769775E-03   1.882983    
 -6.9569568E-03   1.893531    
 -6.9369366E-03   1.904294    
 -6.9169169E-03   1.916150    
 -6.8968972E-03   1.929124    
 -6.8768766E-03   1.942393    
 -6.8568569E-03   1.954755    
 -6.8368367E-03   1.965339    
 -6.8168170E-03   1.974111    
 -6.7967973E-03   1.981944    
 -6.7767766E-03   1.990182    
 -6.7567569E-03   1.999941    
 -6.7367367E-03   2.011469    
 -6.7167170E-03   2.024012    
 -6.6966973E-03   2.036225    
 -6.6766767E-03   2.046957    
 -6.6566565E-03   2.055762    
 -6.6366368E-03   2.063442    
 -6.6166166E-03   2.071465    
 -6.5965969E-03   2.081262    
 -6.5765767E-03   2.093631    
 -6.5565566E-03   2.108177    
 -6.5365369E-03   2.123568    
 -6.5165167E-03   2.138254    
 -6.4964965E-03   2.151295    
 -6.4764763E-03   2.162704    
 -6.4564561E-03   2.173550    
 -6.4364364E-03   2.185216    
 -6.4164167E-03   2.198780    
 -6.3963966E-03   2.214283    
 -6.3763764E-03   2.230892    
 -6.3563567E-03   2.247182    
 -6.3363365E-03   2.262071    
 -6.3163163E-03   2.275299    
 -6.2962966E-03   2.287565    
 -6.2762760E-03   2.300181    
 -6.2562563E-03   2.314265    
 -6.2362365E-03   2.330207    
 -6.2162164E-03   2.347466    
 -6.1961962E-03   2.364974    
 -6.1761765E-03   2.381804    
 -6.1561563E-03   2.397662    
 -6.1361361E-03   2.413267    
 -6.1161164E-03   2.429851    
 -6.0960962E-03   2.448505    
 -6.0760761E-03   2.469530    
 -6.0560564E-03   2.492182    
 -6.0360362E-03   2.514978    
 -6.0160165E-03   2.536343    
 -5.9959963E-03   2.555466    
 -5.9759757E-03   2.572568    
 -5.9559559E-03   2.588755    
 -5.9359362E-03   2.605440    
 -5.9159161E-03   2.623562    
 -5.8958959E-03   2.643077    
 -5.8758762E-03   2.663069    
 -5.8558560E-03   2.682279    
 -5.8358363E-03   2.699790    
 -5.8158161E-03   2.715484    
 -5.7957955E-03   2.730144    
 -5.7757758E-03   2.744828    
 -5.7557556E-03   2.760291    
 -5.7357359E-03   2.776558    
 -5.7157157E-03   2.792961    
 -5.6956955E-03   2.808580    
 -5.6756758E-03   2.822953    
 -5.6556561E-03   2.836661    
 -5.6356355E-03   2.851095    
 -5.6156153E-03   2.867944    
 -5.5955956E-03   2.888540    
 -5.5755754E-03   2.913030    
 -5.5555557E-03   2.940423    
 -5.5355355E-03   2.969017    
 -5.5155153E-03   2.997261    
 -5.4954956E-03   3.024456    
 -5.4754759E-03   3.051027    
 -5.4554553E-03   3.078100    
 -5.4354356E-03   3.106828    
 -5.4154154E-03   3.137611    
 -5.3953952E-03   3.169885    
 -5.3753755E-03   3.202320    
 -5.3553558E-03   3.233746    
 -5.3353352E-03   3.263808    
 -5.3153154E-03   3.293171    
 -5.2952953E-03   3.323453    
 -5.2752751E-03   3.356152    
 -5.2552554E-03   3.391920    
 -5.2352352E-03   3.430109    
 -5.2152150E-03   3.468962    
 -5.1951953E-03   3.506577    
 -5.1751756E-03   3.541664    
 -5.1551554E-03   3.574321    
 -5.1351353E-03   3.605994    
 -5.1151151E-03   3.638593    
 -5.0950949E-03   3.673564    
 -5.0750752E-03   3.711213    
 -5.0550550E-03   3.750529    
 -5.0350348E-03   3.789730    
 -5.0150151E-03   3.827465    
 -4.9949954E-03   3.863343    
 -4.9749753E-03   3.898259    
 -4.9549546E-03   3.933863    
 -4.9349349E-03   3.971547    
 -4.9149147E-03   4.011739    
 -4.8948950E-03   4.053449    
 -4.8748748E-03   4.094895    
 -4.8548547E-03   4.134193    
 -4.8348350E-03   4.170604    
 -4.8148152E-03   4.204518    
 -4.7947951E-03   4.237468    
 -4.7747749E-03   4.271009    
 -4.7547547E-03   4.306093    
 -4.7347345E-03   4.342400    
 -4.7147148E-03   4.378867    
 -4.6946951E-03   4.414261    
 -4.6746745E-03   4.448497    
 -4.6546548E-03   4.482652    
 -4.6346351E-03   4.519022    
 -4.6146144E-03   4.560011    
 -4.5945947E-03   4.606860    
 -4.5745745E-03   4.659123    
 -4.5545544E-03   4.714850    
 -4.5345346E-03   4.771341    
 -4.5145149E-03   4.826405    
 -4.4944948E-03   4.879306    
 -4.4744746E-03   4.930850    
 -4.4544549E-03   4.982610    
 -4.4344342E-03   5.036027    
 -4.4144145E-03   5.091177    
 -4.3943943E-03   5.146887    
 -4.3743742E-03   5.201234    
 -4.3543545E-03   5.252747    
 -4.3343347E-03   5.301452    
 -4.3143146E-03   5.349006    
 -4.2942944E-03   5.398273    
 -4.2742742E-03   5.451764    
 -4.2542540E-03   5.510472    
 -4.2342343E-03   5.573489    
 -4.2142146E-03   5.638310    
 -4.1941940E-03   5.702119    
 -4.1741743E-03   5.762953    
 -4.1541546E-03   5.820831    
 -4.1341344E-03   5.877480    
 -4.1141142E-03   5.935144    
 -4.0940936E-03   5.995523    
 -4.0740739E-03   6.058730    
 -4.0540542E-03   6.123306    
 -4.0340340E-03   6.187156    
 -4.0140138E-03   6.248611    
 -3.9939941E-03   6.307730    
 -3.9739739E-03   6.366262    
 -3.9539542E-03   6.426865    
 -3.9339340E-03   6.491887    
 -3.9139139E-03   6.562390    
 -3.8938937E-03   6.637698    
 -3.8738740E-03   6.715895    
 -3.8538538E-03   6.795081    
 -3.8338338E-03   6.874416    
 -3.8138141E-03   6.954408    
 -3.7937937E-03   7.036672    
 -3.7737740E-03   7.122748    
 -3.7537536E-03   7.213190    
 -3.7337334E-03   7.307150    
 -3.7137137E-03   7.402762    
 -3.6936938E-03   7.498319    
 -3.6736736E-03   7.593175    
 -3.6536537E-03   7.688254    
 -3.6336340E-03   7.785468    
 -3.6136135E-03   7.886808    
 -3.5935934E-03   7.992974    
 -3.5735737E-03   8.103067    
 -3.5535533E-03   8.214915    
 -3.5335335E-03   8.326306    
 -3.5135136E-03   8.436061    
 -3.4934934E-03   8.545112    
 -3.4734735E-03   8.655792    
 -3.4534538E-03   8.770769    
 -3.4334336E-03   8.891687    
 -3.4134132E-03   9.017932    
 -3.3933935E-03   9.147080    
 -3.3733733E-03   9.276043    
 -3.3533538E-03   9.402594    
 -3.3333332E-03   9.526758    
 -3.3133132E-03   9.650774    
 -3.2932935E-03   9.778121    
 -3.2732736E-03   9.911857    
 -3.2532536E-03   10.05290    
 -3.2332330E-03   10.19998    
 -3.2132133E-03   10.34982    
 -3.1931933E-03   10.49916    
 -3.1731727E-03   10.64620    
 -3.1531530E-03   10.79139    
 -3.1331331E-03   10.93697    
 -3.1131133E-03   11.08591    
 -3.0930934E-03   11.24010    
 -3.0730737E-03   11.39969    
 -3.0530530E-03   11.56336    
 -3.0330331E-03   11.72927    
 -3.0130134E-03   11.89669    
 -2.9929928E-03   12.06646    
 -2.9729728E-03   12.24078    
 -2.9529529E-03   12.42216    
 -2.9329322E-03   12.61160    
 -2.9129125E-03   12.80804    
 -2.8928926E-03   13.00860    
 -2.8728729E-03   13.20970    
 -2.8528529E-03   13.40913    
 -2.8328332E-03   13.60694    
 -2.8128126E-03   13.80549    
 -2.7927926E-03   14.00833    
 -2.7727729E-03   14.21805    
 -2.7527530E-03   14.43555    
 -2.7327333E-03   14.65917    
 -2.7127133E-03   14.88618    
 -2.6926927E-03   15.11452    
 -2.6726727E-03   15.34410    
 -2.6526521E-03   15.57752    
 -2.6326324E-03   15.81917    
 -2.6126124E-03   16.07334    
 -2.5925927E-03   16.34262    
 -2.5725721E-03   16.62734    
 -2.5525521E-03   16.92589    
 -2.5325324E-03   17.23643    
 -2.5125125E-03   17.55837    
 -2.4924928E-03   17.89285    
 -2.4724728E-03   18.24213    
 -2.4524522E-03   18.60813    
 -2.4324325E-03   18.99038    
 -2.4124125E-03   19.38573    
 -2.3923926E-03   19.78902    
 -2.3723729E-03   20.19541    
 -2.3523530E-03   20.60216    
 -2.3323323E-03   21.01058    
 -2.3123126E-03   21.42479    
 -2.2922920E-03   21.85061    
 -2.2722720E-03   22.29239    
 -2.2522523E-03   22.75135    
 -2.2322324E-03   23.22559    
 -2.2122117E-03   23.71115    
 -2.1921920E-03   24.20475    
 -2.1721721E-03   24.70547    
 -2.1521521E-03   25.21609    
 -2.1321324E-03   25.74113    
 -2.1121125E-03   26.28529    
 -2.0920918E-03   26.85143    
 -2.0720721E-03   27.43958    
 -2.0520522E-03   28.04759    
 -2.0320325E-03   28.67298    
 -2.0120125E-03   29.31513    
 -1.9919928E-03   29.97500    
 -1.9719722E-03   30.65537    
 -1.9519514E-03   31.35838    
 -1.9319316E-03   32.08456    
 -1.9119118E-03   32.83206    
 -1.8918919E-03   33.59800    
 -1.8718721E-03   34.38097    
 -1.8518515E-03   35.18278    
 -1.8318316E-03   36.00914    
 -1.8118118E-03   36.86794    
 -1.7917920E-03   37.76642    
 -1.7717720E-03   38.70828    
 -1.7517522E-03   39.69175    
 -1.7317316E-03   40.71189    
 -1.7117118E-03   41.76223    
 -1.6916919E-03   42.83951    
 -1.6716721E-03   43.94579    
 -1.6516523E-03   45.08855    
 -1.6316324E-03   46.27776    
 -1.6116110E-03   47.52205    
 -1.5915912E-03   48.82624    
 -1.5715713E-03   50.18992    
 -1.5515515E-03   51.61023    
 -1.5315317E-03   53.08452    
 -1.5115110E-03   54.61387    
 -1.4914912E-03   56.20356    
 -1.4714713E-03   57.86178    
 -1.4514514E-03   59.59593    
 -1.4314316E-03   61.40920    
 -1.4114118E-03   63.29989    
 -1.3913912E-03   65.26336    
 -1.3713713E-03   67.29601    
 -1.3513515E-03   69.40034    
 -1.3313317E-03   71.58629    
 -1.3113118E-03   73.87060    
 -1.2912920E-03   76.27259    
 -1.2712706E-03   78.80933    
 -1.2512507E-03   81.49075    
 -1.2312309E-03   84.32055    
 -1.2112111E-03   87.29889    
 -1.1911911E-03   90.42669    
 -1.1711713E-03   93.70847    
 -1.1511507E-03   97.15492    
 -1.1311308E-03   100.7797    
 -1.1111110E-03   104.5949    
 -1.0910912E-03   108.6087    
 -1.0710714E-03   112.8237    
 -1.0510515E-03   117.2402    
 -1.0310309E-03   121.8594    
 -1.0110111E-03   126.6892    
 -9.9099125E-04   131.7448    
 -9.7097136E-04   137.0474    
 -9.5095154E-04   142.6188    
 -9.3093090E-04   148.4774    
 -9.1091025E-04   154.6344    
 -8.9089043E-04   161.0945    
 -8.7087060E-04   167.8601    
 -8.5085072E-04   174.9359    
 -8.3083089E-04   182.3289    
 -8.1081106E-04   190.0520    
 -7.9079042E-04   198.1169    
 -7.7077060E-04   206.5333    
 -7.5075077E-04   215.3075    
 -7.3073088E-04   224.4449    
 -7.1071106E-04   233.9532    
 -6.9069123E-04   243.8471    
 -6.7067059E-04   254.1505    
 -6.5065076E-04   264.8903    
 -6.3063094E-04   276.0914    
 -6.1061105E-04   287.7668    
 -5.9059041E-04   299.9139    
 -5.7057058E-04   312.5128    
 -5.5054994E-04   325.5363    
 -5.3053012E-04   338.9537    
 -5.1051029E-04   352.7383    
 -4.9049046E-04   366.8643    
 -4.7047061E-04   381.2998    
 -4.5045075E-04   395.9948    
 -4.3043014E-04   410.8778    
 -4.1041028E-04   425.8532    
 -3.9039046E-04   440.8250    
 -3.7037060E-04   455.7078    
 -3.5035078E-04   470.4571    
 -3.3033092E-04   485.0795    
 -3.1031031E-04   499.6333    
 -2.9029045E-04   514.2204    
 -2.7027063E-04   528.9663    
 -2.5024998E-04   544.0077    
 -2.3023014E-04   559.4709    
 -2.1021030E-04   575.4660    
 -1.9018968E-04   592.0708    
 -1.7016983E-04   609.2974    
 -1.5014999E-04   627.0543    
 -1.3013015E-04   645.0906    
 -1.1011031E-04   662.9523    
 -9.0090471E-05   679.9636    
 -7.0069837E-05   695.2650    
 -5.0049995E-05   707.8952    
 -3.0030156E-05   716.9376    
 -1.0010316E-05   721.6594    
  1.0009524E-05   721.6588    
  3.0029365E-05   716.9382    
  5.0049995E-05   707.8952    
  7.0069837E-05   695.2650    
  9.0090471E-05   679.9638    
  1.1011031E-04   662.9523    
  1.3013015E-04   645.0903    
  1.5015078E-04   627.0537    
  1.7017062E-04   609.2963    
  1.9019046E-04   592.0701    
  2.1021030E-04   575.4660    
  2.3023014E-04   559.4708    
  2.5024998E-04   544.0076    
  2.7027063E-04   528.9664    
  2.9029045E-04   514.2203    
  3.1031031E-04   499.6333    
  3.3033013E-04   485.0801    
  3.5034999E-04   470.4577    
  3.7036982E-04   455.7081    
  3.9039046E-04   440.8250    
  4.1041028E-04   425.8533    
  4.3043093E-04   410.8769    
  4.5045075E-04   395.9948    
  4.7047061E-04   381.2998    
  4.9049046E-04   366.8643    
  5.1051105E-04   352.7376    
  5.3053093E-04   338.9530    
  5.5055076E-04   325.5356    
  5.7057058E-04   312.5128    
  5.9059041E-04   299.9139    
  6.1061030E-04   287.7672    
  6.3063094E-04   276.0914    
  6.5065076E-04   264.8903    
  6.7067059E-04   254.1505    
  6.9069042E-04   243.8476    
  7.1071024E-04   233.9536    
  7.3073013E-04   224.4454    
  7.5075077E-04   215.3075    
  7.7077135E-04   206.5328    
  7.9079124E-04   198.1165    
  8.1081106E-04   190.0519    
  8.3083089E-04   182.3289    
  8.5085072E-04   174.9359    
  8.7087136E-04   167.8599    
  8.9089118E-04   161.0942    
  9.1091107E-04   154.6340    
  9.3093090E-04   148.4774    
  9.5095072E-04   142.6190    
  9.7097055E-04   137.0475    
  9.9099125E-04   131.7448    
  1.0110111E-03   126.6892    
  1.0310309E-03   121.8594    
  1.0510507E-03   117.2402    
  1.0710706E-03   112.8240    
  1.0910904E-03   108.6089    
  1.1111118E-03   104.5948    
  1.1311317E-03   100.7794    
  1.1511515E-03   97.15492    
  1.1711713E-03   93.70847    
  1.1911911E-03   90.42668    
  1.2112111E-03   87.29890    
  1.2312316E-03   84.32053    
  1.2512516E-03   81.49059    
  1.2712714E-03   78.80929    
  1.2912912E-03   76.27271    
  1.3113110E-03   73.87080    
  1.3313309E-03   71.58627    
  1.3513515E-03   69.40034    
  1.3713713E-03   67.29602    
  1.3913912E-03   65.26337    
  1.4114110E-03   63.29995    
  1.4314308E-03   61.40929    
  1.4514514E-03   59.59592    
  1.4714721E-03   57.86186    
  1.4914919E-03   56.20354    
  1.5115119E-03   54.61378    
  1.5315317E-03   53.08451    
  1.5515515E-03   51.61024    
  1.5715713E-03   50.18992    
  1.5915920E-03   48.82617    
  1.6116118E-03   47.52201    
  1.6316316E-03   46.27772    
  1.6516515E-03   45.08863    
  1.6716713E-03   43.94588    
  1.6916911E-03   42.83944    
  1.7117118E-03   41.76225    
  1.7317316E-03   40.71188    
  1.7517515E-03   39.69193    
  1.7717713E-03   38.70827    
  1.7917920E-03   37.76642    
  1.8118126E-03   36.86798    
  1.8318325E-03   36.00909    
  1.8518523E-03   35.18269    
  1.8718721E-03   34.38097    
  1.8918919E-03   33.59798    
  1.9119118E-03   32.83206    
  1.9319324E-03   32.08455    
  1.9519522E-03   31.35839    
  1.9719722E-03   30.65537    
  1.9919919E-03   29.97500    
  2.0120118E-03   29.31511    
  2.0320315E-03   28.67300    
  2.0520522E-03   28.04759    
  2.0720721E-03   27.43957    
  2.0920918E-03   26.85143    
  2.1121118E-03   26.28532    
  2.1321324E-03   25.74115    
  2.1521521E-03   25.21608    
  2.1721728E-03   24.70554    
  2.1921927E-03   24.20466    
  2.2122127E-03   23.71115    
  2.2322324E-03   23.22559    
  2.2522523E-03   22.75135    
  2.2722720E-03   22.29240    
  2.2922927E-03   21.85058    
  2.3123126E-03   21.42479    
  2.3323323E-03   21.01058    
  2.3523523E-03   20.60218    
  2.3723720E-03   20.19536    
  2.3923919E-03   19.78911    
  2.4124125E-03   19.38573    
  2.4324325E-03   18.99039    
  2.4524522E-03   18.60813    
  2.4724728E-03   18.24213    
  2.4924928E-03   17.89285    
  2.5125125E-03   17.55838    
  2.5325331E-03   17.23643    
  2.5525531E-03   16.92587    
  2.5725728E-03   16.62732    
  2.5925927E-03   16.34262    
  2.6126124E-03   16.07334    
  2.6326324E-03   15.81918    
  2.6526530E-03   15.57750    
  2.6726727E-03   15.34410    
  2.6926927E-03   15.11451    
  2.7127126E-03   14.88621    
  2.7327323E-03   14.65920    
  2.7527523E-03   14.43554    
  2.7727729E-03   14.21805    
  2.7927926E-03   14.00833    
  2.8128133E-03   13.80551    
  2.8328332E-03   13.60694    
  2.8528529E-03   13.40913    
  2.8728729E-03   13.20970    
  2.8928935E-03   13.00855    
  2.9129132E-03   12.80802    
  2.9329332E-03   12.61158    
  2.9529529E-03   12.42217    
  2.9729728E-03   12.24078    
  2.9929928E-03   12.06647    
  3.0130134E-03   11.89669    
  3.0330331E-03   11.72927    
  3.0530530E-03   11.56337    
  3.0730728E-03   11.39970    
  3.0930927E-03   11.24009    
  3.1131124E-03   11.08591    
  3.1331331E-03   10.93697    
  3.1531530E-03   10.79139    
  3.1731736E-03   10.64623    
  3.1931933E-03   10.49915    
  3.2132133E-03   10.34982    
  3.2332330E-03   10.19998    
  3.2532536E-03   10.05290    
  3.2732736E-03   9.911856    
  3.2932926E-03   9.778150    
  3.3133132E-03   9.650775    
  3.3333339E-03   9.526758    
  3.3533529E-03   9.402612    
  3.3733735E-03   9.276052    
  3.3933925E-03   9.147089    
  3.4134132E-03   9.017933    
  3.4334338E-03   8.891699    
  3.4534528E-03   8.770786    
  3.4734735E-03   8.655786    
  3.4934927E-03   8.545152    
  3.5135134E-03   8.436079    
  3.5335338E-03   8.326272    
  3.5535544E-03   8.214935    
  3.5735737E-03   8.103078    
  3.5935943E-03   7.992986    
  3.6136133E-03   7.886785    
  3.6336340E-03   7.785468    
  3.6536546E-03   7.688262    
  3.6736736E-03   7.593178    
  3.6936942E-03   7.498320    
  3.7137133E-03   7.402782    
  3.7337339E-03   7.307161    
  3.7537529E-03   7.213200    
  3.7737736E-03   7.122741    
  3.7937942E-03   7.036664    
  3.8138132E-03   6.954404    
  3.8338338E-03   6.874413    
  3.8538529E-03   6.795084    
  3.8738735E-03   6.715884    
  3.8938941E-03   6.637691    
  3.9139134E-03   6.562409    
  3.9339340E-03   6.491886    
  3.9539528E-03   6.426836    
  3.9739734E-03   6.366265    
  3.9939927E-03   6.307750    
  4.0140147E-03   6.248611    
  4.0340354E-03   6.187119    
  4.0540546E-03   6.123330    
  4.0740753E-03   6.058722    
  4.0940940E-03   5.995533    
  4.1141147E-03   5.935159    
  4.1341353E-03   5.877509    
  4.1541546E-03   5.820831    
  4.1741752E-03   5.762970    
  4.1941940E-03   5.702117    
  4.2142146E-03   5.638325    
  4.2342339E-03   5.573502    
  4.2542545E-03   5.510469    
  4.2742752E-03   5.451753    
  4.2942939E-03   5.398309    
  4.3143146E-03   5.349028    
  4.3343338E-03   5.301434    
  4.3543545E-03   5.252745    
  4.3743751E-03   5.201216    
  4.3943943E-03   5.146909    
  4.4144150E-03   5.091170    
  4.4344338E-03   5.036063    
  4.4544544E-03   4.982620    
  4.4744737E-03   4.930821    
  4.4944943E-03   4.879305    
  4.5145149E-03   4.826408    
  4.5345337E-03   4.771348    
  4.5545544E-03   4.714849    
  4.5745736E-03   4.659113    
  4.5945942E-03   4.606830    
  4.6146149E-03   4.560014    
  4.6346337E-03   4.519049    
  4.6546543E-03   4.482624    
  4.6746735E-03   4.448479    
  4.6946956E-03   4.414268    
  4.7147148E-03   4.378870    
  4.7347355E-03   4.342418    
  4.7547561E-03   4.306070    
  4.7747749E-03   4.271035    
  4.7947955E-03   4.237462    
  4.8148148E-03   4.204530    
  4.8348354E-03   4.170607    
  4.8548561E-03   4.134192    
  4.8748748E-03   4.094896    
  4.8948955E-03   4.053434    
  4.9149147E-03   4.011737    
  4.9349354E-03   3.971543    
  4.9549546E-03   3.933850    
  4.9749753E-03   3.898257    
  4.9949959E-03   3.863346    
  5.0150147E-03   3.827466    
  5.0350353E-03   3.789750    
  5.0550546E-03   3.750505    
  5.0750752E-03   3.711209    
  5.0950958E-03   3.673572    
  5.1151146E-03   3.638579    
  5.1351353E-03   3.605993    
  5.1551545E-03   3.574324    
  5.1751751E-03   3.541649    
  5.1951939E-03   3.506553    
  5.2152146E-03   3.468962    
  5.2352352E-03   3.430111    
  5.2552545E-03   3.391908    
  5.2752751E-03   3.356150    
  5.2952939E-03   3.323452    
  5.3153145E-03   3.293198    
  5.3353352E-03   3.263806    
  5.3553544E-03   3.233763    
  5.3753750E-03   3.202315    
  5.3953957E-03   3.169869    
  5.4154163E-03   3.137607    
  5.4354370E-03   3.106832    
  5.4554562E-03   3.078086    
  5.4754764E-03   3.051021    
  5.4954956E-03   3.024458    
  5.5155163E-03   2.997267    
  5.5355355E-03   2.969026    
  5.5555562E-03   2.940420    
  5.5755768E-03   2.913036    
  5.5955956E-03   2.888540    
  5.6156162E-03   2.867944    
  5.6356355E-03   2.851093    
  5.6556561E-03   2.836659    
  5.6756767E-03   2.822948    
  5.6956955E-03   2.808577    
  5.7157162E-03   2.792948    
  5.7357354E-03   2.776562    
  5.7557561E-03   2.760304    
  5.7757748E-03   2.744818    
  5.7957955E-03   2.730143    
  5.8158161E-03   2.715486    
  5.8358354E-03   2.699757    
  5.8558560E-03   2.682279    
  5.8758748E-03   2.663069    
  5.8958954E-03   2.643057    
  5.9159161E-03   2.623540    
  5.9359353E-03   2.605445    
  5.9559559E-03   2.588755    
  5.9759752E-03   2.572555    
  5.9959958E-03   2.555454    
  6.0160146E-03   2.536375    
  6.0360353E-03   2.514989    
  6.0560559E-03   2.492193    
  6.0760765E-03   2.469521    
  6.0960972E-03   2.448506    
  6.1161164E-03   2.429854    
  6.1361371E-03   2.413255    
  6.1561577E-03   2.397684    
  6.1761765E-03   2.381803    
  6.1961971E-03   2.364982    
  6.2162164E-03   2.347466    
  6.2362370E-03   2.330196    
  6.2562558E-03   2.314286    
  6.2762764E-03   2.300177    
  6.2962971E-03   2.287566    
  6.3163163E-03   2.275289    
  6.3363370E-03   2.262067    
  6.3563557E-03   2.247166    
  6.3763764E-03   2.230891    
  6.3963970E-03   2.214305    
  6.4164163E-03   2.198747    
  6.4364369E-03   2.185214    
  6.4564561E-03   2.173532    
  6.4764763E-03   2.162704    
  6.4964956E-03   2.151297    
  6.5165162E-03   2.138260    
  6.5365369E-03   2.123564    
  6.5565561E-03   2.108174    
  6.5765767E-03   2.093630    
  6.5965955E-03   2.081266    
  6.6166162E-03   2.071456    
  6.6366368E-03   2.063443    
  6.6566560E-03   2.055770    
  6.6766767E-03   2.046956    
  6.6966955E-03   2.036245    
  6.7167161E-03   2.024015    
  6.7367353E-03   2.011471    
  6.7567574E-03   1.999936    
  6.7767780E-03   1.990201    
  6.7967973E-03   1.981942    
  6.8168179E-03   1.974113    
  6.8368367E-03   1.965340    
  6.8568573E-03   1.954764    
  6.8768780E-03   1.942372    
  6.8968972E-03   1.929122    
  6.9169179E-03   1.916154    
  6.9369366E-03   1.904296    
  6.9569573E-03   1.893523    
  6.9769779E-03   1.882976    
  6.9969972E-03   1.871491    
  7.0170178E-03   1.858247    
  7.0370371E-03   1.843323    
  7.0570577E-03   1.827709    
  7.0770765E-03   1.812786    
  7.0970971E-03   1.799659    
  7.1171178E-03   1.788476    
  7.1371370E-03   1.778494    
  7.1571576E-03   1.768290    
  7.1771764E-03   1.756630    
  7.1971971E-03   1.743157    
  7.2172177E-03   1.728517    
  7.2372369E-03   1.714096    
  7.2572576E-03   1.701313    
  7.2772764E-03   1.690917    
  7.2972970E-03   1.682502    
  7.3173163E-03   1.674928    
  7.3373369E-03   1.666736    
  7.3573575E-03   1.656951    
  7.3773763E-03   1.645586    
  7.3973970E-03   1.633434    
  7.4174162E-03   1.621726    
  7.4374382E-03   1.611263    
  7.4574589E-03   1.602108    
  7.4774781E-03   1.593500    
  7.4974988E-03   1.584308    
  7.5175175E-03   1.573685    
  7.5375382E-03   1.561485    
  7.5575574E-03   1.548404    
  7.5775781E-03   1.535517    
  7.5975987E-03   1.523790    
  7.6176180E-03   1.513438    
  7.6376386E-03   1.504096    
  7.6576574E-03   1.494851    
  7.6776780E-03   1.485077    
  7.6976987E-03   1.474764    
  7.7177179E-03   1.464653    
  7.7377385E-03   1.455884    
  7.7577573E-03   1.449363    
  7.7777780E-03   1.445209    
  7.7977972E-03   1.442674    
  7.8178179E-03   1.440255    
  7.8378385E-03   1.436476    
  7.8578573E-03   1.430537    
  7.8778779E-03   1.422512    
  7.8978967E-03   1.413337    
  7.9179173E-03   1.404130    
  7.9379380E-03   1.395711    
  7.9579577E-03   1.388120    
  7.9779783E-03   1.380752    
  7.9979971E-03   1.372838    
  8.0180177E-03   1.363906    
  8.0380365E-03   1.354247    
  8.0580572E-03   1.344781    
  8.0780778E-03   1.336618    
  8.0980975E-03   1.330465    
  8.1181191E-03   1.326211    
  8.1381388E-03   1.322977    
  8.1581585E-03   1.319411    
  8.1781792E-03   1.314526    
  8.1981989E-03   1.308002    
  8.2182195E-03   1.300448    
  8.2382383E-03   1.292975    
  8.2582589E-03   1.286663    
  8.2782777E-03   1.282006    
  8.2982983E-03   1.278679    
  8.3183190E-03   1.275826    
  8.3383387E-03   1.272518    
  8.3583593E-03   1.268276    
  8.3783781E-03   1.263229    
  8.3983988E-03   1.258087    
  8.4184194E-03   1.253486    
  8.4384382E-03   1.249692    
  8.4584588E-03   1.246300    
  8.4784776E-03   1.242417    
  8.4984982E-03   1.237172    
  8.5185179E-03   1.230111    
  8.5385386E-03   1.221603    
  8.5585592E-03   1.212674    
  8.5785780E-03   1.204409    
  8.5985987E-03   1.197611    
  8.6186174E-03   1.192325    
  8.6386381E-03   1.187981    
  8.6586587E-03   1.183694    
  8.6786784E-03   1.178849    
  8.6986991E-03   1.173474    
  8.7187178E-03   1.168151    
  8.7387385E-03   1.163696    
  8.7587573E-03   1.160638    
  8.7787779E-03   1.158829    
  8.7988004E-03   1.157477    
  8.8188192E-03   1.155470    
  8.8388398E-03   1.151943    
  8.8588586E-03   1.146670    
  8.8788792E-03   1.140140    
  8.8988999E-03   1.133289    
  8.9189196E-03   1.126880    
  8.9389402E-03   1.121050    
  8.9589590E-03   1.115140    
  8.9789797E-03   1.108163    
  8.9990003E-03   1.099085    
  9.0190191E-03   1.087606    
  9.0390397E-03   1.074376    
  9.0590585E-03   1.060646    
  9.0790791E-03   1.047850    
  9.0990989E-03   1.036995    
  9.1191195E-03   1.028190    
  9.1391401E-03   1.020813    
  9.1591589E-03   1.013871    
  9.1791796E-03   1.006620    
  9.1991983E-03  0.9989044    
  9.2192190E-03  0.9912339    
  9.2392396E-03  0.9844482    
  9.2592593E-03  0.9791541    
  9.2792800E-03  0.9754351    
  9.2992987E-03  0.9727002    
  9.3193194E-03  0.9700459    
  9.3393382E-03  0.9667181    
  9.3593588E-03  0.9625294    
  9.3793795E-03  0.9578981    
  9.3993982E-03  0.9535734    
  9.4194189E-03  0.9502112    
  9.4394386E-03  0.9478928    
  9.4594592E-03  0.9460576    
  9.4794808E-03  0.9437152    
  9.4995005E-03  0.9399908    
  9.5195211E-03  0.9344638    
  9.5395399E-03  0.9275741    
  9.5595606E-03  0.9201695    
  9.5795793E-03  0.9133167    
  9.5996000E-03  0.9076365    
  9.6196206E-03  0.9031284    
  9.6396394E-03  0.8992772    
  9.6596600E-03  0.8953357    
  9.6796798E-03  0.8909448    
  9.6997004E-03  0.8861316    
  9.7197210E-03  0.8815137    
  9.7397398E-03  0.8777204    
  9.7597605E-03  0.8751404    
  9.7797792E-03  0.8736243    
  9.7997999E-03  0.8724915    
  9.8198196E-03  0.8709627    
  9.8398402E-03  0.8684818    
  9.8598609E-03  0.8650913    
  9.8798797E-03  0.8613647    
  9.8999003E-03  0.8580277    
  9.9199191E-03  0.8555459    
  9.9399397E-03  0.8537641    
  9.9599604E-03  0.8518743    
  9.9799791E-03  0.8488292    
  9.9999998E-03  0.8437960    
