 -9.9999998E-03  0.6805684    
 -9.9799801E-03  0.6804616    
 -9.9599604E-03  0.6805727    
 -9.9399397E-03  0.6809867    
 -9.9199200E-03  0.6818071    
 -9.8999003E-03  0.6832141    
 -9.8798806E-03  0.6853210    
 -9.8598599E-03  0.6883276    
 -9.8398402E-03  0.6923290    
 -9.8198196E-03  0.6973392    
 -9.7997999E-03  0.7031149    
 -9.7797792E-03  0.7092964    
 -9.7597595E-03  0.7154476    
 -9.7397398E-03  0.7211983    
 -9.7197201E-03  0.7264173    
 -9.6997004E-03  0.7312191    
 -9.6796798E-03  0.7359270    
 -9.6596600E-03  0.7409907    
 -9.6396394E-03  0.7467173    
 -9.6196197E-03  0.7531502    
 -9.5995991E-03  0.7601213    
 -9.5795793E-03  0.7672114    
 -9.5595596E-03  0.7740659    
 -9.5395399E-03  0.7804176    
 -9.5195202E-03  0.7861593    
 -9.4994996E-03  0.7914062    
 -9.4794799E-03  0.7962995    
 -9.4594592E-03  0.8009672    
 -9.4394395E-03  0.8053204    
 -9.4194189E-03  0.8092318    
 -9.3993992E-03  0.8124478    
 -9.3793795E-03  0.8148580    
 -9.3593597E-03  0.8164756    
 -9.3393400E-03  0.8175352    
 -9.3193194E-03  0.8183302    
 -9.2992997E-03  0.8191583    
 -9.2792800E-03  0.8201690    
 -9.2592593E-03  0.8213260    
 -9.2392387E-03  0.8224141    
 -9.2192190E-03  0.8231346    
 -9.1991993E-03  0.8232676    
 -9.1791796E-03  0.8226563    
 -9.1591589E-03  0.8214371    
 -9.1391392E-03  0.8198186    
 -9.1191195E-03  0.8181726    
 -9.0990998E-03  0.8168876    
 -9.0790791E-03  0.8163561    
 -9.0590585E-03  0.8168238    
 -9.0390388E-03  0.8185028    
 -9.0190191E-03  0.8213410    
 -8.9989994E-03  0.8252360    
 -8.9789787E-03  0.8299235    
 -8.9589590E-03  0.8351059    
 -8.9389393E-03  0.8405996    
 -8.9189196E-03  0.8462931    
 -8.8988990E-03  0.8521749    
 -8.8788783E-03  0.8584116    
 -8.8588586E-03  0.8650776    
 -8.8388389E-03  0.8720620    
 -8.8188192E-03  0.8791800    
 -8.7987985E-03  0.8859451    
 -8.7787788E-03  0.8919300    
 -8.7587591E-03  0.8968031    
 -8.7387394E-03  0.9005697    
 -8.7187197E-03  0.9036259    
 -8.6986991E-03  0.9066448    
 -8.6786784E-03  0.9103690    
 -8.6586587E-03  0.9153318    
 -8.6386381E-03  0.9217893    
 -8.6186184E-03  0.9294999    
 -8.5985987E-03  0.9379414    
 -8.5785789E-03  0.9464977    
 -8.5585592E-03  0.9546610    
 -8.5385386E-03  0.9621916    
 -8.5185189E-03  0.9691434    
 -8.4984982E-03  0.9757832    
 -8.4784785E-03  0.9823844    
 -8.4584588E-03  0.9891028    
 -8.4384382E-03  0.9960667    
 -8.4184185E-03   1.003293    
 -8.3983988E-03   1.010883    
 -8.3783790E-03   1.019035    
 -8.3583584E-03   1.028046    
 -8.3383387E-03   1.038139    
 -8.3183181E-03   1.049344    
 -8.2982983E-03   1.061381    
 -8.2782777E-03   1.073657    
 -8.2582580E-03   1.085398    
 -8.2382383E-03   1.095900    
 -8.2182186E-03   1.104758    
 -8.1981989E-03   1.112041    
 -8.1781782E-03   1.118207    
 -8.1581585E-03   1.123924    
 -8.1381388E-03   1.129869    
 -8.1181182E-03   1.136487    
 -8.0980984E-03   1.143777    
 -8.0780778E-03   1.151494    
 -8.0580581E-03   1.159224    
 -8.0380384E-03   1.166541    
 -8.0180177E-03   1.173217    
 -7.9979990E-03   1.179291    
 -7.9779783E-03   1.184949    
 -7.9579586E-03   1.190401    
 -7.9379380E-03   1.195873    
 -7.9179173E-03   1.201398    
 -7.8978976E-03   1.206942    
 -7.8778779E-03   1.212420    
 -7.8578582E-03   1.217793    
 -7.8378385E-03   1.223092    
 -7.8178179E-03   1.228439    
 -7.7977977E-03   1.233934    
 -7.7777780E-03   1.239670    
 -7.7577573E-03   1.245575    
 -7.7377385E-03   1.251557    
 -7.7177179E-03   1.257446    
 -7.6976977E-03   1.263115    
 -7.6776780E-03   1.268549    
 -7.6576574E-03   1.273815    
 -7.6376377E-03   1.279091    
 -7.6176180E-03   1.284590    
 -7.5975978E-03   1.290419    
 -7.5775781E-03   1.296583    
 -7.5575574E-03   1.302941    
 -7.5375377E-03   1.309231    
 -7.5175175E-03   1.315183    
 -7.4974978E-03   1.320492    
 -7.4774772E-03   1.325060    
 -7.4574575E-03   1.328765    
 -7.4374378E-03   1.331729    
 -7.4174176E-03   1.333980    
 -7.3973970E-03   1.335609    
 -7.3773772E-03   1.336572    
 -7.3573575E-03   1.336891    
 -7.3373378E-03   1.336644    
 -7.3173176E-03   1.336067    
 -7.2972970E-03   1.335779    
 -7.2772773E-03   1.336527    
 -7.2572576E-03   1.339272    
 -7.2372374E-03   1.344853    
 -7.2172168E-03   1.353656    
 -7.1971971E-03   1.365509    
 -7.1771774E-03   1.379633    
 -7.1571576E-03   1.394744    
 -7.1371370E-03   1.409466    
 -7.1171168E-03   1.422632    
 -7.0970971E-03   1.433658    
 -7.0770774E-03   1.442608    
 -7.0570577E-03   1.450083    
 -7.0370371E-03   1.456966    
 -7.0170169E-03   1.464121    
 -6.9969972E-03   1.472092    
 -6.9769775E-03   1.481023    
 -6.9569568E-03   1.490894    
 -6.9369366E-03   1.501570    
 -6.9169169E-03   1.513021    
 -6.8968972E-03   1.525491    
 -6.8768766E-03   1.539350    
 -6.8568569E-03   1.554937    
 -6.8368367E-03   1.572395    
 -6.8168170E-03   1.591570    
 -6.7967973E-03   1.611925    
 -6.7767766E-03   1.632915    
 -6.7567569E-03   1.653900    
 -6.7367367E-03   1.674494    
 -6.7167170E-03   1.694456    
 -6.6966973E-03   1.713721    
 -6.6766767E-03   1.732402    
 -6.6566565E-03   1.750494    
 -6.6366368E-03   1.768140    
 -6.6166166E-03   1.785568    
 -6.5965969E-03   1.803143    
 -6.5765767E-03   1.821367    
 -6.5565566E-03   1.840779    
 -6.5365369E-03   1.861691    
 -6.5165167E-03   1.884049    
 -6.4964965E-03   1.907388    
 -6.4764763E-03   1.930922    
 -6.4564561E-03   1.953827    
 -6.4364364E-03   1.975495    
 -6.4164167E-03   1.995763    
 -6.3963966E-03   2.014951    
 -6.3763764E-03   2.033562    
 -6.3563567E-03   2.051931    
 -6.3363365E-03   2.070095    
 -6.3163163E-03   2.087511    
 -6.2962966E-03   2.103393    
 -6.2762760E-03   2.116991    
 -6.2562563E-03   2.127912    
 -6.2362365E-03   2.136531    
 -6.2162164E-03   2.143738    
 -6.1961962E-03   2.150788    
 -6.1761765E-03   2.158770    
 -6.1561563E-03   2.168295    
 -6.1361361E-03   2.179391    
 -6.1161164E-03   2.191622    
 -6.0960962E-03   2.204415    
 -6.0760761E-03   2.217467    
 -6.0560564E-03   2.230773    
 -6.0360362E-03   2.244760    
 -6.0160165E-03   2.259849    
 -5.9959963E-03   2.276128    
 -5.9759757E-03   2.293174    
 -5.9559559E-03   2.310018    
 -5.9359362E-03   2.325522    
 -5.9159161E-03   2.338694    
 -5.8958959E-03   2.349213    
 -5.8758762E-03   2.357465    
 -5.8558560E-03   2.364577    
 -5.8358363E-03   2.371905    
 -5.8158161E-03   2.380829    
 -5.7957955E-03   2.392218    
 -5.7757758E-03   2.406500    
 -5.7557556E-03   2.423536    
 -5.7357359E-03   2.443101    
 -5.7157157E-03   2.464724    
 -5.6956955E-03   2.488130    
 -5.6756758E-03   2.513015    
 -5.6556561E-03   2.539055    
 -5.6356355E-03   2.565796    
 -5.6156153E-03   2.592718    
 -5.5955956E-03   2.619335    
 -5.5755754E-03   2.645439    
 -5.5555557E-03   2.671088    
 -5.5355355E-03   2.696682    
 -5.5155153E-03   2.722934    
 -5.4954956E-03   2.750575    
 -5.4754759E-03   2.780174    
 -5.4554553E-03   2.811957    
 -5.4354356E-03   2.845912    
 -5.4154154E-03   2.881558    
 -5.3953952E-03   2.918315    
 -5.3753755E-03   2.955340    
 -5.3553558E-03   2.991885    
 -5.3353352E-03   3.026985    
 -5.3153154E-03   3.059997    
 -5.2952953E-03   3.090563    
 -5.2752751E-03   3.118679    
 -5.2552554E-03   3.144851    
 -5.2352352E-03   3.169966    
 -5.2152150E-03   3.195074    
 -5.1951953E-03   3.221028    
 -5.1751756E-03   3.248307    
 -5.1551554E-03   3.276762    
 -5.1351353E-03   3.305854    
 -5.1151151E-03   3.334896    
 -5.0950949E-03   3.363400    
 -5.0750752E-03   3.391380    
 -5.0550550E-03   3.419185    
 -5.0350348E-03   3.447597    
 -5.0150151E-03   3.477140    
 -4.9949954E-03   3.507958    
 -4.9749753E-03   3.539509    
 -4.9549546E-03   3.571028    
 -4.9349349E-03   3.601657    
 -4.9149147E-03   3.631001    
 -4.8948950E-03   3.659385    
 -4.8748748E-03   3.687804    
 -4.8548547E-03   3.717437    
 -4.8348350E-03   3.749319    
 -4.8148152E-03   3.783799    
 -4.7947951E-03   3.820246    
 -4.7747749E-03   3.857353    
 -4.7547547E-03   3.893551    
 -4.7347345E-03   3.927659    
 -4.7147148E-03   3.959319    
 -4.6946951E-03   3.989013    
 -4.6746745E-03   4.018115    
 -4.6546548E-03   4.048261    
 -4.6346351E-03   4.080922    
 -4.6146144E-03   4.116871    
 -4.5945947E-03   4.156090    
 -4.5745745E-03   4.197795    
 -4.5545544E-03   4.240713    
 -4.5345346E-03   4.283392    
 -4.5145149E-03   4.324528    
 -4.4944948E-03   4.363273    
 -4.4744746E-03   4.399263    
 -4.4544549E-03   4.432807    
 -4.4344342E-03   4.464899    
 -4.4144145E-03   4.496954    
 -4.3943943E-03   4.530687    
 -4.3743742E-03   4.567506    
 -4.3543545E-03   4.608381    
 -4.3343347E-03   4.653377    
 -4.3143146E-03   4.701761    
 -4.2942944E-03   4.752221    
 -4.2742742E-03   4.803286    
 -4.2542540E-03   4.854094    
 -4.2342343E-03   4.904469    
 -4.2142146E-03   4.955137    
 -4.1941940E-03   5.007314    
 -4.1741743E-03   5.062331    
 -4.1541546E-03   5.120561    
 -4.1341344E-03   5.181606    
 -4.1141142E-03   5.244058    
 -4.0940936E-03   5.306148    
 -4.0740739E-03   5.366448    
 -4.0540542E-03   5.424496    
 -4.0340340E-03   5.481166    
 -4.0140138E-03   5.538392    
 -3.9939941E-03   5.598433    
 -3.9739739E-03   5.663037    
 -3.9539542E-03   5.732783    
 -3.9339340E-03   5.806664    
 -3.9139139E-03   5.882629    
 -3.8938937E-03   5.958042    
 -3.8738740E-03   6.030689    
 -3.8538538E-03   6.099391    
 -3.8338338E-03   6.164309    
 -3.8138141E-03   6.226647    
 -3.7937937E-03   6.287798    
 -3.7737740E-03   6.348889    
 -3.7537536E-03   6.410360    
 -3.7337334E-03   6.471671    
 -3.7137137E-03   6.532045    
 -3.6936938E-03   6.591287    
 -3.6736736E-03   6.649803    
 -3.6536537E-03   6.709420    
 -3.6336340E-03   6.772632    
 -3.6136135E-03   6.842070    
 -3.5935934E-03   6.919475    
 -3.5735737E-03   7.005205    
 -3.5535533E-03   7.097841    
 -3.5335335E-03   7.194794    
 -3.5135136E-03   7.293161    
 -3.4934934E-03   7.390747    
 -3.4734735E-03   7.486762    
 -3.4534538E-03   7.582321    
 -3.4334336E-03   7.679686    
 -3.4134132E-03   7.782007    
 -3.3933935E-03   7.891856    
 -3.3733733E-03   8.010858    
 -3.3533538E-03   8.139149    
 -3.3333332E-03   8.275503    
 -3.3133132E-03   8.417701    
 -3.2932935E-03   8.563102    
 -3.2732736E-03   8.709171    
 -3.2532536E-03   8.853501    
 -3.2332330E-03   8.994668    
 -3.2132133E-03   9.131810    
 -3.1931933E-03   9.265001    
 -3.1731727E-03   9.395556    
 -3.1531530E-03   9.525730    
 -3.1331331E-03   9.658780    
 -3.1131133E-03   9.797795    
 -3.0930934E-03   9.945370    
 -3.0730737E-03   10.10240    
 -3.0530530E-03   10.26801    
 -3.0330331E-03   10.43969    
 -3.0130134E-03   10.61400    
 -2.9929928E-03   10.78765    
 -2.9729728E-03   10.95893    
 -2.9529529E-03   11.12748    
 -2.9329322E-03   11.29486    
 -2.9129125E-03   11.46292    
 -2.8928926E-03   11.63340    
 -2.8728729E-03   11.80644    
 -2.8528529E-03   11.98103    
 -2.8328332E-03   12.15546    
 -2.8128126E-03   12.32822    
 -2.7927926E-03   12.49947    
 -2.7727729E-03   12.67111    
 -2.7527530E-03   12.84665    
 -2.7327333E-03   13.03010    
 -2.7127133E-03   13.22455    
 -2.6926927E-03   13.43114    
 -2.6726727E-03   13.64885    
 -2.6526521E-03   13.87544    
 -2.6326324E-03   14.10830    
 -2.6126124E-03   14.34606    
 -2.5925927E-03   14.58915    
 -2.5725721E-03   14.83966    
 -2.5525521E-03   15.10027    
 -2.5325324E-03   15.37320    
 -2.5125125E-03   15.65901    
 -2.4924928E-03   15.95662    
 -2.4724728E-03   16.26364    
 -2.4524522E-03   16.57781    
 -2.4324325E-03   16.89780    
 -2.4124125E-03   17.22420    
 -2.3923926E-03   17.55935    
 -2.3723729E-03   17.90654    
 -2.3523530E-03   18.26931    
 -2.3323323E-03   18.64998    
 -2.3123126E-03   19.04958    
 -2.2922920E-03   19.46778    
 -2.2722720E-03   19.90263    
 -2.2522523E-03   20.35177    
 -2.2322324E-03   20.81233    
 -2.2122117E-03   21.28134    
 -2.1921920E-03   21.75605    
 -2.1721721E-03   22.23480    
 -2.1521521E-03   22.71696    
 -2.1321324E-03   23.20417    
 -2.1121125E-03   23.69968    
 -2.0920918E-03   24.20817    
 -2.0720721E-03   24.73424    
 -2.0520522E-03   25.28169    
 -2.0320325E-03   25.85191    
 -2.0120125E-03   26.44373    
 -1.9919928E-03   27.05439    
 -1.9719722E-03   27.68055    
 -1.9519514E-03   28.32007    
 -1.9319316E-03   28.97327    
 -1.9119118E-03   29.64329    
 -1.8918919E-03   30.33542    
 -1.8718721E-03   31.05586    
 -1.8518515E-03   31.80975    
 -1.8318316E-03   32.60129    
 -1.8118118E-03   33.43271    
 -1.7917920E-03   34.30563    
 -1.7717720E-03   35.22161    
 -1.7517522E-03   36.18298    
 -1.7317316E-03   37.19267    
 -1.7117118E-03   38.25417    
 -1.6916919E-03   39.37007    
 -1.6716721E-03   40.54191    
 -1.6516523E-03   41.76969    
 -1.6316324E-03   43.05187    
 -1.6116110E-03   44.38685    
 -1.5915912E-03   45.77284    
 -1.5715713E-03   47.20878    
 -1.5515515E-03   48.69485    
 -1.5315317E-03   50.23217    
 -1.5115110E-03   51.82377    
 -1.4914912E-03   53.47398    
 -1.4714713E-03   55.18967    
 -1.4514514E-03   56.97957    
 -1.4314316E-03   58.85396    
 -1.4114118E-03   60.82244    
 -1.3913912E-03   62.89278    
 -1.3713713E-03   65.06907    
 -1.3513515E-03   67.35145    
 -1.3313317E-03   69.73771    
 -1.3113118E-03   72.22465    
 -1.2912920E-03   74.81190    
 -1.2712706E-03   77.50329    
 -1.2512507E-03   80.30759    
 -1.2312309E-03   83.23831    
 -1.2112111E-03   86.31099    
 -1.1911911E-03   89.54178    
 -1.1711713E-03   92.94538    
 -1.1511507E-03   96.53616    
 -1.1311308E-03   100.3279    
 -1.1111110E-03   104.3355    
 -1.0910912E-03   108.5752    
 -1.0710714E-03   113.0640    
 -1.0510515E-03   117.8164    
 -1.0310309E-03   122.8434    
 -1.0110111E-03   128.1487    
 -9.9099125E-04   133.7319    
 -9.7097136E-04   139.5897    
 -9.5095154E-04   145.7176    
 -9.3093090E-04   152.1165    
 -9.1091025E-04   158.7900    
 -8.9089043E-04   165.7477    
 -8.7087060E-04   173.0026    
 -8.5085072E-04   180.5687    
 -8.3083089E-04   188.4615    
 -8.1081106E-04   196.6988    
 -7.9079042E-04   205.3006    
 -7.7077060E-04   214.2915    
 -7.5075077E-04   223.6985    
 -7.3073088E-04   233.5483    
 -7.1071106E-04   243.8609    
 -6.9069123E-04   254.6441    
 -6.7067059E-04   265.8917    
 -6.5065076E-04   277.5837    
 -6.3063094E-04   289.6912    
 -6.1061105E-04   302.1852    
 -5.9059041E-04   315.0413    
 -5.7057058E-04   328.2411    
 -5.5054994E-04   341.7733    
 -5.3053012E-04   355.6224    
 -5.1051029E-04   369.7683    
 -4.9049046E-04   384.1761    
 -4.7047061E-04   398.8019    
 -4.5045075E-04   413.5975    
 -4.3043014E-04   428.5247    
 -4.1041028E-04   443.5595    
 -3.9039046E-04   458.7036    
 -3.7037060E-04   473.9724    
 -3.5035078E-04   489.3852    
 -3.3033092E-04   504.9468    
 -3.1031031E-04   520.6339    
 -2.9029045E-04   536.3726    
 -2.7027063E-04   552.0493    
 -2.5024998E-04   567.5137    
 -2.3023014E-04   582.5945    
 -2.1021030E-04   597.1182    
 -1.9018968E-04   610.9238    
 -1.7016983E-04   623.8663    
 -1.5014999E-04   635.8224    
 -1.3013015E-04   646.6754    
 -1.1011031E-04   656.3132    
 -9.0090471E-05   664.6185    
 -7.0069837E-05   671.4683    
 -5.0049995E-05   676.7420    
 -3.0030156E-05   680.3277    
 -1.0010316E-05   682.1432    
  1.0009524E-05   682.1409    
  3.0029365E-05   680.3284    
  5.0049995E-05   676.7420    
  7.0069837E-05   671.4683    
  9.0090471E-05   664.6185    
  1.1011031E-04   656.3132    
  1.3013015E-04   646.6754    
  1.5015078E-04   635.8221    
  1.7017062E-04   623.8659    
  1.9019046E-04   610.9227    
  2.1021030E-04   597.1182    
  2.3023014E-04   582.5944    
  2.5024998E-04   567.5137    
  2.7027063E-04   552.0493    
  2.9029045E-04   536.3726    
  3.1031031E-04   520.6339    
  3.3033013E-04   504.9477    
  3.5034999E-04   489.3856    
  3.7036982E-04   473.9725    
  3.9039046E-04   458.7036    
  4.1041028E-04   443.5595    
  4.3043093E-04   428.5242    
  4.5045075E-04   413.5975    
  4.7047061E-04   398.8019    
  4.9049046E-04   384.1760    
  5.1051105E-04   369.7676    
  5.3053093E-04   355.6219    
  5.5055076E-04   341.7728    
  5.7057058E-04   328.2411    
  5.9059041E-04   315.0414    
  6.1061030E-04   302.1858    
  6.3063094E-04   289.6913    
  6.5065076E-04   277.5837    
  6.7067059E-04   265.8917    
  6.9069042E-04   254.6445    
  7.1071024E-04   243.8614    
  7.3073013E-04   233.5488    
  7.5075077E-04   223.6985    
  7.7077135E-04   214.2912    
  7.9079124E-04   205.3003    
  8.1081106E-04   196.6988    
  8.3083089E-04   188.4615    
  8.5085072E-04   180.5687    
  8.7087136E-04   173.0022    
  8.9089118E-04   165.7474    
  9.1091107E-04   158.7895    
  9.3093090E-04   152.1165    
  9.5095072E-04   145.7179    
  9.7097055E-04   139.5898    
  9.9099125E-04   133.7319    
  1.0110111E-03   128.1487    
  1.0310309E-03   122.8434    
  1.0510507E-03   117.8166    
  1.0710706E-03   113.0644    
  1.0910904E-03   108.5755    
  1.1111118E-03   104.3352    
  1.1311317E-03   100.3277    
  1.1511515E-03   96.53616    
  1.1711713E-03   92.94541    
  1.1911911E-03   89.54176    
  1.2112111E-03   86.31099    
  1.2312316E-03   83.23814    
  1.2512516E-03   80.30743    
  1.2712714E-03   77.50327    
  1.2912912E-03   74.81195    
  1.3113110E-03   72.22485    
  1.3313309E-03   69.73782    
  1.3513515E-03   67.35146    
  1.3713713E-03   65.06908    
  1.3913912E-03   62.89278    
  1.4114110E-03   60.82248    
  1.4314308E-03   58.85395    
  1.4514514E-03   56.97957    
  1.4714721E-03   55.18956    
  1.4914919E-03   53.47386    
  1.5115119E-03   51.82374    
  1.5315317E-03   50.23215    
  1.5515515E-03   48.69485    
  1.5715713E-03   47.20879    
  1.5915920E-03   45.77277    
  1.6116118E-03   44.38681    
  1.6316316E-03   43.05194    
  1.6516515E-03   41.76967    
  1.6716713E-03   40.54203    
  1.6916911E-03   39.37015    
  1.7117118E-03   38.25417    
  1.7317316E-03   37.19268    
  1.7517515E-03   36.18304    
  1.7717713E-03   35.22175    
  1.7917920E-03   34.30565    
  1.8118126E-03   33.43273    
  1.8318325E-03   32.60128    
  1.8518523E-03   31.80975    
  1.8718721E-03   31.05586    
  1.8918919E-03   30.33542    
  1.9119118E-03   29.64329    
  1.9319324E-03   28.97323    
  1.9519522E-03   28.32001    
  1.9719722E-03   27.68055    
  1.9919919E-03   27.05443    
  2.0120118E-03   26.44379    
  2.0320315E-03   25.85186    
  2.0520522E-03   25.28168    
  2.0720721E-03   24.73425    
  2.0920918E-03   24.20817    
  2.1121118E-03   23.69976    
  2.1321324E-03   23.20418    
  2.1521521E-03   22.71696    
  2.1721728E-03   22.23469    
  2.1921927E-03   21.75603    
  2.2122127E-03   21.28133    
  2.2322324E-03   20.81233    
  2.2522523E-03   20.35177    
  2.2722720E-03   19.90263    
  2.2922927E-03   19.46776    
  2.3123126E-03   19.04958    
  2.3323323E-03   18.64997    
  2.3523523E-03   18.26932    
  2.3723720E-03   17.90665    
  2.3923919E-03   17.55940    
  2.4124125E-03   17.22419    
  2.4324325E-03   16.89779    
  2.4524522E-03   16.57781    
  2.4724728E-03   16.26364    
  2.4924928E-03   15.95661    
  2.5125125E-03   15.65901    
  2.5325331E-03   15.37318    
  2.5525531E-03   15.10025    
  2.5725728E-03   14.83965    
  2.5925927E-03   14.58915    
  2.6126124E-03   14.34606    
  2.6326324E-03   14.10830    
  2.6526530E-03   13.87544    
  2.6726727E-03   13.64885    
  2.6926927E-03   13.43114    
  2.7127126E-03   13.22455    
  2.7327323E-03   13.03014    
  2.7527523E-03   12.84664    
  2.7727729E-03   12.67111    
  2.7927926E-03   12.49946    
  2.8128133E-03   12.32828    
  2.8328332E-03   12.15545    
  2.8528529E-03   11.98103    
  2.8728729E-03   11.80644    
  2.8928935E-03   11.63340    
  2.9129132E-03   11.46293    
  2.9329332E-03   11.29483    
  2.9529529E-03   11.12748    
  2.9729728E-03   10.95893    
  2.9929928E-03   10.78766    
  3.0130134E-03   10.61400    
  3.0330331E-03   10.43969    
  3.0530530E-03   10.26801    
  3.0730728E-03   10.10239    
  3.0930927E-03   9.945390    
  3.1131124E-03   9.797837    
  3.1331331E-03   9.658776    
  3.1531530E-03   9.525731    
  3.1731736E-03   9.395518    
  3.1931933E-03   9.265003    
  3.2132133E-03   9.131812    
  3.2332330E-03   8.994668    
  3.2532536E-03   8.853509    
  3.2732736E-03   8.709172    
  3.2932926E-03   8.563151    
  3.3133132E-03   8.417699    
  3.3333339E-03   8.275502    
  3.3533529E-03   8.139127    
  3.3733735E-03   8.010842    
  3.3933925E-03   7.891844    
  3.4134132E-03   7.782008    
  3.4334338E-03   7.679719    
  3.4534528E-03   7.582327    
  3.4734735E-03   7.486765    
  3.4934927E-03   7.390740    
  3.5135134E-03   7.293150    
  3.5335338E-03   7.194754    
  3.5535544E-03   7.097847    
  3.5735737E-03   7.005203    
  3.5935943E-03   6.919517    
  3.6136133E-03   6.842072    
  3.6336340E-03   6.772631    
  3.6536546E-03   6.709436    
  3.6736736E-03   6.649798    
  3.6936942E-03   6.591271    
  3.7137133E-03   6.532085    
  3.7337339E-03   6.471632    
  3.7537529E-03   6.410355    
  3.7737736E-03   6.348905    
  3.7937942E-03   6.287815    
  3.8138132E-03   6.226647    
  3.8338338E-03   6.164311    
  3.8538529E-03   6.099406    
  3.8738735E-03   6.030680    
  3.8938941E-03   5.958043    
  3.9139134E-03   5.882639    
  3.9339340E-03   5.806664    
  3.9539528E-03   5.732744    
  3.9739734E-03   5.663037    
  3.9939927E-03   5.598406    
  4.0140147E-03   5.538389    
  4.0340354E-03   5.481153    
  4.0540546E-03   5.424496    
  4.0740753E-03   5.366436    
  4.0940940E-03   5.306165    
  4.1141147E-03   5.244102    
  4.1341353E-03   5.181619    
  4.1541546E-03   5.120565    
  4.1741752E-03   5.062335    
  4.1941940E-03   5.007313    
  4.2142146E-03   4.955135    
  4.2342339E-03   4.904444    
  4.2542545E-03   4.854091    
  4.2742752E-03   4.803299    
  4.2942939E-03   4.752221    
  4.3143146E-03   4.701762    
  4.3343338E-03   4.653378    
  4.3543545E-03   4.608379    
  4.3743751E-03   4.567482    
  4.3943943E-03   4.530680    
  4.4144150E-03   4.496963    
  4.4344338E-03   4.464878    
  4.4544544E-03   4.432808    
  4.4744737E-03   4.399259    
  4.4944943E-03   4.363267    
  4.5145149E-03   4.324533    
  4.5345337E-03   4.283398    
  4.5545544E-03   4.240718    
  4.5745736E-03   4.197773    
  4.5945942E-03   4.156096    
  4.6146149E-03   4.116854    
  4.6346337E-03   4.080919    
  4.6546543E-03   4.048254    
  4.6746735E-03   4.018090    
  4.6946956E-03   3.989006    
  4.7147148E-03   3.959318    
  4.7347355E-03   3.927698    
  4.7547561E-03   3.893568    
  4.7747749E-03   3.857354    
  4.7947955E-03   3.820242    
  4.8148148E-03   3.783811    
  4.8348354E-03   3.749303    
  4.8548561E-03   3.717422    
  4.8748748E-03   3.687803    
  4.8948955E-03   3.659405    
  4.9149147E-03   3.631002    
  4.9349354E-03   3.601671    
  4.9549546E-03   3.571049    
  4.9749753E-03   3.539511    
  4.9949959E-03   3.507950    
  5.0150147E-03   3.477148    
  5.0350353E-03   3.447607    
  5.0550546E-03   3.419201    
  5.0750752E-03   3.391379    
  5.0950958E-03   3.363398    
  5.1151146E-03   3.334903    
  5.1351353E-03   3.305851    
  5.1551545E-03   3.276779    
  5.1751751E-03   3.248307    
  5.1951939E-03   3.221039    
  5.2152146E-03   3.195058    
  5.2352352E-03   3.169965    
  5.2552545E-03   3.144849    
  5.2752751E-03   3.118678    
  5.2952939E-03   3.090582    
  5.3153145E-03   3.060017    
  5.3353352E-03   3.026985    
  5.3553544E-03   2.991856    
  5.3753750E-03   2.955353    
  5.3953957E-03   2.918311    
  5.4154163E-03   2.881543    
  5.4354370E-03   2.845894    
  5.4554562E-03   2.811951    
  5.4754764E-03   2.780146    
  5.4954956E-03   2.750574    
  5.5155163E-03   2.722935    
  5.5355355E-03   2.696701    
  5.5555562E-03   2.671100    
  5.5755768E-03   2.645448    
  5.5955956E-03   2.619336    
  5.6156162E-03   2.592740    
  5.6356355E-03   2.565800    
  5.6556561E-03   2.539056    
  5.6756767E-03   2.513035    
  5.6956955E-03   2.488129    
  5.7157162E-03   2.464734    
  5.7357354E-03   2.443085    
  5.7557561E-03   2.423560    
  5.7757748E-03   2.406490    
  5.7957955E-03   2.392219    
  5.8158161E-03   2.380833    
  5.8358354E-03   2.371911    
  5.8558560E-03   2.364574    
  5.8758748E-03   2.357474    
  5.8958954E-03   2.349204    
  5.9159161E-03   2.338708    
  5.9359353E-03   2.325530    
  5.9559559E-03   2.310017    
  5.9759752E-03   2.293161    
  5.9959958E-03   2.276118    
  6.0160146E-03   2.259851    
  6.0360353E-03   2.244762    
  6.0560559E-03   2.230782    
  6.0760765E-03   2.217467    
  6.0960972E-03   2.204428    
  6.1161164E-03   2.191622    
  6.1361371E-03   2.179403    
  6.1561577E-03   2.168290    
  6.1761765E-03   2.158770    
  6.1961971E-03   2.150791    
  6.2162164E-03   2.143743    
  6.2362370E-03   2.136532    
  6.2562558E-03   2.127924    
  6.2762764E-03   2.116981    
  6.2962971E-03   2.103384    
  6.3163163E-03   2.087506    
  6.3363370E-03   2.070079    
  6.3563557E-03   2.051922    
  6.3763764E-03   2.033561    
  6.3963970E-03   2.014943    
  6.4164163E-03   1.995761    
  6.4364369E-03   1.975497    
  6.4564561E-03   1.953807    
  6.4764763E-03   1.930922    
  6.4964956E-03   1.907381    
  6.5165162E-03   1.884038    
  6.5365369E-03   1.861690    
  6.5565561E-03   1.840776    
  6.5765767E-03   1.821365    
  6.5965955E-03   1.803141    
  6.6166162E-03   1.785556    
  6.6366368E-03   1.768139    
  6.6566560E-03   1.750496    
  6.6766767E-03   1.732400    
  6.6966955E-03   1.713721    
  6.7167161E-03   1.694462    
  6.7367353E-03   1.674500    
  6.7567574E-03   1.653909    
  6.7767780E-03   1.632917    
  6.7967973E-03   1.611925    
  6.8168179E-03   1.591559    
  6.8368367E-03   1.572396    
  6.8568573E-03   1.554938    
  6.8768780E-03   1.539352    
  6.8968972E-03   1.525489    
  6.9169179E-03   1.513012    
  6.9369366E-03   1.501566    
  6.9569573E-03   1.490893    
  6.9769779E-03   1.481037    
  6.9969972E-03   1.472092    
  7.0170178E-03   1.464122    
  7.0370371E-03   1.456968    
  7.0570577E-03   1.450085    
  7.0770765E-03   1.442616    
  7.0970971E-03   1.433657    
  7.1171178E-03   1.422625    
  7.1371370E-03   1.409464    
  7.1571576E-03   1.394745    
  7.1771764E-03   1.379635    
  7.1971971E-03   1.365508    
  7.2172177E-03   1.353651    
  7.2372369E-03   1.344865    
  7.2572576E-03   1.339273    
  7.2772764E-03   1.336527    
  7.2972970E-03   1.335777    
  7.3173163E-03   1.336082    
  7.3373369E-03   1.336638    
  7.3573575E-03   1.336893    
  7.3773763E-03   1.336582    
  7.3973970E-03   1.335609    
  7.4174162E-03   1.333987    
  7.4374382E-03   1.331734    
  7.4574589E-03   1.328773    
  7.4774781E-03   1.325051    
  7.4974988E-03   1.320512    
  7.5175175E-03   1.315182    
  7.5375382E-03   1.309224    
  7.5575574E-03   1.302939    
  7.5775781E-03   1.296581    
  7.5975987E-03   1.290420    
  7.6176180E-03   1.284585    
  7.6376386E-03   1.279097    
  7.6576574E-03   1.273813    
  7.6776780E-03   1.268549    
  7.6976987E-03   1.263125    
  7.7177179E-03   1.257448    
  7.7377385E-03   1.251558    
  7.7577573E-03   1.245575    
  7.7777780E-03   1.239669    
  7.7977972E-03   1.233947    
  7.8178179E-03   1.228440    
  7.8378385E-03   1.223095    
  7.8578573E-03   1.217807    
  7.8778779E-03   1.212419    
  7.8978967E-03   1.206933    
  7.9179173E-03   1.201398    
  7.9379380E-03   1.195875    
  7.9579577E-03   1.190396    
  7.9779783E-03   1.184950    
  7.9979971E-03   1.179294    
  8.0180177E-03   1.173216    
  8.0380365E-03   1.166518    
  8.0580572E-03   1.159218    
  8.0780778E-03   1.151496    
  8.0980975E-03   1.143779    
  8.1181191E-03   1.136479    
  8.1381388E-03   1.129869    
  8.1581585E-03   1.123907    
  8.1781792E-03   1.118192    
  8.1981989E-03   1.112039    
  8.2182195E-03   1.104751    
  8.2382383E-03   1.095902    
  8.2582589E-03   1.085396    
  8.2782777E-03   1.073655    
  8.2982983E-03   1.061381    
  8.3183190E-03   1.049336    
  8.3383387E-03   1.038134    
  8.3583593E-03   1.028040    
  8.3783781E-03   1.019035    
  8.3983988E-03   1.010882    
  8.4184194E-03   1.003287    
  8.4384382E-03  0.9960666    
  8.4584588E-03  0.9891015    
  8.4784776E-03  0.9823676    
  8.4984982E-03  0.9757837    
  8.5185179E-03  0.9691538    
  8.5385386E-03  0.9621899    
  8.5585592E-03  0.9546613    
  8.5785780E-03  0.9465106    
  8.5985987E-03  0.9379421    
  8.6186174E-03  0.9294901    
  8.6386381E-03  0.9217886    
  8.6586587E-03  0.9153327    
  8.6786784E-03  0.9103602    
  8.6986991E-03  0.9066449    
  8.7187178E-03  0.9036297    
  8.7387385E-03  0.9005712    
  8.7587573E-03  0.8968006    
  8.7787779E-03  0.8919187    
  8.7988004E-03  0.8859686    
  8.8188192E-03  0.8791800    
  8.8388398E-03  0.8720645    
  8.8588586E-03  0.8650805    
  8.8788792E-03  0.8584139    
  8.8988999E-03  0.8521688    
  8.9189196E-03  0.8462936    
  8.9389402E-03  0.8405949    
  8.9589590E-03  0.8351075    
  8.9789797E-03  0.8299240    
  8.9990003E-03  0.8252324    
  9.0190191E-03  0.8213394    
  9.0390397E-03  0.8185034    
  9.0590585E-03  0.8168230    
  9.0790791E-03  0.8163561    
  9.0990989E-03  0.8168899    
  9.1191195E-03  0.8181720    
  9.1391401E-03  0.8198119    
  9.1591589E-03  0.8214390    
  9.1791796E-03  0.8226552    
  9.1991983E-03  0.8232526    
  9.2192190E-03  0.8231357    
  9.2392396E-03  0.8224181    
  9.2592593E-03  0.8213232    
  9.2792800E-03  0.8201664    
  9.2992987E-03  0.8191591    
  9.3193194E-03  0.8183296    
  9.3393382E-03  0.8175246    
  9.3593588E-03  0.8164654    
  9.3793795E-03  0.8148572    
  9.3993982E-03  0.8124571    
  9.4194189E-03  0.8092333    
  9.4394386E-03  0.8053347    
  9.4594592E-03  0.8009585    
  9.4794808E-03  0.7963135    
  9.4995005E-03  0.7913936    
  9.5195211E-03  0.7861602    
  9.5395399E-03  0.7804160    
  9.5595606E-03  0.7740777    
  9.5795793E-03  0.7672122    
  9.5996000E-03  0.7601089    
  9.6196206E-03  0.7531509    
  9.6396394E-03  0.7467170    
  9.6596600E-03  0.7409903    
  9.6796798E-03  0.7359278    
  9.6997004E-03  0.7312194    
  9.7197210E-03  0.7264039    
  9.7397398E-03  0.7211970    
  9.7597605E-03  0.7154323    
  9.7797792E-03  0.7092966    
  9.7997999E-03  0.7031162    
  9.8198196E-03  0.6973312    
  9.8398402E-03  0.6923308    
  9.8598609E-03  0.6883298    
  9.8798797E-03  0.6853096    
  9.8999003E-03  0.6832139    
  9.9199191E-03  0.6818233    
  9.9399397E-03  0.6809864    
  9.9599604E-03  0.6805719    
  9.9799791E-03  0.6804600    
  9.9999998E-03  0.6805680    
