 -2.0000000E-02  0.2807601    
 -1.9959960E-02  0.2822092    
 -1.9919921E-02  0.2840486    
 -1.9879879E-02  0.2860868    
 -1.9839840E-02  0.2882780    
 -1.9799801E-02  0.2906252    
 -1.9759761E-02  0.2930945    
 -1.9719720E-02  0.2955445    
 -1.9679680E-02  0.2977878    
 -1.9639639E-02  0.2997370    
 -1.9599600E-02  0.3014779    
 -1.9559558E-02  0.3032133    
 -1.9519519E-02  0.3050220    
 -1.9479480E-02  0.3068955    
 -1.9439440E-02  0.3086444    
 -1.9399401E-02  0.3102092    
 -1.9359360E-02  0.3116677    
 -1.9319320E-02  0.3132289    
 -1.9279279E-02  0.3150175    
 -1.9239239E-02  0.3169456    
 -1.9199198E-02  0.3187202    
 -1.9159159E-02  0.3200717    
 -1.9119119E-02  0.3208723    
 -1.9079080E-02  0.3211783    
 -1.9039040E-02  0.3210983    
 -1.8998999E-02  0.3206561    
 -1.8958960E-02  0.3198923    
 -1.8918918E-02  0.3188594    
 -1.8878879E-02  0.3178216    
 -1.8838838E-02  0.3171417    
 -1.8798798E-02  0.3171180    
 -1.8758759E-02  0.3177924    
 -1.8718719E-02  0.3189859    
 -1.8678680E-02  0.3204942    
 -1.8638639E-02  0.3222434    
 -1.8598599E-02  0.3243067    
 -1.8558560E-02  0.3267568    
 -1.8518519E-02  0.3295902    
 -1.8478477E-02  0.3326299    
 -1.8438438E-02  0.3356656    
 -1.8398399E-02  0.3386185    
 -1.8358359E-02  0.3415202    
 -1.8318318E-02  0.3444187    
 -1.8278278E-02  0.3472606    
 -1.8238239E-02  0.3499522    
 -1.8198200E-02  0.3524418    
 -1.8158158E-02  0.3548769    
 -1.8118117E-02  0.3575301    
 -1.8078078E-02  0.3605891    
 -1.8038038E-02  0.3639293    
 -1.7997999E-02  0.3671716    
 -1.7957957E-02  0.3699503    
 -1.7917918E-02  0.3721516    
 -1.7877879E-02  0.3740286    
 -1.7837839E-02  0.3760069    
 -1.7797798E-02  0.3783510    
 -1.7757757E-02  0.3810279    
 -1.7717717E-02  0.3838224    
 -1.7677678E-02  0.3865348    
 -1.7637638E-02  0.3891611    
 -1.7597597E-02  0.3917904    
 -1.7557558E-02  0.3944604    
 -1.7517518E-02  0.3970013    
 -1.7477479E-02  0.3991896    
 -1.7437439E-02  0.4009402    
 -1.7397398E-02  0.4024391    
 -1.7357357E-02  0.4040522    
 -1.7317317E-02  0.4060839    
 -1.7277276E-02  0.4085876    
 -1.7237237E-02  0.4114343    
 -1.7197197E-02  0.4143752    
 -1.7157158E-02  0.4173158    
 -1.7117118E-02  0.4202445    
 -1.7077077E-02  0.4231559    
 -1.7037038E-02  0.4259536    
 -1.6996996E-02  0.4285018    
 -1.6956957E-02  0.4306737    
 -1.6916918E-02  0.4325346    
 -1.6876876E-02  0.4341875    
 -1.6836837E-02  0.4357140    
 -1.6796798E-02  0.4371154    
 -1.6756758E-02  0.4383163    
 -1.6716717E-02  0.4393057    
 -1.6676677E-02  0.4402294    
 -1.6636636E-02  0.4412431    
 -1.6596597E-02  0.4423317    
 -1.6556555E-02  0.4433377    
 -1.6516516E-02  0.4441107    
 -1.6476477E-02  0.4446769    
 -1.6436437E-02  0.4454288    
 -1.6396398E-02  0.4468370    
 -1.6356356E-02  0.4491185    
 -1.6316317E-02  0.4520759    
 -1.6276278E-02  0.4551021    
 -1.6236236E-02  0.4576481    
 -1.6196197E-02  0.4594794    
 -1.6156156E-02  0.4608052    
 -1.6116116E-02  0.4620403    
 -1.6076077E-02  0.4634298    
 -1.6036035E-02  0.4649655    
 -1.5995998E-02  0.4664120    
 -1.5955957E-02  0.4676101    
 -1.5915917E-02  0.4685888    
 -1.5875876E-02  0.4695650    
 -1.5835835E-02  0.4707410    
 -1.5795795E-02  0.4722075    
 -1.5755756E-02  0.4739369    
 -1.5715716E-02  0.4759046    
 -1.5675677E-02  0.4781291    
 -1.5635636E-02  0.4805988    
 -1.5595595E-02  0.4833041    
 -1.5555556E-02  0.4862005    
 -1.5515515E-02  0.4892977    
 -1.5475477E-02  0.4926976    
 -1.5435436E-02  0.4965389    
 -1.5395395E-02  0.5008531    
 -1.5355356E-02  0.5054553    
 -1.5315315E-02  0.5099961    
 -1.5275275E-02  0.5141703    
 -1.5235236E-02  0.5178728    
 -1.5195196E-02  0.5211975    
 -1.5155156E-02  0.5242872    
 -1.5115115E-02  0.5272584    
 -1.5075075E-02  0.5301251    
 -1.5035035E-02  0.5329617    
 -1.4994996E-02  0.5359442    
 -1.4954954E-02  0.5393558    
 -1.4914915E-02  0.5433176    
 -1.4874876E-02  0.5477242    
 -1.4834835E-02  0.5523402    
 -1.4794794E-02  0.5570245    
 -1.4754754E-02  0.5618483    
 -1.4714715E-02  0.5671053    
 -1.4674676E-02  0.5729613    
 -1.4634635E-02  0.5791803    
 -1.4594594E-02  0.5852154    
 -1.4554555E-02  0.5905300    
 -1.4514515E-02  0.5949736    
 -1.4474475E-02  0.5988300    
 -1.4434434E-02  0.6026409    
 -1.4394394E-02  0.6067933    
 -1.4354355E-02  0.6112903    
 -1.4314315E-02  0.6159709    
 -1.4274274E-02  0.6207094    
 -1.4234234E-02  0.6255986    
 -1.4194194E-02  0.6307647    
 -1.4154155E-02  0.6361665    
 -1.4114115E-02  0.6414379    
 -1.4074074E-02  0.6461845    
 -1.4034034E-02  0.6503029    
 -1.3993994E-02  0.6541475    
 -1.3953955E-02  0.6583838    
 -1.3913914E-02  0.6634564    
 -1.3873873E-02  0.6692916    
 -1.3833834E-02  0.6753777    
 -1.3793794E-02  0.6811663    
 -1.3753753E-02  0.6864698    
 -1.3713714E-02  0.6915414    
 -1.3673673E-02  0.6967693    
 -1.3633634E-02  0.7023252    
 -1.3593595E-02  0.7079585    
 -1.3553553E-02  0.7133209    
 -1.3513514E-02  0.7181903    
 -1.3473473E-02  0.7227299    
 -1.3433434E-02  0.7273290    
 -1.3393395E-02  0.7323632    
 -1.3353353E-02  0.7379531    
 -1.3313313E-02  0.7439908    
 -1.3273274E-02  0.7503173    
 -1.3233233E-02  0.7569153    
 -1.3193194E-02  0.7638823    
 -1.3153153E-02  0.7714311    
 -1.3113113E-02  0.7797270    
 -1.3073074E-02  0.7888326    
 -1.3033033E-02  0.7986813    
 -1.2992993E-02  0.8090305    
 -1.2952953E-02  0.8194089    
 -1.2912912E-02  0.8292046    
 -1.2872873E-02  0.8378620    
 -1.2832833E-02  0.8450930    
 -1.2792793E-02  0.8509796    
 -1.2752753E-02  0.8559217    
 -1.2712713E-02  0.8603650    
 -1.2672673E-02  0.8646362    
 -1.2632633E-02  0.8689090    
 -1.2592593E-02  0.8733094    
 -1.2552552E-02  0.8780069    
 -1.2512513E-02  0.8830929    
 -1.2472473E-02  0.8885143    
 -1.2432433E-02  0.8940307    
 -1.2392392E-02  0.8994401    
 -1.2352353E-02  0.9047022    
 -1.2312313E-02  0.9101417    
 -1.2272272E-02  0.9161963    
 -1.2232233E-02  0.9231070    
 -1.2192192E-02  0.9307566    
 -1.2152152E-02  0.9387580    
 -1.2112113E-02  0.9467675    
 -1.2072072E-02  0.9546844    
 -1.2032033E-02  0.9626738    
 -1.1991993E-02  0.9707934    
 -1.1951951E-02  0.9789197    
 -1.1911912E-02  0.9866814    
 -1.1871872E-02  0.9938701    
 -1.1831832E-02   1.000702    
 -1.1791792E-02   1.007686    
 -1.1751752E-02   1.015244    
 -1.1711712E-02   1.023377    
 -1.1671673E-02   1.031647    
 -1.1631632E-02   1.039465    
 -1.1591591E-02   1.046647    
 -1.1551552E-02   1.053548    
 -1.1511511E-02   1.060822    
 -1.1471472E-02   1.069084    
 -1.1431431E-02   1.078520    
 -1.1391391E-02   1.089050    
 -1.1351352E-02   1.100522    
 -1.1311312E-02   1.112842    
 -1.1271271E-02   1.125863    
 -1.1231231E-02   1.139224    
 -1.1191191E-02   1.152276    
 -1.1151151E-02   1.164368    
 -1.1111111E-02   1.175169    
 -1.1071071E-02   1.184687    
 -1.1031031E-02   1.193182    
 -1.0990991E-02   1.200842    
 -1.0950952E-02   1.207682    
 -1.0910911E-02   1.213874    
 -1.0870871E-02   1.219946    
 -1.0830831E-02   1.226785    
 -1.0790790E-02   1.235317    
 -1.0750751E-02   1.245865    
 -1.0710712E-02   1.258077    
 -1.0670670E-02   1.271104    
 -1.0630631E-02   1.284214    
 -1.0590591E-02   1.297210    
 -1.0550550E-02   1.310339    
 -1.0510511E-02   1.323986    
 -1.0470470E-02   1.338282    
 -1.0430430E-02   1.353153    
 -1.0390391E-02   1.368512    
 -1.0350351E-02   1.384492    
 -1.0310311E-02   1.401163    
 -1.0270271E-02   1.418290    
 -1.0230230E-02   1.435111    
 -1.0190190E-02   1.450602    
 -1.0150150E-02   1.464138    
 -1.0110110E-02   1.475935    
 -1.0070070E-02   1.487039    
 -1.0030030E-02   1.498837    
 -9.9899909E-03   1.512226    
 -9.9499505E-03   1.527485    
 -9.9099092E-03   1.544115    
 -9.8698698E-03   1.561363    
 -9.8298294E-03   1.578425    
 -9.7897900E-03   1.594619    
 -9.7497497E-03   1.609426    
 -9.7097093E-03   1.622654    
 -9.6696699E-03   1.634554    
 -9.6296305E-03   1.645807    
 -9.5895901E-03   1.657231    
 -9.5495498E-03   1.669287    
 -9.5095094E-03   1.681813    
 -9.4694691E-03   1.694193    
 -9.4294297E-03   1.705781    
 -9.3893902E-03   1.716426    
 -9.3493490E-03   1.726500    
 -9.3093095E-03   1.736613    
 -9.2692701E-03   1.747174    
 -9.2292288E-03   1.758317    
 -9.1891894E-03   1.770102    
 -9.1491491E-03   1.782634    
 -9.1091087E-03   1.796127    
 -9.0690693E-03   1.810641    
 -9.0290299E-03   1.825994    
 -8.9889895E-03   1.841914    
 -8.9489492E-03   1.858649    
 -8.9089097E-03   1.876908    
 -8.8688685E-03   1.897769    
 -8.8288290E-03   1.921828    
 -8.7887887E-03   1.948798    
 -8.7487483E-03   1.977534    
 -8.7087089E-03   2.006770    
 -8.6686695E-03   2.035818    
 -8.6286291E-03   2.064770    
 -8.5885888E-03   2.093982    
 -8.5485484E-03   2.123375    
 -8.5085081E-03   2.152054    
 -8.4684687E-03   2.178828    
 -8.4284293E-03   2.202841    
 -8.3883880E-03   2.224149    
 -8.3483486E-03   2.243571    
 -8.3083091E-03   2.262198    
 -8.2682688E-03   2.281024    
 -8.2282284E-03   2.300783    
 -8.1881871E-03   2.322171    
 -8.1481477E-03   2.345719    
 -8.1081083E-03   2.371569    
 -8.0680680E-03   2.399121    
 -8.0280276E-03   2.426970    
 -7.9879882E-03   2.453759    
 -7.9479478E-03   2.478690    
 -7.9079084E-03   2.501987    
 -7.8678681E-03   2.524488    
 -7.8278277E-03   2.547037    
 -7.7877874E-03   2.569997    
 -7.7477479E-03   2.593366    
 -7.7077076E-03   2.617253    
 -7.6676677E-03   2.641876    
 -7.6276283E-03   2.667535    
 -7.5875875E-03   2.694085    
 -7.5475480E-03   2.720918    
 -7.5075072E-03   2.747563    
 -7.4674669E-03   2.774271    
 -7.4274275E-03   2.802221    
 -7.3873876E-03   2.832942    
 -7.3473472E-03   2.867219    
 -7.3073073E-03   2.904650    
 -7.2672679E-03   2.944076    
 -7.2272271E-03   2.984674    
 -7.1871867E-03   3.026599    
 -7.1471473E-03   3.070606    
 -7.1071065E-03   3.117083    
 -7.0670671E-03   3.164915    
 -7.0270272E-03   3.212071    
 -6.9869868E-03   3.256668    
 -6.9469470E-03   3.298268    
 -6.9069075E-03   3.338276    
 -6.8668672E-03   3.378986    
 -6.8268264E-03   3.422182    
 -6.7867870E-03   3.468309    
 -6.7467466E-03   3.516765    
 -6.7067076E-03   3.566813    
 -6.6666664E-03   3.618121    
 -6.6266265E-03   3.670881    
 -6.5865871E-03   3.724941    
 -6.5465472E-03   3.779742    
 -6.5065073E-03   3.834431    
 -6.4664660E-03   3.888529    
 -6.4264266E-03   3.942318    
 -6.3863867E-03   3.996436    
 -6.3463454E-03   4.051308    
 -6.3063060E-03   4.106752    
 -6.2662661E-03   4.162363    
 -6.2262267E-03   4.217914    
 -6.1861868E-03   4.273784    
 -6.1461474E-03   4.330751    
 -6.1061061E-03   4.389396    
 -6.0660662E-03   4.449851    
 -6.0260268E-03   4.512060    
 -5.9859855E-03   4.576288    
 -5.9459456E-03   4.643283    
 -5.9059057E-03   4.713828    
 -5.8658645E-03   4.787985    
 -5.8258250E-03   4.864937    
 -5.7857851E-03   4.943148    
 -5.7457457E-03   5.021288    
 -5.7057058E-03   5.098811    
 -5.6656664E-03   5.175960    
 -5.6256251E-03   5.253280    
 -5.5855853E-03   5.331575    
 -5.5455458E-03   5.411606    
 -5.5055059E-03   5.494428    
 -5.4654665E-03   5.580867    
 -5.4254266E-03   5.671106    
 -5.3853854E-03   5.764257    
 -5.3453455E-03   5.858708    
 -5.3053042E-03   5.953309    
 -5.2652648E-03   6.048524    
 -5.2252249E-03   6.146267    
 -5.1851855E-03   6.248835    
 -5.1451442E-03   6.357141    
 -5.1051043E-03   6.470020    
 -5.0650649E-03   6.585175    
 -5.0250250E-03   6.700907    
 -4.9849856E-03   6.817680    
 -4.9449457E-03   6.937760    
 -4.9049044E-03   7.063706    
 -4.8648650E-03   7.196750    
 -4.8248251E-03   7.336045    
 -4.7847852E-03   7.479642    
 -4.7447458E-03   7.625600    
 -4.7047059E-03   7.772693    
 -4.6646646E-03   7.920507    
 -4.6246252E-03   8.069050    
 -4.5845839E-03   8.218899    
 -4.5445440E-03   8.371427    
 -4.5045046E-03   8.529225    
 -4.4644647E-03   8.695159    
 -4.4244234E-03   8.871094    
 -4.3843840E-03   9.057175    
 -4.3443441E-03   9.252299    
 -4.3043043E-03   9.455452    
 -4.2642648E-03   9.667028    
 -4.2242249E-03   9.888688    
 -4.1841837E-03   10.12163    
 -4.1441442E-03   10.36524    
 -4.1041044E-03   10.61725    
 -4.0640649E-03   10.87506    
 -4.0240251E-03   11.13809    
 -3.9839856E-03   11.40837    
 -3.9439443E-03   11.68924    
 -3.9039028E-03   11.98322    
 -3.8638632E-03   12.29042    
 -3.8238235E-03   12.60928    
 -3.7837839E-03   12.93798    
 -3.7437442E-03   13.27626    
 -3.7037029E-03   13.62523    
 -3.6636633E-03   13.98632    
 -3.6236236E-03   14.36024    
 -3.5835840E-03   14.74695    
 -3.5435441E-03   15.14655    
 -3.5035044E-03   15.56038    
 -3.4634632E-03   15.99033    
 -3.4234235E-03   16.43818    
 -3.3833839E-03   16.90447    
 -3.3433442E-03   17.38893    
 -3.3033045E-03   17.89117    
 -3.2632649E-03   18.41236    
 -3.2232220E-03   18.95494    
 -3.1831823E-03   19.52239    
 -3.1431427E-03   20.11777    
 -3.1031030E-03   20.74364    
 -3.0630634E-03   21.40166    
 -3.0230221E-03   22.09275    
 -2.9829824E-03   22.81636    
 -2.9429425E-03   23.57104    
 -2.9029029E-03   24.35500    
 -2.8628632E-03   25.16848    
 -2.8228236E-03   26.01548    
 -2.7827823E-03   26.90406    
 -2.7427427E-03   27.84361    
 -2.7027030E-03   28.84152    
 -2.6626633E-03   29.89997    
 -2.6226237E-03   31.01606    
 -2.5825840E-03   32.18390    
 -2.5425411E-03   33.39831    
 -2.5025015E-03   34.65682    
 -2.4624618E-03   35.96079    
 -2.4224222E-03   37.31401    
 -2.3823823E-03   38.72234    
 -2.3423426E-03   40.19379    
 -2.3023013E-03   41.73786    
 -2.2622617E-03   43.36326    
 -2.2222220E-03   45.07755    
 -2.1821824E-03   46.88404    
 -2.1421427E-03   48.78366    
 -2.1021031E-03   50.77765    
 -2.0620618E-03   52.87028    
 -2.0220221E-03   55.07029    
 -1.9819825E-03   57.38999    
 -1.9419427E-03   59.84288    
 -1.9019031E-03   62.44061    
 -1.8618618E-03   65.19241    
 -1.8218205E-03   68.10502    
 -1.7817809E-03   71.18420    
 -1.7417412E-03   74.43814    
 -1.7017014E-03   77.87924    
 -1.6616618E-03   81.52641    
 -1.6216221E-03   85.40485    
 -1.5815808E-03   89.54127    
 -1.5415412E-03   93.95621    
 -1.5015015E-03   98.65965    
 -1.4614618E-03   103.6505    
 -1.4214221E-03   108.9247    
 -1.3813825E-03   114.4851    
 -1.3413412E-03   120.3490    
 -1.3013015E-03   126.5419    
 -1.2612619E-03   133.0869    
 -1.2212221E-03   139.9900    
 -1.1811808E-03   147.2352    
 -1.1411412E-03   154.7915    
 -1.1010999E-03   162.6293    
 -1.0610602E-03   170.7315    
 -1.0210206E-03   179.0983    
 -9.8098093E-04   187.7391    
 -9.4094122E-04   196.6659    
 -9.0090150E-04   205.8893    
 -8.6086028E-04   215.4258    
 -8.2082057E-04   225.3022    
 -7.8078092E-04   235.5528    
 -7.4074120E-04   246.2070    
 -7.0070155E-04   257.2647    
 -6.6066184E-04   268.6814    
 -6.2062062E-04   280.3607    
 -5.8058091E-04   292.1602    
 -5.4054125E-04   303.9043    
 -5.0049997E-04   315.3942    
 -4.6046029E-04   326.4130    
 -4.2042061E-04   336.7354    
 -3.8037935E-04   346.1425    
 -3.4033967E-04   354.4453    
 -3.0029999E-04   361.5157    
 -2.6026031E-04   367.3062    
 -2.2022062E-04   371.8552    
 -1.8018094E-04   375.2748    
 -1.4013967E-04   377.7230    
 -1.0009999E-04   379.3709    
 -6.0060313E-05   380.3728    
 -2.0020632E-05   380.8413    
  2.0019048E-05   380.8447    
  6.0058730E-05   380.3732    
  1.0009999E-04   379.3709    
  1.4013967E-04   377.7231    
  1.8018094E-04   375.2748    
  2.2022062E-04   371.8552    
  2.6026031E-04   367.3063    
  3.0030156E-04   361.5153    
  3.4034124E-04   354.4450    
  3.8038092E-04   346.1420    
  4.2042061E-04   336.7354    
  4.6046029E-04   326.4130    
  5.0049997E-04   315.3942    
  5.4054125E-04   303.9043    
  5.8058091E-04   292.1602    
  6.2062062E-04   280.3607    
  6.6066027E-04   268.6817    
  7.0069998E-04   257.2650    
  7.4073963E-04   246.2074    
  7.8078092E-04   235.5529    
  8.2082057E-04   225.3022    
  8.6086185E-04   215.4254    
  9.0090150E-04   205.8893    
  9.4094122E-04   196.6659    
  9.8098093E-04   187.7391    
  1.0210221E-03   179.0980    
  1.0610619E-03   170.7312    
  1.1011015E-03   162.6290    
  1.1411412E-03   154.7916    
  1.1811808E-03   147.2352    
  1.2212206E-03   139.9902    
  1.2612619E-03   133.0869    
  1.3013015E-03   126.5419    
  1.3413412E-03   120.3490    
  1.3813808E-03   114.4854    
  1.4214205E-03   108.9249    
  1.4614603E-03   103.6507    
  1.5015015E-03   98.65965    
  1.5415427E-03   93.95596    
  1.5815825E-03   89.54111    
  1.6216221E-03   85.40485    
  1.6616618E-03   81.52641    
  1.7017014E-03   77.87925    
  1.7417427E-03   74.43797    
  1.7817824E-03   71.18405    
  1.8218221E-03   68.10480    
  1.8618618E-03   65.19241    
  1.9019014E-03   62.44072    
  1.9419411E-03   59.84303    
  1.9819825E-03   57.38999    
  2.0220221E-03   55.07027    
  2.0620618E-03   52.87029    
  2.1021015E-03   50.77773    
  2.1421411E-03   48.78379    
  2.1821808E-03   46.88413    
  2.2222237E-03   45.07743    
  2.2622633E-03   43.36321    
  2.3023030E-03   41.73774    
  2.3423426E-03   40.19381    
  2.3823823E-03   38.72233    
  2.4224222E-03   37.31400    
  2.4624632E-03   35.96075    
  2.5025031E-03   34.65682    
  2.5425428E-03   33.39824    
  2.5825824E-03   32.18391    
  2.6226221E-03   31.01616    
  2.6626617E-03   29.90007    
  2.7027030E-03   28.84152    
  2.7427427E-03   27.84362    
  2.7827823E-03   26.90405    
  2.8228220E-03   26.01554    
  2.8628616E-03   25.16853    
  2.9029029E-03   24.35500    
  2.9429442E-03   23.57101    
  2.9829838E-03   22.81634    
  3.0230237E-03   22.09274    
  3.0630634E-03   21.40167    
  3.1031030E-03   20.74364    
  3.1431427E-03   20.11778    
  3.1831840E-03   19.52235    
  3.2232236E-03   18.95499    
  3.2632633E-03   18.41235    
  3.3033029E-03   17.89120    
  3.3433426E-03   17.38892    
  3.3833822E-03   16.90452    
  3.4234235E-03   16.43818    
  3.4634632E-03   15.99033    
  3.5035030E-03   15.56040    
  3.5435427E-03   15.14658    
  3.5835840E-03   14.74695    
  3.6236253E-03   14.36025    
  3.6636649E-03   13.98631    
  3.7037046E-03   13.62523    
  3.7437442E-03   13.27626    
  3.7837839E-03   12.93799    
  3.8238235E-03   12.60928    
  3.8638648E-03   12.29040    
  3.9039045E-03   11.98319    
  3.9439443E-03   11.68924    
  3.9839838E-03   11.40836    
  4.0240237E-03   11.13809    
  4.0640631E-03   10.87508    
  4.1041044E-03   10.61725    
  4.1441442E-03   10.36524    
  4.1841837E-03   10.12162    
  4.2242236E-03   9.888667    
  4.2642648E-03   9.667035    
  4.3043043E-03   9.455452    
  4.3443455E-03   9.252290    
  4.3843854E-03   9.057193    
  4.4244253E-03   8.871090    
  4.4644647E-03   8.695158    
  4.5045046E-03   8.529226    
  4.5445440E-03   8.371428    
  4.5845853E-03   8.218874    
  4.6246252E-03   8.069048    
  4.6646646E-03   7.920505    
  4.7047045E-03   7.772681    
  4.7447439E-03   7.625583    
  4.7847838E-03   7.479663    
  4.8248251E-03   7.336045    
  4.8648650E-03   7.196748    
  4.9049044E-03   7.063708    
  4.9449457E-03   6.937755    
  4.9849856E-03   6.817677    
  5.0250250E-03   6.700908    
  5.0650663E-03   6.585161    
  5.1051062E-03   6.470010    
  5.1451456E-03   6.357150    
  5.1851855E-03   6.248838    
  5.2252249E-03   6.146264    
  5.2652648E-03   6.048521    
  5.3053061E-03   5.953324    
  5.3453455E-03   5.858705    
  5.3853854E-03   5.764253    
  5.4254252E-03   5.671117    
  5.4654647E-03   5.580863    
  5.5055046E-03   5.494422    
  5.5455458E-03   5.411605    
  5.5855853E-03   5.331574    
  5.6256265E-03   5.253283    
  5.6656664E-03   5.175953    
  5.7057058E-03   5.098807    
  5.7457457E-03   5.021286    
  5.7857870E-03   4.943160    
  5.8258264E-03   4.864913    
  5.8658663E-03   4.787973    
  5.9059057E-03   4.713829    
  5.9459456E-03   4.643287    
  5.9859855E-03   4.576289    
  6.0260268E-03   4.512059    
  6.0660662E-03   4.449852    
  6.1061061E-03   4.389402    
  6.1461455E-03   4.330772    
  6.1861854E-03   4.273791    
  6.2262248E-03   4.217914    
  6.2662661E-03   4.162359    
  6.3063060E-03   4.106749    
  6.3463473E-03   4.051296    
  6.3863867E-03   3.996434    
  6.4264266E-03   3.942312    
  6.4664660E-03   3.888526    
  6.5065073E-03   3.834429    
  6.5465472E-03   3.779739    
  6.5865852E-03   3.724950    
  6.6266265E-03   3.670879    
  6.6666678E-03   3.618145    
  6.7067058E-03   3.566808    
  6.7467471E-03   3.516750    
  6.7867851E-03   3.468312    
  6.8268264E-03   3.422179    
  6.8668677E-03   3.378982    
  6.9069057E-03   3.338286    
  6.9469470E-03   3.298271    
  6.9869854E-03   3.256670    
  7.0270267E-03   3.212089    
  7.0670675E-03   3.164905    
  7.1071088E-03   3.117061    
  7.1471473E-03   3.070607    
  7.1871886E-03   3.026601    
  7.2272266E-03   2.984665    
  7.2672679E-03   2.944078    
  7.3073092E-03   2.904642    
  7.3473472E-03   2.867219    
  7.3873885E-03   2.832938    
  7.4274265E-03   2.802210    
  7.4674678E-03   2.774260    
  7.5075058E-03   2.747556    
  7.5475471E-03   2.720934    
  7.5875884E-03   2.694081    
  7.6276264E-03   2.667532    
  7.6676677E-03   2.641876    
  7.7077057E-03   2.617239    
  7.7477470E-03   2.593373    
  7.7877883E-03   2.569997    
  7.8278268E-03   2.547034    
  7.8678681E-03   2.524492    
  7.9079056E-03   2.501994    
  7.9479469E-03   2.478701    
  7.9879854E-03   2.453763    
  8.0280295E-03   2.426968    
  8.0680707E-03   2.399105    
  8.1081092E-03   2.371569    
  8.1481505E-03   2.345704    
  8.1881881E-03   2.322162    
  8.2282294E-03   2.300781    
  8.2682706E-03   2.281030    
  8.3083091E-03   2.262200    
  8.3483504E-03   2.243560    
  8.3883880E-03   2.224149    
  8.4284293E-03   2.202842    
  8.4684677E-03   2.178829    
  8.5085090E-03   2.152057    
  8.5485503E-03   2.123369    
  8.5885879E-03   2.093996    
  8.6286291E-03   2.064773    
  8.6686676E-03   2.035805    
  8.7087089E-03   2.006770    
  8.7487502E-03   1.977522    
  8.7887887E-03   1.948798    
  8.8288300E-03   1.921824    
  8.8688675E-03   1.897763    
  8.9089088E-03   1.876906    
  8.9489473E-03   1.858650    
  8.9889886E-03   1.841939    
  9.0290299E-03   1.825996    
  9.0690674E-03   1.810649    
  9.1091087E-03   1.796128    
  9.1491472E-03   1.782643    
  9.1891885E-03   1.770100    
  9.2292298E-03   1.758317    
  9.2692673E-03   1.747171    
  9.3093086E-03   1.736606    
  9.3493471E-03   1.726502    
  9.3893912E-03   1.716425    
  9.4294297E-03   1.705783    
  9.4694709E-03   1.694179    
  9.5095122E-03   1.681831    
  9.5495498E-03   1.669300    
  9.5895911E-03   1.657232    
  9.6296296E-03   1.645806    
  9.6696708E-03   1.634553    
  9.7097121E-03   1.622653    
  9.7497497E-03   1.609425    
  9.7897910E-03   1.594614    
  9.8298294E-03   1.578423    
  9.8698707E-03   1.561364    
  9.9099092E-03   1.544112    
  9.9499505E-03   1.527485    
  9.9899918E-03   1.512225    
  1.0030029E-02   1.498812    
  1.0070071E-02   1.487045    
  1.0110109E-02   1.475939    
  1.0150150E-02   1.464138    
  1.0190192E-02   1.450611    
  1.0230229E-02   1.435106    
  1.0270271E-02   1.418291    
  1.0310309E-02   1.401167    
  1.0350350E-02   1.384496    
  1.0390388E-02   1.368525    
  1.0430429E-02   1.353148    
  1.0470470E-02   1.338282    
  1.0510509E-02   1.323983    
  1.0550550E-02   1.310336    
  1.0590588E-02   1.297204    
  1.0630629E-02   1.284225    
  1.0670670E-02   1.271104    
  1.0710709E-02   1.258075    
  1.0750750E-02   1.245849    
  1.0790791E-02   1.235304    
  1.0830833E-02   1.226793    
  1.0870874E-02   1.219948    
  1.0910912E-02   1.213891    
  1.0950953E-02   1.207685    
  1.0990991E-02   1.200841    
  1.1031033E-02   1.193193    
  1.1071071E-02   1.184688    
  1.1111112E-02   1.175171    
  1.1151154E-02   1.164371    
  1.1191191E-02   1.152277    
  1.1231232E-02   1.139213    
  1.1271271E-02   1.125865    
  1.1311312E-02   1.112841    
  1.1351353E-02   1.100514    
  1.1391391E-02   1.089052    
  1.1431432E-02   1.078527    
  1.1471471E-02   1.069095    
  1.1511512E-02   1.060835    
  1.1551550E-02   1.053540    
  1.1591591E-02   1.046647    
  1.1631632E-02   1.039465    
  1.1671671E-02   1.031632    
  1.1711712E-02   1.023377    
  1.1751750E-02   1.015241    
  1.1791791E-02   1.007677    
  1.1831832E-02   1.000701    
  1.1871871E-02  0.9938804    
  1.1911912E-02  0.9866823    
  1.1951950E-02  0.9789203    
  1.1991992E-02  0.9708028    
  1.2032029E-02  0.9626682    
  1.2072071E-02  0.9546821    
  1.2112112E-02  0.9467680    
  1.2152153E-02  0.9387592    
  1.2192194E-02  0.9307569    
  1.2232233E-02  0.9231086    
  1.2272274E-02  0.9161936    
  1.2312315E-02  0.9101456    
  1.2352353E-02  0.9047019    
  1.2392394E-02  0.8994271    
  1.2432433E-02  0.8940297    
  1.2472474E-02  0.8885112    
  1.2512512E-02  0.8830835    
  1.2552553E-02  0.8780122    
  1.2592594E-02  0.8733204    
  1.2632633E-02  0.8689085    
  1.2672674E-02  0.8646331    
  1.2712711E-02  0.8603752    
  1.2752753E-02  0.8559231    
  1.2792794E-02  0.8509829    
  1.2832833E-02  0.8450935    
  1.2872874E-02  0.8378546    
  1.2912912E-02  0.8292040    
  1.2952953E-02  0.8194091    
  1.2992991E-02  0.8090267    
  1.3033032E-02  0.7986744    
  1.3073074E-02  0.7888328    
  1.3113112E-02  0.7797251    
  1.3153153E-02  0.7714305    
  1.3193191E-02  0.7638862    
  1.3233232E-02  0.7569166    
  1.3273274E-02  0.7503194    
  1.3313312E-02  0.7439871    
  1.3353353E-02  0.7379561    
  1.3393391E-02  0.7323588    
  1.3433432E-02  0.7273251    
  1.3473471E-02  0.7227286    
  1.3513515E-02  0.7182010    
  1.3553556E-02  0.7133203    
  1.3593595E-02  0.7079583    
  1.3633636E-02  0.7023172    
  1.3673673E-02  0.6967696    
  1.3713715E-02  0.6915550    
  1.3753756E-02  0.6864755    
  1.3793794E-02  0.6811667    
  1.3833836E-02  0.6753815    
  1.3873873E-02  0.6692923    
  1.3913915E-02  0.6634501    
  1.3953956E-02  0.6583750    
  1.3993994E-02  0.6541462    
  1.4034036E-02  0.6502930    
  1.4074074E-02  0.6461844    
  1.4114115E-02  0.6414379    
  1.4154153E-02  0.6361642    
  1.4194194E-02  0.6307642    
  1.4234236E-02  0.6255907    
  1.4274274E-02  0.6207108    
  1.4314315E-02  0.6159699    
  1.4354353E-02  0.6112899    
  1.4394394E-02  0.6067939    
  1.4434435E-02  0.6026475    
  1.4474474E-02  0.5988333    
  1.4514515E-02  0.5949730    
  1.4554553E-02  0.5905362    
  1.4594594E-02  0.5852149    
  1.4634633E-02  0.5791801    
  1.4674674E-02  0.5729603    
  1.4714715E-02  0.5671055    
  1.4754753E-02  0.5618345    
  1.4794794E-02  0.5570247    
  1.4834832E-02  0.5523423    
  1.4874876E-02  0.5477318    
  1.4914918E-02  0.5433192    
  1.4954956E-02  0.5393580    
  1.4994998E-02  0.5359520    
  1.5035035E-02  0.5329611    
  1.5075076E-02  0.5301297    
  1.5115115E-02  0.5272577    
  1.5155156E-02  0.5242885    
  1.5195197E-02  0.5212013    
  1.5235236E-02  0.5178723    
  1.5275277E-02  0.5141701    
  1.5315315E-02  0.5099962    
  1.5355356E-02  0.5054559    
  1.5395397E-02  0.5008516    
  1.5435436E-02  0.4965392    
  1.5475477E-02  0.4926951    
  1.5515515E-02  0.4892971    
  1.5555556E-02  0.4862004    
  1.5595594E-02  0.4833034    
  1.5635636E-02  0.4805998    
  1.5675677E-02  0.4781296    
  1.5715715E-02  0.4758998    
  1.5755756E-02  0.4739369    
  1.5795793E-02  0.4721965    
  1.5835835E-02  0.4707407    
  1.5875876E-02  0.4695651    
  1.5915915E-02  0.4685893    
  1.5955957E-02  0.4676107    
  1.5995994E-02  0.4664127    
  1.6036035E-02  0.4649650    
  1.6076073E-02  0.4634311    
  1.6116114E-02  0.4620275    
  1.6156156E-02  0.4608064    
  1.6196195E-02  0.4594763    
  1.6236238E-02  0.4576520    
  1.6276278E-02  0.4551015    
  1.6316317E-02  0.4520752    
  1.6356358E-02  0.4491193    
  1.6396398E-02  0.4468343    
  1.6436439E-02  0.4454325    
  1.6476477E-02  0.4446782    
  1.6516518E-02  0.4441072    
  1.6556555E-02  0.4433377    
  1.6596597E-02  0.4423327    
  1.6636638E-02  0.4412464    
  1.6676677E-02  0.4402308    
  1.6716719E-02  0.4393079    
  1.6756756E-02  0.4383070    
  1.6796798E-02  0.4371162    
  1.6836839E-02  0.4357193    
  1.6876876E-02  0.4341895    
  1.6916918E-02  0.4325353    
  1.6956955E-02  0.4306755    
  1.6996996E-02  0.4285020    
  1.7037036E-02  0.4259550    
  1.7077077E-02  0.4231555    
  1.7117118E-02  0.4202451    
  1.7157156E-02  0.4173202    
  1.7197197E-02  0.4143761    
  1.7237235E-02  0.4114396    
  1.7277276E-02  0.4085893    
  1.7317317E-02  0.4060840    
  1.7357357E-02  0.4040522    
  1.7397398E-02  0.4024385    
  1.7437436E-02  0.4009363    
  1.7477477E-02  0.3991831    
  1.7517515E-02  0.3970043    
  1.7557556E-02  0.3944501    
  1.7597601E-02  0.3917949    
  1.7637638E-02  0.3891607    
  1.7677680E-02  0.3865416    
  1.7717717E-02  0.3838225    
  1.7757758E-02  0.3810305    
  1.7797800E-02  0.3783543    
  1.7837839E-02  0.3760069    
  1.7877880E-02  0.3740254    
  1.7917918E-02  0.3721514    
  1.7957959E-02  0.3699486    
  1.7998001E-02  0.3671693    
  1.8038038E-02  0.3639283    
  1.8078079E-02  0.3605885    
  1.8118117E-02  0.3575287    
  1.8158158E-02  0.3548763    
  1.8198198E-02  0.3524320    
  1.8238239E-02  0.3499514    
  1.8278280E-02  0.3472677    
  1.8318318E-02  0.3444187    
  1.8358359E-02  0.3415196    
  1.8398397E-02  0.3386171    
  1.8438438E-02  0.3356652    
  1.8478479E-02  0.3326279    
  1.8518519E-02  0.3295947    
  1.8558560E-02  0.3267559    
  1.8598597E-02  0.3243010    
  1.8638639E-02  0.3222445    
  1.8678676E-02  0.3204993    
  1.8718718E-02  0.3189869    
  1.8758759E-02  0.3177929    
  1.8798796E-02  0.3171082    
  1.8838838E-02  0.3171418    
  1.8878877E-02  0.3178181    
  1.8918918E-02  0.3188554    
  1.8958962E-02  0.3198878    
  1.8999001E-02  0.3206670    
  1.9039042E-02  0.3210994    
  1.9079080E-02  0.3211791    
  1.9119121E-02  0.3208682    
  1.9159159E-02  0.3200722    
  1.9199200E-02  0.3187180    
  1.9239241E-02  0.3169413    
  1.9279279E-02  0.3150183    
  1.9319320E-02  0.3132339    
  1.9359360E-02  0.3116678    
  1.9399401E-02  0.3102085    
  1.9439442E-02  0.3086435    
  1.9479480E-02  0.3068962    
  1.9519521E-02  0.3050325    
  1.9559558E-02  0.3032138    
  1.9599600E-02  0.3014786    
  1.9639639E-02  0.2997409    
  1.9679680E-02  0.2977885    
  1.9719722E-02  0.2955513    
  1.9759759E-02  0.2930925    
  1.9799801E-02  0.2906255    
  1.9839838E-02  0.2882783    
  1.9879879E-02  0.2860863    
  1.9919921E-02  0.2840483    
  1.9959958E-02  0.2822041    
  2.0000000E-02  0.2807590    
