 -5.0000001E-02  0.1855817    
 -4.9899902E-02  0.1822701    
 -4.9799804E-02  0.1784676    
 -4.9699701E-02  0.1751376    
 -4.9599603E-02  0.1731577    
 -4.9499501E-02  0.1731116    
 -4.9399402E-02  0.1751692    
 -4.9299303E-02  0.1790130    
 -4.9199201E-02  0.1839470    
 -4.9099103E-02  0.1890261    
 -4.8999004E-02  0.1932748    
 -4.8898902E-02  0.1959073    
 -4.8798803E-02  0.1965016    
 -4.8698701E-02  0.1950977    
 -4.8598602E-02  0.1921902    
 -4.8498500E-02  0.1886126    
 -4.8398398E-02  0.1853561    
 -4.8298299E-02  0.1833486    
 -4.8198201E-02  0.1832405    
 -4.8098098E-02  0.1852601    
 -4.7998000E-02  0.1891600    
 -4.7897898E-02  0.1942857    
 -4.7797799E-02  0.1997089    
 -4.7697701E-02  0.2044370    
 -4.7597598E-02  0.2076625    
 -4.7497500E-02  0.2089142    
 -4.7397397E-02  0.2081949    
 -4.7297299E-02  0.2059482    
 -4.7197200E-02  0.2029943    
 -4.7097098E-02  0.2003155    
 -4.6997000E-02  0.1988402    
 -4.6896901E-02  0.1992335    
 -4.6796799E-02  0.2017323    
 -4.6696700E-02  0.2060959    
 -4.6596598E-02  0.2116521    
 -4.6496499E-02  0.2174500    
 -4.6396401E-02  0.2224647    
 -4.6296299E-02  0.2258380    
 -4.6196200E-02  0.2270715    
 -4.6096098E-02  0.2261484    
 -4.5995999E-02  0.2235264    
 -4.5895901E-02  0.2200573    
 -4.5795795E-02  0.2167811    
 -4.5695696E-02  0.2147061    
 -4.5595597E-02  0.2145724    
 -4.5495495E-02  0.2166908    
 -4.5395397E-02  0.2208519    
 -4.5295294E-02  0.2264069    
 -4.5195196E-02  0.2323704    
 -4.5095097E-02  0.2376647    
 -4.4994995E-02  0.2413707    
 -4.4894896E-02  0.2429120    
 -4.4794798E-02  0.2422161    
 -4.4694696E-02  0.2397154    
 -4.4594597E-02  0.2362671    
 -4.4494495E-02  0.2329574    
 -4.4394396E-02  0.2308626    
 -4.4294298E-02  0.2308006    
 -4.4194195E-02  0.2331661    
 -4.4094097E-02  0.2378082    
 -4.3993995E-02  0.2440913    
 -4.3893896E-02  0.2510103    
 -4.3793797E-02  0.2574358    
 -4.3693695E-02  0.2623477    
 -4.3593597E-02  0.2650703    
 -4.3493498E-02  0.2654155    
 -4.3393396E-02  0.2637456    
 -4.3293294E-02  0.2608609    
 -4.3193195E-02  0.2578236    
 -4.3093096E-02  0.2557416    
 -4.2992998E-02  0.2554839    
 -4.2892892E-02  0.2574917    
 -4.2792797E-02  0.2616788    
 -4.2692695E-02  0.2674402    
 -4.2592596E-02  0.2737908    
 -4.2492494E-02  0.2795773    
 -4.2392392E-02  0.2837412    
 -4.2292293E-02  0.2855608    
 -4.2192195E-02  0.2848156    
 -4.2092092E-02  0.2818418    
 -4.1991994E-02  0.2774557    
 -4.1891892E-02  0.2727866    
 -4.1791793E-02  0.2690175    
 -4.1691694E-02  0.2671305    
 -4.1591592E-02  0.2676912    
 -4.1491494E-02  0.2707198    
 -4.1391395E-02  0.2756986    
 -4.1291293E-02  0.2816771    
 -4.1191194E-02  0.2875149    
 -4.1091092E-02  0.2921093    
 -4.0990993E-02  0.2946737    
 -4.0890895E-02  0.2948995    
 -4.0790793E-02  0.2930509    
 -4.0690694E-02  0.2898723    
 -4.0590592E-02  0.2864345    
 -4.0490493E-02  0.2839016    
 -4.0390395E-02  0.2832432    
 -4.0290292E-02  0.2850090    
 -4.0190190E-02  0.2892164    
 -4.0090092E-02  0.2953110    
 -3.9989989E-02  0.3023099    
 -3.9889894E-02  0.3089900    
 -3.9789788E-02  0.3141832    
 -3.9689690E-02  0.3170264    
 -3.9589591E-02  0.3171618    
 -3.9489489E-02  0.3148186    
 -3.9389390E-02  0.3107626    
 -3.9289292E-02  0.3061297    
 -3.9189190E-02  0.3021939    
 -3.9089091E-02  0.3000515    
 -3.8988989E-02  0.3003980    
 -3.8888890E-02  0.3033767    
 -3.8788792E-02  0.3085477    
 -3.8688689E-02  0.3149803    
 -3.8588591E-02  0.3214680    
 -3.8488489E-02  0.3268145    
 -3.8388390E-02  0.3300951    
 -3.8288292E-02  0.3308670    
 -3.8188189E-02  0.3292780    
 -3.8088091E-02  0.3260323    
 -3.7987988E-02  0.3222231    
 -3.7887890E-02  0.3190996    
 -3.7787791E-02  0.3177872    
 -3.7687685E-02  0.3189954    
 -3.7587591E-02  0.3228987    
 -3.7487492E-02  0.3290641    
 -3.7387390E-02  0.3365593    
 -3.7287287E-02  0.3441558    
 -3.7187189E-02  0.3506035    
 -3.7087087E-02  0.3549235    
 -3.6986988E-02  0.3566240    
 -3.6886886E-02  0.3558025    
 -3.6786791E-02  0.3531516    
 -3.6686689E-02  0.3497759    
 -3.6586586E-02  0.3469536    
 -3.6486488E-02  0.3458515    
 -3.6386389E-02  0.3472450    
 -3.6286287E-02  0.3513397    
 -3.6186192E-02  0.3577217    
 -3.6086086E-02  0.3654509    
 -3.5985988E-02  0.3732602    
 -3.5885889E-02  0.3798397    
 -3.5785787E-02  0.3841543    
 -3.5685688E-02  0.3856625    
 -3.5585586E-02  0.3844483    
 -3.5485487E-02  0.3812188    
 -3.5385385E-02  0.3771421    
 -3.5285287E-02  0.3736059    
 -3.5185188E-02  0.3718802    
 -3.5085086E-02  0.3728692    
 -3.4984987E-02  0.3768699    
 -3.4884889E-02  0.3835363    
 -3.4784783E-02  0.3919233    
 -3.4684688E-02  0.4007192    
 -3.4584586E-02  0.4085313    
 -3.4484487E-02  0.4141971    
 -3.4384385E-02  0.4170542    
 -3.4284286E-02  0.4170823    
 -3.4184184E-02  0.4149228    
 -3.4084085E-02  0.4117263    
 -3.3983983E-02  0.4089109    
 -3.3883888E-02  0.4078235    
 -3.3783786E-02  0.4094662    
 -3.3683687E-02  0.4142343    
 -3.3583585E-02  0.4218658    
 -3.3483487E-02  0.4314544    
 -3.3383384E-02  0.4416853    
 -3.3283286E-02  0.4511095    
 -3.3183184E-02  0.4584782    
 -3.3083085E-02  0.4630222    
 -3.2982983E-02  0.4646105    
 -3.2882884E-02  0.4637952    
 -3.2782786E-02  0.4616821    
 -3.2682683E-02  0.4596545    
 -3.2582585E-02  0.4590941    
 -3.2482482E-02  0.4610220    
 -3.2382384E-02  0.4659090    
 -3.2282285E-02  0.4735098    
 -3.2182183E-02  0.4829707    
 -3.2082081E-02  0.4929744    
 -3.1981986E-02  0.5020547    
 -3.1881880E-02  0.5089364    
 -3.1781785E-02  0.5128266    
 -3.1681683E-02  0.5135770    
 -3.1581584E-02  0.5117525    
 -3.1481486E-02  0.5084876    
 -3.1381384E-02  0.5052556    
 -3.1281281E-02  0.5035052    
 -3.1181185E-02  0.5043510    
 -3.1081080E-02  0.5083281    
 -3.0980984E-02  0.5152391    
 -3.0880881E-02  0.5242289    
 -3.0780785E-02  0.5339494    
 -3.0680681E-02  0.5428663    
 -3.0580582E-02  0.5496429    
 -3.0480482E-02  0.5534093    
 -3.0380381E-02  0.5539812    
 -3.0280281E-02  0.5519333    
 -3.0180184E-02  0.5484496    
 -3.0080082E-02  0.5450844    
 -2.9979981E-02  0.5433960    
 -2.9879881E-02  0.5446154    
 -2.9779781E-02  0.5493540    
 -2.9679682E-02  0.5574595    
 -2.9579582E-02  0.5680407    
 -2.9479481E-02  0.5796648    
 -2.9379379E-02  0.5906756    
 -2.9279280E-02  0.5995489    
 -2.9179178E-02  0.6052586    
 -2.9079081E-02  0.6074931    
 -2.8978977E-02  0.6067336    
 -2.8878881E-02  0.6041528    
 -2.8778782E-02  0.6013522    
 -2.8678682E-02  0.6000084    
 -2.8578578E-02  0.6014856    
 -2.8478481E-02  0.6065294    
 -2.8378379E-02  0.6151105    
 -2.8278282E-02  0.6263974    
 -2.8178178E-02  0.6389613    
 -2.8078077E-02  0.6510887    
 -2.7977979E-02  0.6611713    
 -2.7877878E-02  0.6680593    
 -2.7777778E-02  0.6713324    
 -2.7677678E-02  0.6713925    
 -2.7577579E-02  0.6693875    
 -2.7477482E-02  0.6669418    
 -2.7377378E-02  0.6657953    
 -2.7277278E-02  0.6674107    
 -2.7177179E-02  0.6726317    
 -2.7077079E-02  0.6814928    
 -2.6976978E-02  0.6932033    
 -2.6876878E-02  0.7063100    
 -2.6776778E-02  0.7190399    
 -2.6676675E-02  0.7296960    
 -2.6576579E-02  0.7370265    
 -2.6476476E-02  0.7405366    
 -2.6376376E-02  0.7406199    
 -2.6276279E-02  0.7384420    
 -2.6176179E-02  0.7357147    
 -2.6076078E-02  0.7343191    
 -2.5975976E-02  0.7358860    
 -2.5875878E-02  0.7413793    
 -2.5775777E-02  0.7509529    
 -2.5675677E-02  0.7638399    
 -2.5575576E-02  0.7785627    
 -2.5475476E-02  0.7932229    
 -2.5375376E-02  0.8059501    
 -2.5275275E-02  0.8153114    
 -2.5175175E-02  0.8206306    
 -2.5075076E-02  0.8221475    
 -2.4974978E-02  0.8209616    
 -2.4874877E-02  0.8188013    
 -2.4774777E-02  0.8176116    
 -2.4674674E-02  0.8191403    
 -2.4574576E-02  0.8245242    
 -2.4474476E-02  0.8340399    
 -2.4374375E-02  0.8470311    
 -2.4274275E-02  0.8620780    
 -2.4174176E-02  0.8772875    
 -2.4074076E-02  0.8907439    
 -2.3973973E-02  0.9009653    
 -2.3873873E-02  0.9072073    
 -2.3773775E-02  0.9096985    
 -2.3673676E-02  0.9095553    
 -2.3573576E-02  0.9085710    
 -2.3473475E-02  0.9087998    
 -2.3373375E-02  0.9121127    
 -2.3273272E-02  0.9197417    
 -2.3173172E-02  0.9320205    
 -2.3073075E-02  0.9482844    
 -2.2972975E-02  0.9670181    
 -2.2872875E-02  0.9861620    
 -2.2772776E-02   1.003589    
 -2.2672672E-02   1.017579    
 -2.2572575E-02   1.027187    
 -2.2472473E-02   1.032489    
 -2.2372376E-02   1.034526    
 -2.2272272E-02   1.035105    
 -2.2172172E-02   1.036394    
 -2.2072073E-02   1.040394    
 -2.1971973E-02   1.048551    
 -2.1871876E-02   1.061337    
 -2.1771772E-02   1.078237    
 -2.1671671E-02   1.097765    
 -2.1571573E-02   1.117889    
 -2.1471472E-02   1.136420    
 -2.1371372E-02   1.151566    
 -2.1271272E-02   1.162333    
 -2.1171173E-02   1.168755    
 -2.1071073E-02   1.171918    
 -2.0970969E-02   1.173719    
 -2.0870872E-02   1.176473    
 -2.0770770E-02   1.182344    
 -2.0670673E-02   1.192893    
 -2.0570572E-02   1.208704    
 -2.0470472E-02   1.229227    
 -2.0370372E-02   1.252912    
 -2.0270269E-02   1.277525    
 -2.0170173E-02   1.300658    
 -2.0070069E-02   1.320249    
 -1.9969972E-02   1.335099    
 -1.9869870E-02   1.345095    
 -1.9769773E-02   1.351292    
 -1.9669669E-02   1.355664    
 -1.9569570E-02   1.360680    
 -1.9469470E-02   1.368756    
 -1.9369369E-02   1.381687    
 -1.9269273E-02   1.400244    
 -1.9169169E-02   1.424011    
 -1.9069072E-02   1.451433    
 -1.8968970E-02   1.480167    
 -1.8868869E-02   1.507618    
 -1.8768769E-02   1.531494    
 -1.8668670E-02   1.550342    
 -1.8568570E-02   1.563885    
 -1.8468469E-02   1.573090    
 -1.8368369E-02   1.579961    
 -1.8268269E-02   1.587086    
 -1.8168166E-02   1.597100    
 -1.8068070E-02   1.612025    
 -1.7967969E-02   1.632874    
 -1.7867869E-02   1.659362    
 -1.7767770E-02   1.690009    
 -1.7667670E-02   1.722426    
 -1.7567569E-02   1.753904    
 -1.7467467E-02   1.782003    
 -1.7367369E-02   1.805101    
 -1.7267266E-02   1.822838    
 -1.7167170E-02   1.836169    
 -1.7067065E-02   1.847211    
 -1.6966969E-02   1.858740    
 -1.6866866E-02   1.873616    
 -1.6766766E-02   1.894127    
 -1.6666669E-02   1.921466    
 -1.6566567E-02   1.955430    
 -1.6466470E-02   1.994500    
 -1.6366366E-02   2.036117    
 -1.6266266E-02   2.077276    
 -1.6166165E-02   2.115170    
 -1.6066067E-02   2.147871    
 -1.5965967E-02   2.174718    
 -1.5865866E-02   2.196493    
 -1.5765766E-02   2.215281    
 -1.5665667E-02   2.233982    
 -1.5565563E-02   2.255646    
 -1.5465466E-02   2.282785    
 -1.5365367E-02   2.316843    
 -1.5265266E-02   2.357798    
 -1.5165166E-02   2.404167    
 -1.5065067E-02   2.453366    
 -1.4964966E-02   2.502269    
 -1.4864863E-02   2.547918    
 -1.4764766E-02   2.588245    
 -1.4664663E-02   2.622553    
 -1.4564566E-02   2.651729    
 -1.4464463E-02   2.678056    
 -1.4364366E-02   2.704761    
 -1.4264263E-02   2.735308    
 -1.4164164E-02   2.772591    
 -1.4064066E-02   2.818349    
 -1.3963963E-02   2.872702    
 -1.3863866E-02   2.934099    
 -1.3763763E-02   2.999718    
 -1.3663666E-02   3.065976    
 -1.3563563E-02   3.129421    
 -1.3463464E-02   3.187438    
 -1.3363363E-02   3.238871    
 -1.3263264E-02   3.284301    
 -1.3163163E-02   3.325895    
 -1.3063064E-02   3.366974    
 -1.2962966E-02   3.411212    
 -1.2862863E-02   3.461867    
 -1.2762764E-02   3.521008    
 -1.2662663E-02   3.589033    
 -1.2562564E-02   3.664591    
 -1.2462463E-02   3.744910    
 -1.2362364E-02   3.826371    
 -1.2262263E-02   3.905449    
 -1.2162164E-02   3.979460    
 -1.2062061E-02   4.047275    
 -1.1961963E-02   4.109646    
 -1.1861861E-02   4.169092    
 -1.1761763E-02   4.229345    
 -1.1661664E-02   4.294625    
 -1.1561563E-02   4.368649    
 -1.1461464E-02   4.453815    
 -1.1361361E-02   4.550664    
 -1.1261264E-02   4.657716    
 -1.1161161E-02   4.771836    
 -1.1061064E-02   4.888846    
 -1.0960961E-02   5.004583    
 -1.0860860E-02   5.115758    
 -1.0760760E-02   5.220816    
 -1.0660660E-02   5.320304    
 -1.0560560E-02   5.416793    
 -1.0460461E-02   5.514382    
 -1.0360364E-02   5.617806    
 -1.0260261E-02   5.731368    
 -1.0160160E-02   5.857995    
 -1.0060061E-02   5.998592    
 -9.9599604E-03   6.151820    
 -9.8598609E-03   6.314371    
 -9.7597605E-03   6.481771    
 -9.6596600E-03   6.649443    
 -9.5595606E-03   6.813733    
 -9.4594574E-03   6.972921    
 -9.3593607E-03   7.127658    
 -9.2592575E-03   7.280955    
 -9.1591608E-03   7.437608    
 -9.0590604E-03   7.603202    
 -8.9589609E-03   7.782956    
 -8.8588605E-03   7.980530    
 -8.7587573E-03   8.197264    
 -8.6586606E-03   8.431755    
 -8.5585574E-03   8.680367    
 -8.4584607E-03   8.937830    
 -8.3583575E-03   9.198627    
 -8.2582608E-03   9.458147    
 -8.1581576E-03   9.713936    
 -8.0580572E-03   9.966273    
 -7.9579577E-03   10.21822    
 -7.8578573E-03   10.47518    
 -7.7577606E-03   10.74365    
 -7.6576574E-03   11.02997    
 -7.5575607E-03   11.33896    
 -7.4574575E-03   11.67296    
 -7.3573575E-03   12.03129    
 -7.2572576E-03   12.41067    
 -7.1571576E-03   12.80600    
 -7.0570577E-03   13.21173    
 -6.9569573E-03   13.62337    
 -6.8568573E-03   14.03868    
 -6.7567574E-03   14.45868    
 -6.6566542E-03   14.88752    
 -6.5565575E-03   15.33195    
 -6.4564575E-03   15.80002    
 -6.3563576E-03   16.29962    
 -6.2562576E-03   16.83656    
 -6.1561544E-03   17.41381    
 -6.0560578E-03   18.03059    
 -5.9559545E-03   18.68302    
 -5.8558574E-03   19.36498    
 -5.7557542E-03   20.07000    
 -5.6556575E-03   20.79294    
 -5.5555543E-03   21.53180    
 -5.4554543E-03   22.28865    
 -5.3553544E-03   23.06991    
 -5.2552545E-03   23.88546    
 -5.1551578E-03   24.74706    
 -5.0550546E-03   25.66635    
 -4.9549574E-03   26.65244    
 -4.8548547E-03   27.71070    
 -4.7547542E-03   28.84159    
 -4.6546543E-03   30.04107    
 -4.5545544E-03   31.30184    
 -4.4544544E-03   32.61572    
 -4.3543545E-03   33.97580    
 -4.2542545E-03   35.37897    
 -4.1541546E-03   36.82723    
 -4.0540514E-03   38.32824    
 -3.9539547E-03   39.89403    
 -3.8538545E-03   41.53959    
 -3.7537545E-03   43.27942    
 -3.6536546E-03   45.12475    
 -3.5535544E-03   47.08120    
 -3.4534545E-03   49.14735    
 -3.3533513E-03   51.31480    
 -3.2532546E-03   53.56944    
 -3.1531514E-03   55.89513    
 -3.0530544E-03   58.27567    
 -2.9529515E-03   60.69944    
 -2.8528546E-03   63.16020    
 -2.7527513E-03   65.65907    
 -2.6526514E-03   68.20206    
 -2.5525545E-03   70.79803    
 -2.4524515E-03   73.45490    
 -2.3523546E-03   76.17419    
 -2.2522514E-03   78.94946    
 -2.1521547E-03   81.76273    
 -2.0520515E-03   84.58779    
 -1.9519514E-03   87.39171    
 -1.8518515E-03   90.14249    
 -1.7517515E-03   92.81548    
 -1.6516515E-03   95.40118    
 -1.5515515E-03   97.91051    
 -1.4514547E-03   100.3772    
 -1.3513515E-03   102.8565    
 -1.2512516E-03   105.4174    
 -1.1511515E-03   108.1329    
 -1.0510515E-03   111.0664    
 -9.5095154E-04   114.2567    
 -8.5085153E-04   117.7055    
 -7.5074838E-04   121.3679    
 -6.5065152E-04   125.1493    
 -5.5054837E-04   128.9091    
 -4.5045157E-04   132.4711    
 -3.5034839E-04   135.6406    
 -2.5025156E-04   138.2243    
 -1.5015158E-04   140.0532    
 -5.0048413E-05   141.0020    
  5.0048413E-05   141.0020    
  1.5015158E-04   140.0532    
  2.5024841E-04   138.2244    
  3.5035156E-04   135.6406    
  4.5044839E-04   132.4712    
  5.5055157E-04   128.9089    
  6.5065152E-04   125.1493    
  7.5075153E-04   121.3678    
  8.5085153E-04   117.7055    
  9.5095154E-04   114.2567    
  1.0510515E-03   111.0664    
  1.1511483E-03   108.1331    
  1.2512516E-03   105.4174    
  1.3513515E-03   102.8565    
  1.4514514E-03   100.3773    
  1.5515515E-03   97.91052    
  1.6516515E-03   95.40117    
  1.7517515E-03   92.81548    
  1.8518515E-03   90.14249    
  1.9519514E-03   87.39172    
  2.0520545E-03   84.58772    
  2.1521514E-03   81.76279    
  2.2522546E-03   78.94932    
  2.3523513E-03   76.17424    
  2.4524515E-03   73.45490    
  2.5525515E-03   70.79816    
  2.6526514E-03   68.20206    
  2.7527546E-03   65.65896    
  2.8528513E-03   63.16028    
  2.9529545E-03   60.69934    
  3.0530514E-03   58.27572    
  3.1531546E-03   55.89503    
  3.2532513E-03   53.56951    
  3.3533545E-03   51.31469    
  3.4534577E-03   49.14729    
  3.5535544E-03   47.08120    
  3.6536576E-03   45.12471    
  3.7537545E-03   43.27942    
  3.8538512E-03   41.53963    
  3.9539547E-03   39.89403    
  4.0540514E-03   38.32824    
  4.1541546E-03   36.82723    
  4.2542513E-03   35.37903    
  4.3543545E-03   33.97580    
  4.4544511E-03   32.61578    
  4.5545544E-03   31.30184    
  4.6546576E-03   30.04103    
  4.7547608E-03   28.84153    
  4.8548514E-03   27.71077    
  4.9549546E-03   26.65244    
  5.0550578E-03   25.66631    
  5.1551545E-03   24.74709    
  5.2552512E-03   23.88550    
  5.3553544E-03   23.06991    
  5.4554576E-03   22.28863    
  5.5555543E-03   21.53180    
  5.6556575E-03   20.79295    
  5.7557542E-03   20.07000    
  5.8558574E-03   19.36497    
  5.9559545E-03   18.68302    
  6.0560578E-03   18.03059    
  6.1561605E-03   17.41378    
  6.2562511E-03   16.83661    
  6.3563543E-03   16.29963    
  6.4564575E-03   15.80003    
  6.5565608E-03   15.33193    
  6.6566574E-03   14.88749    
  6.7567541E-03   14.45869    
  6.8568573E-03   14.03869    
  6.9569605E-03   13.62334    
  7.0570577E-03   13.21173    
  7.1571544E-03   12.80602    
  7.2572576E-03   12.41067    
  7.3573608E-03   12.03127    
  7.4574575E-03   11.67296    
  7.5575607E-03   11.33896    
  7.6576574E-03   11.02997    
  7.7577541E-03   10.74366    
  7.8578573E-03   10.47518    
  7.9579605E-03   10.21823    
  8.0580637E-03   9.966241    
  8.1581539E-03   9.713939    
  8.2582571E-03   9.458147    
  8.3583603E-03   9.198608    
  8.4584635E-03   8.937823    
  8.5585546E-03   8.680371    
  8.6586578E-03   8.431780    
  8.7587601E-03   8.197233    
  8.8588577E-03   7.980544    
  8.9589609E-03   7.782956    
  9.0590576E-03   7.603206    
  9.1591608E-03   7.437607    
  9.2592575E-03   7.280955    
  9.3593607E-03   7.127656    
  9.4594639E-03   6.972912    
  9.5595606E-03   6.813736    
  9.6596573E-03   6.649447    
  9.7597605E-03   6.481773    
  9.8598637E-03   6.314364    
  9.9599604E-03   6.151820    
  1.0060057E-02   5.998595    
  1.0160160E-02   5.857997    
  1.0260263E-02   5.731363    
  1.0360360E-02   5.617805    
  1.0460457E-02   5.514388    
  1.0560560E-02   5.416794    
  1.0660663E-02   5.320297    
  1.0760760E-02   5.220815    
  1.0860863E-02   5.115766    
  1.0960961E-02   5.004583    
  1.1061064E-02   4.888844    
  1.1161161E-02   4.771836    
  1.1261264E-02   4.657716    
  1.1361361E-02   4.550664    
  1.1461457E-02   4.453828    
  1.1561560E-02   4.368651    
  1.1661664E-02   4.294625    
  1.1761767E-02   4.229344    
  1.1861857E-02   4.169096    
  1.1961960E-02   4.109656    
  1.2062063E-02   4.047276    
  1.2162167E-02   3.979458    
  1.2262263E-02   3.905448    
  1.2362360E-02   3.826388    
  1.2462463E-02   3.744911    
  1.2562566E-02   3.664590    
  1.2662663E-02   3.589033    
  1.2762766E-02   3.521001    
  1.2862863E-02   3.461867    
  1.2962961E-02   3.411215    
  1.3063064E-02   3.366975    
  1.3163166E-02   3.325896    
  1.3263264E-02   3.284300    
  1.3363360E-02   3.238870    
  1.3463464E-02   3.187439    
  1.3563567E-02   3.129421    
  1.3663670E-02   3.065973    
  1.3763760E-02   2.999721    
  1.3863863E-02   2.934100    
  1.3963967E-02   2.872702    
  1.4064063E-02   2.818347    
  1.4164167E-02   2.772594    
  1.4264263E-02   2.735308    
  1.4364366E-02   2.704762    
  1.4464463E-02   2.678057    
  1.4564566E-02   2.651730    
  1.4664663E-02   2.622553    
  1.4764766E-02   2.588245    
  1.4864863E-02   2.547918    
  1.4964966E-02   2.502269    
  1.5065069E-02   2.453367    
  1.5165160E-02   2.404171    
  1.5265264E-02   2.357798    
  1.5365367E-02   2.316843    
  1.5465470E-02   2.282789    
  1.5565567E-02   2.255634    
  1.5665663E-02   2.233982    
  1.5765766E-02   2.215281    
  1.5865870E-02   2.196489    
  1.5965967E-02   2.174717    
  1.6066063E-02   2.147869    
  1.6166165E-02   2.115170    
  1.6266270E-02   2.077274    
  1.6366366E-02   2.036118    
  1.6466470E-02   1.994500    
  1.6566567E-02   1.955430    
  1.6666664E-02   1.921465    
  1.6766766E-02   1.894127    
  1.6866870E-02   1.873621    
  1.6966973E-02   1.858732    
  1.7067064E-02   1.847215    
  1.7167166E-02   1.836175    
  1.7267270E-02   1.822844    
  1.7367372E-02   1.805099    
  1.7467469E-02   1.781998    
  1.7567566E-02   1.753910    
  1.7667670E-02   1.722426    
  1.7767766E-02   1.690010    
  1.7867869E-02   1.659363    
  1.7967965E-02   1.632872    
  1.8068070E-02   1.612026    
  1.8168166E-02   1.597100    
  1.8268269E-02   1.587087    
  1.8368373E-02   1.579961    
  1.8468469E-02   1.573091    
  1.8568566E-02   1.563885    
  1.8668670E-02   1.550342    
  1.8768772E-02   1.531497    
  1.8868877E-02   1.507618    
  1.8968966E-02   1.480169    
  1.9069070E-02   1.451426    
  1.9169172E-02   1.424006    
  1.9269269E-02   1.400243    
  1.9369366E-02   1.381686    
  1.9469470E-02   1.368756    
  1.9569572E-02   1.360681    
  1.9669669E-02   1.355664    
  1.9769773E-02   1.351291    
  1.9869870E-02   1.345094    
  1.9969972E-02   1.335099    
  2.0070069E-02   1.320250    
  2.0170173E-02   1.300658    
  2.0270275E-02   1.277527    
  2.0370366E-02   1.252918    
  2.0470470E-02   1.229230    
  2.0570572E-02   1.208705    
  2.0670675E-02   1.192895    
  2.0770766E-02   1.182347    
  2.0870870E-02   1.176478    
  2.0970972E-02   1.173724    
  2.1071076E-02   1.171915    
  2.1171173E-02   1.168755    
  2.1271270E-02   1.162332    
  2.1371372E-02   1.151565    
  2.1471476E-02   1.136415    
  2.1571573E-02   1.117889    
  2.1671675E-02   1.097763    
  2.1771772E-02   1.078238    
  2.1871869E-02   1.061340    
  2.1971973E-02   1.048551    
  2.2072075E-02   1.040400    
  2.2172179E-02   1.036393    
  2.2272268E-02   1.035105    
  2.2372372E-02   1.034526    
  2.2472475E-02   1.032489    
  2.2572579E-02   1.027187    
  2.2672670E-02   1.017579    
  2.2772772E-02   1.003589    
  2.2872875E-02  0.9861624    
  2.2972973E-02  0.9670153    
  2.3073075E-02  0.9482841    
  2.3173172E-02  0.9320216    
  2.3273276E-02  0.9197363    
  2.3373373E-02  0.9121095    
  2.3473475E-02  0.9087998    
  2.3573579E-02  0.9085675    
  2.3673676E-02  0.9095555    
  2.3773773E-02  0.9096934    
  2.3873875E-02  0.9072057    
  2.3973979E-02  0.9009643    
  2.4074068E-02  0.8907459    
  2.4174172E-02  0.8772871    
  2.4274275E-02  0.8620778    
  2.4374379E-02  0.8470340    
  2.4474476E-02  0.8340400    
  2.4574572E-02  0.8245248    
  2.4674674E-02  0.8191403    
  2.4774779E-02  0.8176104    
  2.4874875E-02  0.8188010    
  2.4974978E-02  0.8209597    
  2.5075076E-02  0.8221451    
  2.5175178E-02  0.8206294    
  2.5275275E-02  0.8153113    
  2.5375379E-02  0.8059552    
  2.5475476E-02  0.7932250    
  2.5575573E-02  0.7785603    
  2.5675675E-02  0.7638428    
  2.5775779E-02  0.7509493    
  2.5875881E-02  0.7413769    
  2.5975972E-02  0.7358814    
  2.6076075E-02  0.7343178    
  2.6176179E-02  0.7357143    
  2.6276281E-02  0.7384360    
  2.6376378E-02  0.7406178    
  2.6476474E-02  0.7405429    
  2.6576579E-02  0.7370264    
  2.6676675E-02  0.7296959    
  2.6776778E-02  0.7190396    
  2.6876874E-02  0.7063062    
  2.6976978E-02  0.6932036    
  2.7077075E-02  0.6814948    
  2.7177179E-02  0.6726320    
  2.7277282E-02  0.6674098    
  2.7377378E-02  0.6657950    
  2.7477475E-02  0.6669406    
  2.7577579E-02  0.6693874    
  2.7677681E-02  0.6713930    
  2.7777785E-02  0.6713288    
  2.7877875E-02  0.6680573    
  2.7977979E-02  0.6611714    
  2.8078081E-02  0.6510904    
  2.8178178E-02  0.6389608    
  2.8278282E-02  0.6263965    
  2.8378379E-02  0.6151108    
  2.8478481E-02  0.6065294    
  2.8578578E-02  0.6014856    
  2.8678682E-02  0.6000085    
  2.8778778E-02  0.6013555    
  2.8878881E-02  0.6041532    
  2.8978977E-02  0.6067339    
  2.9079081E-02  0.6074939    
  2.9179184E-02  0.6052575    
  2.9279275E-02  0.5995489    
  2.9379379E-02  0.5906754    
  2.9479481E-02  0.5796648    
  2.9579585E-02  0.5680406    
  2.9679682E-02  0.5574591    
  2.9779779E-02  0.5493543    
  2.9879881E-02  0.5446154    
  2.9979985E-02  0.5433924    
  3.0080082E-02  0.5450839    
  3.0180179E-02  0.5484493    
  3.0280281E-02  0.5519337    
  3.0380385E-02  0.5539814    
  3.0480482E-02  0.5534093    
  3.0580584E-02  0.5496402    
  3.0680681E-02  0.5428664    
  3.0780777E-02  0.5339497    
  3.0880881E-02  0.5242293    
  3.0980984E-02  0.5152392    
  3.1081088E-02  0.5083238    
  3.1181179E-02  0.5043527    
  3.1281281E-02  0.5035053    
  3.1381384E-02  0.5052552    
  3.1481486E-02  0.5084904    
  3.1581577E-02  0.5117509    
  3.1681683E-02  0.5135771    
  3.1781785E-02  0.5128264    
  3.1881880E-02  0.5089363    
  3.1981986E-02  0.5020546    
  3.2082081E-02  0.4929745    
  3.2182183E-02  0.4829715    
  3.2282282E-02  0.4735138    
  3.2382384E-02  0.4659091    
  3.2482486E-02  0.4610228    
  3.2582585E-02  0.4590937    
  3.2682680E-02  0.4596542    
  3.2782786E-02  0.4616823    
  3.2882888E-02  0.4637979    
  3.2982990E-02  0.4646093    
  3.3083081E-02  0.4630228    
  3.3183184E-02  0.4584776    
  3.3283286E-02  0.4511054    
  3.3383384E-02  0.4416856    
  3.3483483E-02  0.4314527    
  3.3583585E-02  0.4218657    
  3.3683687E-02  0.4142342    
  3.3783786E-02  0.4094659    
  3.3883888E-02  0.4078236    
  3.3983983E-02  0.4089110    
  3.4084089E-02  0.4117285    
  3.4184184E-02  0.4149227    
  3.4284286E-02  0.4170822    
  3.4384392E-02  0.4170542    
  3.4484480E-02  0.4142009    
  3.4584586E-02  0.4085315    
  3.4684688E-02  0.4007193    
  3.4784790E-02  0.3919209    
  3.4884881E-02  0.3835364    
  3.4984984E-02  0.3768716    
  3.5085086E-02  0.3728694    
  3.5185192E-02  0.3718800    
  3.5285287E-02  0.3736063    
  3.5385385E-02  0.3771419    
  3.5485487E-02  0.3812193    
  3.5585582E-02  0.3844471    
  3.5685688E-02  0.3856622    
  3.5785791E-02  0.3841532    
  3.5885889E-02  0.3798398    
  3.5985984E-02  0.3732591    
  3.6086086E-02  0.3654508    
  3.6186192E-02  0.3577220    
  3.6286287E-02  0.3513398    
  3.6386386E-02  0.3472451    
  3.6486488E-02  0.3458515    
  3.6586590E-02  0.3469543    
  3.6686692E-02  0.3497725    
  3.6786783E-02  0.3531503    
  3.6886886E-02  0.3558024    
  3.6986992E-02  0.3566232    
  3.7087087E-02  0.3549233    
  3.7187189E-02  0.3506038    
  3.7287287E-02  0.3441559    
  3.7387390E-02  0.3365593    
  3.7487488E-02  0.3290654    
  3.7587591E-02  0.3228987    
  3.7687693E-02  0.3189940    
  3.7787791E-02  0.3177870    
  3.7887886E-02  0.3191011    
  3.7987988E-02  0.3222231    
  3.8088094E-02  0.3260314    
  3.8188186E-02  0.3292772    
  3.8288288E-02  0.3308662    
  3.8388390E-02  0.3300952    
  3.8488492E-02  0.3268150    
  3.8588591E-02  0.3214677    
  3.8688686E-02  0.3149792    
  3.8788792E-02  0.3085474    
  3.8888894E-02  0.3033783    
  3.8988989E-02  0.3003978    
  3.9089095E-02  0.3000486    
  3.9189190E-02  0.3021937    
  3.9289292E-02  0.3061310    
  3.9389390E-02  0.3107622    
  3.9489493E-02  0.3148186    
  3.9589591E-02  0.3171614    
  3.9689686E-02  0.3170277    
  3.9789788E-02  0.3141832    
  3.9889894E-02  0.3089898    
  3.9989997E-02  0.3023078    
  4.0090088E-02  0.2953134    
  4.0190190E-02  0.2892165    
  4.0290292E-02  0.2850094    
  4.0390395E-02  0.2832450    
  4.0490493E-02  0.2839017    
  4.0590592E-02  0.2864361    
  4.0690694E-02  0.2898724    
  4.0790789E-02  0.2930528    
  4.0890895E-02  0.2948995    
  4.0990990E-02  0.2946723    
  4.1091092E-02  0.2921095    
  4.1191190E-02  0.2875131    
  4.1291293E-02  0.2816773    
  4.1391395E-02  0.2757002    
  4.1491494E-02  0.2707199    
  4.1591588E-02  0.2676898    
  4.1691694E-02  0.2671306    
  4.1791797E-02  0.2690141    
  4.1891899E-02  0.2727834    
  4.1991990E-02  0.2774566    
  4.2092092E-02  0.2818418    
  4.2192195E-02  0.2848167    
  4.2292293E-02  0.2855611    
  4.2392395E-02  0.2837391    
  4.2492494E-02  0.2795775    
  4.2592596E-02  0.2737906    
  4.2692695E-02  0.2674401    
  4.2792797E-02  0.2616786    
  4.2892892E-02  0.2574916    
  4.2992998E-02  0.2554838    
  4.3093093E-02  0.2557411    
  4.3193195E-02  0.2578235    
  4.3293301E-02  0.2608592    
  4.3393388E-02  0.2637490    
  4.3493494E-02  0.2654193    
  4.3593597E-02  0.2650705    
  4.3693699E-02  0.2623496    
  4.3793797E-02  0.2574357    
  4.3893892E-02  0.2510104    
  4.3993995E-02  0.2440915    
  4.4094101E-02  0.2378079    
  4.4194195E-02  0.2331659    
  4.4294294E-02  0.2308019    
  4.4394396E-02  0.2308625    
  4.4494499E-02  0.2329575    
  4.4594597E-02  0.2362671    
  4.4694699E-02  0.2397174    
  4.4794798E-02  0.2422162    
  4.4894893E-02  0.2429124    
  4.4994995E-02  0.2413707    
  4.5095101E-02  0.2376636    
  4.5195203E-02  0.2323697    
  4.5295294E-02  0.2264059    
  4.5395397E-02  0.2208519    
  4.5495499E-02  0.2166874    
  4.5595601E-02  0.2145724    
  4.5695692E-02  0.2147061    
  4.5795795E-02  0.2167812    
  4.5895901E-02  0.2200577    
  4.5995995E-02  0.2235267    
  4.6096098E-02  0.2261484    
  4.6196196E-02  0.2270720    
  4.6296299E-02  0.2258382    
  4.6396397E-02  0.2224659    
  4.6496499E-02  0.2174502    
  4.6596602E-02  0.2116522    
  4.6696700E-02  0.2060961    
  4.6796795E-02  0.2017326    
  4.6896901E-02  0.1992337    
  4.6997003E-02  0.1988416    
  4.7097094E-02  0.2003153    
  4.7197197E-02  0.2029938    
  4.7297299E-02  0.2059482    
  4.7397401E-02  0.2081943    
  4.7497500E-02  0.2089141    
  4.7597595E-02  0.2076617    
  4.7697701E-02  0.2044369    
  4.7797803E-02  0.1997096    
  4.7897898E-02  0.1942855    
  4.7998004E-02  0.1891619    
  4.8098098E-02  0.1852602    
  4.8198201E-02  0.1832404    
  4.8298299E-02  0.1833487    
  4.8398402E-02  0.1853542    
  4.8498504E-02  0.1886110    
  4.8598595E-02  0.1921885    
  4.8698701E-02  0.1950978    
  4.8798803E-02  0.1965013    
  4.8898906E-02  0.1959072    
  4.8998997E-02  0.1932747    
  4.9099099E-02  0.1890263    
  4.9199201E-02  0.1839468    
  4.9299307E-02  0.1790108    
  4.9399402E-02  0.1751692    
  4.9499501E-02  0.1731140    
  4.9599603E-02  0.1731577    
  4.9699698E-02  0.1751371    
  4.9799804E-02  0.1784674    
  4.9899906E-02  0.1822716    
  5.0000001E-02  0.1855817    
