 -0.1000000      8.6357750E-02
 -9.9799804E-02  8.6017892E-02
 -9.9599607E-02  8.6193800E-02
 -9.9399403E-02  8.6956717E-02
 -9.9199206E-02  8.8132098E-02
 -9.8999001E-02  8.9367099E-02
 -9.8798804E-02  9.0280227E-02
 -9.8598607E-02  9.0617955E-02
 -9.8398402E-02  9.0363331E-02
 -9.8198205E-02  8.9743972E-02
 -9.7998008E-02  8.9140832E-02
 -9.7797804E-02  8.8929661E-02
 -9.7597606E-02  8.9332402E-02
 -9.7397402E-02  9.0319373E-02
 -9.7197205E-02  9.1626026E-02
 -9.6997000E-02  9.2858344E-02
 -9.6796796E-02  9.3655594E-02
 -9.6596599E-02  9.3839169E-02
 -9.6396402E-02  9.3485959E-02
 -9.6196197E-02  9.2896909E-02
 -9.5996000E-02  9.2473753E-02
 -9.5795795E-02  9.2553981E-02
 -9.5595598E-02  9.3270577E-02
 -9.5395401E-02  9.4498061E-02
 -9.5195197E-02  9.5903300E-02
 -9.4994999E-02  9.7083256E-02
 -9.4794795E-02  9.7729780E-02
 -9.4594598E-02  9.7760729E-02
 -9.4394401E-02  9.7350419E-02
 -9.4194196E-02  9.6860789E-02
 -9.3993999E-02  9.6690513E-02
 -9.3793802E-02  9.7111046E-02
 -9.3593597E-02  9.8151140E-02
 -9.3393400E-02  9.9584334E-02
 -9.3193196E-02  0.1010188    
 -9.2992999E-02  0.1020608    
 -9.2792802E-02  0.1024642    
 -9.2592597E-02  0.1022459    
 -9.2392400E-02  0.1016625    
 -9.2192195E-02  0.1011137    
 -9.1991998E-02  0.1009660    
 -9.1791801E-02  0.1014102    
 -9.1591589E-02  0.1023680    
 -9.1391392E-02  0.1035389    
 -9.1191195E-02  0.1045123    
 -9.0990990E-02  0.1049473    
 -9.0790793E-02  0.1047217    
 -9.0590589E-02  0.1039752    
 -9.0390392E-02  0.1030721    
 -9.0190195E-02  0.1024487    
 -8.9989990E-02  0.1024360    
 -8.9789793E-02  0.1031338    
 -8.9589596E-02  0.1043571    
 -8.9389391E-02  0.1057266    
 -8.9189194E-02  0.1068108    
 -8.8988990E-02  0.1073127    
 -8.8788792E-02  0.1071906    
 -8.8588595E-02  0.1066801    
 -8.8388391E-02  0.1061871    
 -8.8188194E-02  0.1061326    
 -8.7987989E-02  0.1067795    
 -8.7787792E-02  0.1081084    
 -8.7587595E-02  0.1098386    
 -8.7387390E-02  0.1115330    
 -8.7187193E-02  0.1127745    
 -8.6986996E-02  0.1133407    
 -8.6786792E-02  0.1132843    
 -8.6586587E-02  0.1129190    
 -8.6386390E-02  0.1126798    
 -8.6186193E-02  0.1129489    
 -8.5985996E-02  0.1138913    
 -8.5785784E-02  0.1153906    
 -8.5585594E-02  0.1170890    
 -8.5385390E-02  0.1185447    
 -8.5185193E-02  0.1194053    
 -8.4984988E-02  0.1195639    
 -8.4784783E-02  0.1191970    
 -8.4584586E-02  0.1187010    
 -8.4384389E-02  0.1185259    
 -8.4184185E-02  0.1189896    
 -8.3983988E-02  0.1201534    
 -8.3783783E-02  0.1217820    
 -8.3583586E-02  0.1234578    
 -8.3383389E-02  0.1247410    
 -8.3183184E-02  0.1253612    
 -8.2982987E-02  0.1253236    
 -8.2782790E-02  0.1249153    
 -8.2582586E-02  0.1245849    
 -8.2382388E-02  0.1247621    
 -8.2182184E-02  0.1256609    
 -8.1981987E-02  0.1272167    
 -8.1781790E-02  0.1290685    
 -8.1581585E-02  0.1307355    
 -8.1381388E-02  0.1317913    
 -8.1181183E-02  0.1320388    
 -8.0980986E-02  0.1315943    
 -8.0780789E-02  0.1308405    
 -8.0580585E-02  0.1302689    
 -8.0380380E-02  0.1302848    
 -8.0180183E-02  0.1310390    
 -7.9979979E-02  0.1323746    
 -7.9779789E-02  0.1338993    
 -7.9579577E-02  0.1351439    
 -7.9379380E-02  0.1357649    
 -7.9179183E-02  0.1356946    
 -7.8978978E-02  0.1351646    
 -7.8778781E-02  0.1346154    
 -7.8578584E-02  0.1345176    
 -7.8378379E-02  0.1351658    
 -7.8178182E-02  0.1365649    
 -7.7977978E-02  0.1384129    
 -7.7777781E-02  0.1402215    
 -7.7577583E-02  0.1415200    
 -7.7377379E-02  0.1420344    
 -7.7177182E-02  0.1418077    
 -7.6976977E-02  0.1411806    
 -7.6776780E-02  0.1406450    
 -7.6576583E-02  0.1406444    
 -7.6376379E-02  0.1413973    
 -7.6176181E-02  0.1427931    
 -7.5975977E-02  0.1444514    
 -7.5775780E-02  0.1458746    
 -7.5575583E-02  0.1466572    
 -7.5375371E-02  0.1466611    
 -7.5175181E-02  0.1460740    
 -7.4974984E-02  0.1453474    
 -7.4774779E-02  0.1450097    
 -7.4574575E-02  0.1454591    
 -7.4374378E-02  0.1467998    
 -7.4174173E-02  0.1488029    
 -7.3973976E-02  0.1509976    
 -7.3773772E-02  0.1528733    
 -7.3573582E-02  0.1540753    
 -7.3373377E-02  0.1545645    
 -7.3173173E-02  0.1546154    
 -7.2972976E-02  0.1547020    
 -7.2772779E-02  0.1553093    
 -7.2572574E-02  0.1567053    
 -7.2372384E-02  0.1588357    
 -7.2172172E-02  0.1613344    
 -7.1971975E-02  0.1636784    
 -7.1771778E-02  0.1653852    
 -7.1571574E-02  0.1662297    
 -7.1371377E-02  0.1663230    
 -7.1171172E-02  0.1660898    
 -7.0970975E-02  0.1660763    
 -7.0770770E-02  0.1667457    
 -7.0570573E-02  0.1682761    
 -7.0370376E-02  0.1704952    
 -7.0170172E-02  0.1729468    
 -6.9969974E-02  0.1750789    
 -6.9769777E-02  0.1764719    
 -6.9569565E-02  0.1770146    
 -6.9369376E-02  0.1769494    
 -6.9169171E-02  0.1767783    
 -6.8968974E-02  0.1770494    
 -6.8768770E-02  0.1781378    
 -6.8568572E-02  0.1800810    
 -6.8368368E-02  0.1825703    
 -6.8168171E-02  0.1850668    
 -6.7967966E-02  0.1870233    
 -6.7767777E-02  0.1881268    
 -6.7567572E-02  0.1884061    
 -6.7367375E-02  0.1882455    
 -6.7167170E-02  0.1882209    
 -6.6966973E-02  0.1888649    
 -6.6766769E-02  0.1904546    
 -6.6566572E-02  0.1928843    
 -6.6366367E-02  0.1957197    
 -6.6166170E-02  0.1983588    
 -6.5965965E-02  0.2002826    
 -6.5765768E-02  0.2012723    
 -6.5565571E-02  0.2014806    
 -6.5365367E-02  0.2013902    
 -6.5165170E-02  0.2015948    
 -6.4964965E-02  0.2025663    
 -6.4764768E-02  0.2044519    
 -6.4564571E-02  0.2070176    
 -6.4364366E-02  0.2097346    
 -6.4164162E-02  0.2120105    
 -6.3963972E-02  0.2134244    
 -6.3763760E-02  0.2139101    
 -6.3563570E-02  0.2137841    
 -6.3363366E-02  0.2136302    
 -6.3163169E-02  0.2140553    
 -6.2962972E-02  0.2154430    
 -6.2762767E-02  0.2178048    
 -6.2562563E-02  0.2207707    
 -6.2362369E-02  0.2237437    
 -6.2162161E-02  0.2261425    
 -6.1961967E-02  0.2276391    
 -6.1761763E-02  0.2283005    
 -6.1561570E-02  0.2285428    
 -6.1361361E-02  0.2289772    
 -6.1161164E-02  0.2301394    
 -6.0960963E-02  0.2322748    
 -6.0760763E-02  0.2352388    
 -6.0560562E-02  0.2385556    
 -6.0360368E-02  0.2416175    
 -6.0160164E-02  0.2439478    
 -5.9959963E-02  0.2453999    
 -5.9759762E-02  0.2462232    
 -5.9559561E-02  0.2469710    
 -5.9359364E-02  0.2482518    
 -5.9159163E-02  0.2504881    
 -5.8958963E-02  0.2537092    
 -5.8758758E-02  0.2575359    
 -5.8558561E-02  0.2613145    
 -5.8358356E-02  0.2643639    
 -5.8158163E-02  0.2662651    
 -5.7957955E-02  0.2670138    
 -5.7757761E-02  0.2670331    
 -5.7557564E-02  0.2670050    
 -5.7357363E-02  0.2675962    
 -5.7157155E-02  0.2691846    
 -5.6956962E-02  0.2717132    
 -5.6756757E-02  0.2747204    
 -5.6556564E-02  0.2775280    
 -5.6356356E-02  0.2795294    
 -5.6156155E-02  0.2804468    
 -5.5955958E-02  0.2804545    
 -5.5755757E-02  0.2801167    
 -5.5555556E-02  0.2801729    
 -5.5355355E-02  0.2812393    
 -5.5155158E-02  0.2835649    
 -5.4954965E-02  0.2869396    
 -5.4754756E-02  0.2907908    
 -5.4554556E-02  0.2944031    
 -5.4354358E-02  0.2972319    
 -5.4154158E-02  0.2991207    
 -5.3953957E-02  0.3003525    
 -5.3753756E-02  0.3015326    
 -5.3553555E-02  0.3033298    
 -5.3353351E-02  0.3061745    
 -5.3153157E-02  0.3100864    
 -5.2952953E-02  0.3146324    
 -5.2752752E-02  0.3191153    
 -5.2552558E-02  0.3228334    
 -5.2352358E-02  0.3253879    
 -5.2152157E-02  0.3268295    
 -5.1951952E-02  0.3276628    
 -5.1751755E-02  0.3286284    
 -5.1551554E-02  0.3304115    
 -5.1351354E-02  0.3333735    
 -5.1151153E-02  0.3373955    
 -5.0950952E-02  0.3419405    
 -5.0750751E-02  0.3462916    
 -5.0550550E-02  0.3498302    
 -5.0350349E-02  0.3523231    
 -5.0150152E-02  0.3540147    
 -4.9949955E-02  0.3555112    
 -4.9749754E-02  0.3575595    
 -4.9549554E-02  0.3606947    
 -4.9349349E-02  0.3650335    
 -4.9149152E-02  0.3702024    
 -4.8948951E-02  0.3754714    
 -4.8748750E-02  0.3800669    
 -4.8548549E-02  0.3834661    
 -4.8348352E-02  0.3856422    
 -4.8148151E-02  0.3870612    
 -4.7947947E-02  0.3885226    
 -4.7747746E-02  0.3908316    
 -4.7547549E-02  0.3944797    
 -4.7347352E-02  0.3994402    
 -4.7147151E-02  0.4052055    
 -4.6946950E-02  0.4109555    
 -4.6746749E-02  0.4159268    
 -4.6546545E-02  0.4197069    
 -4.6346344E-02  0.4223962    
 -4.6146151E-02  0.4245745    
 -4.5945950E-02  0.4270406    
 -4.5745749E-02  0.4304794    
 -4.5545552E-02  0.4351735    
 -4.5345344E-02  0.4408800    
 -4.5145150E-02  0.4469157    
 -4.4944946E-02  0.4524536    
 -4.4744752E-02  0.4568488    
 -4.4544544E-02  0.4599336    
 -4.4344343E-02  0.4620719    
 -4.4144146E-02  0.4640362    
 -4.3943945E-02  0.4666935    
 -4.3743752E-02  0.4706430    
 -4.3543544E-02  0.4759825    
 -4.3343343E-02  0.4822566    
 -4.3143146E-02  0.4886485    
 -4.2942945E-02  0.4943352    
 -4.2742744E-02  0.4988053    
 -4.2542543E-02  0.5021049    
 -4.2342346E-02  0.5048206    
 -4.2142145E-02  0.5078356    
 -4.1941937E-02  0.5119967    
 -4.1741744E-02  0.5177379    
 -4.1541539E-02  0.5249314    
 -4.1341346E-02  0.5329060    
 -4.1141145E-02  0.5407520    
 -4.0940944E-02  0.5476832    
 -4.0740743E-02  0.5533636    
 -4.0540539E-02  0.5580593    
 -4.0340345E-02  0.5625345    
 -4.0140137E-02  0.5677316    
 -3.9939944E-02  0.5743937    
 -3.9739739E-02  0.5827484    
 -3.9539546E-02  0.5924067    
 -3.9339337E-02  0.6025322    
 -3.9139140E-02  0.6121576    
 -3.8938940E-02  0.6206138    
 -3.8738739E-02  0.6277938    
 -3.8538545E-02  0.6341981    
 -3.8338337E-02  0.6407325    
 -3.8138144E-02  0.6483197    
 -3.7937939E-02  0.6575000    
 -3.7737738E-02  0.6682007    
 -3.7537538E-02  0.6797285    
 -3.7337340E-02  0.6910308    
 -3.7137140E-02  0.7011279    
 -3.6936939E-02  0.7095032    
 -3.6736738E-02  0.7163170    
 -3.6536537E-02  0.7223686    
 -3.6336333E-02  0.7287645    
 -3.6136139E-02  0.7364810    
 -3.5935938E-02  0.7459847    
 -3.5735738E-02  0.7570345    
 -3.5535540E-02  0.7688009    
 -3.5335340E-02  0.7802189    
 -3.5135139E-02  0.7904072    
 -3.4934934E-02  0.7990913    
 -3.4734737E-02  0.8066844    
 -3.4534533E-02  0.8141469    
 -3.4334339E-02  0.8225830    
 -3.4134131E-02  0.8327985    
 -3.3933938E-02  0.8449269    
 -3.3733733E-02  0.8583922    
 -3.3533532E-02  0.8721126    
 -3.3333339E-02  0.8849573    
 -3.3133134E-02  0.8962098    
 -3.2932941E-02  0.9058586    
 -3.2732733E-02  0.9146503    
 -3.2532532E-02  0.9237813    
 -3.2332331E-02  0.9344210    
 -3.2132134E-02  0.9472461    
 -3.1931933E-02  0.9621611    
 -3.1731732E-02  0.9783421    
 -3.1531531E-02  0.9945585    
 -3.1331334E-02   1.009707    
 -3.1131126E-02   1.023238    
 -3.0930933E-02   1.035408    
 -3.0730734E-02   1.047185    
 -3.0530533E-02   1.059857    
 -3.0330332E-02   1.074495    
 -3.0130133E-02   1.091541    
 -2.9929932E-02   1.110597    
 -2.9729726E-02   1.130615    
 -2.9529532E-02   1.150298    
 -2.9329326E-02   1.168658    
 -2.9129133E-02   1.185393    
 -2.8928926E-02   1.201033    
 -2.8728733E-02   1.216691    
 -2.8528526E-02   1.233600    
 -2.8328327E-02   1.252586    
 -2.8128132E-02   1.273712    
 -2.7927926E-02   1.296233    
 -2.7727732E-02   1.318925    
 -2.7527526E-02   1.340582    
 -2.7327333E-02   1.360562    
 -2.7127126E-02   1.379095    
 -2.6926927E-02   1.397205    
 -2.6726726E-02   1.416341    
 -2.6526527E-02   1.437799    
 -2.6326327E-02   1.462161    
 -2.6126128E-02   1.489067    
 -2.5925932E-02   1.517328    
 -2.5725726E-02   1.545393    
 -2.5525527E-02   1.571989    
 -2.5325326E-02   1.596643    
 -2.5125127E-02   1.619886    
 -2.4924926E-02   1.643092    
 -2.4724727E-02   1.667925    
 -2.4524527E-02   1.695704    
 -2.4324328E-02   1.726884    
 -2.4124121E-02   1.760911    
 -2.3923926E-02   1.796445    
 -2.3723722E-02   1.831987    
 -2.3523526E-02   1.866469    
 -2.3323327E-02   1.899767    
 -2.3123126E-02   1.932709    
 -2.2922928E-02   1.966772    
 -2.2722721E-02   2.003472    
 -2.2522528E-02   2.043678    
 -2.2322321E-02   2.087291    
 -2.2122128E-02   2.133230    
 -2.1921922E-02   2.179893    
 -2.1721721E-02   2.225853    
 -2.1521520E-02   2.270485    
 -2.1321321E-02   2.314287    
 -2.1121120E-02   2.358709    
 -2.0920921E-02   2.405633    
 -2.0720728E-02   2.456591    
 -2.0520521E-02   2.512138    
 -2.0320321E-02   2.571604    
 -2.0120122E-02   2.633356    
 -1.9919921E-02   2.695417    
 -1.9719722E-02   2.756325    
 -1.9519521E-02   2.815709    
 -1.9319320E-02   2.874520    
 -1.9119121E-02   2.934650    
 -1.8918915E-02   2.998224    
 -1.8718721E-02   3.066715    
 -1.8518515E-02   3.140404    
 -1.8318322E-02   3.218246    
 -1.8118121E-02   3.298356    
 -1.7917922E-02   3.378816    
 -1.7717721E-02   3.458558    
 -1.7517515E-02   3.537902    
 -1.7317321E-02   3.618515    
 -1.7117115E-02   3.702880    
 -1.6916921E-02   3.793344    
 -1.6716715E-02   3.891285    
 -1.6516522E-02   3.996583    
 -1.6316315E-02   4.107770    
 -1.6116114E-02   4.222693    
 -1.5915915E-02   4.339502    
 -1.5715715E-02   4.457503    
 -1.5515521E-02   4.577572    
 -1.5315315E-02   4.701896    
 -1.5115121E-02   4.833143    
 -1.4914915E-02   4.973497    
 -1.4714715E-02   5.123713    
 -1.4514515E-02   5.282952    
 -1.4314315E-02   5.449118    
 -1.4114115E-02   5.619807    
 -1.3913915E-02   5.793428    
 -1.3713715E-02   5.970029    
 -1.3513515E-02   6.151434    
 -1.3313308E-02   6.340717    
 -1.3113115E-02   6.541071    
 -1.2912915E-02   6.754821    
 -1.2712715E-02   6.982522    
 -1.2512515E-02   7.223011    
 -1.2312309E-02   7.474164    
 -1.2112116E-02   7.734023    
 -1.1911909E-02   8.002038    
 -1.1711715E-02   8.279598    
 -1.1511508E-02   8.569984    
 -1.1311315E-02   8.877303    
 -1.1111109E-02   9.205275    
 -1.0910909E-02   9.555923    
 -1.0710709E-02   9.929195    
 -1.0510509E-02   10.32329    
 -1.0310316E-02   10.73579    
 -1.0110109E-02   11.16536    
 -9.9099148E-03   11.61268    
 -9.7097093E-03   12.08107    
 -9.5095085E-03   12.57568    
 -9.3093086E-03   13.10214    
 -9.1091087E-03   13.66492    
 -8.9089088E-03   14.26608    
 -8.7087089E-03   14.90508    
 -8.5085090E-03   15.57974    
 -8.3083091E-03   16.28793    
 -8.1081027E-03   17.02930    
 -7.9079093E-03   17.80640    
 -7.7077090E-03   18.62498    
 -7.5075091E-03   19.49224    
 -7.3073092E-03   20.41514    
 -7.1071088E-03   21.39834    
 -6.9069089E-03   22.44294    
 -6.7067025E-03   23.54709    
 -6.5065091E-03   24.70711    
 -6.3063027E-03   25.92032    
 -6.1061089E-03   27.18651    
 -5.9059029E-03   28.50915    
 -5.7057091E-03   29.89411    
 -5.5055027E-03   31.34782    
 -5.3053028E-03   32.87364    
 -5.1051090E-03   34.47011    
 -4.9049030E-03   36.13012    
 -4.7047092E-03   37.84174    
 -4.5045028E-03   39.59180    
 -4.3043094E-03   41.36868    
 -4.1041030E-03   43.16547    
 -3.9039028E-03   44.97974    
 -3.7037029E-03   46.81221    
 -3.5035030E-03   48.66320    
 -3.3033029E-03   50.52916    
 -3.1031030E-03   52.40126    
 -2.9029094E-03   54.26736    
 -2.7027030E-03   56.11724    
 -2.5025031E-03   57.94920    
 -2.3023030E-03   59.77670    
 -2.1021031E-03   61.63009    
 -1.9019031E-03   63.55224    
 -1.7017031E-03   65.58723    
 -1.5014968E-03   67.76359    
 -1.3013030E-03   70.07626    
 -1.1010967E-03   72.47362    
 -9.0090313E-04   74.85181    
 -7.0069678E-04   77.06310    
 -5.0050311E-04   78.93459    
 -3.0030316E-04   80.29745    
 -1.0009683E-04   81.01620    
  1.0009683E-04   81.01620    
  3.0030316E-04   80.29745    
  5.0049683E-04   78.93470    
  7.0070312E-04   77.06304    
  9.0089679E-04   74.85188    
  1.1011031E-03   72.47356    
  1.3013030E-03   70.07626    
  1.5015031E-03   67.76350    
  1.7017031E-03   65.58723    
  1.9019031E-03   63.55224    
  2.1021031E-03   61.63009    
  2.3022967E-03   59.77673    
  2.5025031E-03   57.94920    
  2.7027030E-03   56.11724    
  2.9029029E-03   54.26742    
  3.1031030E-03   52.40127    
  3.3033029E-03   50.52916    
  3.5035030E-03   48.66320    
  3.7037029E-03   46.81219    
  3.9039028E-03   44.97974    
  4.1041090E-03   43.16541    
  4.3043029E-03   41.36874    
  4.5045093E-03   39.59175    
  4.7047026E-03   37.84181    
  4.9049030E-03   36.13013    
  5.1051029E-03   34.47017    
  5.3053028E-03   32.87364    
  5.5055092E-03   31.34777    
  5.7057026E-03   29.89418    
  5.9059090E-03   28.50912    
  6.1061028E-03   27.18653    
  6.3063093E-03   25.92028    
  6.5065026E-03   24.70714    
  6.7067090E-03   23.54705    
  6.9069155E-03   22.44290    
  7.1071088E-03   21.39833    
  7.3073152E-03   20.41512    
  7.5075091E-03   19.49224    
  7.7077025E-03   18.62501    
  7.9079093E-03   17.80640    
  8.1081027E-03   17.02929    
  8.3083091E-03   16.28793    
  8.5085025E-03   15.57978    
  8.7087089E-03   14.90508    
  8.9089023E-03   14.26610    
  9.1091087E-03   13.66492    
  9.3093151E-03   13.10213    
  9.5095215E-03   12.57564    
  9.7097028E-03   12.08109    
  9.9099092E-03   11.61269    
  1.0110116E-02   11.16535    
  1.0310309E-02   10.73579    
  1.0510502E-02   10.32329    
  1.0710709E-02   9.929195    
  1.0910915E-02   9.555907    
  1.1111109E-02   9.205276    
  1.1311315E-02   8.877304    
  1.1511508E-02   8.569985    
  1.1711715E-02   8.279599    
  1.1911909E-02   8.002037    
  1.2112116E-02   7.734023    
  1.2312321E-02   7.474150    
  1.2512502E-02   7.223027    
  1.2712709E-02   6.982527    
  1.2912915E-02   6.754822    
  1.3113122E-02   6.541062    
  1.3313315E-02   6.340700    
  1.3513508E-02   6.151439    
  1.3713715E-02   5.970029    
  1.3913921E-02   5.793428    
  1.4114115E-02   5.619808    
  1.4314309E-02   5.449117    
  1.4514515E-02   5.282952    
  1.4714722E-02   5.123711    
  1.4914915E-02   4.973495    
  1.5115121E-02   4.833143    
  1.5315315E-02   4.701896    
  1.5515508E-02   4.577583    
  1.5715715E-02   4.457503    
  1.5915921E-02   4.339501    
  1.6116127E-02   4.222683    
  1.6316308E-02   4.107769    
  1.6516514E-02   3.996585    
  1.6716721E-02   3.891288    
  1.6916927E-02   3.793344    
  1.7117109E-02   3.702884    
  1.7317316E-02   3.618519    
  1.7517520E-02   3.537903    
  1.7717715E-02   3.458568    
  1.7917922E-02   3.378817    
  1.8118115E-02   3.298353    
  1.8318322E-02   3.218246    
  1.8518515E-02   3.140404    
  1.8718721E-02   3.066715    
  1.8918928E-02   2.998223    
  1.9119121E-02   2.934651    
  1.9319315E-02   2.874516    
  1.9519521E-02   2.815709    
  1.9719727E-02   2.756319    
  1.9919921E-02   2.695417    
  2.0120114E-02   2.633359    
  2.0320321E-02   2.571605    
  2.0520527E-02   2.512137    
  2.0720720E-02   2.456590    
  2.0920914E-02   2.405633    
  2.1121120E-02   2.358709    
  2.1321326E-02   2.314283    
  2.1521520E-02   2.270486    
  2.1721726E-02   2.225853    
  2.1921922E-02   2.179893    
  2.2122128E-02   2.133229    
  2.2322321E-02   2.087291    
  2.2522528E-02   2.043677    
  2.2722721E-02   2.003472    
  2.2922914E-02   1.966782    
  2.3123121E-02   1.932712    
  2.3323327E-02   1.899768    
  2.3523534E-02   1.866473    
  2.3723714E-02   1.831985    
  2.3923920E-02   1.796442    
  2.4124127E-02   1.760904    
  2.4324333E-02   1.726882    
  2.4524527E-02   1.695704    
  2.4724720E-02   1.667928    
  2.4924926E-02   1.643092    
  2.5125133E-02   1.619885    
  2.5325326E-02   1.596643    
  2.5525533E-02   1.571990    
  2.5725726E-02   1.545393    
  2.5925921E-02   1.517330    
  2.6126128E-02   1.489067    
  2.6326332E-02   1.462162    
  2.6526527E-02   1.437798    
  2.6726721E-02   1.416343    
  2.6926927E-02   1.397205    
  2.7127134E-02   1.379094    
  2.7327340E-02   1.360566    
  2.7527520E-02   1.340581    
  2.7727727E-02   1.318925    
  2.7927933E-02   1.296234    
  2.8128127E-02   1.273713    
  2.8328333E-02   1.252584    
  2.8528526E-02   1.233600    
  2.8728733E-02   1.216691    
  2.8928926E-02   1.201033    
  2.9129133E-02   1.185393    
  2.9329326E-02   1.168657    
  2.9529532E-02   1.150298    
  2.9729726E-02   1.130615    
  2.9929932E-02   1.110598    
  3.0130139E-02   1.091539    
  3.0330321E-02   1.074497    
  3.0530527E-02   1.059860    
  3.0730734E-02   1.047184    
  3.0930940E-02   1.035408    
  3.1131133E-02   1.023235    
  3.1331327E-02   1.009707    
  3.1531531E-02  0.9945587    
  3.1731740E-02  0.9783385    
  3.1931933E-02  0.9621612    
  3.2132126E-02  0.9472455    
  3.2332331E-02  0.9344209    
  3.2532539E-02  0.9237798    
  3.2732733E-02  0.9146503    
  3.2932941E-02  0.9058588    
  3.3133134E-02  0.8962093    
  3.3333328E-02  0.8849568    
  3.3533532E-02  0.8721128    
  3.3733740E-02  0.8583870    
  3.3933945E-02  0.8449244    
  3.4134127E-02  0.8327984    
  3.4334332E-02  0.8225834    
  3.4534540E-02  0.8141457    
  3.4734745E-02  0.8066834    
  3.4934938E-02  0.7990880    
  3.5135131E-02  0.7904073    
  3.5335340E-02  0.7802188    
  3.5535533E-02  0.7688006    
  3.5735738E-02  0.7570344    
  3.5935931E-02  0.7459841    
  3.6136139E-02  0.7364810    
  3.6336333E-02  0.7287647    
  3.6536537E-02  0.7223685    
  3.6736745E-02  0.7163176    
  3.6936939E-02  0.7095032    
  3.7137132E-02  0.7011262    
  3.7337340E-02  0.6910304    
  3.7537545E-02  0.6797293    
  3.7737753E-02  0.6682019    
  3.7937932E-02  0.6575003    
  3.8138140E-02  0.6483163    
  3.8338345E-02  0.6407326    
  3.8538538E-02  0.6342010    
  3.8738731E-02  0.6277938    
  3.8938940E-02  0.6206136    
  3.9139144E-02  0.6121522    
  3.9339337E-02  0.6025321    
  3.9539546E-02  0.5924067    
  3.9739739E-02  0.5827481    
  3.9939944E-02  0.5743938    
  4.0140137E-02  0.5677315    
  4.0340345E-02  0.5625344    
  4.0540550E-02  0.5580596    
  4.0740732E-02  0.5533633    
  4.0940940E-02  0.5476809    
  4.1141145E-02  0.5407518    
  4.1341349E-02  0.5329038    
  4.1541532E-02  0.5249305    
  4.1741740E-02  0.5177376    
  4.1941945E-02  0.5119932    
  4.2142153E-02  0.5078363    
  4.2342346E-02  0.5048206    
  4.2542540E-02  0.5021080    
  4.2742744E-02  0.4988052    
  4.2942952E-02  0.4943370    
  4.3143146E-02  0.4886485    
  4.3343350E-02  0.4822555    
  4.3543544E-02  0.4759824    
  4.3743737E-02  0.4706465    
  4.3943945E-02  0.4666935    
  4.4144150E-02  0.4640337    
  4.4344358E-02  0.4620730    
  4.4544537E-02  0.4599315    
  4.4744745E-02  0.4568512    
  4.4944949E-02  0.4524532    
  4.5145158E-02  0.4469167    
  4.5345340E-02  0.4408788    
  4.5545544E-02  0.4351735    
  4.5745749E-02  0.4304794    
  4.5945946E-02  0.4270421    
  4.6146151E-02  0.4245745    
  4.6346344E-02  0.4223960    
  4.6546552E-02  0.4197056    
  4.6746746E-02  0.4159279    
  4.6946950E-02  0.4109553    
  4.7147159E-02  0.4052053    
  4.7347352E-02  0.3994403    
  4.7547545E-02  0.3944783    
  4.7747750E-02  0.3908306    
  4.7947958E-02  0.3885233    
  4.8148137E-02  0.3870620    
  4.8348345E-02  0.3856412    
  4.8548549E-02  0.3834662    
  4.8748758E-02  0.3800656    
  4.8948951E-02  0.3754716    
  4.9149144E-02  0.3702016    
  4.9349349E-02  0.3650335    
  4.9549557E-02  0.3606932    
  4.9749751E-02  0.3575592    
  4.9949955E-02  0.3555123    
  5.0150152E-02  0.3540135    
  5.0350357E-02  0.3523228    
  5.0550550E-02  0.3498301    
  5.0750758E-02  0.3462873    
  5.0950952E-02  0.3419402    
  5.1151145E-02  0.3373947    
  5.1351350E-02  0.3333744    
  5.1551558E-02  0.3304138    
  5.1751763E-02  0.3286279    
  5.1951945E-02  0.3276609    
  5.2152149E-02  0.3268305    
  5.2352358E-02  0.3253879    
  5.2552562E-02  0.3228334    
  5.2752756E-02  0.3191143    
  5.2952949E-02  0.3146322    
  5.3153157E-02  0.3100860    
  5.3353351E-02  0.3061741    
  5.3553555E-02  0.3033298    
  5.3753749E-02  0.3015332    
  5.3953957E-02  0.3003524    
  5.4154150E-02  0.2991199    
  5.4354358E-02  0.2972319    
  5.4554563E-02  0.2944011    
  5.4754756E-02  0.2907908    
  5.4954950E-02  0.2869436    
  5.5155158E-02  0.2835649    
  5.5355363E-02  0.2812380    
  5.5555571E-02  0.2801734    
  5.5755749E-02  0.2801168    
  5.5955958E-02  0.2804546    
  5.6156162E-02  0.2804467    
  5.6356356E-02  0.2795294    
  5.6556564E-02  0.2775282    
  5.6756757E-02  0.2747203    
  5.6956962E-02  0.2717131    
  5.7157155E-02  0.2691847    
  5.7357363E-02  0.2675963    
  5.7557557E-02  0.2670062    
  5.7757761E-02  0.2670332    
  5.7957955E-02  0.2670137    
  5.8158163E-02  0.2662652    
  5.8358368E-02  0.2643653    
  5.8558550E-02  0.2613128    
  5.8758758E-02  0.2575357    
  5.8958963E-02  0.2537092    
  5.9159171E-02  0.2504872    
  5.9359364E-02  0.2482518    
  5.9559558E-02  0.2469689    
  5.9759762E-02  0.2462232    
  5.9959970E-02  0.2453975    
  6.0160164E-02  0.2439476    
  6.0360357E-02  0.2416193    
  6.0560562E-02  0.2385558    
  6.0760770E-02  0.2352394    
  6.0960963E-02  0.2322747    
  6.1161168E-02  0.2301399    
  6.1361361E-02  0.2289775    
  6.1561555E-02  0.2285432    
  6.1761763E-02  0.2283003    
  6.1961967E-02  0.2276392    
  6.2162176E-02  0.2261410    
  6.2362358E-02  0.2237440    
  6.2562563E-02  0.2207706    
  6.2762767E-02  0.2178049    
  6.2962972E-02  0.2154434    
  6.3163154E-02  0.2140540    
  6.3363366E-02  0.2136302    
  6.3563570E-02  0.2137841    
  6.3763760E-02  0.2139100    
  6.3963972E-02  0.2134243    
  6.4164162E-02  0.2120104    
  6.4364366E-02  0.2097345    
  6.4564563E-02  0.2070180    
  6.4764768E-02  0.2044521    
  6.4964972E-02  0.2025683    
  6.5165170E-02  0.2015949    
  6.5365359E-02  0.2013893    
  6.5565571E-02  0.2014806    
  6.5765776E-02  0.2012702    
  6.5965980E-02  0.2002835    
  6.6166162E-02  0.1983582    
  6.6366367E-02  0.1957197    
  6.6566572E-02  0.1928858    
  6.6766769E-02  0.1904545    
  6.6966966E-02  0.1888645    
  6.7167170E-02  0.1882210    
  6.7367375E-02  0.1882454    
  6.7567572E-02  0.1884061    
  6.7767777E-02  0.1881264    
  6.7967966E-02  0.1870234    
  6.8168178E-02  0.1850648    
  6.8368368E-02  0.1825703    
  6.8568572E-02  0.1800811    
  6.8768784E-02  0.1781366    
  6.8968959E-02  0.1770498    
  6.9169171E-02  0.1767782    
  6.9369376E-02  0.1769493    
  6.9569580E-02  0.1770147    
  6.9769762E-02  0.1764726    
  6.9969967E-02  0.1750783    
  7.0170172E-02  0.1729467    
  7.0370384E-02  0.1704958    
  7.0570573E-02  0.1682761    
  7.0770770E-02  0.1667457    
  7.0970975E-02  0.1660764    
  7.1171165E-02  0.1660893    
  7.1371377E-02  0.1663231    
  7.1571581E-02  0.1662283    
  7.1771778E-02  0.1653852    
  7.1971968E-02  0.1636781    
  7.2172172E-02  0.1613343    
  7.2372384E-02  0.1588356    
  7.2572574E-02  0.1567054    
  7.2772771E-02  0.1553101    
  7.2972976E-02  0.1547019    
  7.3173180E-02  0.1546134    
  7.3373385E-02  0.1545648    
  7.3573567E-02  0.1540763    
  7.3773772E-02  0.1528733    
  7.3973984E-02  0.1509981    
  7.4174173E-02  0.1488029    
  7.4374378E-02  0.1467999    
  7.4574575E-02  0.1454591    
  7.4774779E-02  0.1450096    
  7.4974976E-02  0.1453463    
  7.5175181E-02  0.1460740    
  7.5375386E-02  0.1466594    
  7.5575583E-02  0.1466572    
  7.5775772E-02  0.1458747    
  7.5975977E-02  0.1444514    
  7.6176189E-02  0.1427936    
  7.6376371E-02  0.1413976    
  7.6576576E-02  0.1406440    
  7.6776780E-02  0.1406451    
  7.6976985E-02  0.1411785    
  7.7177182E-02  0.1418077    
  7.7377371E-02  0.1420333    
  7.7577583E-02  0.1415201    
  7.7777788E-02  0.1402220    
  7.7977978E-02  0.1384130    
  7.8178190E-02  0.1365638    
  7.8378379E-02  0.1351658    
  7.8578584E-02  0.1345177    
  7.8778781E-02  0.1346154    
  7.8978986E-02  0.1351652    
  7.9179183E-02  0.1356945    
  7.9379372E-02  0.1357644    
  7.9579577E-02  0.1351439    
  7.9779789E-02  0.1338992    
  7.9979993E-02  0.1323741    
  8.0180176E-02  0.1310381    
  8.0380380E-02  0.1302848    
  8.0580585E-02  0.1302689    
  8.0780789E-02  0.1308401    
  8.0980986E-02  0.1315942    
  8.1181183E-02  0.1320389    
  8.1381388E-02  0.1317912    
  8.1581578E-02  0.1307372    
  8.1781790E-02  0.1290684    
  8.1981979E-02  0.1272154    
  8.2182184E-02  0.1256609    
  8.2382381E-02  0.1247597    
  8.2582586E-02  0.1245849    
  8.2782790E-02  0.1249152    
  8.2982987E-02  0.1253236    
  8.3183177E-02  0.1253621    
  8.3383389E-02  0.1247409    
  8.3583593E-02  0.1234584    
  8.3783798E-02  0.1217828    
  8.3983980E-02  0.1201524    
  8.4184185E-02  0.1189898    
  8.4384389E-02  0.1185249    
  8.4584586E-02  0.1187011    
  8.4784791E-02  0.1191981    
  8.4984988E-02  0.1195640    
  8.5185193E-02  0.1194052    
  8.5385390E-02  0.1185447    
  8.5585594E-02  0.1170892    
  8.5785784E-02  0.1153906    
  8.5985996E-02  0.1138913    
  8.6186185E-02  0.1129500    
  8.6386390E-02  0.1126798    
  8.6586602E-02  0.1129182    
  8.6786777E-02  0.1132841    
  8.6986989E-02  0.1133391    
  8.7187193E-02  0.1127745    
  8.7387398E-02  0.1115321    
  8.7587595E-02  0.1098384    
  8.7787785E-02  0.1081082    
  8.7987989E-02  0.1067796    
  8.8188201E-02  0.1061336    
  8.8388391E-02  0.1061871    
  8.8588588E-02  0.1066795    
  8.8788792E-02  0.1071907    
  8.8988997E-02  0.1073125    
  8.9189194E-02  0.1068107    
  8.9389399E-02  0.1057270    
  8.9589596E-02  0.1043571    
  8.9789785E-02  0.1031322    
  8.9989990E-02  0.1024361    
  9.0190202E-02  0.1024467    
  9.0390407E-02  0.1030715    
  9.0590589E-02  0.1039738    
  9.0790793E-02  0.1047218    
  9.0990998E-02  0.1049486    
  9.1191202E-02  0.1045114    
  9.1391385E-02  0.1035383    
  9.1591589E-02  0.1023680    
  9.1791801E-02  0.1014102    
  9.1991991E-02  0.1009667    
  9.2192195E-02  0.1011136    
  9.2392392E-02  0.1016625    
  9.2592597E-02  0.1022459    
  9.2792794E-02  0.1024650    
  9.2992999E-02  0.1020608    
  9.3193203E-02  0.1010197    
  9.3393400E-02  9.9584386E-02
  9.3593590E-02  9.8151430E-02
  9.3793802E-02  9.7111031E-02
  9.3994007E-02  9.6691012E-02
  9.4194189E-02  9.6860439E-02
  9.4394393E-02  9.7350262E-02
  9.4594598E-02  9.7760789E-02
  9.4794802E-02  9.7730435E-02
  9.4994999E-02  9.7083099E-02
  9.5195189E-02  9.5903225E-02
  9.5395401E-02  9.4497994E-02
  9.5595606E-02  9.3270503E-02
  9.5795795E-02  9.2553973E-02
  9.5996007E-02  9.2473768E-02
  9.6196197E-02  9.2896841E-02
  9.6396402E-02  9.3485937E-02
  9.6596599E-02  9.3839169E-02
  9.6796803E-02  9.3655601E-02
  9.6997008E-02  9.2858143E-02
  9.7197190E-02  9.1626316E-02
  9.7397402E-02  9.0319350E-02
  9.7597606E-02  8.9332327E-02
  9.7797811E-02  8.8929988E-02
  9.7997993E-02  8.9140438E-02
  9.8198198E-02  8.9744411E-02
  9.8398402E-02  9.0363339E-02
  9.8598614E-02  9.0617895E-02
  9.8798804E-02  9.0280280E-02
  9.8999001E-02  8.9368351E-02
  9.9199206E-02  8.8132069E-02
  9.9399395E-02  8.6957350E-02
  9.9599607E-02  8.6193770E-02
  9.9799812E-02  8.6017944E-02
  0.1000000      8.6357847E-02
