 -2.0000001E-03   3.371925    
 -1.9959963E-03   3.361441    
 -1.9919921E-03   3.350600    
 -1.9879881E-03   3.348324    
 -1.9839841E-03   3.358734    
 -1.9799802E-03   3.379665    
 -1.9759762E-03   3.405274    
 -1.9719722E-03   3.429795    
 -1.9679682E-03   3.450624    
 -1.9639642E-03   3.470486    
 -1.9599602E-03   3.495880    
 -1.9559562E-03   3.533902    
 -1.9519520E-03   3.588260    
 -1.9479481E-03   3.656973    
 -1.9439441E-03   3.731755    
 -1.9399400E-03   3.800809    
 -1.9359362E-03   3.852541    
 -1.9319321E-03   3.879101    
 -1.9279281E-03   3.878115    
 -1.9239242E-03   3.852481    
 -1.9199200E-03   3.807901    
 -1.9159161E-03   3.750732    
 -1.9119122E-03   3.685586    
 -1.9079080E-03   3.615609    
 -1.9039041E-03   3.543115    
 -1.8999000E-03   3.471457    
 -1.8958960E-03   3.405289    
 -1.8918922E-03   3.349910    
 -1.8878881E-03   3.310043    
 -1.8838841E-03   3.287817    
 -1.8798800E-03   3.281851    
 -1.8758760E-03   3.288472    
 -1.8718721E-03   3.303813    
 -1.8678680E-03   3.326874    
 -1.8638640E-03   3.360400    
 -1.8598601E-03   3.409863    
 -1.8558560E-03   3.480592    
 -1.8518521E-03   3.573186    
 -1.8478479E-03   3.680619    
 -1.8438440E-03   3.788510    
 -1.8398401E-03   3.877625    
 -1.8358360E-03   3.931048    
 -1.8318320E-03   3.939467    
 -1.8278279E-03   3.905568    
 -1.8238240E-03   3.843288    
 -1.8198200E-03   3.773356    
 -1.8158159E-03   3.715663    
 -1.8118119E-03   3.682631    
 -1.8078081E-03   3.675179    
 -1.8038040E-03   3.683984    
 -1.7998000E-03   3.694817    
 -1.7957959E-03   3.695283    
 -1.7917920E-03   3.681015    
 -1.7877880E-03   3.657198    
 -1.7837839E-03   3.636459    
 -1.7797799E-03   3.632614    
 -1.7757760E-03   3.654975    
 -1.7717719E-03   3.704182    
 -1.7677679E-03   3.773094    
 -1.7637638E-03   3.850236    
 -1.7597600E-03   3.926173    
 -1.7557560E-03   3.997579    
 -1.7517519E-03   4.067941    
 -1.7477479E-03   4.144455    
 -1.7437440E-03   4.231938    
 -1.7397399E-03   4.328463    
 -1.7357359E-03   4.422707    
 -1.7317318E-03   4.497353    
 -1.7277279E-03   4.535888    
 -1.7237237E-03   4.529835    
 -1.7197198E-03   4.484484    
 -1.7157159E-03   4.418647    
 -1.7117118E-03   4.358777    
 -1.7077079E-03   4.330861    
 -1.7037039E-03   4.350836    
 -1.6996998E-03   4.420179    
 -1.6956959E-03   4.526815    
 -1.6916919E-03   4.651103    
 -1.6876878E-03   4.775138    
 -1.6836839E-03   4.889906    
 -1.6796797E-03   4.998115    
 -1.6756759E-03   5.111185    
 -1.6716719E-03   5.242307    
 -1.6676678E-03   5.397134    
 -1.6636639E-03   5.569610    
 -1.6596598E-03   5.741164    
 -1.6556558E-03   5.886034    
 -1.6516518E-03   5.980114    
 -1.6476478E-03   6.009148    
 -1.6436438E-03   5.973376    
 -1.6396398E-03   5.886986    
 -1.6356357E-03   5.773036    
 -1.6316319E-03   5.655645    
 -1.6276278E-03   5.553905    
 -1.6236238E-03   5.477490    
 -1.6196198E-03   5.427640    
 -1.6156157E-03   5.399676    
 -1.6116118E-03   5.387445    
 -1.6076078E-03   5.385421    
 -1.6036037E-03   5.390092    
 -1.5995997E-03   5.399570    
 -1.5955957E-03   5.412246    
 -1.5915917E-03   5.426888    
 -1.5875878E-03   5.443676    
 -1.5835837E-03   5.465535    
 -1.5795798E-03   5.498188    
 -1.5755757E-03   5.548902    
 -1.5715717E-03   5.622184    
 -1.5675678E-03   5.716180    
 -1.5635637E-03   5.820063    
 -1.5595597E-03   5.915323    
 -1.5555557E-03   5.981341    
 -1.5515516E-03   6.002740    
 -1.5475478E-03   5.977265    
 -1.5435437E-03   5.918370    
 -1.5395397E-03   5.852187    
 -1.5355357E-03   5.808725    
 -1.5315317E-03   5.810488    
 -1.5275277E-03   5.863287    
 -1.5235236E-03   5.953343    
 -1.5195196E-03   6.052348    
 -1.5155156E-03   6.128902    
 -1.5115116E-03   6.161603    
 -1.5075076E-03   6.148531    
 -1.5035035E-03   6.107384    
 -1.4994997E-03   6.068850    
 -1.4954957E-03   6.061931    
 -1.4914917E-03   6.100966    
 -1.4874877E-03   6.178273    
 -1.4834836E-03   6.266275    
 -1.4794796E-03   6.329293    
 -1.4754756E-03   6.338757    
 -1.4714716E-03   6.287759    
 -1.4674676E-03   6.195243    
 -1.4634635E-03   6.100913    
 -1.4594595E-03   6.049976    
 -1.4554557E-03   6.075496    
 -1.4514516E-03   6.184865    
 -1.4474476E-03   6.355581    
 -1.4434436E-03   6.544067    
 -1.4394395E-03   6.700192    
 -1.4354356E-03   6.786382    
 -1.4314316E-03   6.789341    
 -1.4274275E-03   6.723415    
 -1.4234236E-03   6.623502    
 -1.4194195E-03   6.531114    
 -1.4154156E-03   6.479708    
 -1.4114116E-03   6.485824    
 -1.4074075E-03   6.547949    
 -1.4034036E-03   6.651475    
 -1.3993995E-03   6.778549    
 -1.3953955E-03   6.915556    
 -1.3913916E-03   7.056448    
 -1.3873874E-03   7.200403    
 -1.3833835E-03   7.347207    
 -1.3793795E-03   7.492325    
 -1.3753754E-03   7.625569    
 -1.3713716E-03   7.735702    
 -1.3673675E-03   7.815027    
 -1.3633635E-03   7.866076    
 -1.3593596E-03   7.902506    
 -1.3553554E-03   7.945388    
 -1.3513515E-03   8.015879    
 -1.3473475E-03   8.126451    
 -1.3433434E-03   8.276597    
 -1.3393395E-03   8.453359    
 -1.3353354E-03   8.637413    
 -1.3313314E-03   8.811623    
 -1.3273275E-03   8.967398    
 -1.3233233E-03   9.106645    
 -1.3193195E-03   9.238379    
 -1.3153154E-03   9.370337    
 -1.3113114E-03   9.504004    
 -1.3073074E-03   9.631705    
 -1.3033034E-03   9.740686    
 -1.2992994E-03   9.821194    
 -1.2952955E-03   9.874931    
 -1.2912914E-03   9.918161    
 -1.2872875E-03   9.977543    
 -1.2832835E-03   10.08064    
 -1.2792794E-03   10.24141    
 -1.2752755E-03   10.45194    
 -1.2712714E-03   10.68036    
 -1.2672674E-03   10.88091    
 -1.2632634E-03   11.00880    
 -1.2592594E-03   11.03705    
 -1.2552554E-03   10.96744    
 -1.2512513E-03   10.82907    
 -1.2472473E-03   10.66825    
 -1.2432433E-03   10.53143    
 -1.2392394E-03   10.44978    
 -1.2352354E-03   10.43222    
 -1.2312314E-03   10.46810    
 -1.2272274E-03   10.53851    
 -1.2232234E-03   10.63087    
 -1.2192193E-03   10.74617    
 -1.2152153E-03   10.89877    
 -1.2112113E-03   11.10557    
 -1.2072073E-03   11.37152    
 -1.2032033E-03   11.67873    
 -1.1991992E-03   11.98480    
 -1.1951954E-03   12.23459    
 -1.1911913E-03   12.37868    
 -1.1871873E-03   12.39432    
 -1.1831833E-03   12.29605    
 -1.1791792E-03   12.13316    
 -1.1751753E-03   11.97260    
 -1.1711712E-03   11.87546    
 -1.1671672E-03   11.87441    
 -1.1631633E-03   11.96527    
 -1.1591592E-03   12.11190    
 -1.1551552E-03   12.26630    
 -1.1511513E-03   12.39155    
 -1.1471473E-03   12.47981    
 -1.1431432E-03   12.55622    
 -1.1391392E-03   12.66690    
 -1.1351353E-03   12.85679    
 -1.1311313E-03   13.14879    
 -1.1271272E-03   13.52991    
 -1.1231232E-03   13.95606    
 -1.1191192E-03   14.36805    
 -1.1151151E-03   14.71538    
 -1.1111113E-03   14.97588    
 -1.1071071E-03   15.16217    
 -1.1031033E-03   15.31314    
 -1.0990992E-03   15.47565    
 -1.0950952E-03   15.68234    
 -1.0910912E-03   15.93895    
 -1.0870872E-03   16.22404    
 -1.0830831E-03   16.50181    
 -1.0790792E-03   16.74179    
 -1.0750751E-03   16.93419    
 -1.0710711E-03   17.09359    
 -1.0670673E-03   17.25252    
 -1.0630632E-03   17.44388    
 -1.0590592E-03   17.68413    
 -1.0550552E-03   17.96534    
 -1.0510512E-03   18.25974    
 -1.0470471E-03   18.53511    
 -1.0430432E-03   18.77300    
 -1.0390391E-03   18.98053    
 -1.0350351E-03   19.18867    
 -1.0310311E-03   19.43694    
 -1.0270271E-03   19.75231    
 -1.0230232E-03   20.12988    
 -1.0190191E-03   20.52945    
 -1.0150151E-03   20.88684    
 -1.0110112E-03   21.14036    
 -1.0070070E-03   21.25885    
 -1.0030031E-03   21.25850    
 -9.9899911E-04   21.20218    
 -9.9499500E-04   21.17628    
 -9.9099113E-04   21.25801    
 -9.8698703E-04   21.48258    
 -9.8298315E-04   21.82840    
 -9.7897905E-04   22.22363    
 -9.7497512E-04   22.57456    
 -9.7097107E-04   22.80322    
 -9.6696703E-04   22.87819    
 -9.6296304E-04   22.82819    
 -9.5895911E-04   22.72775    
 -9.5495506E-04   22.66912    
 -9.5095101E-04   22.72483    
 -9.4694702E-04   22.92183    
 -9.4294309E-04   23.23757    
 -9.3893893E-04   23.61416    
 -9.3493500E-04   23.99091    
 -9.3093107E-04   24.33223    
 -9.2692696E-04   24.64421    
 -9.2292303E-04   24.96873    
 -9.1891899E-04   25.36000    
 -9.1491506E-04   25.85570    
 -9.1091095E-04   26.45257    
 -9.0690702E-04   27.10374    
 -9.0290298E-04   27.73451    
 -8.9889899E-04   28.27244    
 -8.9489494E-04   28.67878    
 -8.9089101E-04   28.96540    
 -8.8688690E-04   29.19081    
 -8.8288297E-04   29.43590    
 -8.7887893E-04   29.77145    
 -8.7487500E-04   30.22885    
 -8.7087089E-04   30.78672    
 -8.6686696E-04   31.38345    
 -8.6286303E-04   31.94184    
 -8.5885887E-04   32.40450    
 -8.5485494E-04   32.75695    
 -8.5085095E-04   33.03672    
 -8.4684690E-04   33.31807    
 -8.4284286E-04   33.68687    
 -8.3883893E-04   34.20875    
 -8.3483494E-04   34.91018    
 -8.3083089E-04   35.77192    
 -8.2682684E-04   36.74062    
 -8.2282291E-04   37.74863    
 -8.1881881E-04   38.73584    
 -8.1481488E-04   39.66226    
 -8.1081083E-04   40.51038    
 -8.0680696E-04   41.28151    
 -8.0280280E-04   41.98374    
 -7.9879886E-04   42.62777    
 -7.9479493E-04   43.22427    
 -7.9079083E-04   43.78593    
 -7.8678690E-04   44.33187    
 -7.8278285E-04   44.88651    
 -7.7877886E-04   45.47583    
 -7.7477482E-04   46.11957    
 -7.7077089E-04   46.82574    
 -7.6676684E-04   47.59137    
 -7.6276285E-04   48.40924    
 -7.5875880E-04   49.28135    
 -7.5475487E-04   50.22711    
 -7.5075077E-04   51.28541    
 -7.4674684E-04   52.50489    
 -7.4274279E-04   53.92313    
 -7.3873874E-04   55.54460    
 -7.3473481E-04   57.32713    
 -7.3073083E-04   59.18308    
 -7.2672690E-04   60.99888    
 -7.2272273E-04   62.66779    
 -7.1871880E-04   64.12307    
 -7.1471481E-04   65.35831    
 -7.1071077E-04   66.43028    
 -7.0670672E-04   67.43617    
 -7.0270279E-04   68.48034    
 -6.9869880E-04   69.64030    
 -6.9469475E-04   70.94512    
 -6.9069071E-04   72.37451    
 -6.8668678E-04   73.87874    
 -6.8268267E-04   75.40715    
 -6.7867874E-04   76.93575    
 -6.7467469E-04   78.47805    
 -6.7067071E-04   80.07922    
 -6.6666678E-04   81.79353    
 -6.6266273E-04   83.65965    
 -6.5865880E-04   85.68003    
 -6.5465469E-04   87.82180    
 -6.5065076E-04   90.02972    
 -6.4664672E-04   92.25204    
 -6.4264267E-04   94.46305    
 -6.3863868E-04   96.67410    
 -6.3463475E-04   98.92652    
 -6.3063059E-04   101.2713    
 -6.2662666E-04   103.7448    
 -6.2262267E-04   106.3500    
 -6.1861874E-04   109.0518    
 -6.1461458E-04   111.7923    
 -6.1061064E-04   114.5120    
 -6.0660666E-04   117.1753    
 -6.0260261E-04   119.7809    
 -5.9859868E-04   122.3619    
 -5.9459469E-04   124.9657    
 -5.9059076E-04   127.6341    
 -5.8658660E-04   130.3814    
 -5.8258267E-04   133.1895    
 -5.7857868E-04   136.0138    
 -5.7457463E-04   138.8013    
 -5.7057058E-04   141.5123    
 -5.6656665E-04   144.1335    
 -5.6256255E-04   146.6828    
 -5.5855862E-04   149.2026    
 -5.5455457E-04   151.7432    
 -5.5055064E-04   154.3511    
 -5.4654654E-04   157.0571    
 -5.4254261E-04   159.8736    
 -5.3853856E-04   162.8012    
 -5.3453457E-04   165.8266    
 -5.3053064E-04   168.9334    
 -5.2652659E-04   172.1017    
 -5.2252255E-04   175.3139    
 -5.1851856E-04   178.5601    
 -5.1451463E-04   181.8479    
 -5.1051058E-04   185.2135    
 -5.0650653E-04   188.7254    
 -5.0250255E-04   192.4813    
 -4.9849862E-04   196.5874    
 -4.9449445E-04   201.1376    
 -4.9049052E-04   206.1798    
 -4.8648650E-04   211.7028    
 -4.8248249E-04   217.6348    
 -4.7847847E-04   223.8710    
 -4.7447454E-04   230.3073    
 -4.7047061E-04   236.8835    
 -4.6646647E-04   243.6087    
 -4.6246254E-04   250.5603    
 -4.5845853E-04   257.8600    
 -4.5445448E-04   265.6321    
 -4.5045046E-04   273.9611    
 -4.4644653E-04   282.8699    
 -4.4244251E-04   292.3232    
 -4.3843850E-04   302.2590    
 -4.3443445E-04   312.6329    
 -4.3043052E-04   323.4552    
 -4.2642641E-04   334.8047    
 -4.2242248E-04   346.8108    
 -4.1841844E-04   359.6156    
 -4.1441442E-04   373.3249    
 -4.1041040E-04   387.9793    
 -4.0640647E-04   403.5567    
 -4.0240254E-04   420.0057    
 -3.9839841E-04   437.3037    
 -3.9439448E-04   455.5050    
 -3.9039046E-04   474.7731    
 -3.8638641E-04   495.3634    
 -3.8238239E-04   517.5686    
 -3.7837846E-04   541.6435    
 -3.7437433E-04   567.7362    
 -3.7037040E-04   595.8373    
 -3.6636638E-04   625.7903    
 -3.6236245E-04   657.3258    
 -3.5835832E-04   690.1392    
 -3.5435439E-04   723.9440    
 -3.5035037E-04   758.5341    
 -3.4634635E-04   793.7898    
 -3.4234230E-04   829.6595    
 -3.3833840E-04   866.1215    
 -3.3433427E-04   903.1447    
 -3.3033034E-04   940.6343    
 -3.2632641E-04   978.4109    
 -3.2232248E-04   1016.169    
 -3.1831834E-04   1053.457    
 -3.1431441E-04   1089.630    
 -3.1031031E-04   1123.855    
 -3.0630638E-04   1155.105    
 -3.0230224E-04   1182.228    
 -2.9829831E-04   1204.057    
 -2.9429438E-04   1219.571    
 -2.9029025E-04   1228.060    
 -2.8628614E-04   1229.271    
 -2.8228239E-04   1223.470    
 -2.7827828E-04   1211.425    
 -2.7427435E-04   1194.272    
 -2.7027042E-04   1173.327    
 -2.6626629E-04   1149.875    
 -2.6226236E-04   1124.992    
 -2.5825822E-04   1099.451    
 -2.5425432E-04   1073.714    
 -2.5025039E-04   1048.009    
 -2.4624626E-04   1022.441    
 -2.4224212E-04   997.1143    
 -2.3823840E-04   972.2104    
 -2.3423426E-04   947.9898    
 -2.3023014E-04   924.7866    
 -2.2622621E-04   902.9323    
 -2.2222228E-04   882.7017    
 -2.1821816E-04   864.2862    
 -2.1421423E-04   847.7870    
 -2.1021010E-04   833.2441    
 -2.0620637E-04   820.6695    
 -2.0220225E-04   810.0607    
 -1.9819812E-04   801.4228    
 -1.9419439E-04   794.7390    
 -1.9019026E-04   789.9518    
 -1.8618614E-04   786.9581    
 -1.8218221E-04   785.6091    
 -1.7817828E-04   785.7362    
 -1.7417416E-04   787.1923    
 -1.7017023E-04   789.8844    
 -1.6616609E-04   793.7905    
 -1.6216218E-04   798.9624    
 -1.5815825E-04   805.4984    
 -1.5415411E-04   813.5093    
 -1.5014999E-04   823.1014    
 -1.4614625E-04   834.3472    
 -1.4214213E-04   847.2973    
 -1.3813801E-04   861.9737    
 -1.3413427E-04   878.3841    
 -1.3013015E-04   896.5179    
 -1.2612622E-04   916.3304    
 -1.2212209E-04   937.7388    
 -1.1811817E-04   960.6144    
 -1.1411423E-04   984.8051    
 -1.1011012E-04   1010.165    
 -1.0610599E-04   1036.606    
 -1.0210225E-04   1064.136    
 -9.8098128E-05   1092.883    
 -9.4094001E-05   1123.067    
 -9.0090070E-05   1154.940    
 -8.6086147E-05   1188.720    
 -8.2082021E-05   1224.490    
 -7.8078090E-05   1262.136    
 -7.4073963E-05   1301.348    
 -7.0070033E-05   1341.642    
 -6.6066110E-05   1382.448    
 -6.2061983E-05   1423.208    
 -5.8058249E-05   1463.450    
 -5.4054122E-05   1502.849    
 -5.0049995E-05   1541.231    
 -4.6046069E-05   1578.510    
 -4.2042138E-05   1614.637    
 -3.8038012E-05   1649.518    
 -3.4034085E-05   1682.926    
 -3.0029958E-05   1714.518    
 -2.6026029E-05   1743.815    
 -2.2022101E-05   1770.269    
 -1.8017976E-05   1793.309    
 -1.4013849E-05   1812.401    
 -1.0010118E-05   1827.107    
 -6.0059915E-06   1837.072    
 -2.0018651E-06   1842.186    
  2.0018651E-06   1842.185    
  6.0059915E-06   1837.072    
  1.0010118E-05   1827.109    
  1.4014046E-05   1812.400    
  1.8017976E-05   1793.309    
  2.2021904E-05   1770.271    
  2.6026029E-05   1743.815    
  3.0030156E-05   1714.517    
  3.4033888E-05   1682.929    
  3.8038012E-05   1649.519    
  4.2042138E-05   1614.638    
  4.6046069E-05   1578.509    
  5.0049995E-05   1541.232    
  5.4054122E-05   1502.850    
  5.8058053E-05   1463.452    
  6.2061983E-05   1423.208    
  6.6066110E-05   1382.448    
  7.0070033E-05   1341.641    
  7.4074160E-05   1301.345    
  7.8078090E-05   1262.136    
  8.2082021E-05   1224.490    
  8.6086147E-05   1188.720    
  9.0090070E-05   1154.940    
  9.4094001E-05   1123.066    
  9.8098128E-05   1092.882    
  1.0210206E-04   1064.136    
  1.0610618E-04   1036.605    
  1.1011012E-04   1010.165    
  1.1411404E-04   984.8057    
  1.1811817E-04   960.6144    
  1.2212229E-04   937.7388    
  1.2612602E-04   916.3314    
  1.3013015E-04   896.5179    
  1.3413427E-04   878.3849    
  1.3813801E-04   861.9745    
  1.4214213E-04   847.2971    
  1.4614625E-04   834.3478    
  1.5015018E-04   823.1004    
  1.5415411E-04   813.5090    
  1.5815825E-04   805.4978    
  1.6216218E-04   798.9626    
  1.6616630E-04   793.7910    
  1.7017002E-04   789.8844    
  1.7417416E-04   787.1923    
  1.7817828E-04   785.7361    
  1.8218221E-04   785.6088    
  1.8618614E-04   786.9586    
  1.9019026E-04   789.9516    
  1.9419419E-04   794.7390    
  1.9819812E-04   801.4225    
  2.0220225E-04   810.0604    
  2.0620618E-04   820.6680    
  2.1021030E-04   833.2449    
  2.1421423E-04   847.7870    
  2.1821816E-04   864.2869    
  2.2222228E-04   882.7019    
  2.2622642E-04   902.9333    
  2.3023014E-04   924.7869    
  2.3423426E-04   947.9902    
  2.3823819E-04   972.2087    
  2.4224233E-04   997.1162    
  2.4624626E-04   1022.441    
  2.5025019E-04   1048.009    
  2.5425432E-04   1073.715    
  2.5825843E-04   1099.453    
  2.6226215E-04   1124.990    
  2.6626629E-04   1149.875    
  2.7027042E-04   1173.328    
  2.7427415E-04   1194.272    
  2.7827828E-04   1211.426    
  2.8228239E-04   1223.471    
  2.8628632E-04   1229.272    
  2.9029025E-04   1228.061    
  2.9429438E-04   1219.572    
  2.9829831E-04   1204.058    
  3.0230245E-04   1182.227    
  3.0630638E-04   1155.105    
  3.1031031E-04   1123.856    
  3.1431441E-04   1089.631    
  3.1831834E-04   1053.457    
  3.2232227E-04   1016.171    
  3.2632641E-04   978.4110    
  3.3033034E-04   940.6346    
  3.3433427E-04   903.1447    
  3.3833840E-04   866.1213    
  3.4234230E-04   829.6593    
  3.4634644E-04   793.7892    
  3.5035037E-04   758.5342    
  3.5435430E-04   723.9450    
  3.5835843E-04   690.1383    
  3.6236257E-04   657.3257    
  3.6636629E-04   625.7914    
  3.7037040E-04   595.8375    
  3.7437453E-04   567.7350    
  3.7837846E-04   541.6435    
  3.8238239E-04   517.5687    
  3.8638632E-04   495.3640    
  3.9039046E-04   474.7732    
  3.9439456E-04   455.5044    
  3.9839832E-04   437.3038    
  4.0240242E-04   420.0062    
  4.0640656E-04   403.5561    
  4.1041028E-04   387.9801    
  4.1441442E-04   373.3247    
  4.1841855E-04   359.6155    
  4.2242248E-04   346.8111    
  4.2642641E-04   334.8046    
  4.3043052E-04   323.4551    
  4.3443445E-04   312.6328    
  4.3843858E-04   302.2584    
  4.4244251E-04   292.3232    
  4.4644644E-04   282.8701    
  4.5045058E-04   273.9612    
  4.5445448E-04   265.6320    
  4.5845841E-04   257.8601    
  4.6246254E-04   250.5603    
  4.6646647E-04   243.6087    
  4.7047040E-04   236.8840    
  4.7447454E-04   230.3070    
  4.7847847E-04   223.8709    
  4.8248257E-04   217.6348    
  4.8648650E-04   211.7027    
  4.9049046E-04   206.1800    
  4.9449457E-04   201.1373    
  4.9849867E-04   196.5875    
  5.0250243E-04   192.4809    
  5.0650653E-04   188.7255    
  5.1051070E-04   185.2137    
  5.1451463E-04   181.8480    
  5.1851856E-04   178.5601    
  5.2252266E-04   175.3136    
  5.2652659E-04   172.1015    
  5.3053052E-04   168.9336    
  5.3453445E-04   165.8267    
  5.3853856E-04   162.8013    
  5.4254272E-04   159.8738    
  5.4654642E-04   157.0569    
  5.5055058E-04   154.3512    
  5.5455469E-04   151.7431    
  5.5855862E-04   149.2027    
  5.6256255E-04   146.6828    
  5.6656665E-04   144.1334    
  5.7057058E-04   141.5123    
  5.7457475E-04   138.8011    
  5.7857868E-04   136.0137    
  5.8258261E-04   133.1896    
  5.8658671E-04   130.3815    
  5.9059082E-04   127.6339    
  5.9459457E-04   124.9660    
  5.9859868E-04   122.3620    
  6.0260261E-04   119.7810    
  6.0660654E-04   117.1753    
  6.1061064E-04   114.5119    
  6.1461458E-04   111.7922    
  6.1861874E-04   109.0519    
  6.2262267E-04   106.3500    
  6.2662660E-04   103.7449    
  6.3063070E-04   101.2711    
  6.3463481E-04   98.92625    
  6.3863856E-04   96.67417    
  6.4264267E-04   94.46309    
  6.4664683E-04   92.25220    
  6.5065076E-04   90.02975    
  6.5465469E-04   87.82175    
  6.5865880E-04   85.68004    
  6.6266273E-04   83.65944    
  6.6666666E-04   81.79373    
  6.7067076E-04   80.07906    
  6.7467469E-04   78.47799    
  6.7867886E-04   76.93567    
  6.8268256E-04   75.40736    
  6.8668672E-04   73.87863    
  6.9069082E-04   72.37461    
  6.9469475E-04   70.94515    
  6.9869868E-04   69.64044    
  7.0270279E-04   68.48041    
  7.0670672E-04   67.43613    
  7.1071088E-04   66.43037    
  7.1471481E-04   65.35840    
  7.1871874E-04   64.12269    
  7.2272285E-04   62.66770    
  7.2672695E-04   60.99899    
  7.3073071E-04   59.18311    
  7.3473481E-04   57.32720    
  7.3873898E-04   55.54468    
  7.4274268E-04   53.92312    
  7.4674684E-04   52.50491    
  7.5075077E-04   51.28548    
  7.5475487E-04   50.22710    
  7.5875880E-04   49.28137    
  7.6276273E-04   48.40937    
  7.6676684E-04   47.59132    
  7.7077100E-04   46.82591    
  7.7477470E-04   46.11970    
  7.7877886E-04   45.47596    
  7.8278297E-04   44.88649    
  7.8678690E-04   44.33192    
  7.9079083E-04   43.78592    
  7.9479493E-04   43.22424    
  7.9879886E-04   42.62789    
  8.0280280E-04   41.98368    
  8.0680696E-04   41.28153    
  8.1081083E-04   40.51042    
  8.1481499E-04   39.66204    
  8.1881869E-04   38.73597    
  8.2282285E-04   37.74877    
  8.2682696E-04   36.74046    
  8.3083089E-04   35.77189    
  8.3483482E-04   34.91030    
  8.3883893E-04   34.20875    
  8.4284286E-04   33.68674    
  8.4684702E-04   33.31802    
  8.5085095E-04   33.03671    
  8.5485488E-04   32.75708    
  8.5885898E-04   32.40432    
  8.6286291E-04   31.94182    
  8.6686685E-04   31.38332    
  8.7087095E-04   30.78672    
  8.7487511E-04   30.22869    
  8.7887881E-04   29.77147    
  8.8288297E-04   29.43592    
  8.8688708E-04   29.19078    
  8.9089101E-04   28.96541    
  8.9489494E-04   28.67880    
  8.9889887E-04   28.27233    
  9.0290298E-04   27.73452    
  9.0690714E-04   27.10371    
  9.1091084E-04   26.45258    
  9.1491500E-04   25.85582    
  9.1891910E-04   25.36005    
  9.2292303E-04   24.96868    
  9.2692696E-04   24.64414    
  9.3093107E-04   24.33220    
  9.3493500E-04   23.99084    
  9.3893893E-04   23.61418    
  9.4294309E-04   23.23753    
  9.4694702E-04   22.92190    
  9.5095113E-04   22.72473    
  9.5495506E-04   22.66922    
  9.5895899E-04   22.72781    
  9.6296309E-04   22.82816    
  9.6696703E-04   22.87822    
  9.7097096E-04   22.80308    
  9.7497512E-04   22.57453    
  9.7897905E-04   22.22353    
  9.8298315E-04   21.82834    
  9.8698703E-04   21.48256    
  9.9099101E-04   21.25789    
  9.9499512E-04   21.17634    
  9.9899911E-04   21.20223    
  1.0030030E-03   21.25850    
  1.0070071E-03   21.25877    
  1.0110112E-03   21.14028    
  1.0150149E-03   20.88678    
  1.0190191E-03   20.52942    
  1.0230233E-03   20.12990    
  1.0270271E-03   19.75227    
  1.0310311E-03   19.43686    
  1.0350352E-03   19.18857    
  1.0390391E-03   18.98049    
  1.0430432E-03   18.77292    
  1.0470470E-03   18.53516    
  1.0510511E-03   18.25968    
  1.0550553E-03   17.96526    
  1.0590589E-03   17.68410    
  1.0630632E-03   17.44380    
  1.0670673E-03   17.25261    
  1.0710711E-03   17.09361    
  1.0750751E-03   16.93409    
  1.0790792E-03   16.74182    
  1.0830831E-03   16.50183    
  1.0870873E-03   16.22403    
  1.0910912E-03   15.93896    
  1.0950951E-03   15.68240    
  1.0990993E-03   15.47562    
  1.1031034E-03   15.31311    
  1.1071071E-03   15.16212    
  1.1111113E-03   14.97591    
  1.1151151E-03   14.71536    
  1.1191192E-03   14.36806    
  1.1231232E-03   13.95605    
  1.1271271E-03   13.53001    
  1.1311313E-03   13.14874    
  1.1351352E-03   12.85683    
  1.1391392E-03   12.66676    
  1.1431433E-03   12.55634    
  1.1471474E-03   12.47982    
  1.1511511E-03   12.39153    
  1.1551552E-03   12.26627    
  1.1591594E-03   12.11187    
  1.1631633E-03   11.96529    
  1.1671672E-03   11.87434    
  1.1711713E-03   11.87539    
  1.1751753E-03   11.97258    
  1.1791794E-03   12.13319    
  1.1831833E-03   12.29606    
  1.1871873E-03   12.39430    
  1.1911914E-03   12.37862    
  1.1951951E-03   12.23452    
  1.1991992E-03   11.98486    
  1.2032033E-03   11.67876    
  1.2072073E-03   11.37154    
  1.2112112E-03   11.10552    
  1.2152153E-03   10.89870    
  1.2192193E-03   10.74615    
  1.2232234E-03   10.63089    
  1.2272274E-03   10.53848    
  1.2312313E-03   10.46799    
  1.2352354E-03   10.43222    
  1.2392395E-03   10.44971    
  1.2432432E-03   10.53136    
  1.2472473E-03   10.66822    
  1.2512516E-03   10.82910    
  1.2552554E-03   10.96737    
  1.2592594E-03   11.03708    
  1.2632633E-03   11.00875    
  1.2672674E-03   10.88094    
  1.2712714E-03   10.68038    
  1.2752753E-03   10.45194    
  1.2792794E-03   10.24138    
  1.2832836E-03   10.08061    
  1.2872872E-03   9.977529    
  1.2912914E-03   9.918116    
  1.2952955E-03   9.875004    
  1.2992994E-03   9.821219    
  1.3033034E-03   9.740613    
  1.3073075E-03   9.631678    
  1.3113114E-03   9.504045    
  1.3153156E-03   9.370343    
  1.3193195E-03   9.238390    
  1.3233233E-03   9.106641    
  1.3273276E-03   8.967417    
  1.3313317E-03   8.811615    
  1.3353354E-03   8.637430    
  1.3393395E-03   8.453387    
  1.3433433E-03   8.276619    
  1.3473474E-03   8.126460    
  1.3513515E-03   8.015847    
  1.3553553E-03   7.945459    
  1.3593594E-03   7.902463    
  1.3633635E-03   7.866038    
  1.3673676E-03   7.815004    
  1.3713713E-03   7.735662    
  1.3753754E-03   7.625583    
  1.3793795E-03   7.492244    
  1.3833838E-03   7.347214    
  1.3873874E-03   7.200385    
  1.3913916E-03   7.056434    
  1.3953957E-03   6.915556    
  1.3993995E-03   6.778556    
  1.4034036E-03   6.651540    
  1.4074073E-03   6.547873    
  1.4114114E-03   6.485841    
  1.4154156E-03   6.479706    
  1.4194197E-03   6.531166    
  1.4234238E-03   6.623500    
  1.4274279E-03   6.723425    
  1.4314313E-03   6.789246    
  1.4354354E-03   6.786352    
  1.4394395E-03   6.700169    
  1.4434436E-03   6.544055    
  1.4474478E-03   6.355649    
  1.4514514E-03   6.184840    
  1.4554557E-03   6.075453    
  1.4594593E-03   6.049989    
  1.4634635E-03   6.100811    
  1.4674676E-03   6.195178    
  1.4714717E-03   6.287646    
  1.4754755E-03   6.338775    
  1.4794796E-03   6.329329    
  1.4834837E-03   6.266286    
  1.4874878E-03   6.178201    
  1.4914916E-03   6.100945    
  1.4954957E-03   6.061907    
  1.4994994E-03   6.068852    
  1.5035035E-03   6.107406    
  1.5075076E-03   6.148492    
  1.5115119E-03   6.161665    
  1.5155160E-03   6.128866    
  1.5195193E-03   6.052312    
  1.5235234E-03   5.953255    
  1.5275275E-03   5.863260    
  1.5315317E-03   5.810433    
  1.5355358E-03   5.808752    
  1.5395399E-03   5.852204    
  1.5435437E-03   5.918317    
  1.5475478E-03   5.977276    
  1.5515515E-03   6.002701    
  1.5555556E-03   5.981255    
  1.5595597E-03   5.915279    
  1.5635638E-03   5.820045    
  1.5675676E-03   5.716132    
  1.5715717E-03   5.622206    
  1.5755758E-03   5.548954    
  1.5795800E-03   5.498259    
  1.5835837E-03   5.465542    
  1.5875874E-03   5.443728    
  1.5915915E-03   5.426845    
  1.5955957E-03   5.412286    
  1.5995998E-03   5.399702    
  1.6036039E-03   5.390144    
  1.6076081E-03   5.385355    
  1.6116115E-03   5.387388    
  1.6156156E-03   5.399695    
  1.6196197E-03   5.427596    
  1.6236238E-03   5.477452    
  1.6276279E-03   5.553843    
  1.6316320E-03   5.655703    
  1.6356357E-03   5.772979    
  1.6396398E-03   5.886986    
  1.6436436E-03   5.973418    
  1.6476477E-03   6.009045    
  1.6516519E-03   5.980119    
  1.6556560E-03   5.886053    
  1.6596598E-03   5.741138    
  1.6636639E-03   5.569660    
  1.6676680E-03   5.397167    
  1.6716718E-03   5.242347    
  1.6756759E-03   5.111243    
  1.6796796E-03   4.998162    
  1.6836837E-03   4.889950    
  1.6876878E-03   4.775161    
  1.6916919E-03   4.651141    
  1.6956960E-03   4.526862    
  1.6997003E-03   4.420160    
  1.7037035E-03   4.350855    
  1.7077076E-03   4.330772    
  1.7117118E-03   4.358783    
  1.7157159E-03   4.418635    
  1.7197201E-03   4.484591    
  1.7237242E-03   4.529839    
  1.7277279E-03   4.535800    
  1.7317316E-03   4.497297    
  1.7357358E-03   4.422653    
  1.7397399E-03   4.328468    
  1.7437440E-03   4.231912    
  1.7477478E-03   4.144439    
  1.7517519E-03   4.067960    
  1.7557560E-03   3.997577    
  1.7597601E-03   3.926160    
  1.7637638E-03   3.850229    
  1.7677679E-03   3.773109    
  1.7717717E-03   3.704258    
  1.7757758E-03   3.654958    
  1.7797799E-03   3.632601    
  1.7837841E-03   3.636402    
  1.7877882E-03   3.657142    
  1.7917923E-03   3.681039    
  1.7957956E-03   3.695348    
  1.7997999E-03   3.694757    
  1.8038040E-03   3.684006    
  1.8078081E-03   3.675169    
  1.8118122E-03   3.682585    
  1.8158159E-03   3.715664    
  1.8198200E-03   3.773339    
  1.8238238E-03   3.843292    
  1.8278279E-03   3.905589    
  1.8318320E-03   3.939485    
  1.8358361E-03   3.931004    
  1.8398399E-03   3.877663    
  1.8438440E-03   3.788485    
  1.8478482E-03   3.680648    
  1.8518523E-03   3.573197    
  1.8558560E-03   3.480655    
  1.8598601E-03   3.409826    
  1.8638638E-03   3.360374    
  1.8678680E-03   3.326866    
  1.8718721E-03   3.303794    
  1.8758762E-03   3.288460    
  1.8798803E-03   3.281900    
  1.8838837E-03   3.287864    
  1.8878878E-03   3.310109    
  1.8918919E-03   3.349908    
  1.8958960E-03   3.405338    
  1.8999001E-03   3.471519    
  1.9039044E-03   3.543105    
  1.9079080E-03   3.615585    
  1.9119122E-03   3.685557    
  1.9159159E-03   3.750687    
  1.9199200E-03   3.807919    
  1.9239242E-03   3.852483    
  1.9279283E-03   3.878194    
  1.9319321E-03   3.879144    
  1.9359362E-03   3.852583    
  1.9399403E-03   3.800848    
  1.9439440E-03   3.731742    
  1.9479481E-03   3.656979    
  1.9519522E-03   3.588282    
  1.9559560E-03   3.533934    
  1.9599602E-03   3.495867    
  1.9639642E-03   3.470460    
  1.9679684E-03   3.450620    
  1.9719724E-03   3.429775    
  1.9759759E-03   3.405396    
  1.9799799E-03   3.379714    
  1.9839841E-03   3.358725    
  1.9879881E-03   3.348334    
  1.9919924E-03   3.350566    
  1.9959963E-03   3.361503    
  2.0000001E-03   3.371887    
