 -2.0000001E-03   6.572020    
 -1.9959963E-03   6.574953    
 -1.9919921E-03   6.575875    
 -1.9879881E-03   6.581684    
 -1.9839841E-03   6.597773    
 -1.9799802E-03   6.625938    
 -1.9759762E-03   6.665110    
 -1.9719722E-03   6.711035    
 -1.9679682E-03   6.757583    
 -1.9639642E-03   6.798146    
 -1.9599602E-03   6.826921    
 -1.9559562E-03   6.840219    
 -1.9519520E-03   6.837339    
 -1.9479481E-03   6.820430    
 -1.9439441E-03   6.794123    
 -1.9399400E-03   6.764433    
 -1.9359362E-03   6.737514    
 -1.9319321E-03   6.718061    
 -1.9279281E-03   6.709097    
 -1.9239242E-03   6.710918    
 -1.9199200E-03   6.721628    
 -1.9159161E-03   6.737409    
 -1.9119122E-03   6.754404    
 -1.9079080E-03   6.769083    
 -1.9039041E-03   6.780249    
 -1.8999000E-03   6.788583    
 -1.8958960E-03   6.797512    
 -1.8918922E-03   6.812321    
 -1.8878881E-03   6.838834    
 -1.8838841E-03   6.882725    
 -1.8798800E-03   6.947440    
 -1.8758760E-03   7.033591    
 -1.8718721E-03   7.138536    
 -1.8678680E-03   7.256896    
 -1.8638640E-03   7.380720    
 -1.8598601E-03   7.501437    
 -1.8558560E-03   7.611672    
 -1.8518521E-03   7.705975    
 -1.8478479E-03   7.782205    
 -1.8438440E-03   7.841917    
 -1.8398401E-03   7.889837    
 -1.8358360E-03   7.932913    
 -1.8318320E-03   7.978641    
 -1.8278279E-03   8.033607    
 -1.8238240E-03   8.101924    
 -1.8198200E-03   8.184464    
 -1.8158159E-03   8.278687    
 -1.8118119E-03   8.378661    
 -1.8078081E-03   8.477106    
 -1.8038040E-03   8.566477    
 -1.7998000E-03   8.639591    
 -1.7957959E-03   8.692715    
 -1.7917920E-03   8.724666    
 -1.7877880E-03   8.737076    
 -1.7837839E-03   8.734401    
 -1.7797799E-03   8.721705    
 -1.7757760E-03   8.703541    
 -1.7717719E-03   8.682800    
 -1.7677679E-03   8.659884    
 -1.7637638E-03   8.631948    
 -1.7597600E-03   8.594233    
 -1.7557560E-03   8.541175    
 -1.7517519E-03   8.467728    
 -1.7477479E-03   8.371684    
 -1.7437440E-03   8.254517    
 -1.7397399E-03   8.121955    
 -1.7357359E-03   7.984513    
 -1.7317318E-03   7.855253    
 -1.7277279E-03   7.748645    
 -1.7237237E-03   7.677607    
 -1.7197198E-03   7.651746    
 -1.7157159E-03   7.674788    
 -1.7117118E-03   7.744299    
 -1.7077079E-03   7.851681    
 -1.7037039E-03   7.982510    
 -1.6996998E-03   8.120503    
 -1.6956959E-03   8.248744    
 -1.6916919E-03   8.352917    
 -1.6876878E-03   8.423694    
 -1.6836839E-03   8.458205    
 -1.6796797E-03   8.460143    
 -1.6756759E-03   8.439275    
 -1.6716719E-03   8.408947    
 -1.6676678E-03   8.384065    
 -1.6636639E-03   8.378411    
 -1.6596598E-03   8.401959    
 -1.6556558E-03   8.459691    
 -1.6516518E-03   8.551212    
 -1.6476478E-03   8.670511    
 -1.6436438E-03   8.808693    
 -1.6396398E-03   8.954973    
 -1.6356357E-03   9.099245    
 -1.6316319E-03   9.234392    
 -1.6276278E-03   9.357166    
 -1.6236238E-03   9.468600    
 -1.6196198E-03   9.573544    
 -1.6156157E-03   9.679900    
 -1.6116118E-03   9.795155    
 -1.6076078E-03   9.926381    
 -1.6036037E-03   10.07712    
 -1.5995997E-03   10.24701    
 -1.5955957E-03   10.43167    
 -1.5915917E-03   10.62303    
 -1.5875878E-03   10.81050    
 -1.5835837E-03   10.98362    
 -1.5795798E-03   11.13340    
 -1.5755757E-03   11.25379    
 -1.5715717E-03   11.34334    
 -1.5675678E-03   11.40522    
 -1.5635637E-03   11.44683    
 -1.5595597E-03   11.47880    
 -1.5555557E-03   11.51307    
 -1.5515516E-03   11.56173    
 -1.5475478E-03   11.63447    
 -1.5435437E-03   11.73819    
 -1.5395397E-03   11.87557    
 -1.5355357E-03   12.04515    
 -1.5315317E-03   12.24177    
 -1.5275277E-03   12.45699    
 -1.5235236E-03   12.68108    
 -1.5195196E-03   12.90315    
 -1.5155156E-03   13.11322    
 -1.5115116E-03   13.30290    
 -1.5075076E-03   13.46593    
 -1.5035035E-03   13.59877    
 -1.4994997E-03   13.70099    
 -1.4954957E-03   13.77451    
 -1.4914917E-03   13.82407    
 -1.4874877E-03   13.85621    
 -1.4834836E-03   13.87869    
 -1.4794796E-03   13.90023    
 -1.4754756E-03   13.92888    
 -1.4714716E-03   13.97182    
 -1.4674676E-03   14.03459    
 -1.4634635E-03   14.11984    
 -1.4594595E-03   14.22775    
 -1.4554557E-03   14.35525    
 -1.4514516E-03   14.49719    
 -1.4474476E-03   14.64603    
 -1.4434436E-03   14.79401    
 -1.4394395E-03   14.93355    
 -1.4354356E-03   15.05806    
 -1.4314316E-03   15.16458    
 -1.4274275E-03   15.25203    
 -1.4234236E-03   15.32319    
 -1.4194195E-03   15.38305    
 -1.4154156E-03   15.43815    
 -1.4114116E-03   15.49593    
 -1.4074075E-03   15.56246    
 -1.4034036E-03   15.64142    
 -1.3993995E-03   15.73424    
 -1.3953955E-03   15.83891    
 -1.3913916E-03   15.95082    
 -1.3873874E-03   16.06346    
 -1.3833835E-03   16.17005    
 -1.3793795E-03   16.26504    
 -1.3753754E-03   16.34523    
 -1.3713716E-03   16.41022    
 -1.3673675E-03   16.46364    
 -1.3633635E-03   16.51171    
 -1.3593596E-03   16.56281    
 -1.3553554E-03   16.62586    
 -1.3513515E-03   16.70887    
 -1.3473475E-03   16.81664    
 -1.3433434E-03   16.95065    
 -1.3393395E-03   17.10794    
 -1.3353354E-03   17.28163    
 -1.3313314E-03   17.46198    
 -1.3273275E-03   17.63711    
 -1.3233233E-03   17.79623    
 -1.3193195E-03   17.93056    
 -1.3153154E-03   18.03394    
 -1.3113114E-03   18.10565    
 -1.3073074E-03   18.14949    
 -1.3033034E-03   18.17257    
 -1.2992994E-03   18.18643    
 -1.2952955E-03   18.20337    
 -1.2912914E-03   18.23559    
 -1.2872875E-03   18.29383    
 -1.2832835E-03   18.38539    
 -1.2792794E-03   18.51419    
 -1.2752755E-03   18.67954    
 -1.2712714E-03   18.87718    
 -1.2672674E-03   19.09960    
 -1.2632634E-03   19.33749    
 -1.2592594E-03   19.58116    
 -1.2552554E-03   19.82100    
 -1.2512513E-03   20.04971    
 -1.2472473E-03   20.26235    
 -1.2432433E-03   20.45695    
 -1.2392394E-03   20.63560    
 -1.2352354E-03   20.80189    
 -1.2312314E-03   20.96266    
 -1.2272274E-03   21.12540    
 -1.2232234E-03   21.29789    
 -1.2192193E-03   21.48747    
 -1.2152153E-03   21.69832    
 -1.2112113E-03   21.93329    
 -1.2072073E-03   22.19139    
 -1.2032033E-03   22.46875    
 -1.1991992E-03   22.75835    
 -1.1951954E-03   23.05188    
 -1.1911913E-03   23.34072    
 -1.1871873E-03   23.61670    
 -1.1831833E-03   23.87331    
 -1.1791792E-03   24.10740    
 -1.1751753E-03   24.31949    
 -1.1711712E-03   24.51322    
 -1.1671672E-03   24.69543    
 -1.1631633E-03   24.87431    
 -1.1591592E-03   25.05796    
 -1.1551552E-03   25.25430    
 -1.1511513E-03   25.46765    
 -1.1471473E-03   25.69881    
 -1.1431432E-03   25.94605    
 -1.1391392E-03   26.20403    
 -1.1351353E-03   26.46582    
 -1.1311313E-03   26.72417    
 -1.1271272E-03   26.97344    
 -1.1231232E-03   27.21154    
 -1.1191192E-03   27.43950    
 -1.1151151E-03   27.66218    
 -1.1111113E-03   27.88744    
 -1.1071071E-03   28.12445    
 -1.1031033E-03   28.38147    
 -1.0990992E-03   28.66334    
 -1.0950952E-03   28.97075    
 -1.0910912E-03   29.29890    
 -1.0870872E-03   29.63695    
 -1.0830831E-03   29.97048    
 -1.0790792E-03   30.28358    
 -1.0750751E-03   30.56116    
 -1.0710711E-03   30.79314    
 -1.0670673E-03   30.97555    
 -1.0630632E-03   31.11340    
 -1.0590592E-03   31.22030    
 -1.0550552E-03   31.31733    
 -1.0510512E-03   31.43003    
 -1.0470471E-03   31.58504    
 -1.0430432E-03   31.80704    
 -1.0390391E-03   32.11327    
 -1.0350351E-03   32.51276    
 -1.0310311E-03   33.00474    
 -1.0270271E-03   33.57788    
 -1.0230232E-03   34.21415    
 -1.0190191E-03   34.89120    
 -1.0150151E-03   35.58552    
 -1.0110112E-03   36.27791    
 -1.0070070E-03   36.95495    
 -1.0030031E-03   37.61063    
 -9.9899911E-04   38.24763    
 -9.9499500E-04   38.87580    
 -9.9099113E-04   39.50773    
 -9.8698703E-04   40.15765    
 -9.8298315E-04   40.83635    
 -9.7897905E-04   41.55003    
 -9.7497512E-04   42.29626    
 -9.7097107E-04   43.06610    
 -9.6696703E-04   43.84401    
 -9.6296304E-04   44.60986    
 -9.5895911E-04   45.34393    
 -9.5495506E-04   46.02774    
 -9.5095101E-04   46.64849    
 -9.4694702E-04   47.20024    
 -9.4294309E-04   47.68452    
 -9.3893893E-04   48.11074    
 -9.3493500E-04   48.49305    
 -9.3093107E-04   48.84904    
 -9.2692696E-04   49.19635    
 -9.2292303E-04   49.55193    
 -9.1891899E-04   49.92704    
 -9.1491506E-04   50.32943    
 -9.1091095E-04   50.76213    
 -9.0690702E-04   51.22421    
 -9.0290298E-04   51.71198    
 -8.9889899E-04   52.22137    
 -8.9489494E-04   52.74838    
 -8.9089101E-04   53.29074    
 -8.8688690E-04   53.84801    
 -8.8288297E-04   54.42183    
 -8.7887893E-04   55.01487    
 -8.7487500E-04   55.63005    
 -8.7087089E-04   56.27052    
 -8.6686696E-04   56.93732    
 -8.6286303E-04   57.63097    
 -8.5885887E-04   58.34951    
 -8.5485494E-04   59.09016    
 -8.5085095E-04   59.84983    
 -8.4684690E-04   60.62568    
 -8.4284286E-04   61.41406    
 -8.3883893E-04   62.21453    
 -8.3483494E-04   63.02645    
 -8.3083089E-04   63.85089    
 -8.2682684E-04   64.68977    
 -8.2282291E-04   65.54614    
 -8.1881881E-04   66.42240    
 -8.1481488E-04   67.32143    
 -8.1081083E-04   68.24563    
 -8.0680696E-04   69.19582    
 -8.0280280E-04   70.17308    
 -7.9879886E-04   71.17557    
 -7.9479493E-04   72.20210    
 -7.9079083E-04   73.24889    
 -7.8678690E-04   74.31036    
 -7.8278285E-04   75.38103    
 -7.7877886E-04   76.45387    
 -7.7477482E-04   77.52339    
 -7.7077089E-04   78.58385    
 -7.6676684E-04   79.63326    
 -7.6276285E-04   80.67242    
 -7.5875880E-04   81.70655    
 -7.5475487E-04   82.74461    
 -7.5075077E-04   83.79979    
 -7.4674684E-04   84.88601    
 -7.4274279E-04   86.01853    
 -7.3873874E-04   87.20861    
 -7.3473481E-04   88.46371    
 -7.3073083E-04   89.78438    
 -7.2672690E-04   91.16200    
 -7.2272273E-04   92.58157    
 -7.1871880E-04   94.02266    
 -7.1471481E-04   95.46005    
 -7.1071077E-04   96.87101    
 -7.0670672E-04   98.23574    
 -7.0270279E-04   99.54347    
 -6.9869880E-04   100.7923    
 -6.9469475E-04   101.9930    
 -6.9069071E-04   103.1654    
 -6.8668678E-04   104.3361    
 -6.8268267E-04   105.5375    
 -6.7867874E-04   106.7980    
 -6.7467469E-04   108.1436    
 -6.7067071E-04   109.5900    
 -6.6666678E-04   111.1430    
 -6.6266273E-04   112.7995    
 -6.5865880E-04   114.5465    
 -6.5465469E-04   116.3678    
 -6.5065076E-04   118.2470    
 -6.4664672E-04   120.1716    
 -6.4264267E-04   122.1354    
 -6.3863868E-04   124.1426    
 -6.3463475E-04   126.2050    
 -6.3063059E-04   128.3412    
 -6.2662666E-04   130.5725    
 -6.2262267E-04   132.9188    
 -6.1861874E-04   135.3936    
 -6.1461458E-04   138.0017    
 -6.1061064E-04   140.7353    
 -6.0660666E-04   143.5782    
 -6.0260261E-04   146.5034    
 -5.9859868E-04   149.4800    
 -5.9459469E-04   152.4767    
 -5.9059076E-04   155.4665    
 -5.8658660E-04   158.4329    
 -5.8258267E-04   161.3668    
 -5.7857868E-04   164.2760    
 -5.7457463E-04   167.1747    
 -5.7057058E-04   170.0887    
 -5.6656665E-04   173.0470    
 -5.6256255E-04   176.0793    
 -5.5855862E-04   179.2131    
 -5.5455457E-04   182.4690    
 -5.5055064E-04   185.8624    
 -5.4654654E-04   189.3981    
 -5.4254261E-04   193.0745    
 -5.3853856E-04   196.8841    
 -5.3453457E-04   200.8129    
 -5.3053064E-04   204.8443    
 -5.2652659E-04   208.9601    
 -5.2252255E-04   213.1392    
 -5.1851856E-04   217.3620    
 -5.1451463E-04   221.6101    
 -5.1051058E-04   225.8698    
 -5.0650653E-04   230.1310    
 -5.0250255E-04   234.3925    
 -4.9849862E-04   238.6636    
 -4.9449445E-04   242.9643    
 -4.9049052E-04   247.3266    
 -4.8648650E-04   251.7912    
 -4.8248249E-04   256.4067    
 -4.7847847E-04   261.2214    
 -4.7447454E-04   266.2797    
 -4.7047061E-04   271.6162    
 -4.6646647E-04   277.2483    
 -4.6246254E-04   283.1754    
 -4.5845853E-04   289.3779    
 -4.5445448E-04   295.8201    
 -4.5045046E-04   302.4568    
 -4.4644653E-04   309.2402    
 -4.4244251E-04   316.1303    
 -4.3843850E-04   323.0996    
 -4.3443445E-04   330.1437    
 -4.3043052E-04   337.2764    
 -4.2642641E-04   344.5316    
 -4.2242248E-04   351.9541    
 -4.1841844E-04   359.5932    
 -4.1441442E-04   367.4877    
 -4.1041040E-04   375.6599    
 -4.0640647E-04   384.1039    
 -4.0240254E-04   392.7871    
 -3.9839841E-04   401.6523    
 -3.9439448E-04   410.6205    
 -3.9039046E-04   419.6105    
 -3.8638641E-04   428.5475    
 -3.8238239E-04   437.3784    
 -3.7837846E-04   446.0851    
 -3.7437433E-04   454.6867    
 -3.7037040E-04   463.2445    
 -3.6636638E-04   471.8474    
 -3.6236245E-04   480.6083    
 -3.5835832E-04   489.6442    
 -3.5435439E-04   499.0575    
 -3.5035037E-04   508.9272    
 -3.4634635E-04   519.2925    
 -3.4234230E-04   530.1522    
 -3.3833840E-04   541.4670    
 -3.3433427E-04   553.1683    
 -3.3033034E-04   565.1683    
 -3.2632641E-04   577.3811    
 -3.2232248E-04   589.7301    
 -3.1831834E-04   602.1656    
 -3.1431441E-04   614.6637    
 -3.1031031E-04   627.2289    
 -3.0630638E-04   639.8915    
 -3.0230224E-04   652.6908    
 -2.9829831E-04   665.6702    
 -2.9429438E-04   678.8629    
 -2.9029025E-04   692.2837    
 -2.8628614E-04   705.9308    
 -2.8228239E-04   719.7734    
 -2.7827828E-04   733.7816    
 -2.7427435E-04   747.9108    
 -2.7027042E-04   762.1335    
 -2.6626629E-04   776.4339    
 -2.6226236E-04   790.8223    
 -2.5825822E-04   805.3336    
 -2.5425432E-04   820.0232    
 -2.5025039E-04   834.9613    
 -2.4624626E-04   850.2180    
 -2.4224212E-04   865.8486    
 -2.3823840E-04   881.8860    
 -2.3423426E-04   898.3358    
 -2.3023014E-04   915.1561    
 -2.2622621E-04   932.2802    
 -2.2222228E-04   949.6075    
 -2.1821816E-04   967.0161    
 -2.1421423E-04   984.3754    
 -2.1021010E-04   1001.559    
 -2.0620637E-04   1018.452    
 -2.0220225E-04   1034.958    
 -1.9819812E-04   1051.001    
 -1.9419439E-04   1066.525    
 -1.9019026E-04   1081.497    
 -1.8618614E-04   1095.901    
 -1.8218221E-04   1109.725    
 -1.7817828E-04   1122.972    
 -1.7417416E-04   1135.656    
 -1.7017023E-04   1147.790    
 -1.6616609E-04   1159.402    
 -1.6216218E-04   1170.526    
 -1.5815825E-04   1181.205    
 -1.5415411E-04   1191.486    
 -1.5014999E-04   1201.420    
 -1.4614625E-04   1211.054    
 -1.4214213E-04   1220.433    
 -1.3813801E-04   1229.576    
 -1.3413427E-04   1238.495    
 -1.3013015E-04   1247.192    
 -1.2612622E-04   1255.653    
 -1.2212209E-04   1263.859    
 -1.1811817E-04   1271.800    
 -1.1411423E-04   1279.479    
 -1.1011012E-04   1286.917    
 -1.0610599E-04   1294.167    
 -1.0210225E-04   1301.302    
 -9.8098128E-05   1308.420    
 -9.4094001E-05   1315.617    
 -9.0090070E-05   1322.993    
 -8.6086147E-05   1330.619    
 -8.2082021E-05   1338.537    
 -7.8078090E-05   1346.735    
 -7.4073963E-05   1355.151    
 -7.0070033E-05   1363.675    
 -6.6066110E-05   1372.154    
 -6.2061983E-05   1380.408    
 -5.8058249E-05   1388.250    
 -5.4054122E-05   1395.495    
 -5.0049995E-05   1401.994    
 -4.6046069E-05   1407.637    
 -4.2042138E-05   1412.366    
 -3.8038012E-05   1416.173    
 -3.4034085E-05   1419.108    
 -3.0029958E-05   1421.247    
 -2.6026029E-05   1422.717    
 -2.2022101E-05   1423.645    
 -1.8017976E-05   1424.167    
 -1.4013849E-05   1424.411    
 -1.0010118E-05   1424.494    
 -6.0059915E-06   1424.509    
 -2.0018651E-06   1424.416    
  2.0018651E-06   1424.416    
  6.0059915E-06   1424.510    
  1.0010118E-05   1424.495    
  1.4014046E-05   1424.411    
  1.8017976E-05   1424.167    
  2.2021904E-05   1423.645    
  2.6026029E-05   1422.717    
  3.0030156E-05   1421.249    
  3.4033888E-05   1419.106    
  3.8038012E-05   1416.174    
  4.2042138E-05   1412.366    
  4.6046069E-05   1407.637    
  5.0049995E-05   1401.994    
  5.4054122E-05   1395.494    
  5.8058053E-05   1388.251    
  6.2061983E-05   1380.408    
  6.6066110E-05   1372.154    
  7.0070033E-05   1363.675    
  7.4074160E-05   1355.151    
  7.8078090E-05   1346.735    
  8.2082021E-05   1338.537    
  8.6086147E-05   1330.618    
  9.0090070E-05   1322.993    
  9.4094001E-05   1315.617    
  9.8098128E-05   1308.420    
  1.0210206E-04   1301.302    
  1.0610618E-04   1294.167    
  1.1011012E-04   1286.917    
  1.1411404E-04   1279.478    
  1.1811817E-04   1271.800    
  1.2212229E-04   1263.859    
  1.2612602E-04   1255.653    
  1.3013015E-04   1247.192    
  1.3413427E-04   1238.495    
  1.3813801E-04   1229.576    
  1.4214213E-04   1220.433    
  1.4614625E-04   1211.054    
  1.5015018E-04   1201.420    
  1.5415411E-04   1191.486    
  1.5815825E-04   1181.204    
  1.6216218E-04   1170.526    
  1.6616630E-04   1159.403    
  1.7017002E-04   1147.790    
  1.7417416E-04   1135.656    
  1.7817828E-04   1122.972    
  1.8218221E-04   1109.725    
  1.8618614E-04   1095.900    
  1.9019026E-04   1081.497    
  1.9419419E-04   1066.525    
  1.9819812E-04   1051.001    
  2.0220225E-04   1034.958    
  2.0620618E-04   1018.452    
  2.1021030E-04   1001.559    
  2.1421423E-04   984.3752    
  2.1821816E-04   967.0160    
  2.2222228E-04   949.6080    
  2.2622642E-04   932.2796    
  2.3023014E-04   915.1562    
  2.3423426E-04   898.3358    
  2.3823819E-04   881.8868    
  2.4224233E-04   865.8480    
  2.4624626E-04   850.2180    
  2.5025019E-04   834.9626    
  2.5425432E-04   820.0231    
  2.5825843E-04   805.3330    
  2.6226215E-04   790.8239    
  2.6626629E-04   776.4342    
  2.7027042E-04   762.1337    
  2.7427415E-04   747.9114    
  2.7827828E-04   733.7814    
  2.8228239E-04   719.7736    
  2.8628632E-04   705.9304    
  2.9029025E-04   692.2838    
  2.9429438E-04   678.8628    
  2.9829831E-04   665.6702    
  3.0230245E-04   652.6901    
  3.0630638E-04   639.8912    
  3.1031031E-04   627.2289    
  3.1431441E-04   614.6640    
  3.1831834E-04   602.1654    
  3.2232227E-04   589.7313    
  3.2632641E-04   577.3812    
  3.3033034E-04   565.1685    
  3.3433427E-04   553.1684    
  3.3833840E-04   541.4673    
  3.4234230E-04   530.1525    
  3.4634644E-04   519.2931    
  3.5035037E-04   508.9273    
  3.5435430E-04   499.0582    
  3.5835843E-04   489.6436    
  3.6236257E-04   480.6079    
  3.6636629E-04   471.8481    
  3.7037040E-04   463.2448    
  3.7437453E-04   454.6864    
  3.7837846E-04   446.0853    
  3.8238239E-04   437.3782    
  3.8638632E-04   428.5477    
  3.9039046E-04   419.6105    
  3.9439456E-04   410.6201    
  3.9839832E-04   401.6525    
  4.0240242E-04   392.7881    
  4.0640656E-04   384.1037    
  4.1041028E-04   375.6598    
  4.1441442E-04   367.4875    
  4.1841855E-04   359.5934    
  4.2242248E-04   351.9543    
  4.2642641E-04   344.5320    
  4.3043052E-04   337.2766    
  4.3443445E-04   330.1436    
  4.3843858E-04   323.0999    
  4.4244251E-04   316.1302    
  4.4644644E-04   309.2401    
  4.5045058E-04   302.4566    
  4.5445448E-04   295.8199    
  4.5845841E-04   289.3780    
  4.6246254E-04   283.1755    
  4.6646647E-04   277.2483    
  4.7047040E-04   271.6166    
  4.7447454E-04   266.2796    
  4.7847847E-04   261.2214    
  4.8248257E-04   256.4067    
  4.8648650E-04   251.7913    
  4.9049046E-04   247.3264    
  4.9449457E-04   242.9644    
  4.9849867E-04   238.6633    
  5.0250243E-04   234.3924    
  5.0650653E-04   230.1310    
  5.1051070E-04   225.8696    
  5.1451463E-04   221.6101    
  5.1851856E-04   217.3620    
  5.2252266E-04   213.1388    
  5.2652659E-04   208.9601    
  5.3053052E-04   204.8448    
  5.3453445E-04   200.8128    
  5.3853856E-04   196.8841    
  5.4254272E-04   193.0747    
  5.4654642E-04   189.3983    
  5.5055058E-04   185.8626    
  5.5455469E-04   182.4695    
  5.5855862E-04   179.2134    
  5.6256255E-04   176.0793    
  5.6656665E-04   173.0470    
  5.7057058E-04   170.0889    
  5.7457475E-04   167.1753    
  5.7857868E-04   164.2760    
  5.8258261E-04   161.3670    
  5.8658671E-04   158.4326    
  5.9059082E-04   155.4665    
  5.9459457E-04   152.4768    
  5.9859868E-04   149.4798    
  6.0260261E-04   146.5034    
  6.0660654E-04   143.5783    
  6.1061064E-04   140.7354    
  6.1461458E-04   138.0017    
  6.1861874E-04   135.3935    
  6.2262267E-04   132.9187    
  6.2662660E-04   130.5727    
  6.3063070E-04   128.3412    
  6.3463481E-04   126.2050    
  6.3863856E-04   124.1425    
  6.4264267E-04   122.1352    
  6.4664683E-04   120.1712    
  6.5065076E-04   118.2469    
  6.5465469E-04   116.3678    
  6.5865880E-04   114.5464    
  6.6266273E-04   112.7994    
  6.6666666E-04   111.1431    
  6.7067076E-04   109.5901    
  6.7467469E-04   108.1439    
  6.7867886E-04   106.7982    
  6.8268256E-04   105.5372    
  6.8668672E-04   104.3363    
  6.9069082E-04   103.1653    
  6.9469475E-04   101.9930    
  6.9869868E-04   100.7924    
  7.0270279E-04   99.54336    
  7.0670672E-04   98.23568    
  7.1071088E-04   96.87066    
  7.1471481E-04   95.45995    
  7.1871874E-04   94.02244    
  7.2272285E-04   92.58183    
  7.2672695E-04   91.16180    
  7.3073071E-04   89.78424    
  7.3473481E-04   88.46370    
  7.3873898E-04   87.20861    
  7.4274268E-04   86.01823    
  7.4674684E-04   84.88581    
  7.5075077E-04   83.79980    
  7.5475487E-04   82.74463    
  7.5875880E-04   81.70643    
  7.6276273E-04   80.67261    
  7.6676684E-04   79.63326    
  7.7077100E-04   78.58386    
  7.7477470E-04   77.52349    
  7.7877886E-04   76.45383    
  7.8278297E-04   75.38081    
  7.8678690E-04   74.31033    
  7.9079083E-04   73.24871    
  7.9479493E-04   72.20210    
  7.9879886E-04   71.17548    
  8.0280280E-04   70.17310    
  8.0680696E-04   69.19576    
  8.1081083E-04   68.24558    
  8.1481499E-04   67.32161    
  8.1881869E-04   66.42248    
  8.2282285E-04   65.54578    
  8.2682696E-04   64.68963    
  8.3083089E-04   63.85085    
  8.3483482E-04   63.02645    
  8.3883893E-04   62.21453    
  8.4284286E-04   61.41407    
  8.4684702E-04   60.62541    
  8.5085095E-04   59.84987    
  8.5485488E-04   59.09024    
  8.5885898E-04   58.34928    
  8.6286291E-04   57.63092    
  8.6686685E-04   56.93726    
  8.7087095E-04   56.27038    
  8.7487511E-04   55.62994    
  8.7887881E-04   55.01485    
  8.8288297E-04   54.42193    
  8.8688708E-04   53.84799    
  8.9089101E-04   53.29067    
  8.9489494E-04   52.74846    
  8.9889887E-04   52.22153    
  9.0290298E-04   51.71206    
  9.0690714E-04   51.22410    
  9.1091084E-04   50.76221    
  9.1491500E-04   50.32958    
  9.1891910E-04   49.92688    
  9.2292303E-04   49.55196    
  9.2692696E-04   49.19648    
  9.3093107E-04   48.84900    
  9.3493500E-04   48.49303    
  9.3893893E-04   48.11071    
  9.4294309E-04   47.68449    
  9.4694702E-04   47.20018    
  9.5095113E-04   46.64853    
  9.5495506E-04   46.02776    
  9.5895899E-04   45.34396    
  9.6296309E-04   44.60983    
  9.6696703E-04   43.84397    
  9.7097096E-04   43.06605    
  9.7497512E-04   42.29618    
  9.7897905E-04   41.55005    
  9.8298315E-04   40.83640    
  9.8698703E-04   40.15760    
  9.9099101E-04   39.50776    
  9.9499512E-04   38.87582    
  9.9899911E-04   38.24783    
  1.0030030E-03   37.61048    
  1.0070071E-03   36.95481    
  1.0110112E-03   36.27782    
  1.0150149E-03   35.58579    
  1.0190191E-03   34.89122    
  1.0230233E-03   34.21403    
  1.0270271E-03   33.57793    
  1.0310311E-03   33.00475    
  1.0350352E-03   32.51276    
  1.0390391E-03   32.11326    
  1.0430432E-03   31.80693    
  1.0470470E-03   31.58523    
  1.0510511E-03   31.42994    
  1.0550553E-03   31.31734    
  1.0590589E-03   31.22030    
  1.0630632E-03   31.11343    
  1.0670673E-03   30.97558    
  1.0710711E-03   30.79315    
  1.0750751E-03   30.56120    
  1.0790792E-03   30.28366    
  1.0830831E-03   29.97053    
  1.0870873E-03   29.63688    
  1.0910912E-03   29.29894    
  1.0950951E-03   28.97088    
  1.0990993E-03   28.66327    
  1.1031034E-03   28.38139    
  1.1071071E-03   28.12461    
  1.1111113E-03   27.88746    
  1.1151151E-03   27.66227    
  1.1191192E-03   27.43956    
  1.1231232E-03   27.21163    
  1.1271271E-03   26.97355    
  1.1311313E-03   26.72417    
  1.1351352E-03   26.46574    
  1.1391392E-03   26.20415    
  1.1431433E-03   25.94618    
  1.1471474E-03   25.69885    
  1.1511511E-03   25.46757    
  1.1551552E-03   25.25429    
  1.1591594E-03   25.05809    
  1.1631633E-03   24.87427    
  1.1671672E-03   24.69540    
  1.1711713E-03   24.51332    
  1.1751753E-03   24.31949    
  1.1791794E-03   24.10740    
  1.1831833E-03   23.87329    
  1.1871873E-03   23.61669    
  1.1911914E-03   23.34097    
  1.1951951E-03   23.05198    
  1.1991992E-03   22.75831    
  1.2032033E-03   22.46873    
  1.2072073E-03   22.19140    
  1.2112112E-03   21.93342    
  1.2152153E-03   21.69835    
  1.2192193E-03   21.48748    
  1.2232234E-03   21.29796    
  1.2272274E-03   21.12549    
  1.2312313E-03   20.96263    
  1.2352354E-03   20.80191    
  1.2392395E-03   20.63564    
  1.2432432E-03   20.45716    
  1.2472473E-03   20.26239    
  1.2512516E-03   20.04968    
  1.2552554E-03   19.82102    
  1.2592594E-03   19.58114    
  1.2632633E-03   19.33753    
  1.2672674E-03   19.09963    
  1.2712714E-03   18.87724    
  1.2752753E-03   18.67957    
  1.2792794E-03   18.51419    
  1.2832836E-03   18.38535    
  1.2872872E-03   18.29381    
  1.2912914E-03   18.23558    
  1.2952955E-03   18.20331    
  1.2992994E-03   18.18644    
  1.3033034E-03   18.17254    
  1.3073075E-03   18.14929    
  1.3113114E-03   18.10560    
  1.3153156E-03   18.03388    
  1.3193195E-03   17.93052    
  1.3233233E-03   17.79624    
  1.3273276E-03   17.63702    
  1.3313317E-03   17.46185    
  1.3353354E-03   17.28167    
  1.3393395E-03   17.10792    
  1.3433433E-03   16.95064    
  1.3473474E-03   16.81665    
  1.3513515E-03   16.70887    
  1.3553553E-03   16.62588    
  1.3593594E-03   16.56284    
  1.3633635E-03   16.51168    
  1.3673676E-03   16.46347    
  1.3713713E-03   16.41023    
  1.3753754E-03   16.34524    
  1.3793795E-03   16.26505    
  1.3833838E-03   16.17015    
  1.3873874E-03   16.06343    
  1.3913916E-03   15.95084    
  1.3953957E-03   15.83898    
  1.3993995E-03   15.73419    
  1.4034036E-03   15.64144    
  1.4074073E-03   15.56242    
  1.4114114E-03   15.49593    
  1.4154156E-03   15.43819    
  1.4194197E-03   15.38300    
  1.4234238E-03   15.32328    
  1.4274279E-03   15.25205    
  1.4314313E-03   15.16461    
  1.4354354E-03   15.05817    
  1.4394395E-03   14.93356    
  1.4434436E-03   14.79409    
  1.4474478E-03   14.64613    
  1.4514514E-03   14.49719    
  1.4554557E-03   14.35522    
  1.4594593E-03   14.22775    
  1.4634635E-03   14.12002    
  1.4674676E-03   14.03459    
  1.4714717E-03   13.97194    
  1.4754755E-03   13.92886    
  1.4794796E-03   13.90024    
  1.4834837E-03   13.87885    
  1.4874878E-03   13.85620    
  1.4914916E-03   13.82414    
  1.4954957E-03   13.77451    
  1.4994994E-03   13.70091    
  1.5035035E-03   13.59878    
  1.5075076E-03   13.46593    
  1.5115119E-03   13.30287    
  1.5155160E-03   13.11326    
  1.5195193E-03   12.90317    
  1.5235234E-03   12.68111    
  1.5275275E-03   12.45712    
  1.5315317E-03   12.24178    
  1.5355358E-03   12.04524    
  1.5395399E-03   11.87553    
  1.5435437E-03   11.73818    
  1.5475478E-03   11.63446    
  1.5515515E-03   11.56164    
  1.5555556E-03   11.51294    
  1.5595597E-03   11.47883    
  1.5635638E-03   11.44680    
  1.5675676E-03   11.40503    
  1.5715717E-03   11.34333    
  1.5755758E-03   11.25378    
  1.5795800E-03   11.13335    
  1.5835837E-03   10.98361    
  1.5875874E-03   10.81046    
  1.5915915E-03   10.62303    
  1.5955957E-03   10.43167    
  1.5995998E-03   10.24707    
  1.6036039E-03   10.07712    
  1.6076081E-03   9.926335    
  1.6116115E-03   9.795098    
  1.6156156E-03   9.679855    
  1.6196197E-03   9.573592    
  1.6236238E-03   9.468593    
  1.6276279E-03   9.357094    
  1.6316320E-03   9.234434    
  1.6356357E-03   9.099210    
  1.6396398E-03   8.954950    
  1.6436436E-03   8.808792    
  1.6476477E-03   8.670527    
  1.6516519E-03   8.551166    
  1.6556560E-03   8.459684    
  1.6596598E-03   8.401923    
  1.6636639E-03   8.378407    
  1.6676680E-03   8.384061    
  1.6716718E-03   8.408947    
  1.6756759E-03   8.439250    
  1.6796796E-03   8.460177    
  1.6836837E-03   8.458169    
  1.6876878E-03   8.423690    
  1.6916919E-03   8.352896    
  1.6956960E-03   8.248807    
  1.6997003E-03   8.120507    
  1.7037035E-03   7.982548    
  1.7077076E-03   7.851492    
  1.7117118E-03   7.744277    
  1.7157159E-03   7.674753    
  1.7197201E-03   7.651704    
  1.7237242E-03   7.677540    
  1.7277279E-03   7.748632    
  1.7317316E-03   7.855217    
  1.7357358E-03   7.984441    
  1.7397399E-03   8.121931    
  1.7437440E-03   8.254524    
  1.7477478E-03   8.371733    
  1.7517519E-03   8.467712    
  1.7557560E-03   8.541157    
  1.7597601E-03   8.594236    
  1.7637638E-03   8.631951    
  1.7677679E-03   8.659843    
  1.7717717E-03   8.682888    
  1.7757758E-03   8.703528    
  1.7797799E-03   8.721645    
  1.7837841E-03   8.734507    
  1.7877882E-03   8.737071    
  1.7917923E-03   8.724445    
  1.7957956E-03   8.692778    
  1.7997999E-03   8.639612    
  1.8038040E-03   8.566450    
  1.8078081E-03   8.477117    
  1.8118122E-03   8.378711    
  1.8158159E-03   8.278665    
  1.8198200E-03   8.184438    
  1.8238238E-03   8.101951    
  1.8278279E-03   8.033590    
  1.8318320E-03   7.978593    
  1.8358361E-03   7.932913    
  1.8398399E-03   7.889814    
  1.8438440E-03   7.841912    
  1.8478482E-03   7.782186    
  1.8518523E-03   7.705883    
  1.8558560E-03   7.611690    
  1.8598601E-03   7.501408    
  1.8638638E-03   7.380641    
  1.8678680E-03   7.256912    
  1.8718721E-03   7.138532    
  1.8758762E-03   7.033630    
  1.8798803E-03   6.947423    
  1.8838837E-03   6.882773    
  1.8878878E-03   6.838918    
  1.8918919E-03   6.812342    
  1.8958960E-03   6.797534    
  1.8999001E-03   6.788662    
  1.9039044E-03   6.780309    
  1.9079080E-03   6.769126    
  1.9119122E-03   6.754429    
  1.9159159E-03   6.737400    
  1.9199200E-03   6.721634    
  1.9239242E-03   6.710921    
  1.9279283E-03   6.709164    
  1.9319321E-03   6.718048    
  1.9359362E-03   6.737490    
  1.9399403E-03   6.764462    
  1.9439440E-03   6.794199    
  1.9479481E-03   6.820456    
  1.9519522E-03   6.837360    
  1.9559560E-03   6.840256    
  1.9599602E-03   6.826920    
  1.9639642E-03   6.798168    
  1.9679684E-03   6.757643    
  1.9719724E-03   6.711092    
  1.9759759E-03   6.665165    
  1.9799799E-03   6.626020    
  1.9839841E-03   6.597808    
  1.9879881E-03   6.581700    
  1.9919924E-03   6.575875    
  1.9959963E-03   6.575044    
  2.0000001E-03   6.572028    
