 -4.9999999E-03   1.728078    
 -4.9899900E-03   1.737349    
 -4.9799802E-03   1.745314    
 -4.9699699E-03   1.751853    
 -4.9599600E-03   1.756877    
 -4.9499501E-03   1.760457    
 -4.9399403E-03   1.762730    
 -4.9299300E-03   1.763880    
 -4.9199201E-03   1.764278    
 -4.9099098E-03   1.764224    
 -4.8998999E-03   1.764152    
 -4.8898896E-03   1.764471    
 -4.8798798E-03   1.765634    
 -4.8698699E-03   1.767943    
 -4.8598601E-03   1.771713    
 -4.8498502E-03   1.777278    
 -4.8398399E-03   1.784717    
 -4.8298300E-03   1.794175    
 -4.8198197E-03   1.805674    
 -4.8098098E-03   1.819115    
 -4.7997995E-03   1.834477    
 -4.7897897E-03   1.851576    
 -4.7797798E-03   1.870151    
 -4.7697700E-03   1.890123    
 -4.7597601E-03   1.911242    
 -4.7497498E-03   1.933268    
 -4.7397399E-03   1.956116    
 -4.7297296E-03   1.979527    
 -4.7197198E-03   2.003380    
 -4.7097094E-03   2.027456    
 -4.6996996E-03   2.051606    
 -4.6896897E-03   2.075631    
 -4.6796799E-03   2.099374    
 -4.6696700E-03   2.122579    
 -4.6596597E-03   2.145038    
 -4.6496498E-03   2.166459    
 -4.6396400E-03   2.186708    
 -4.6296297E-03   2.205477    
 -4.6196193E-03   2.222650    
 -4.6096095E-03   2.238037    
 -4.5995996E-03   2.251521    
 -4.5895898E-03   2.263105    
 -4.5795795E-03   2.272790    
 -4.5695696E-03   2.280678    
 -4.5595597E-03   2.286962    
 -4.5495499E-03   2.291929    
 -4.5395396E-03   2.295772    
 -4.5295293E-03   2.298915    
 -4.5195194E-03   2.301617    
 -4.5095095E-03   2.304295    
 -4.4994997E-03   2.307228    
 -4.4894894E-03   2.310705    
 -4.4794795E-03   2.314928    
 -4.4694697E-03   2.320092    
 -4.4594598E-03   2.326255    
 -4.4494495E-03   2.333387    
 -4.4394392E-03   2.341509    
 -4.4294293E-03   2.350471    
 -4.4194194E-03   2.360001    
 -4.4094096E-03   2.369977    
 -4.3993993E-03   2.380069    
 -4.3893894E-03   2.390019    
 -4.3793796E-03   2.399524    
 -4.3693697E-03   2.408355    
 -4.3593599E-03   2.416254    
 -4.3493495E-03   2.423006    
 -4.3393392E-03   2.428359    
 -4.3293294E-03   2.432271    
 -4.3193190E-03   2.434618    
 -4.3093092E-03   2.435368    
 -4.2992993E-03   2.434636    
 -4.2892895E-03   2.432430    
 -4.2792796E-03   2.428950    
 -4.2692693E-03   2.424533    
 -4.2592594E-03   2.419417    
 -4.2492491E-03   2.414037    
 -4.2392393E-03   2.408792    
 -4.2292294E-03   2.404198    
 -4.2192191E-03   2.400751    
 -4.2092092E-03   2.398927    
 -4.1991994E-03   2.399244    
 -4.1891895E-03   2.402095    
 -4.1791792E-03   2.407865    
 -4.1691693E-03   2.416697    
 -4.1591590E-03   2.428793    
 -4.1491492E-03   2.444083    
 -4.1391389E-03   2.462399    
 -4.1291290E-03   2.483420    
 -4.1191191E-03   2.506728    
 -4.1091093E-03   2.531769    
 -4.0990994E-03   2.557957    
 -4.0890891E-03   2.584613    
 -4.0790793E-03   2.611141    
 -4.0690694E-03   2.636995    
 -4.0590591E-03   2.661729    
 -4.0490492E-03   2.684981    
 -4.0390389E-03   2.706652    
 -4.0290290E-03   2.726702    
 -4.0190192E-03   2.745294    
 -4.0090089E-03   2.762773    
 -3.9989995E-03   2.779530    
 -3.9889892E-03   2.796031    
 -3.9789793E-03   2.812803    
 -3.9689690E-03   2.830300    
 -3.9589587E-03   2.848878    
 -3.9489488E-03   2.868782    
 -3.9389390E-03   2.890117    
 -3.9289291E-03   2.912719    
 -3.9189192E-03   2.936306    
 -3.9089089E-03   2.960387    
 -3.8988988E-03   2.984382    
 -3.8888890E-03   3.007566    
 -3.8788787E-03   3.029252    
 -3.8688693E-03   3.048784    
 -3.8588590E-03   3.065595    
 -3.8488489E-03   3.079270    
 -3.8388390E-03   3.089713    
 -3.8288287E-03   3.096925    
 -3.8188188E-03   3.101333    
 -3.8088090E-03   3.103531    
 -3.7987989E-03   3.104353    
 -3.7887890E-03   3.104813    
 -3.7787787E-03   3.105958    
 -3.7687689E-03   3.108917    
 -3.7587588E-03   3.114840    
 -3.7487489E-03   3.124511    
 -3.7387386E-03   3.138815    
 -3.7287287E-03   3.158028    
 -3.7187189E-03   3.182434    
 -3.7087088E-03   3.211818    
 -3.6986985E-03   3.245835    
 -3.6886886E-03   3.283679    
 -3.6786788E-03   3.324491    
 -3.6686689E-03   3.367267    
 -3.6586588E-03   3.410926    
 -3.6486485E-03   3.454431    
 -3.6386386E-03   3.496830    
 -3.6286288E-03   3.537258    
 -3.6186187E-03   3.575202    
 -3.6086084E-03   3.610291    
 -3.5985985E-03   3.642363    
 -3.5885887E-03   3.671396    
 -3.5785788E-03   3.697717    
 -3.5685685E-03   3.721602    
 -3.5585584E-03   3.743470    
 -3.5485486E-03   3.763626    
 -3.5385387E-03   3.782455    
 -3.5285288E-03   3.800097    
 -3.5185185E-03   3.816609    
 -3.5085084E-03   3.831949    
 -3.4984986E-03   3.845912    
 -3.4884887E-03   3.858196    
 -3.4784784E-03   3.868429    
 -3.4684683E-03   3.876336    
 -3.4584585E-03   3.881575    
 -3.4484486E-03   3.884115    
 -3.4384383E-03   3.884055    
 -3.4284284E-03   3.881560    
 -3.4184183E-03   3.877310    
 -3.4084085E-03   3.872042    
 -3.3983986E-03   3.866761    
 -3.3883883E-03   3.862584    
 -3.3783785E-03   3.860746    
 -3.3683684E-03   3.862478    
 -3.3583585E-03   3.868983    
 -3.3483487E-03   3.881156    
 -3.3383383E-03   3.899683    
 -3.3283283E-03   3.924981    
 -3.3183184E-03   3.957048    
 -3.3083083E-03   3.995563    
 -3.2982985E-03   4.039727    
 -3.2882884E-03   4.088526    
 -3.2782783E-03   4.140578    
 -3.2682684E-03   4.194518    
 -3.2582583E-03   4.248682    
 -3.2482482E-03   4.301635    
 -3.2382382E-03   4.351852    
 -3.2282281E-03   4.398218    
 -3.2182182E-03   4.439787    
 -3.2082084E-03   4.476103    
 -3.1981983E-03   4.506973    
 -3.1881882E-03   4.532558    
 -3.1781783E-03   4.553538    
 -3.1681682E-03   4.570668    
 -3.1581582E-03   4.585153    
 -3.1481483E-03   4.598269    
 -3.1381380E-03   4.611379    
 -3.1281281E-03   4.625822    
 -3.1181183E-03   4.642916    
 -3.1081082E-03   4.663756    
 -3.0980981E-03   4.689271    
 -3.0880882E-03   4.720146    
 -3.0780782E-03   4.756732    
 -3.0680681E-03   4.799209    
 -3.0580582E-03   4.847442    
 -3.0480481E-03   4.901073    
 -3.0380380E-03   4.959605    
 -3.0280282E-03   5.022330    
 -3.0180181E-03   5.088440    
 -3.0080082E-03   5.157072    
 -2.9979981E-03   5.227374    
 -2.9879878E-03   5.298505    
 -2.9779780E-03   5.369609    
 -2.9679681E-03   5.440019    
 -2.9579580E-03   5.509067    
 -2.9479479E-03   5.576311    
 -2.9379381E-03   5.641386    
 -2.9279280E-03   5.703987    
 -2.9179181E-03   5.764091    
 -2.9079081E-03   5.821706    
 -2.8978977E-03   5.877023    
 -2.8878879E-03   5.930293    
 -2.8778778E-03   5.981831    
 -2.8678679E-03   6.032052    
 -2.8578578E-03   6.081430    
 -2.8478478E-03   6.130336    
 -2.8378379E-03   6.179211    
 -2.8278281E-03   6.228327    
 -2.8178177E-03   6.277988    
 -2.8078076E-03   6.328226    
 -2.7977978E-03   6.379017    
 -2.7877877E-03   6.430205    
 -2.7777778E-03   6.481473    
 -2.7677678E-03   6.532414    
 -2.7577577E-03   6.582611    
 -2.7477478E-03   6.631475    
 -2.7377380E-03   6.678606    
 -2.7277276E-03   6.723716    
 -2.7177178E-03   6.766559    
 -2.7077077E-03   6.807184    
 -2.6976976E-03   6.845787    
 -2.6876878E-03   6.882947    
 -2.6776779E-03   6.919385    
 -2.6676676E-03   6.955962    
 -2.6576577E-03   6.993883    
 -2.6476476E-03   7.034245    
 -2.6376375E-03   7.078240    
 -2.6276277E-03   7.126998    
 -2.6176176E-03   7.181233    
 -2.6076075E-03   7.241576    
 -2.5975977E-03   7.308285    
 -2.5875878E-03   7.381071    
 -2.5775777E-03   7.459416    
 -2.5675676E-03   7.542276    
 -2.5575575E-03   7.628343    
 -2.5475475E-03   7.716072    
 -2.5375376E-03   7.803916    
 -2.5275275E-03   7.890172    
 -2.5175174E-03   7.973460    
 -2.5075076E-03   8.052655    
 -2.4974977E-03   8.127138    
 -2.4874876E-03   8.196608    
 -2.4774773E-03   8.261518    
 -2.4674674E-03   8.322818    
 -2.4574574E-03   8.381886    
 -2.4474475E-03   8.440728    
 -2.4374374E-03   8.501330    
 -2.4274273E-03   8.565958    
 -2.4174175E-03   8.636918    
 -2.4074076E-03   8.715978    
 -2.3973975E-03   8.804716    
 -2.3873874E-03   8.903967    
 -2.3773774E-03   9.014140    
 -2.3673673E-03   9.134613    
 -2.3573574E-03   9.264393    
 -2.3473476E-03   9.401614    
 -2.3373372E-03   9.544120    
 -2.3273274E-03   9.689464    
 -2.3173175E-03   9.834851    
 -2.3073072E-03   9.977897    
 -2.2972974E-03   10.11646    
 -2.2872873E-03   10.24891    
 -2.2772772E-03   10.37428    
 -2.2672673E-03   10.49246    
 -2.2572575E-03   10.60418    
 -2.2472474E-03   10.71094    
 -2.2372373E-03   10.81497    
 -2.2272274E-03   10.91901    
 -2.2172171E-03   11.02621    
 -2.2072073E-03   11.13981    
 -2.1971972E-03   11.26280    
 -2.1871871E-03   11.39814    
 -2.1771772E-03   11.54772    
 -2.1671674E-03   11.71316    
 -2.1571573E-03   11.89499    
 -2.1471472E-03   12.09294    
 -2.1371371E-03   12.30577    
 -2.1271270E-03   12.53174    
 -2.1171172E-03   12.76817    
 -2.1071073E-03   13.01221    
 -2.0970970E-03   13.26069    
 -2.0870871E-03   13.51049    
 -2.0770773E-03   13.75889    
 -2.0670672E-03   14.00338    
 -2.0570571E-03   14.24218    
 -2.0470468E-03   14.47424    
 -2.0370369E-03   14.69910    
 -2.0270271E-03   14.91711    
 -2.0170170E-03   15.12924    
 -2.0070069E-03   15.33684    
 -1.9969970E-03   15.54189    
 -1.9869870E-03   15.74614    
 -1.9769771E-03   15.95179    
 -1.9669670E-03   16.16054    
 -1.9569569E-03   16.37397    
 -1.9469468E-03   16.59324    
 -1.9369370E-03   16.81904    
 -1.9269269E-03   17.05165    
 -1.9169169E-03   17.29083    
 -1.9069071E-03   17.53599    
 -1.8968969E-03   17.78645    
 -1.8868870E-03   18.04112    
 -1.8768768E-03   18.29903    
 -1.8668667E-03   18.55924    
 -1.8568569E-03   18.82093    
 -1.8468469E-03   19.08358    
 -1.8368368E-03   19.34707    
 -1.8268268E-03   19.61149    
 -1.8168170E-03   19.87717    
 -1.8068068E-03   20.14504    
 -1.7967967E-03   20.41586    
 -1.7867868E-03   20.69090    
 -1.7767766E-03   20.97147    
 -1.7667668E-03   21.25871    
 -1.7567568E-03   21.55415    
 -1.7467467E-03   21.85899    
 -1.7367367E-03   22.17441    
 -1.7267269E-03   22.50153    
 -1.7167168E-03   22.84120    
 -1.7067066E-03   23.19417    
 -1.6966967E-03   23.56107    
 -1.6866866E-03   23.94229    
 -1.6766769E-03   24.33794    
 -1.6666666E-03   24.74803    
 -1.6566566E-03   25.17226    
 -1.6466468E-03   25.60994    
 -1.6366368E-03   26.06052    
 -1.6266268E-03   26.52260    
 -1.6166165E-03   26.99504    
 -1.6066066E-03   27.47613    
 -1.5965967E-03   27.96420    
 -1.5865864E-03   28.45746    
 -1.5765765E-03   28.95421    
 -1.5665665E-03   29.45265    
 -1.5565567E-03   29.95174    
 -1.5465467E-03   30.45053    
 -1.5365368E-03   30.94868    
 -1.5265265E-03   31.44684    
 -1.5165166E-03   31.94577    
 -1.5065067E-03   32.44753    
 -1.4964964E-03   32.95441    
 -1.4864864E-03   33.46957    
 -1.4764764E-03   33.99650    
 -1.4664661E-03   34.53910    
 -1.4564563E-03   35.10108    
 -1.4464463E-03   35.68600    
 -1.4364364E-03   36.29692    
 -1.4264265E-03   36.93650    
 -1.4164166E-03   37.60613    
 -1.4064063E-03   38.30663    
 -1.3963963E-03   39.03748    
 -1.3863865E-03   39.79727    
 -1.3763765E-03   40.58400    
 -1.3663666E-03   41.39450    
 -1.3563567E-03   42.22564    
 -1.3463463E-03   43.07379    
 -1.3363364E-03   43.93513    
 -1.3263260E-03   44.80704    
 -1.3163162E-03   45.68686    
 -1.3063062E-03   46.57316    
 -1.2962964E-03   47.46556    
 -1.2862860E-03   48.36451    
 -1.2762761E-03   49.27206    
 -1.2662662E-03   50.19080    
 -1.2562562E-03   51.12426    
 -1.2462464E-03   52.07660    
 -1.2362364E-03   53.05262    
 -1.2262261E-03   54.05692    
 -1.2162162E-03   55.09376    
 -1.2062063E-03   56.16739    
 -1.1961963E-03   57.28117    
 -1.1861864E-03   58.43832    
 -1.1761765E-03   59.64077    
 -1.1661662E-03   60.89052    
 -1.1561563E-03   62.18846    
 -1.1461460E-03   63.53572    
 -1.1361360E-03   64.93280    
 -1.1261262E-03   66.38094    
 -1.1161162E-03   67.88118    
 -1.1061059E-03   69.43552    
 -1.0960960E-03   71.04596    
 -1.0860860E-03   72.71549    
 -1.0760761E-03   74.44813    
 -1.0660662E-03   76.24751    
 -1.0560562E-03   78.11801    
 -1.0460459E-03   80.06431    
 -1.0360361E-03   82.09060    
 -1.0260261E-03   84.20078    
 -1.0160162E-03   86.39863    
 -1.0060063E-03   88.68709    
 -9.9599641E-04   91.06787    
 -9.8598609E-04   93.54301    
 -9.7597571E-04   96.11276    
 -9.6596580E-04   98.77753    
 -9.5595588E-04   101.5378    
 -9.4594597E-04   104.3932    
 -9.3593606E-04   107.3445    
 -9.2592573E-04   110.3925    
 -9.1591582E-04   113.5389    
 -9.0590591E-04   116.7860    
 -8.9589600E-04   120.1373    
 -8.8588602E-04   123.5975    
 -8.7587611E-04   127.1715    
 -8.6586579E-04   130.8649    
 -8.5585588E-04   134.6830    
 -8.4584596E-04   138.6318    
 -8.3583605E-04   142.7168    
 -8.2582614E-04   146.9424    
 -8.1581622E-04   151.3122    
 -8.0580550E-04   155.8291    
 -7.9579558E-04   160.4938    
 -7.8578567E-04   165.3074    
 -7.7577576E-04   170.2696    
 -7.6576584E-04   175.3801    
 -7.5575552E-04   180.6384    
 -7.4574561E-04   186.0444    
 -7.3573564E-04   191.5992    
 -7.2572572E-04   197.3047    
 -7.1571581E-04   203.1655    
 -7.0570590E-04   209.1875    
 -6.9569558E-04   215.3789    
 -6.8568566E-04   221.7491    
 -6.7567575E-04   228.3100    
 -6.6566584E-04   235.0739    
 -6.5565592E-04   242.0543    
 -6.4564601E-04   249.2637    
 -6.3563528E-04   256.7155    
 -6.2562537E-04   264.4189    
 -6.1561546E-04   272.3836    
 -6.0560554E-04   280.6149    
 -5.9559557E-04   289.1164    
 -5.8558566E-04   297.8882    
 -5.7557534E-04   306.9272    
 -5.6556542E-04   316.2268    
 -5.5555551E-04   325.7800    
 -5.4554560E-04   335.5760    
 -5.3553568E-04   345.6051    
 -5.2552577E-04   355.8556    
 -5.1551545E-04   366.3175    
 -5.0550554E-04   376.9814    
 -4.9549562E-04   387.8391    
 -4.8548568E-04   398.8850    
 -4.7547577E-04   410.1164    
 -4.6546545E-04   421.5306    
 -4.5545513E-04   433.1282    
 -4.4544521E-04   444.9085    
 -4.3543530E-04   456.8748    
 -4.2542536E-04   469.0275    
 -4.1541544E-04   481.3666    
 -4.0540553E-04   493.8896    
 -3.9539521E-04   506.5927    
 -3.8538530E-04   519.4661    
 -3.7537538E-04   532.4988    
 -3.6536544E-04   545.6744    
 -3.5535553E-04   558.9731    
 -3.4534562E-04   572.3713    
 -3.3533529E-04   585.8412    
 -3.2532538E-04   599.3519    
 -3.1531547E-04   612.8719    
 -3.0530553E-04   626.3663    
 -2.9529521E-04   639.8008    
 -2.8528529E-04   653.1390    
 -2.7527497E-04   666.3475    
 -2.6526506E-04   679.3901    
 -2.5525515E-04   692.2362    
 -2.4524523E-04   704.8540    
 -2.3523530E-04   717.2128    
 -2.2522538E-04   729.2869    
 -2.1521507E-04   741.0483    
 -2.0520514E-04   752.4706    
 -1.9519523E-04   763.5320    
 -1.8518530E-04   774.2080    
 -1.7517539E-04   784.4753    
 -1.6516546E-04   794.3120    
 -1.5515515E-04   803.6982    
 -1.4514523E-04   812.6102    
 -1.3513531E-04   821.0277    
 -1.2512499E-04   828.9337    
 -1.1511507E-04   836.3056    
 -1.0510515E-04   843.1274    
 -9.5094838E-05   849.3819    
 -8.5084917E-05   855.0533    
 -7.5074997E-05   860.1282    
 -6.5065076E-05   864.5940    
 -5.5055156E-05   868.4403    
 -4.5045235E-05   871.6592    
 -3.5034918E-05   874.2431    
 -2.5024998E-05   876.1851    
 -1.5015078E-05   877.4847    
 -5.0051581E-06   878.1246    
  5.0047620E-06   878.1404    
  1.5014683E-05   877.4859    
  2.5024998E-05   876.1851    
  3.5034918E-05   874.2431    
  4.5045235E-05   871.6592    
  5.5055156E-05   868.4403    
  6.5065076E-05   864.5940    
  7.5075390E-05   860.1275    
  8.5085310E-05   855.0533    
  9.5095231E-05   849.3816    
  1.0510515E-04   843.1274    
  1.1511507E-04   836.3056    
  1.2512499E-04   828.9335    
  1.3513531E-04   821.0277    
  1.4514523E-04   812.6102    
  1.5515515E-04   803.6982    
  1.6516507E-04   794.3128    
  1.7517500E-04   784.4755    
  1.8518491E-04   774.2085    
  1.9519523E-04   763.5320    
  2.0520514E-04   752.4706    
  2.1521546E-04   741.0477    
  2.2522538E-04   729.2869    
  2.3523530E-04   717.2128    
  2.4524523E-04   704.8540    
  2.5525552E-04   692.2360    
  2.6526547E-04   679.3900    
  2.7527538E-04   666.3468    
  2.8528529E-04   653.1390    
  2.9529521E-04   639.8008    
  3.0530515E-04   626.3671    
  3.1531547E-04   612.8719    
  3.2532538E-04   599.3519    
  3.3533529E-04   585.8412    
  3.4534521E-04   572.3716    
  3.5535512E-04   558.9738    
  3.6536506E-04   545.6749    
  3.7537538E-04   532.4988    
  3.8538568E-04   519.4658    
  3.9539562E-04   506.5923    
  4.0540553E-04   493.8896    
  4.1541544E-04   481.3665    
  4.2542536E-04   469.0275    
  4.3543568E-04   456.8745    
  4.4544559E-04   444.9081    
  4.5545553E-04   433.1277    
  4.6546545E-04   421.5307    
  4.7547536E-04   410.1167    
  4.8548527E-04   398.8855    
  4.9549562E-04   387.8391    
  5.0550554E-04   376.9814    
  5.1551545E-04   366.3175    
  5.2552536E-04   355.8559    
  5.3553528E-04   345.6053    
  5.4554519E-04   335.5765    
  5.5555592E-04   325.7792    
  5.6556583E-04   316.2264    
  5.7557574E-04   306.9270    
  5.8558566E-04   297.8882    
  5.9559557E-04   289.1164    
  6.0560554E-04   280.6149    
  6.1561581E-04   272.3832    
  6.2562578E-04   264.4186    
  6.3563569E-04   256.7153    
  6.4564560E-04   249.2640    
  6.5565552E-04   242.0544    
  6.6566543E-04   235.0742    
  6.7567575E-04   228.3099    
  6.8568566E-04   221.7491    
  6.9569558E-04   215.3789    
  7.0570549E-04   209.1878    
  7.1571540E-04   203.1657    
  7.2572572E-04   197.3047    
  7.3573604E-04   191.5989    
  7.4574596E-04   186.0442    
  7.5575593E-04   180.6383    
  7.6576584E-04   175.3801    
  7.7577576E-04   170.2696    
  7.8578567E-04   165.3074    
  7.9579599E-04   160.4934    
  8.0580590E-04   155.8288    
  8.1581582E-04   151.3123    
  8.2582573E-04   146.9426    
  8.3583564E-04   142.7170    
  8.4584556E-04   138.6320    
  8.5585588E-04   134.6830    
  8.6586579E-04   130.8649    
  8.7587576E-04   127.1717    
  8.8588567E-04   123.5976    
  8.9589600E-04   120.1373    
  9.0590632E-04   116.7858    
  9.1591623E-04   113.5387    
  9.2592614E-04   110.3925    
  9.3593606E-04   107.3445    
  9.4594597E-04   104.3932    
  9.5595588E-04   101.5378    
  9.6596620E-04   98.77746    
  9.7597612E-04   96.11269    
  9.8598609E-04   93.54298    
  9.9599594E-04   91.06801    
  1.0060059E-03   88.68707    
  1.0160158E-03   86.39883    
  1.0260261E-03   84.20078    
  1.0360361E-03   82.09060    
  1.0460459E-03   80.06431    
  1.0560559E-03   78.11821    
  1.0660662E-03   76.24751    
  1.0760761E-03   74.44814    
  1.0860864E-03   72.71552    
  1.0960964E-03   71.04595    
  1.1061063E-03   69.43538    
  1.1161162E-03   67.88118    
  1.1261262E-03   66.38094    
  1.1361360E-03   64.93280    
  1.1461463E-03   63.53565    
  1.1561563E-03   62.18847    
  1.1661662E-03   60.89052    
  1.1761761E-03   59.64092    
  1.1861860E-03   58.43835    
  1.1961960E-03   57.28117    
  1.2062063E-03   56.16739    
  1.2162162E-03   55.09376    
  1.2262261E-03   54.05691    
  1.2362364E-03   53.05261    
  1.2462464E-03   52.07660    
  1.2562562E-03   51.12425    
  1.2662666E-03   50.19071    
  1.2762765E-03   49.27209    
  1.2862864E-03   48.36457    
  1.2962964E-03   47.46556    
  1.3063062E-03   46.57316    
  1.3163162E-03   45.68686    
  1.3263265E-03   44.80708    
  1.3363364E-03   43.93513    
  1.3463463E-03   43.07380    
  1.3563563E-03   42.22574    
  1.3663662E-03   41.39462    
  1.3763761E-03   40.58404    
  1.3863865E-03   39.79727    
  1.3963963E-03   39.03748    
  1.4064066E-03   38.30653    
  1.4164166E-03   37.60612    
  1.4264265E-03   36.93650    
  1.4364364E-03   36.29693    
  1.4464468E-03   35.68603    
  1.4564566E-03   35.10109    
  1.4664666E-03   34.53912    
  1.4764764E-03   33.99651    
  1.4864864E-03   33.46956    
  1.4964964E-03   32.95441    
  1.5065067E-03   32.44753    
  1.5165166E-03   31.94577    
  1.5265265E-03   31.44684    
  1.5365364E-03   30.94881    
  1.5465464E-03   30.45052    
  1.5565562E-03   29.95175    
  1.5665665E-03   29.45265    
  1.5765765E-03   28.95422    
  1.5865868E-03   28.45742    
  1.5965967E-03   27.96420    
  1.6066066E-03   27.47613    
  1.6166165E-03   26.99503    
  1.6266268E-03   26.52261    
  1.6366368E-03   26.06052    
  1.6466463E-03   25.61001    
  1.6566566E-03   25.17226    
  1.6666669E-03   24.74800    
  1.6766764E-03   24.33789    
  1.6866868E-03   23.94232    
  1.6966963E-03   23.56107    
  1.7067066E-03   23.19416    
  1.7167169E-03   22.84121    
  1.7267264E-03   22.50152    
  1.7367367E-03   22.17441    
  1.7467464E-03   21.85898    
  1.7567567E-03   21.55414    
  1.7667669E-03   21.25877    
  1.7767772E-03   20.97140    
  1.7867868E-03   20.69091    
  1.7967972E-03   20.41585    
  1.8068067E-03   20.14502    
  1.8168170E-03   19.87717    
  1.8268273E-03   19.61149    
  1.8368368E-03   19.34706    
  1.8468471E-03   19.08356    
  1.8568566E-03   18.82091    
  1.8668670E-03   18.55917    
  1.8768765E-03   18.29901    
  1.8868868E-03   18.04113    
  1.8968971E-03   17.78646    
  1.9069066E-03   17.53609    
  1.9169169E-03   17.29083    
  1.9269264E-03   17.05163    
  1.9369368E-03   16.81901    
  1.9469471E-03   16.59326    
  1.9569567E-03   16.37397    
  1.9669670E-03   16.16054    
  1.9769764E-03   15.95176    
  1.9869867E-03   15.74615    
  1.9969963E-03   15.54185    
  2.0070074E-03   15.33682    
  2.0170177E-03   15.12920    
  2.0270273E-03   14.91709    
  2.0370376E-03   14.69911    
  2.0470470E-03   14.47424    
  2.0570573E-03   14.24221    
  2.0670677E-03   14.00339    
  2.0770773E-03   13.75889    
  2.0870876E-03   13.51050    
  2.0970970E-03   13.26070    
  2.1071073E-03   13.01217    
  2.1171169E-03   12.76816    
  2.1271273E-03   12.53171    
  2.1371376E-03   12.30580    
  2.1471470E-03   12.09295    
  2.1571573E-03   11.89494    
  2.1671669E-03   11.71315    
  2.1771772E-03   11.54773    
  2.1871876E-03   11.39806    
  2.1971972E-03   11.26280    
  2.2072075E-03   11.13975    
  2.2172169E-03   11.02622    
  2.2272272E-03   10.91899    
  2.2372368E-03   10.81501    
  2.2472471E-03   10.71097    
  2.2572575E-03   10.60418    
  2.2672669E-03   10.49243    
  2.2772772E-03   10.37428    
  2.2872868E-03   10.24889    
  2.2972971E-03   10.11646    
  2.3073074E-03   9.977952    
  2.3173168E-03   9.834845    
  2.3273272E-03   9.689430    
  2.3373368E-03   9.544126    
  2.3473478E-03   9.401586    
  2.3573574E-03   9.264397    
  2.3673677E-03   9.134621    
  2.3773781E-03   9.014126    
  2.3873874E-03   8.904000    
  2.3973978E-03   8.804670    
  2.4074074E-03   8.716010    
  2.4174177E-03   8.636898    
  2.4274280E-03   8.565989    
  2.4374374E-03   8.501334    
  2.4474477E-03   8.440731    
  2.4574574E-03   8.381886    
  2.4674677E-03   8.322806    
  2.4774773E-03   8.261559    
  2.4874876E-03   8.196607    
  2.4974979E-03   8.127148    
  2.5075073E-03   8.052680    
  2.5175177E-03   7.973465    
  2.5275273E-03   7.890164    
  2.5375376E-03   7.803916    
  2.5475479E-03   7.716075    
  2.5575573E-03   7.628334    
  2.5675676E-03   7.542277    
  2.5775773E-03   7.459453    
  2.5875876E-03   7.381105    
  2.5975970E-03   7.308290    
  2.6076073E-03   7.241626    
  2.6176176E-03   7.181233    
  2.6276272E-03   7.126991    
  2.6376375E-03   7.078240    
  2.6476469E-03   7.034267    
  2.6576573E-03   6.993856    
  2.6676676E-03   6.955964    
  2.6776772E-03   6.919389    
  2.6876875E-03   6.882970    
  2.6976978E-03   6.845814    
  2.7077082E-03   6.807138    
  2.7177185E-03   6.766547    
  2.7277281E-03   6.723745    
  2.7377382E-03   6.678613    
  2.7477478E-03   6.631477    
  2.7577581E-03   6.582575    
  2.7677678E-03   6.532437    
  2.7777781E-03   6.481502    
  2.7877884E-03   6.430228    
  2.7977978E-03   6.379020    
  2.8078081E-03   6.328255    
  2.8178177E-03   6.277991    
  2.8278281E-03   6.228327    
  2.8378384E-03   6.179226    
  2.8478478E-03   6.130335    
  2.8578581E-03   6.081398    
  2.8678677E-03   6.032015    
  2.8778780E-03   5.981814    
  2.8878874E-03   5.930270    
  2.8978977E-03   5.877022    
  2.9079081E-03   5.821705    
  2.9179177E-03   5.764065    
  2.9279280E-03   5.703987    
  2.9379374E-03   5.641365    
  2.9479477E-03   5.576307    
  2.9579580E-03   5.509045    
  2.9679677E-03   5.440019    
  2.9779780E-03   5.369608    
  2.9879876E-03   5.298465    
  2.9979979E-03   5.227389    
  3.0080073E-03   5.157083    
  3.0180176E-03   5.088439    
  3.0280279E-03   5.022330    
  3.0380383E-03   4.959616    
  3.0480486E-03   4.901057    
  3.0580582E-03   4.847440    
  3.0680685E-03   4.799193    
  3.0780789E-03   4.756704    
  3.0880882E-03   4.720148    
  3.0980986E-03   4.689248    
  3.1081082E-03   4.663755    
  3.1181185E-03   4.642916    
  3.1281279E-03   4.625814    
  3.1381382E-03   4.611367    
  3.1481485E-03   4.598282    
  3.1581582E-03   4.585151    
  3.1681685E-03   4.570659    
  3.1781779E-03   4.553507    
  3.1881882E-03   4.532554    
  3.1981985E-03   4.506956    
  3.2082081E-03   4.476074    
  3.2182185E-03   4.439763    
  3.2282281E-03   4.398196    
  3.2382382E-03   4.351853    
  3.2482478E-03   4.301648    
  3.2582581E-03   4.248700    
  3.2682684E-03   4.194519    
  3.2782780E-03   4.140606    
  3.2882884E-03   4.088523    
  3.2982978E-03   4.039715    
  3.3083081E-03   3.995549    
  3.3183184E-03   3.957047    
  3.3283280E-03   3.924999    
  3.3383383E-03   3.899685    
  3.3483477E-03   3.881169    
  3.3583581E-03   3.869008    
  3.3683677E-03   3.862488    
  3.3783787E-03   3.860745    
  3.3883890E-03   3.862579    
  3.3983986E-03   3.866762    
  3.4084090E-03   3.872069    
  3.4184183E-03   3.877309    
  3.4284287E-03   3.881579    
  3.4384390E-03   3.884018    
  3.4484486E-03   3.884115    
  3.4584589E-03   3.881597    
  3.4684683E-03   3.876338    
  3.4784786E-03   3.868423    
  3.4884890E-03   3.858197    
  3.4984986E-03   3.845910    
  3.5085089E-03   3.831951    
  3.5185185E-03   3.816609    
  3.5285288E-03   3.800097    
  3.5385382E-03   3.782466    
  3.5485486E-03   3.763628    
  3.5585589E-03   3.743471    
  3.5685685E-03   3.721601    
  3.5785788E-03   3.697717    
  3.5885882E-03   3.671396    
  3.5985985E-03   3.642362    
  3.6086089E-03   3.610291    
  3.6186185E-03   3.575199    
  3.6286288E-03   3.537257    
  3.6386382E-03   3.496809    
  3.6486485E-03   3.454430    
  3.6586581E-03   3.410953    
  3.6686684E-03   3.367274    
  3.6786788E-03   3.324493    
  3.6886882E-03   3.283682    
  3.6986985E-03   3.245840    
  3.7087081E-03   3.211845    
  3.7187191E-03   3.182431    
  3.7287294E-03   3.158038    
  3.7387391E-03   3.138777    
  3.7487494E-03   3.124497    
  3.7587588E-03   3.114843    
  3.7687691E-03   3.108919    
  3.7787787E-03   3.105959    
  3.7887890E-03   3.104812    
  3.7987994E-03   3.104392    
  3.8088090E-03   3.103534    
  3.8188193E-03   3.101336    
  3.8288287E-03   3.096925    
  3.8388390E-03   3.089715    
  3.8488493E-03   3.079296    
  3.8588590E-03   3.065597    
  3.8688693E-03   3.048784    
  3.8788787E-03   3.029249    
  3.8888890E-03   3.007564    
  3.8988986E-03   2.984386    
  3.9089089E-03   2.960387    
  3.9189192E-03   2.936304    
  3.9289286E-03   2.912744    
  3.9389390E-03   2.890115    
  3.9489483E-03   2.868804    
  3.9589587E-03   2.848877    
  3.9689690E-03   2.830299    
  3.9789788E-03   2.812806    
  3.9889892E-03   2.796028    
  3.9989986E-03   2.779525    
  4.0090089E-03   2.762772    
  4.0190183E-03   2.745309    
  4.0290286E-03   2.726686    
  4.0390389E-03   2.706650    
  4.0490488E-03   2.685019    
  4.0590595E-03   2.661730    
  4.0690694E-03   2.636996    
  4.0790793E-03   2.611128    
  4.0890896E-03   2.584599    
  4.0990994E-03   2.557958    
  4.1091098E-03   2.531758    
  4.1191191E-03   2.506725    
  4.1291295E-03   2.483451    
  4.1391389E-03   2.462402    
  4.1491492E-03   2.444082    
  4.1591595E-03   2.428762    
  4.1691693E-03   2.416697    
  4.1791797E-03   2.407829    
  4.1891891E-03   2.402068    
  4.1991994E-03   2.399244    
  4.2092097E-03   2.398941    
  4.2192191E-03   2.400751    
  4.2292294E-03   2.404196    
  4.2392388E-03   2.408808    
  4.2492491E-03   2.414034    
  4.2592590E-03   2.419425    
  4.2692693E-03   2.424532    
  4.2792796E-03   2.428949    
  4.2892890E-03   2.432425    
  4.2992993E-03   2.434636    
  4.3093087E-03   2.435375    
  4.3193190E-03   2.434620    
  4.3293294E-03   2.432271    
  4.3393392E-03   2.428361    
  4.3493495E-03   2.423006    
  4.3593589E-03   2.416270    
  4.3693692E-03   2.408377    
  4.3793786E-03   2.399548    
  4.3893890E-03   2.390012    
  4.3994002E-03   2.380042    
  4.4094096E-03   2.369976    
  4.4194199E-03   2.360008    
  4.4294293E-03   2.350471    
  4.4394396E-03   2.341531    
  4.4494499E-03   2.333412    
  4.4594598E-03   2.326254    
  4.4694701E-03   2.320085    
  4.4794795E-03   2.314929    
  4.4894898E-03   2.310720    
  4.4995002E-03   2.307222    
  4.5095095E-03   2.304299    
  4.5195199E-03   2.301637    
  4.5295293E-03   2.298918    
  4.5395396E-03   2.295773    
  4.5495494E-03   2.291923    
  4.5595597E-03   2.286965    
  4.5695701E-03   2.280664    
  4.5795795E-03   2.272791    
  4.5895898E-03   2.263106    
  4.5995992E-03   2.251542    
  4.6096095E-03   2.238039    
  4.6196198E-03   2.222643    
  4.6296297E-03   2.205491    
  4.6396400E-03   2.186708    
  4.6496494E-03   2.166445    
  4.6596597E-03   2.145038    
  4.6696691E-03   2.122546    
  4.6796794E-03   2.099375    
  4.6896897E-03   2.075630    
  4.6996991E-03   2.051615    
  4.7097094E-03   2.027453    
  4.7197193E-03   2.003385    
  4.7297296E-03   1.979519    
  4.7397404E-03   1.956099    
  4.7497503E-03   1.933275    
  4.7597606E-03   1.911218    
  4.7697700E-03   1.890122    
  4.7797803E-03   1.870157    
  4.7897897E-03   1.851575    
  4.7998000E-03   1.834499    
  4.8098103E-03   1.819136    
  4.8198197E-03   1.805676    
  4.8298300E-03   1.794182    
  4.8398399E-03   1.784718    
  4.8498502E-03   1.777277    
  4.8598605E-03   1.771702    
  4.8698699E-03   1.767943    
  4.8798802E-03   1.765606    
  4.8898896E-03   1.764467    
  4.8998999E-03   1.764152    
  4.9099098E-03   1.764233    
  4.9199201E-03   1.764278    
  4.9299304E-03   1.763888    
  4.9399398E-03   1.762749    
  4.9499501E-03   1.760456    
  4.9599595E-03   1.756882    
  4.9699699E-03   1.751855    
  4.9799802E-03   1.745314    
  4.9899896E-03   1.737330    
  4.9999999E-03   1.728079    
