 -9.9999998E-03   1.223316    
 -9.9799801E-03   1.228629    
 -9.9599604E-03   1.233899    
 -9.9399397E-03   1.239111    
 -9.9199200E-03   1.244239    
 -9.8999003E-03   1.249273    
 -9.8798806E-03   1.254192    
 -9.8598599E-03   1.258991    
 -9.8398402E-03   1.263617    
 -9.8198196E-03   1.268095    
 -9.7997999E-03   1.272389    
 -9.7797792E-03   1.276490    
 -9.7597595E-03   1.280433    
 -9.7397398E-03   1.284202    
 -9.7197201E-03   1.287853    
 -9.6997004E-03   1.291448    
 -9.6796798E-03   1.295014    
 -9.6596600E-03   1.298641    
 -9.6396394E-03   1.302395    
 -9.6196197E-03   1.306319    
 -9.5995991E-03   1.310497    
 -9.5795793E-03   1.314943    
 -9.5595596E-03   1.319669    
 -9.5395399E-03   1.324693    
 -9.5195202E-03   1.330003    
 -9.4994996E-03   1.335547    
 -9.4794799E-03   1.341329    
 -9.4594592E-03   1.347315    
 -9.4394395E-03   1.353498    
 -9.4194189E-03   1.359849    
 -9.3993992E-03   1.366391    
 -9.3793795E-03   1.373155    
 -9.3593597E-03   1.380154    
 -9.3393400E-03   1.387421    
 -9.3193194E-03   1.394962    
 -9.2992997E-03   1.402793    
 -9.2792800E-03   1.410885    
 -9.2592593E-03   1.419236    
 -9.2392387E-03   1.427762    
 -9.2192190E-03   1.436439    
 -9.1991993E-03   1.445199    
 -9.1791796E-03   1.453986    
 -9.1591589E-03   1.462725    
 -9.1391392E-03   1.471436    
 -9.1191195E-03   1.480079    
 -9.0990998E-03   1.488690    
 -9.0790791E-03   1.497315    
 -9.0590585E-03   1.505967    
 -9.0390388E-03   1.514712    
 -9.0190191E-03   1.523579    
 -8.9989994E-03   1.532614    
 -8.9789787E-03   1.541763    
 -8.9589590E-03   1.551046    
 -8.9389393E-03   1.560400    
 -8.9189196E-03   1.569773    
 -8.8988990E-03   1.579108    
 -8.8788783E-03   1.588363    
 -8.8588586E-03   1.597475    
 -8.8388389E-03   1.606436    
 -8.8188192E-03   1.615257    
 -8.7987985E-03   1.623943    
 -8.7787788E-03   1.632553    
 -8.7587591E-03   1.641120    
 -8.7387394E-03   1.649701    
 -8.7187197E-03   1.658303    
 -8.6986991E-03   1.666987    
 -8.6786784E-03   1.675710    
 -8.6586587E-03   1.684490    
 -8.6386381E-03   1.693302    
 -8.6186184E-03   1.702085    
 -8.5985987E-03   1.710836    
 -8.5785789E-03   1.719544    
 -8.5585592E-03   1.728209    
 -8.5385386E-03   1.736866    
 -8.5185189E-03   1.745610    
 -8.4984982E-03   1.754449    
 -8.4784785E-03   1.763509    
 -8.4584588E-03   1.772847    
 -8.4384382E-03   1.782515    
 -8.4184185E-03   1.792533    
 -8.3983988E-03   1.802909    
 -8.3783790E-03   1.813573    
 -8.3583584E-03   1.824485    
 -8.3383387E-03   1.835547    
 -8.3183181E-03   1.846642    
 -8.2982983E-03   1.857706    
 -8.2782777E-03   1.868647    
 -8.2582580E-03   1.879436    
 -8.2382383E-03   1.890052    
 -8.2182186E-03   1.900504    
 -8.1981989E-03   1.910868    
 -8.1781782E-03   1.921182    
 -8.1581585E-03   1.931533    
 -8.1381388E-03   1.941986    
 -8.1181182E-03   1.952579    
 -8.0980984E-03   1.963321    
 -8.0780778E-03   1.974224    
 -8.0580581E-03   1.985258    
 -8.0380384E-03   1.996360    
 -8.0180177E-03   2.007495    
 -7.9979990E-03   2.018595    
 -7.9779783E-03   2.029611    
 -7.9579586E-03   2.040526    
 -7.9379380E-03   2.051334    
 -7.9179173E-03   2.062027    
 -7.8978976E-03   2.072651    
 -7.8778779E-03   2.083240    
 -7.8578582E-03   2.093827    
 -7.8378385E-03   2.104470    
 -7.8178179E-03   2.115164    
 -7.7977977E-03   2.125952    
 -7.7777780E-03   2.136818    
 -7.7577573E-03   2.147778    
 -7.7377385E-03   2.158839    
 -7.7177179E-03   2.170016    
 -7.6976977E-03   2.181307    
 -7.6776780E-03   2.192792    
 -7.6576574E-03   2.204482    
 -7.6376377E-03   2.216473    
 -7.6176180E-03   2.228832    
 -7.5975978E-03   2.241652    
 -7.5775781E-03   2.254929    
 -7.5575574E-03   2.268754    
 -7.5375377E-03   2.283122    
 -7.5175175E-03   2.298000    
 -7.4974978E-03   2.313348    
 -7.4774772E-03   2.329083    
 -7.4574575E-03   2.345119    
 -7.4374378E-03   2.361382    
 -7.4174176E-03   2.377753    
 -7.3973970E-03   2.394168    
 -7.3773772E-03   2.410578    
 -7.3573575E-03   2.426925    
 -7.3373378E-03   2.443238    
 -7.3173176E-03   2.459527    
 -7.2972970E-03   2.475821    
 -7.2772773E-03   2.492186    
 -7.2572576E-03   2.508651    
 -7.2372374E-03   2.525311    
 -7.2172168E-03   2.542198    
 -7.1971971E-03   2.559402    
 -7.1771774E-03   2.576958    
 -7.1571576E-03   2.594878    
 -7.1371370E-03   2.613249    
 -7.1171168E-03   2.632020    
 -7.0970971E-03   2.651217    
 -7.0770774E-03   2.670829    
 -7.0570577E-03   2.690792    
 -7.0370371E-03   2.711073    
 -7.0170169E-03   2.731558    
 -6.9969972E-03   2.752134    
 -6.9769775E-03   2.772760    
 -6.9569568E-03   2.793263    
 -6.9369366E-03   2.813564    
 -6.9169169E-03   2.833526    
 -6.8968972E-03   2.853151    
 -6.8768766E-03   2.872367    
 -6.8568569E-03   2.891159    
 -6.8368367E-03   2.909577    
 -6.8168170E-03   2.927660    
 -6.7967973E-03   2.945511    
 -6.7767766E-03   2.963206    
 -6.7567569E-03   2.980823    
 -6.7367367E-03   2.998517    
 -6.7167170E-03   3.016328    
 -6.6966973E-03   3.034310    
 -6.6766767E-03   3.052544    
 -6.6566565E-03   3.071066    
 -6.6366368E-03   3.089904    
 -6.6166166E-03   3.109070    
 -6.5965969E-03   3.128630    
 -6.5765767E-03   3.148575    
 -6.5565566E-03   3.168975    
 -6.5365369E-03   3.189873    
 -6.5165167E-03   3.211298    
 -6.4964965E-03   3.233289    
 -6.4764763E-03   3.255862    
 -6.4564561E-03   3.279020    
 -6.4364364E-03   3.302727    
 -6.4164167E-03   3.326967    
 -6.3963966E-03   3.351677    
 -6.3763764E-03   3.376817    
 -6.3563567E-03   3.402302    
 -6.3363365E-03   3.428114    
 -6.3163163E-03   3.454225    
 -6.2962966E-03   3.480645    
 -6.2762760E-03   3.507329    
 -6.2562563E-03   3.534339    
 -6.2362365E-03   3.561671    
 -6.2162164E-03   3.589330    
 -6.1961962E-03   3.617310    
 -6.1761765E-03   3.645590    
 -6.1561563E-03   3.674129    
 -6.1361361E-03   3.702786    
 -6.1161164E-03   3.731540    
 -6.0960962E-03   3.760243    
 -6.0760761E-03   3.788835    
 -6.0560564E-03   3.817285    
 -6.0360362E-03   3.845564    
 -6.0160165E-03   3.873698    
 -5.9959963E-03   3.901804    
 -5.9759757E-03   3.929962    
 -5.9559559E-03   3.958342    
 -5.9359362E-03   3.987131    
 -5.9159161E-03   4.016429    
 -5.8958959E-03   4.046380    
 -5.8758762E-03   4.077043    
 -5.8558560E-03   4.108416    
 -5.8358363E-03   4.140441    
 -5.8158161E-03   4.173057    
 -5.7957955E-03   4.206082    
 -5.7757758E-03   4.239382    
 -5.7557556E-03   4.272779    
 -5.7357359E-03   4.306127    
 -5.7157157E-03   4.339358    
 -5.6956955E-03   4.372364    
 -5.6756758E-03   4.405143    
 -5.6556561E-03   4.437701    
 -5.6356355E-03   4.470114    
 -5.6156153E-03   4.502476    
 -5.5955956E-03   4.534865    
 -5.5755754E-03   4.567411    
 -5.5555557E-03   4.600216    
 -5.5355355E-03   4.633410    
 -5.5155153E-03   4.667066    
 -5.4954956E-03   4.701274    
 -5.4754759E-03   4.736156    
 -5.4554553E-03   4.771820    
 -5.4354356E-03   4.808319    
 -5.4154154E-03   4.845830    
 -5.3953952E-03   4.884404    
 -5.3753755E-03   4.924149    
 -5.3553558E-03   4.965129    
 -5.3353352E-03   5.007410    
 -5.3153154E-03   5.050971    
 -5.2952953E-03   5.095870    
 -5.2752751E-03   5.141997    
 -5.2552554E-03   5.189318    
 -5.2352352E-03   5.237746    
 -5.2152150E-03   5.287203    
 -5.1951953E-03   5.337654    
 -5.1751756E-03   5.388960    
 -5.1551554E-03   5.441113    
 -5.1351353E-03   5.494129    
 -5.1151151E-03   5.547922    
 -5.0950949E-03   5.602494    
 -5.0750752E-03   5.657811    
 -5.0550550E-03   5.713844    
 -5.0350348E-03   5.770548    
 -5.0150151E-03   5.827806    
 -4.9949954E-03   5.885562    
 -4.9749753E-03   5.943690    
 -4.9549546E-03   6.002109    
 -4.9349349E-03   6.060743    
 -4.9149147E-03   6.119518    
 -4.8948950E-03   6.178460    
 -4.8748748E-03   6.237499    
 -4.8548547E-03   6.296790    
 -4.8348350E-03   6.356283    
 -4.8148152E-03   6.416063    
 -4.7947951E-03   6.476254    
 -4.7747749E-03   6.536817    
 -4.7547547E-03   6.597826    
 -4.7347345E-03   6.659305    
 -4.7147148E-03   6.721174    
 -4.6946951E-03   6.783495    
 -4.6746745E-03   6.846324    
 -4.6546548E-03   6.909631    
 -4.6346351E-03   6.973577    
 -4.6146144E-03   7.038258    
 -4.5945947E-03   7.103925    
 -4.5745745E-03   7.170767    
 -4.5545544E-03   7.239080    
 -4.5345346E-03   7.309017    
 -4.5145149E-03   7.380811    
 -4.4944948E-03   7.454652    
 -4.4744746E-03   7.530591    
 -4.4544549E-03   7.608634    
 -4.4344342E-03   7.688755    
 -4.4144145E-03   7.770886    
 -4.3943943E-03   7.854839    
 -4.3743742E-03   7.940578    
 -4.3543545E-03   8.027988    
 -4.3343347E-03   8.117002    
 -4.3143146E-03   8.207608    
 -4.2942944E-03   8.299925    
 -4.2742742E-03   8.393961    
 -4.2542540E-03   8.489866    
 -4.2342343E-03   8.587770    
 -4.2142146E-03   8.687649    
 -4.1941940E-03   8.789608    
 -4.1741743E-03   8.893555    
 -4.1541546E-03   8.999444    
 -4.1341344E-03   9.107136    
 -4.1141142E-03   9.216412    
 -4.0940936E-03   9.327172    
 -4.0740739E-03   9.439227    
 -4.0540542E-03   9.552491    
 -4.0340340E-03   9.666903    
 -4.0140138E-03   9.782480    
 -3.9939941E-03   9.899204    
 -3.9739739E-03   10.01712    
 -3.9539542E-03   10.13630    
 -3.9339340E-03   10.25674    
 -3.9139139E-03   10.37841    
 -3.8938937E-03   10.50126    
 -3.8738740E-03   10.62522    
 -3.8538538E-03   10.75007    
 -3.8338338E-03   10.87582    
 -3.8138141E-03   11.00233    
 -3.7937937E-03   11.12964    
 -3.7737740E-03   11.25780    
 -3.7537536E-03   11.38707    
 -3.7337334E-03   11.51776    
 -3.7137137E-03   11.65012    
 -3.6936938E-03   11.78469    
 -3.6736736E-03   11.92182    
 -3.6536537E-03   12.06188    
 -3.6336340E-03   12.20522    
 -3.6136135E-03   12.35203    
 -3.5935934E-03   12.50254    
 -3.5735737E-03   12.65677    
 -3.5535533E-03   12.81475    
 -3.5335335E-03   12.97650    
 -3.5135136E-03   13.14212    
 -3.4934934E-03   13.31163    
 -3.4734735E-03   13.48524    
 -3.4534538E-03   13.66322    
 -3.4334336E-03   13.84585    
 -3.4134132E-03   14.03345    
 -3.3933935E-03   14.22637    
 -3.3733733E-03   14.42482    
 -3.3533538E-03   14.62897    
 -3.3333332E-03   14.83888    
 -3.3133132E-03   15.05449    
 -3.2932935E-03   15.27554    
 -3.2732736E-03   15.50189    
 -3.2532536E-03   15.73319    
 -3.2332330E-03   15.96914    
 -3.2132133E-03   16.20970    
 -3.1931933E-03   16.45471    
 -3.1731727E-03   16.70427    
 -3.1531530E-03   16.95854    
 -3.1331331E-03   17.21781    
 -3.1131133E-03   17.48243    
 -3.0930934E-03   17.75261    
 -3.0730737E-03   18.02868    
 -3.0530530E-03   18.31069    
 -3.0330331E-03   18.59868    
 -3.0130134E-03   18.89254    
 -2.9929928E-03   19.19202    
 -2.9729728E-03   19.49698    
 -2.9529529E-03   19.80712    
 -2.9329322E-03   20.12231    
 -2.9129125E-03   20.44264    
 -2.8928926E-03   20.76823    
 -2.8728729E-03   21.09943    
 -2.8528529E-03   21.43682    
 -2.8328332E-03   21.78104    
 -2.8128126E-03   22.13281    
 -2.7927926E-03   22.49274    
 -2.7727729E-03   22.86152    
 -2.7527530E-03   23.23978    
 -2.7327333E-03   23.62791    
 -2.7127133E-03   24.02619    
 -2.6926927E-03   24.43509    
 -2.6726727E-03   24.85470    
 -2.6526521E-03   25.28548    
 -2.6326324E-03   25.72780    
 -2.6126124E-03   26.18233    
 -2.5925927E-03   26.64985    
 -2.5725721E-03   27.13122    
 -2.5525521E-03   27.62733    
 -2.5325324E-03   28.13932    
 -2.5125125E-03   28.66808    
 -2.4924928E-03   29.21446    
 -2.4724728E-03   29.77898    
 -2.4524522E-03   30.36215    
 -2.4324325E-03   30.96413    
 -2.4124125E-03   31.58484    
 -2.3923926E-03   32.22424    
 -2.3723729E-03   32.88217    
 -2.3523530E-03   33.55830    
 -2.3323323E-03   34.25287    
 -2.3123126E-03   34.96583    
 -2.2922920E-03   35.69757    
 -2.2722720E-03   36.44841    
 -2.2522523E-03   37.21906    
 -2.2322324E-03   38.01033    
 -2.2122117E-03   38.82305    
 -2.1921920E-03   39.65782    
 -2.1721721E-03   40.51558    
 -2.1521521E-03   41.39707    
 -2.1321324E-03   42.30315    
 -2.1121125E-03   43.23450    
 -2.0920918E-03   44.19231    
 -2.0720721E-03   45.17730    
 -2.0520522E-03   46.19103    
 -2.0320325E-03   47.23474    
 -2.0120125E-03   48.31026    
 -1.9919928E-03   49.41918    
 -1.9719722E-03   50.56342    
 -1.9519514E-03   51.74481    
 -1.9319316E-03   52.96492    
 -1.9119118E-03   54.22551    
 -1.8918919E-03   55.52786    
 -1.8718721E-03   56.87339    
 -1.8518515E-03   58.26322    
 -1.8318316E-03   59.69863    
 -1.8118118E-03   61.18083    
 -1.7917920E-03   62.71147    
 -1.7717720E-03   64.29216    
 -1.7517522E-03   65.92537    
 -1.7317316E-03   67.61324    
 -1.7117118E-03   69.35856    
 -1.6916919E-03   71.16401    
 -1.6716721E-03   73.03216    
 -1.6516523E-03   74.96573    
 -1.6316324E-03   76.96677    
 -1.6116110E-03   79.03727    
 -1.5915912E-03   81.17793    
 -1.5715713E-03   83.38986    
 -1.5515515E-03   85.67354    
 -1.5315317E-03   88.02930    
 -1.5115110E-03   90.45773    
 -1.4914912E-03   92.95910    
 -1.4714713E-03   95.53477    
 -1.4514514E-03   98.18668    
 -1.4314316E-03   100.9170    
 -1.4114118E-03   103.7293    
 -1.3913912E-03   106.6275    
 -1.3713713E-03   109.6157    
 -1.3513515E-03   112.6988    
 -1.3313317E-03   115.8814    
 -1.3113118E-03   119.1684    
 -1.2912920E-03   122.5638    
 -1.2712706E-03   126.0718    
 -1.2512507E-03   129.6944    
 -1.2312309E-03   133.4342    
 -1.2112111E-03   137.2925    
 -1.1911911E-03   141.2695    
 -1.1711713E-03   145.3648    
 -1.1511507E-03   149.5773    
 -1.1311308E-03   153.9046    
 -1.1111110E-03   158.3442    
 -1.0910912E-03   162.8929    
 -1.0710714E-03   167.5472    
 -1.0510515E-03   172.3033    
 -1.0310309E-03   177.1578    
 -1.0110111E-03   182.1067    
 -9.9099125E-04   187.1477    
 -9.7097136E-04   192.2784    
 -9.5095154E-04   197.4978    
 -9.3093090E-04   202.8059    
 -9.1091025E-04   208.2029    
 -8.9089043E-04   213.6903    
 -8.7087060E-04   219.2701    
 -8.5085072E-04   224.9440    
 -8.3083089E-04   230.7130    
 -8.1081106E-04   236.5772    
 -7.9079042E-04   242.5349    
 -7.7077060E-04   248.5819    
 -7.5075077E-04   254.7117    
 -7.3073088E-04   260.9150    
 -7.1071106E-04   267.1802    
 -6.9069123E-04   273.4931    
 -6.7067059E-04   279.8381    
 -6.5065076E-04   286.1979    
 -6.3063094E-04   292.5547    
 -6.1061105E-04   298.8908    
 -5.9059041E-04   305.1895    
 -5.7057058E-04   311.4338    
 -5.5054994E-04   317.6091    
 -5.3053012E-04   323.7003    
 -5.1051029E-04   329.6947    
 -4.9049046E-04   335.5782    
 -4.7047061E-04   341.3393    
 -4.5045075E-04   346.9651    
 -4.3043014E-04   352.4419    
 -4.1041028E-04   357.7563    
 -3.9039046E-04   362.8936    
 -3.7037060E-04   367.8395    
 -3.5035078E-04   372.5801    
 -3.3033092E-04   377.1011    
 -3.1031031E-04   381.3900    
 -2.9029045E-04   385.4357    
 -2.7027063E-04   389.2270    
 -2.5024998E-04   392.7580    
 -2.3023014E-04   396.0214    
 -2.1021030E-04   399.0148    
 -1.9018968E-04   401.7346    
 -1.7016983E-04   404.1807    
 -1.5014999E-04   406.3524    
 -1.3013015E-04   408.2512    
 -1.1011031E-04   409.8770    
 -9.0090471E-05   411.2307    
 -7.0069837E-05   412.3136    
 -5.0049995E-05   413.1252    
 -3.0030156E-05   413.6653    
 -1.0010316E-05   413.9388    
  1.0009524E-05   413.9356    
  3.0029365E-05   413.6651    
  5.0049995E-05   413.1252    
  7.0069837E-05   412.3136    
  9.0090471E-05   411.2308    
  1.1011031E-04   409.8770    
  1.3013015E-04   408.2512    
  1.5015078E-04   406.3524    
  1.7017062E-04   404.1807    
  1.9019046E-04   401.7347    
  2.1021030E-04   399.0147    
  2.3023014E-04   396.0215    
  2.5024998E-04   392.7579    
  2.7027063E-04   389.2270    
  2.9029045E-04   385.4355    
  3.1031031E-04   381.3900    
  3.3033013E-04   377.1013    
  3.5034999E-04   372.5802    
  3.7036982E-04   367.8399    
  3.9039046E-04   362.8935    
  4.1041028E-04   357.7563    
  4.3043093E-04   352.4418    
  4.5045075E-04   346.9651    
  4.7047061E-04   341.3394    
  4.9049046E-04   335.5783    
  5.1051105E-04   329.6944    
  5.3053093E-04   323.7000    
  5.5055076E-04   317.6087    
  5.7057058E-04   311.4338    
  5.9059041E-04   305.1895    
  6.1061030E-04   298.8912    
  6.3063094E-04   292.5547    
  6.5065076E-04   286.1979    
  6.7067059E-04   279.8382    
  6.9069042E-04   273.4932    
  7.1071024E-04   267.1804    
  7.3073013E-04   260.9153    
  7.5075077E-04   254.7117    
  7.7077135E-04   248.5817    
  7.9079124E-04   242.5346    
  8.1081106E-04   236.5772    
  8.3083089E-04   230.7130    
  8.5085072E-04   224.9440    
  8.7087136E-04   219.2699    
  8.9089118E-04   213.6902    
  9.1091107E-04   208.2027    
  9.3093090E-04   202.8059    
  9.5095072E-04   197.4980    
  9.7097055E-04   192.2787    
  9.9099125E-04   187.1477    
  1.0110111E-03   182.1069    
  1.0310309E-03   177.1578    
  1.0510507E-03   172.3035    
  1.0710706E-03   167.5474    
  1.0910904E-03   162.8931    
  1.1111118E-03   158.3440    
  1.1311317E-03   153.9045    
  1.1511515E-03   149.5771    
  1.1711713E-03   145.3647    
  1.1911911E-03   141.2695    
  1.2112111E-03   137.2925    
  1.2312316E-03   133.4341    
  1.2512516E-03   129.6943    
  1.2712714E-03   126.0716    
  1.2912912E-03   122.5640    
  1.3113110E-03   119.1685    
  1.3313309E-03   115.8815    
  1.3513515E-03   112.6987    
  1.3713713E-03   109.6157    
  1.3913912E-03   106.6275    
  1.4114110E-03   103.7294    
  1.4314308E-03   100.9172    
  1.4514514E-03   98.18665    
  1.4714721E-03   95.53467    
  1.4914919E-03   92.95897    
  1.5115119E-03   90.45758    
  1.5315317E-03   88.02930    
  1.5515515E-03   85.67353    
  1.5715713E-03   83.38986    
  1.5915920E-03   81.17782    
  1.6116118E-03   79.03713    
  1.6316316E-03   76.96679    
  1.6516515E-03   74.96581    
  1.6716713E-03   73.03220    
  1.6916911E-03   71.16404    
  1.7117118E-03   69.35854    
  1.7317316E-03   67.61325    
  1.7517515E-03   65.92545    
  1.7717713E-03   64.29226    
  1.7917920E-03   62.71145    
  1.8118126E-03   61.18078    
  1.8318325E-03   59.69850    
  1.8518523E-03   58.26317    
  1.8718721E-03   56.87338    
  1.8918919E-03   55.52786    
  1.9119118E-03   54.22550    
  1.9319324E-03   52.96489    
  1.9519522E-03   51.74475    
  1.9719722E-03   50.56343    
  1.9919919E-03   49.41920    
  2.0120118E-03   48.31023    
  2.0320315E-03   47.23472    
  2.0520522E-03   46.19101    
  2.0720721E-03   45.17731    
  2.0920918E-03   44.19230    
  2.1121118E-03   43.23457    
  2.1321324E-03   42.30315    
  2.1521521E-03   41.39707    
  2.1721728E-03   40.51553    
  2.1921927E-03   39.65776    
  2.2122127E-03   38.82298    
  2.2322324E-03   38.01033    
  2.2522523E-03   37.21905    
  2.2722720E-03   36.44842    
  2.2922927E-03   35.69749    
  2.3123126E-03   34.96583    
  2.3323323E-03   34.25286    
  2.3523523E-03   33.55836    
  2.3723720E-03   32.88217    
  2.3923919E-03   32.22428    
  2.4124125E-03   31.58482    
  2.4324325E-03   30.96414    
  2.4524522E-03   30.36214    
  2.4724728E-03   29.77896    
  2.4924928E-03   29.21444    
  2.5125125E-03   28.66806    
  2.5325331E-03   28.13930    
  2.5525531E-03   27.62730    
  2.5725728E-03   27.13117    
  2.5925927E-03   26.64984    
  2.6126124E-03   26.18233    
  2.6326324E-03   25.72782    
  2.6526530E-03   25.28546    
  2.6726727E-03   24.85470    
  2.6926927E-03   24.43509    
  2.7127126E-03   24.02623    
  2.7327323E-03   23.62796    
  2.7527523E-03   23.23979    
  2.7727729E-03   22.86153    
  2.7927926E-03   22.49275    
  2.8128133E-03   22.13276    
  2.8328332E-03   21.78103    
  2.8528529E-03   21.43683    
  2.8728729E-03   21.09944    
  2.8928935E-03   20.76820    
  2.9129132E-03   20.44262    
  2.9329332E-03   20.12230    
  2.9529529E-03   19.80711    
  2.9729728E-03   19.49698    
  2.9929928E-03   19.19203    
  3.0130134E-03   18.89254    
  3.0330331E-03   18.59868    
  3.0530530E-03   18.31068    
  3.0730728E-03   18.02867    
  3.0930927E-03   17.75262    
  3.1131124E-03   17.48245    
  3.1331331E-03   17.21781    
  3.1531530E-03   16.95854    
  3.1731736E-03   16.70428    
  3.1931933E-03   16.45472    
  3.2132133E-03   16.20970    
  3.2332330E-03   15.96916    
  3.2532536E-03   15.73319    
  3.2732736E-03   15.50188    
  3.2932926E-03   15.27555    
  3.3133132E-03   15.05449    
  3.3333339E-03   14.83889    
  3.3533529E-03   14.62901    
  3.3733735E-03   14.42481    
  3.3933925E-03   14.22638    
  3.4134132E-03   14.03345    
  3.4334338E-03   13.84586    
  3.4534528E-03   13.66325    
  3.4734735E-03   13.48525    
  3.4934927E-03   13.31165    
  3.5135134E-03   13.14213    
  3.5335338E-03   12.97651    
  3.5535544E-03   12.81476    
  3.5735737E-03   12.65678    
  3.5935943E-03   12.50254    
  3.6136133E-03   12.35207    
  3.6336340E-03   12.20522    
  3.6536546E-03   12.06188    
  3.6736736E-03   11.92182    
  3.6936942E-03   11.78469    
  3.7137133E-03   11.65015    
  3.7337339E-03   11.51774    
  3.7537529E-03   11.38712    
  3.7737736E-03   11.25781    
  3.7937942E-03   11.12965    
  3.8138132E-03   11.00234    
  3.8338338E-03   10.87581    
  3.8538529E-03   10.75009    
  3.8738735E-03   10.62520    
  3.8938941E-03   10.50126    
  3.9139134E-03   10.37841    
  3.9339340E-03   10.25672    
  3.9539528E-03   10.13629    
  3.9739734E-03   10.01711    
  3.9939927E-03   9.899188    
  4.0140147E-03   9.782481    
  4.0340354E-03   9.666893    
  4.0540546E-03   9.552504    
  4.0740753E-03   9.439214    
  4.0940940E-03   9.327149    
  4.1141147E-03   9.216426    
  4.1341353E-03   9.107124    
  4.1541546E-03   8.999443    
  4.1741752E-03   8.893569    
  4.1941940E-03   8.789617    
  4.2142146E-03   8.687665    
  4.2342339E-03   8.587758    
  4.2542545E-03   8.489864    
  4.2742752E-03   8.393945    
  4.2942939E-03   8.299904    
  4.3143146E-03   8.207597    
  4.3343338E-03   8.116973    
  4.3543545E-03   8.027983    
  4.3743751E-03   7.940557    
  4.3943943E-03   7.854851    
  4.4144150E-03   7.770878    
  4.4344338E-03   7.688779    
  4.4544544E-03   7.608631    
  4.4744737E-03   7.530586    
  4.4944943E-03   7.454653    
  4.5145149E-03   7.380814    
  4.5345337E-03   7.309021    
  4.5545544E-03   7.239083    
  4.5745736E-03   7.170802    
  4.5945942E-03   7.103945    
  4.6146149E-03   7.038263    
  4.6346337E-03   6.973580    
  4.6546543E-03   6.909638    
  4.6746735E-03   6.846318    
  4.6946956E-03   6.783511    
  4.7147148E-03   6.721179    
  4.7347355E-03   6.659286    
  4.7547561E-03   6.597824    
  4.7747749E-03   6.536829    
  4.7947955E-03   6.476258    
  4.8148148E-03   6.416092    
  4.8348354E-03   6.356271    
  4.8548561E-03   6.296780    
  4.8748748E-03   6.237498    
  4.8948955E-03   6.178439    
  4.9149147E-03   6.119519    
  4.9349354E-03   6.060731    
  4.9549546E-03   6.002099    
  4.9749753E-03   5.943689    
  4.9949959E-03   5.885556    
  5.0150147E-03   5.827810    
  5.0350353E-03   5.770538    
  5.0550546E-03   5.713874    
  5.0750752E-03   5.657813    
  5.0950958E-03   5.602485    
  5.1151146E-03   5.547918    
  5.1351353E-03   5.494125    
  5.1551545E-03   5.441122    
  5.1751751E-03   5.388953    
  5.1951939E-03   5.337649    
  5.2152146E-03   5.287207    
  5.2352352E-03   5.237746    
  5.2552545E-03   5.189315    
  5.2752751E-03   5.141999    
  5.2952939E-03   5.095881    
  5.3153145E-03   5.050992    
  5.3353352E-03   5.007409    
  5.3553544E-03   4.965127    
  5.3753750E-03   4.924146    
  5.3953957E-03   4.884397    
  5.4154163E-03   4.845804    
  5.4354370E-03   4.808311    
  5.4554562E-03   4.771801    
  5.4754764E-03   4.736159    
  5.4954956E-03   4.701272    
  5.5155163E-03   4.667063    
  5.5355355E-03   4.633416    
  5.5555562E-03   4.600228    
  5.5755768E-03   4.567411    
  5.5955956E-03   4.534863    
  5.6156162E-03   4.502469    
  5.6356355E-03   4.470110    
  5.6556561E-03   4.437699    
  5.6756767E-03   4.405121    
  5.6956955E-03   4.372359    
  5.7157162E-03   4.339344    
  5.7357354E-03   4.306129    
  5.7557561E-03   4.272768    
  5.7757748E-03   4.239372    
  5.7957955E-03   4.206072    
  5.8158161E-03   4.173065    
  5.8358354E-03   4.140430    
  5.8558560E-03   4.108418    
  5.8758748E-03   4.077027    
  5.8958954E-03   4.046396    
  5.9159161E-03   4.016426    
  5.9359353E-03   3.987144    
  5.9559559E-03   3.958345    
  5.9759752E-03   3.929970    
  5.9959958E-03   3.901786    
  6.0160146E-03   3.873691    
  6.0360353E-03   3.845542    
  6.0560559E-03   3.817285    
  6.0760765E-03   3.788843    
  6.0960972E-03   3.760248    
  6.1161164E-03   3.731530    
  6.1361371E-03   3.702785    
  6.1561577E-03   3.674117    
  6.1761765E-03   3.645592    
  6.1961971E-03   3.617317    
  6.2162164E-03   3.589328    
  6.2362370E-03   3.561668    
  6.2562558E-03   3.534335    
  6.2762764E-03   3.507344    
  6.2962971E-03   3.480642    
  6.3163163E-03   3.454227    
  6.3363370E-03   3.428121    
  6.3563557E-03   3.402308    
  6.3763764E-03   3.376815    
  6.3963970E-03   3.351677    
  6.4164163E-03   3.326977    
  6.4364369E-03   3.302729    
  6.4564561E-03   3.279014    
  6.4764763E-03   3.255859    
  6.4964956E-03   3.233291    
  6.5165162E-03   3.211303    
  6.5365369E-03   3.189880    
  6.5565561E-03   3.168978    
  6.5765767E-03   3.148573    
  6.5965955E-03   3.128607    
  6.6166162E-03   3.109066    
  6.6366368E-03   3.089907    
  6.6566560E-03   3.071068    
  6.6766767E-03   3.052546    
  6.6966955E-03   3.034308    
  6.7167161E-03   3.016316    
  6.7367353E-03   2.998513    
  6.7567574E-03   2.980838    
  6.7767780E-03   2.963190    
  6.7967973E-03   2.945498    
  6.8168179E-03   2.927651    
  6.8368367E-03   2.909570    
  6.8568573E-03   2.891162    
  6.8768780E-03   2.872352    
  6.8968972E-03   2.853154    
  6.9169179E-03   2.833537    
  6.9369366E-03   2.813560    
  6.9569573E-03   2.793255    
  6.9769779E-03   2.772749    
  6.9969972E-03   2.752134    
  7.0170178E-03   2.731537    
  7.0370371E-03   2.711069    
  7.0570577E-03   2.690790    
  7.0770765E-03   2.670839    
  7.0970971E-03   2.651224    
  7.1171178E-03   2.632013    
  7.1371370E-03   2.613254    
  7.1571576E-03   2.594881    
  7.1771764E-03   2.576956    
  7.1971971E-03   2.559405    
  7.2172177E-03   2.542205    
  7.2372369E-03   2.525321    
  7.2572576E-03   2.508647    
  7.2772764E-03   2.492177    
  7.2972970E-03   2.475814    
  7.3173163E-03   2.459527    
  7.3373369E-03   2.443235    
  7.3573575E-03   2.426923    
  7.3773763E-03   2.410559    
  7.3973970E-03   2.394166    
  7.4174162E-03   2.377747    
  7.4374382E-03   2.361368    
  7.4574589E-03   2.345124    
  7.4774781E-03   2.329080    
  7.4974988E-03   2.313334    
  7.5175175E-03   2.297997    
  7.5375382E-03   2.283114    
  7.5575574E-03   2.268758    
  7.5775781E-03   2.254933    
  7.5975987E-03   2.241650    
  7.6176180E-03   2.228831    
  7.6376386E-03   2.216491    
  7.6576574E-03   2.204488    
  7.6776780E-03   2.192789    
  7.6976987E-03   2.181324    
  7.7177179E-03   2.170014    
  7.7377385E-03   2.158843    
  7.7577573E-03   2.147781    
  7.7777780E-03   2.136815    
  7.7977972E-03   2.125953    
  7.8178179E-03   2.115168    
  7.8378385E-03   2.104473    
  7.8578573E-03   2.093839    
  7.8778779E-03   2.083237    
  7.8978967E-03   2.072660    
  7.9179173E-03   2.062032    
  7.9379380E-03   2.051339    
  7.9579577E-03   2.040531    
  7.9779783E-03   2.029614    
  7.9979971E-03   2.018604    
  8.0180177E-03   2.007493    
  8.0380365E-03   1.996367    
  8.0580572E-03   1.985255    
  8.0780778E-03   1.974217    
  8.0980975E-03   1.963315    
  8.1181191E-03   1.952562    
  8.1381388E-03   1.941983    
  8.1581585E-03   1.931541    
  8.1781792E-03   1.921185    
  8.1981989E-03   1.910867    
  8.2182195E-03   1.900501    
  8.2382383E-03   1.890047    
  8.2582589E-03   1.879431    
  8.2782777E-03   1.868645    
  8.2982983E-03   1.857705    
  8.3183190E-03   1.846640    
  8.3383387E-03   1.835542    
  8.3583593E-03   1.824493    
  8.3783781E-03   1.813586    
  8.3983988E-03   1.802907    
  8.4184194E-03   1.792525    
  8.4384382E-03   1.782515    
  8.4584588E-03   1.772847    
  8.4784776E-03   1.763522    
  8.4984982E-03   1.754450    
  8.5185179E-03   1.745610    
  8.5385386E-03   1.736863    
  8.5585592E-03   1.728209    
  8.5785780E-03   1.719533    
  8.5985987E-03   1.710831    
  8.6186174E-03   1.702090    
  8.6386381E-03   1.693301    
  8.6586587E-03   1.684489    
  8.6786784E-03   1.675715    
  8.6986991E-03   1.666992    
  8.7187178E-03   1.658315    
  8.7387385E-03   1.649695    
  8.7587573E-03   1.641117    
  8.7787779E-03   1.632560    
  8.7988004E-03   1.623950    
  8.8188192E-03   1.615258    
  8.8388398E-03   1.606444    
  8.8588586E-03   1.597474    
  8.8788792E-03   1.588351    
  8.8988999E-03   1.579120    
  8.9189196E-03   1.569776    
  8.9389402E-03   1.560393    
  8.9589590E-03   1.551045    
  8.9789797E-03   1.541762    
  8.9990003E-03   1.532605    
  9.0190191E-03   1.523582    
  9.0390397E-03   1.514720    
  9.0590585E-03   1.505971    
  9.0790791E-03   1.497317    
  9.0990989E-03   1.488701    
  9.1191195E-03   1.480078    
  9.1391401E-03   1.471431    
  9.1591589E-03   1.462728    
  9.1791796E-03   1.453985    
  9.1991983E-03   1.445199    
  9.2192190E-03   1.436439    
  9.2392396E-03   1.427768    
  9.2592593E-03   1.419229    
  9.2792800E-03   1.410880    
  9.2992987E-03   1.402789    
  9.3193194E-03   1.394961    
  9.3393382E-03   1.387419    
  9.3593588E-03   1.380143    
  9.3793795E-03   1.373152    
  9.3993982E-03   1.366390    
  9.4194189E-03   1.359849    
  9.4394386E-03   1.353494    
  9.4594592E-03   1.347318    
  9.4794808E-03   1.341336    
  9.4995005E-03   1.335547    
  9.5195211E-03   1.329988    
  9.5395399E-03   1.324695    
  9.5595606E-03   1.319665    
  9.5795793E-03   1.314943    
  9.5996000E-03   1.310503    
  9.6196206E-03   1.306327    
  9.6396394E-03   1.302398    
  9.6596600E-03   1.298651    
  9.6796798E-03   1.295014    
  9.6997004E-03   1.291446    
  9.7197210E-03   1.287854    
  9.7397398E-03   1.284205    
  9.7597605E-03   1.280437    
  9.7797792E-03   1.276493    
  9.7997999E-03   1.272392    
  9.8198196E-03   1.268098    
  9.8398402E-03   1.263617    
  9.8598609E-03   1.258983    
  9.8798797E-03   1.254197    
  9.8999003E-03   1.249272    
  9.9199191E-03   1.244239    
  9.9399397E-03   1.239114    
  9.9599604E-03   1.233900    
  9.9799791E-03   1.228641    
  9.9999998E-03   1.223313    
