 -9.9999998E-03  0.7328501    
 -9.9799801E-03  0.7335247    
 -9.9599604E-03  0.7351435    
 -9.9399397E-03  0.7378584    
 -9.9199200E-03  0.7416900    
 -9.8999003E-03  0.7465889    
 -9.8798806E-03  0.7523324    
 -9.8598599E-03  0.7586846    
 -9.8398402E-03  0.7653879    
 -9.8198196E-03  0.7722107    
 -9.7997999E-03  0.7789832    
 -9.7797792E-03  0.7856156    
 -9.7597595E-03  0.7920690    
 -9.7397398E-03  0.7983958    
 -9.7197201E-03  0.8046173    
 -9.6997004E-03  0.8107667    
 -9.6796798E-03  0.8167907    
 -9.6596600E-03  0.8225361    
 -9.6396394E-03  0.8278391    
 -9.6196197E-03  0.8323821    
 -9.5995991E-03  0.8359345    
 -9.5795793E-03  0.8382434    
 -9.5595596E-03  0.8391736    
 -9.5395399E-03  0.8387927    
 -9.5195202E-03  0.8372618    
 -9.4994996E-03  0.8349398    
 -9.4794799E-03  0.8323622    
 -9.4594592E-03  0.8300495    
 -9.4394395E-03  0.8285719    
 -9.4194189E-03  0.8283510    
 -9.3993992E-03  0.8296831    
 -9.3793795E-03  0.8326054    
 -9.3593597E-03  0.8368993    
 -9.3393400E-03  0.8421775    
 -9.3193194E-03  0.8478295    
 -9.2992997E-03  0.8532511    
 -9.2792800E-03  0.8578708    
 -9.2592593E-03  0.8612568    
 -9.2392387E-03  0.8631861    
 -9.2192190E-03  0.8637601    
 -9.1991993E-03  0.8633431    
 -9.1791796E-03  0.8625292    
 -9.1591589E-03  0.8620808    
 -9.1391392E-03  0.8627588    
 -9.1191195E-03  0.8653041    
 -9.0990998E-03  0.8702275    
 -9.0790791E-03  0.8777539    
 -9.0590585E-03  0.8878516    
 -9.0390388E-03  0.9001433    
 -9.0190191E-03  0.9140458    
 -8.9989994E-03  0.9287608    
 -8.9789787E-03  0.9435623    
 -8.9589590E-03  0.9577307    
 -8.9389393E-03  0.9707415    
 -8.9189196E-03  0.9822981    
 -8.8988990E-03  0.9923943    
 -8.8788783E-03   1.001240    
 -8.8588586E-03   1.009194    
 -8.8388389E-03   1.016733    
 -8.8188192E-03   1.024334    
 -8.7987985E-03   1.032309    
 -8.7787788E-03   1.040821    
 -8.7587591E-03   1.049878    
 -8.7387394E-03   1.059256    
 -8.7187197E-03   1.068614    
 -8.6986991E-03   1.077566    
 -8.6786784E-03   1.085720    
 -8.6586587E-03   1.092856    
 -8.6386381E-03   1.098819    
 -8.6186184E-03   1.103714    
 -8.5985987E-03   1.107811    
 -8.5785789E-03   1.111526    
 -8.5585592E-03   1.115307    
 -8.5385386E-03   1.119600    
 -8.5185189E-03   1.124785    
 -8.4984982E-03   1.131021    
 -8.4784785E-03   1.138323    
 -8.4584588E-03   1.146516    
 -8.4384382E-03   1.155206    
 -8.4184185E-03   1.164031    
 -8.3983988E-03   1.172490    
 -8.3783790E-03   1.180243    
 -8.3583584E-03   1.187061    
 -8.3383387E-03   1.192872    
 -8.3183181E-03   1.197835    
 -8.2982983E-03   1.202174    
 -8.2782777E-03   1.206285    
 -8.2582580E-03   1.210544    
 -8.2382383E-03   1.215353    
 -8.2182186E-03   1.220924    
 -8.1981989E-03   1.227335    
 -8.1781782E-03   1.234570    
 -8.1581585E-03   1.242414    
 -8.1381388E-03   1.250612    
 -8.1181182E-03   1.258848    
 -8.0980984E-03   1.266849    
 -8.0780778E-03   1.274450    
 -8.0580581E-03   1.281582    
 -8.0380384E-03   1.288324    
 -8.0180177E-03   1.294869    
 -7.9979990E-03   1.301424    
 -7.9779783E-03   1.308202    
 -7.9579586E-03   1.315373    
 -7.9379380E-03   1.322947    
 -7.9179173E-03   1.330836    
 -7.8978976E-03   1.338766    
 -7.8778779E-03   1.346354    
 -7.8578582E-03   1.353200    
 -7.8378385E-03   1.358905    
 -7.8178179E-03   1.363157    
 -7.7977977E-03   1.365845    
 -7.7777780E-03   1.367045    
 -7.7577573E-03   1.367061    
 -7.7377385E-03   1.366365    
 -7.7177179E-03   1.365577    
 -7.6976977E-03   1.365360    
 -7.6776780E-03   1.366329    
 -7.6576574E-03   1.369034    
 -7.6376377E-03   1.373741    
 -7.6176180E-03   1.380557    
 -7.5975978E-03   1.389359    
 -7.5775781E-03   1.399795    
 -7.5575574E-03   1.411452    
 -7.5375377E-03   1.423779    
 -7.5175175E-03   1.436271    
 -7.4974978E-03   1.448552    
 -7.4774772E-03   1.460308    
 -7.4574575E-03   1.471412    
 -7.4374378E-03   1.481917    
 -7.4174176E-03   1.491885    
 -7.3973970E-03   1.501550    
 -7.3773772E-03   1.511059    
 -7.3573575E-03   1.520567    
 -7.3373378E-03   1.530114    
 -7.3173176E-03   1.539711    
 -7.2972970E-03   1.549227    
 -7.2772773E-03   1.558515    
 -7.2572576E-03   1.567438    
 -7.2372374E-03   1.575913    
 -7.2172168E-03   1.583922    
 -7.1971971E-03   1.591567    
 -7.1771774E-03   1.599046    
 -7.1571576E-03   1.606668    
 -7.1371370E-03   1.614783    
 -7.1171168E-03   1.623760    
 -7.0970971E-03   1.633850    
 -7.0770774E-03   1.645225    
 -7.0570577E-03   1.657982    
 -7.0370371E-03   1.671943    
 -7.0170169E-03   1.686870    
 -6.9969972E-03   1.702428    
 -6.9769775E-03   1.718184    
 -6.9569568E-03   1.733688    
 -6.9369366E-03   1.748622    
 -6.9169169E-03   1.762703    
 -6.8968972E-03   1.775815    
 -6.8768766E-03   1.787979    
 -6.8568569E-03   1.799337    
 -6.8368367E-03   1.810146    
 -6.8168170E-03   1.820724    
 -6.7967973E-03   1.831379    
 -6.7767766E-03   1.842420    
 -6.7567569E-03   1.854058    
 -6.7367367E-03   1.866473    
 -6.7167170E-03   1.879651    
 -6.6966973E-03   1.893564    
 -6.6766767E-03   1.908027    
 -6.6566565E-03   1.922882    
 -6.6366368E-03   1.937855    
 -6.6166166E-03   1.952686    
 -6.5965969E-03   1.967150    
 -6.5765767E-03   1.981021    
 -6.5565566E-03   1.994136    
 -6.5365369E-03   2.006395    
 -6.5165167E-03   2.017781    
 -6.4964965E-03   2.028334    
 -6.4764763E-03   2.038194    
 -6.4564561E-03   2.047526    
 -6.4364364E-03   2.056574    
 -6.4164167E-03   2.065626    
 -6.3963966E-03   2.074964    
 -6.3763764E-03   2.084844    
 -6.3563567E-03   2.095477    
 -6.3363365E-03   2.106947    
 -6.3163163E-03   2.119317    
 -6.2962966E-03   2.132466    
 -6.2762760E-03   2.146188    
 -6.2562563E-03   2.160262    
 -6.2362365E-03   2.174383    
 -6.2162164E-03   2.188285    
 -6.1961962E-03   2.201831    
 -6.1761765E-03   2.214955    
 -6.1561563E-03   2.227766    
 -6.1361361E-03   2.240527    
 -6.1161164E-03   2.253702    
 -6.0960962E-03   2.267733    
 -6.0760761E-03   2.283189    
 -6.0560564E-03   2.300453    
 -6.0360362E-03   2.319892    
 -6.0160165E-03   2.341538    
 -5.9959963E-03   2.365235    
 -5.9759757E-03   2.390557    
 -5.9559559E-03   2.416854    
 -5.9359362E-03   2.443328    
 -5.9159161E-03   2.469107    
 -5.8958959E-03   2.493460    
 -5.8758762E-03   2.515745    
 -5.8558560E-03   2.535652    
 -5.8358363E-03   2.553080    
 -5.8158161E-03   2.568274    
 -5.7957955E-03   2.581819    
 -5.7757758E-03   2.594334    
 -5.7557556E-03   2.606641    
 -5.7357359E-03   2.619470    
 -5.7157157E-03   2.633390    
 -5.6956955E-03   2.648740    
 -5.6756758E-03   2.665675    
 -5.6556561E-03   2.683994    
 -5.6356355E-03   2.703382    
 -5.6156153E-03   2.723302    
 -5.5955956E-03   2.743300    
 -5.5755754E-03   2.762936    
 -5.5555557E-03   2.781995    
 -5.5355355E-03   2.800437    
 -5.5155153E-03   2.818429    
 -5.4954956E-03   2.836409    
 -5.4754759E-03   2.854875    
 -5.4554553E-03   2.874395    
 -5.4354356E-03   2.895426    
 -5.4154154E-03   2.918337    
 -5.3953952E-03   2.943216    
 -5.3753755E-03   2.969992    
 -5.3553558E-03   2.998418    
 -5.3353352E-03   3.028050    
 -5.3153154E-03   3.058485    
 -5.2952953E-03   3.089334    
 -5.2752751E-03   3.120329    
 -5.2552554E-03   3.151438    
 -5.2352352E-03   3.182813    
 -5.2152150E-03   3.214779    
 -5.1951953E-03   3.247783    
 -5.1751756E-03   3.282268    
 -5.1551554E-03   3.318577    
 -5.1351353E-03   3.356848    
 -5.1151151E-03   3.397007    
 -5.0950949E-03   3.438591    
 -5.0750752E-03   3.480954    
 -5.0550550E-03   3.523252    
 -5.0350348E-03   3.564510    
 -5.0150151E-03   3.603927    
 -4.9949954E-03   3.640710    
 -4.9749753E-03   3.674533    
 -4.9549546E-03   3.705396    
 -4.9349349E-03   3.733718    
 -4.9149147E-03   3.760148    
 -4.8948950E-03   3.785777    
 -4.8748748E-03   3.811724    
 -4.8548547E-03   3.839140    
 -4.8348350E-03   3.868943    
 -4.8148152E-03   3.901864    
 -4.7947951E-03   3.938288    
 -4.7747749E-03   3.978120    
 -4.7547547E-03   4.021062    
 -4.7347345E-03   4.066436    
 -4.7147148E-03   4.113467    
 -4.6946951E-03   4.161299    
 -4.6746745E-03   4.209195    
 -4.6546548E-03   4.256479    
 -4.6346351E-03   4.302814    
 -4.6146144E-03   4.348125    
 -4.5945947E-03   4.392415    
 -4.5745745E-03   4.436112    
 -4.5545544E-03   4.479525    
 -4.5345346E-03   4.523221    
 -4.5145149E-03   4.567620    
 -4.4944948E-03   4.613202    
 -4.4744746E-03   4.660266    
 -4.4544549E-03   4.709094    
 -4.4344342E-03   4.759887    
 -4.4144145E-03   4.812807    
 -4.3943943E-03   4.867925    
 -4.3743742E-03   4.925455    
 -4.3543545E-03   4.985472    
 -4.3343347E-03   5.048162    
 -4.3143146E-03   5.113545    
 -4.2942944E-03   5.181709    
 -4.2742742E-03   5.252526    
 -4.2542540E-03   5.325774    
 -4.2342343E-03   5.401071    
 -4.2142146E-03   5.477879    
 -4.1941940E-03   5.555544    
 -4.1741743E-03   5.633348    
 -4.1541546E-03   5.710564    
 -4.1341344E-03   5.786570    
 -4.1141142E-03   5.860850    
 -4.0940936E-03   5.933143    
 -4.0740739E-03   6.003409    
 -4.0540542E-03   6.071943    
 -4.0340340E-03   6.139287    
 -4.0140138E-03   6.206233    
 -3.9939941E-03   6.273850    
 -3.9739739E-03   6.343174    
 -3.9539542E-03   6.415422    
 -3.9339340E-03   6.491752    
 -3.9139139E-03   6.573061    
 -3.8938937E-03   6.660174    
 -3.8738740E-03   6.753550    
 -3.8538538E-03   6.853333    
 -3.8338338E-03   6.959355    
 -3.8138141E-03   7.071045    
 -3.7937937E-03   7.187458    
 -3.7737740E-03   7.307442    
 -3.7537536E-03   7.429671    
 -3.7337334E-03   7.552730    
 -3.7137137E-03   7.675298    
 -3.6936938E-03   7.796245    
 -3.6736736E-03   7.914783    
 -3.6536537E-03   8.030441    
 -3.6336340E-03   8.143395    
 -3.6136135E-03   8.254180    
 -3.5935934E-03   8.363897    
 -3.5735737E-03   8.473884    
 -3.5535533E-03   8.585848    
 -3.5335335E-03   8.701447    
 -3.5135136E-03   8.822241    
 -3.4934934E-03   8.949495    
 -3.4734735E-03   9.084014    
 -3.4534538E-03   9.226047    
 -3.4334336E-03   9.375246    
 -3.4134132E-03   9.530693    
 -3.3933935E-03   9.691046    
 -3.3733733E-03   9.854609    
 -3.3533538E-03   10.01954    
 -3.3333332E-03   10.18411    
 -3.3133132E-03   10.34682    
 -3.2932935E-03   10.50661    
 -3.2732736E-03   10.66306    
 -3.2532536E-03   10.81621    
 -3.2332330E-03   10.96690    
 -3.2132133E-03   11.11639    
 -3.1931933E-03   11.26653    
 -3.1731727E-03   11.41941    
 -3.1531530E-03   11.57737    
 -3.1331331E-03   11.74275    
 -3.1131133E-03   11.91769    
 -3.0930934E-03   12.10410    
 -3.0730737E-03   12.30342    
 -3.0530530E-03   12.51653    
 -3.0330331E-03   12.74371    
 -3.0130134E-03   12.98467    
 -2.9929928E-03   13.23844    
 -2.9729728E-03   13.50343    
 -2.9529529E-03   13.77777    
 -2.9329322E-03   14.05897    
 -2.9129125E-03   14.34460    
 -2.8928926E-03   14.63232    
 -2.8728729E-03   14.92003    
 -2.8528529E-03   15.20626    
 -2.8328332E-03   15.49028    
 -2.8128126E-03   15.77200    
 -2.7927926E-03   16.05261    
 -2.7727729E-03   16.33370    
 -2.7527530E-03   16.61796    
 -2.7327333E-03   16.90831    
 -2.7127133E-03   17.20776    
 -2.6926927E-03   17.51938    
 -2.6726727E-03   17.84549    
 -2.6526521E-03   18.18782    
 -2.6326324E-03   18.54724    
 -2.6126124E-03   18.92357    
 -2.5925927E-03   19.31598    
 -2.5725721E-03   19.72288    
 -2.5525521E-03   20.14241    
 -2.5325324E-03   20.57293    
 -2.5125125E-03   21.01293    
 -2.4924928E-03   21.46161    
 -2.4724728E-03   21.91895    
 -2.4524522E-03   22.38565    
 -2.4324325E-03   22.86306    
 -2.4124125E-03   23.35314    
 -2.3923926E-03   23.85769    
 -2.3723729E-03   24.37843    
 -2.3523530E-03   24.91637    
 -2.3323323E-03   25.47202    
 -2.3123126E-03   26.04489    
 -2.2922920E-03   26.63387    
 -2.2722720E-03   27.23733    
 -2.2522523E-03   27.85350    
 -2.2322324E-03   28.48088    
 -2.2122117E-03   29.11869    
 -2.1921920E-03   29.76698    
 -2.1721721E-03   30.42699    
 -2.1521521E-03   31.10119    
 -2.1321324E-03   31.79297    
 -2.1121125E-03   32.50617    
 -2.0920918E-03   33.24502    
 -2.0720721E-03   34.01303    
 -2.0520522E-03   34.81344    
 -2.0320325E-03   35.64801    
 -2.0120125E-03   36.51748    
 -1.9919928E-03   37.42107    
 -1.9719722E-03   38.35754    
 -1.9519514E-03   39.32457    
 -1.9319316E-03   40.32038    
 -1.9119118E-03   41.34336    
 -1.8918919E-03   42.39293    
 -1.8718721E-03   43.47015    
 -1.8518515E-03   44.57730    
 -1.8318316E-03   45.71810    
 -1.8118118E-03   46.89759    
 -1.7917920E-03   48.12132    
 -1.7717720E-03   49.39537    
 -1.7517522E-03   50.72532    
 -1.7317316E-03   52.11629    
 -1.7117118E-03   53.57235    
 -1.6916919E-03   55.09652    
 -1.6716721E-03   56.69131    
 -1.6516523E-03   58.35826    
 -1.6316324E-03   60.09877    
 -1.6116110E-03   61.91475    
 -1.5915912E-03   63.80780    
 -1.5715713E-03   65.78111    
 -1.5515515E-03   67.83839    
 -1.5315317E-03   69.98433    
 -1.5115110E-03   72.22436    
 -1.4914912E-03   74.56362    
 -1.4714713E-03   77.00784    
 -1.4514514E-03   79.56206    
 -1.4314316E-03   82.23119    
 -1.4114118E-03   85.01891    
 -1.3913912E-03   87.92860    
 -1.3713713E-03   90.96329    
 -1.3513515E-03   94.12560    
 -1.3313317E-03   97.41874    
 -1.3113118E-03   100.8463    
 -1.2912920E-03   104.4125    
 -1.2712706E-03   108.1225    
 -1.2512507E-03   111.9813    
 -1.2312309E-03   115.9951    
 -1.2112111E-03   120.1694    
 -1.1911911E-03   124.5093    
 -1.1711713E-03   129.0188    
 -1.1511507E-03   133.7008    
 -1.1311308E-03   138.5556    
 -1.1111110E-03   143.5831    
 -1.0910912E-03   148.7816    
 -1.0710714E-03   154.1480    
 -1.0510515E-03   159.6799    
 -1.0310309E-03   165.3738    
 -1.0110111E-03   171.2269    
 -9.9099125E-04   177.2378    
 -9.7097136E-04   183.4057    
 -9.5095154E-04   189.7309    
 -9.3093090E-04   196.2146    
 -9.1091025E-04   202.8576    
 -8.9089043E-04   209.6607    
 -8.7087060E-04   216.6245    
 -8.5085072E-04   223.7485    
 -8.3083089E-04   231.0316    
 -8.1081106E-04   238.4708    
 -7.9079042E-04   246.0629    
 -7.7077060E-04   253.8031    
 -7.5075077E-04   261.6871    
 -7.3073088E-04   269.7105    
 -7.1071106E-04   277.8689    
 -6.9069123E-04   286.1579    
 -6.7067059E-04   294.5736    
 -6.5065076E-04   303.1108    
 -6.3063094E-04   311.7644    
 -6.1061105E-04   320.5261    
 -5.9059041E-04   329.3872    
 -5.7057058E-04   338.3341    
 -5.5054994E-04   347.3505    
 -5.3053012E-04   356.4152    
 -5.1051029E-04   365.5043    
 -4.9049046E-04   374.5893    
 -4.7047061E-04   383.6390    
 -4.5045075E-04   392.6178    
 -4.3043014E-04   401.4906    
 -4.1041028E-04   410.2184    
 -3.9039046E-04   418.7632    
 -3.7037060E-04   427.0865    
 -3.5035078E-04   435.1505    
 -3.3033092E-04   442.9194    
 -3.1031031E-04   450.3583    
 -2.9029045E-04   457.4336    
 -2.7027063E-04   464.1169    
 -2.5024998E-04   470.3812    
 -2.3023014E-04   476.2022    
 -2.1021030E-04   481.5611    
 -1.9018968E-04   486.4420    
 -1.7016983E-04   490.8349    
 -1.5014999E-04   494.7317    
 -1.3013015E-04   498.1299    
 -1.1011031E-04   501.0306    
 -9.0090471E-05   503.4356    
 -7.0069837E-05   505.3503    
 -5.0049995E-05   506.7794    
 -3.0030156E-05   507.7286    
 -1.0010316E-05   508.1996    
  1.0009524E-05   508.2033    
  3.0029365E-05   507.7284    
  5.0049995E-05   506.7794    
  7.0069837E-05   505.3504    
  9.0090471E-05   503.4356    
  1.1011031E-04   501.0306    
  1.3013015E-04   498.1299    
  1.5015078E-04   494.7315    
  1.7017062E-04   490.8347    
  1.9019046E-04   486.4421    
  2.1021030E-04   481.5611    
  2.3023014E-04   476.2022    
  2.5024998E-04   470.3812    
  2.7027063E-04   464.1170    
  2.9029045E-04   457.4336    
  3.1031031E-04   450.3583    
  3.3033013E-04   442.9200    
  3.5034999E-04   435.1505    
  3.7036982E-04   427.0868    
  3.9039046E-04   418.7632    
  4.1041028E-04   410.2184    
  4.3043093E-04   401.4901    
  4.5045075E-04   392.6178    
  4.7047061E-04   383.6390    
  4.9049046E-04   374.5893    
  5.1051105E-04   365.5039    
  5.3053093E-04   356.4150    
  5.5055076E-04   347.3501    
  5.7057058E-04   338.3341    
  5.9059041E-04   329.3872    
  6.1061030E-04   320.5264    
  6.3063094E-04   311.7644    
  6.5065076E-04   303.1108    
  6.7067059E-04   294.5735    
  6.9069042E-04   286.1583    
  7.1071024E-04   277.8693    
  7.3073013E-04   269.7108    
  7.5075077E-04   261.6871    
  7.7077135E-04   253.8028    
  7.9079124E-04   246.0627    
  8.1081106E-04   238.4708    
  8.3083089E-04   231.0316    
  8.5085072E-04   223.7485    
  8.7087136E-04   216.6241    
  8.9089118E-04   209.6603    
  9.1091107E-04   202.8574    
  9.3093090E-04   196.2146    
  9.5095072E-04   189.7312    
  9.7097055E-04   183.4060    
  9.9099125E-04   177.2378    
  1.0110111E-03   171.2269    
  1.0310309E-03   165.3738    
  1.0510507E-03   159.6802    
  1.0710706E-03   154.1484    
  1.0910904E-03   148.7819    
  1.1111118E-03   143.5829    
  1.1311317E-03   138.5553    
  1.1511515E-03   133.7006    
  1.1711713E-03   129.0188    
  1.1911911E-03   124.5093    
  1.2112111E-03   120.1694    
  1.2312316E-03   115.9950    
  1.2512516E-03   111.9810    
  1.2712714E-03   108.1223    
  1.2912912E-03   104.4127    
  1.3113110E-03   100.8464    
  1.3313309E-03   97.41888    
  1.3513515E-03   94.12560    
  1.3713713E-03   90.96329    
  1.3913912E-03   87.92858    
  1.4114110E-03   85.01903    
  1.4314308E-03   82.23134    
  1.4514514E-03   79.56207    
  1.4714721E-03   77.00771    
  1.4914919E-03   74.56354    
  1.5115119E-03   72.22429    
  1.5315317E-03   69.98432    
  1.5515515E-03   67.83839    
  1.5715713E-03   65.78111    
  1.5915920E-03   63.80772    
  1.6116118E-03   61.91462    
  1.6316316E-03   60.09881    
  1.6516515E-03   58.35835    
  1.6716713E-03   56.69141    
  1.6916911E-03   55.09665    
  1.7117118E-03   53.57235    
  1.7317316E-03   52.11629    
  1.7517515E-03   50.72534    
  1.7717713E-03   49.39541    
  1.7917920E-03   48.12133    
  1.8118126E-03   46.89755    
  1.8318325E-03   45.71806    
  1.8518523E-03   44.57725    
  1.8718721E-03   43.47013    
  1.8918919E-03   42.39293    
  1.9119118E-03   41.34336    
  1.9319324E-03   40.32036    
  1.9519522E-03   39.32458    
  1.9719722E-03   38.35754    
  1.9919919E-03   37.42113    
  2.0120118E-03   36.51750    
  2.0320315E-03   35.64807    
  2.0520522E-03   34.81344    
  2.0720721E-03   34.01303    
  2.0920918E-03   33.24502    
  2.1121118E-03   32.50619    
  2.1321324E-03   31.79297    
  2.1521521E-03   31.10119    
  2.1721728E-03   30.42696    
  2.1921927E-03   29.76691    
  2.2122127E-03   29.11867    
  2.2322324E-03   28.48088    
  2.2522523E-03   27.85350    
  2.2722720E-03   27.23733    
  2.2922927E-03   26.63390    
  2.3123126E-03   26.04489    
  2.3323323E-03   25.47202    
  2.3523523E-03   24.91639    
  2.3723720E-03   24.37838    
  2.3923919E-03   23.85769    
  2.4124125E-03   23.35314    
  2.4324325E-03   22.86306    
  2.4524522E-03   22.38565    
  2.4724728E-03   21.91894    
  2.4924928E-03   21.46160    
  2.5125125E-03   21.01293    
  2.5325331E-03   20.57289    
  2.5525531E-03   20.14247    
  2.5725728E-03   19.72283    
  2.5925927E-03   19.31597    
  2.6126124E-03   18.92357    
  2.6326324E-03   18.54724    
  2.6526530E-03   18.18786    
  2.6726727E-03   17.84549    
  2.6926927E-03   17.51938    
  2.7127126E-03   17.20778    
  2.7327323E-03   16.90831    
  2.7527523E-03   16.61801    
  2.7727729E-03   16.33370    
  2.7927926E-03   16.05261    
  2.8128133E-03   15.77200    
  2.8328332E-03   15.49028    
  2.8528529E-03   15.20626    
  2.8728729E-03   14.92003    
  2.8928935E-03   14.63230    
  2.9129132E-03   14.34456    
  2.9329332E-03   14.05893    
  2.9529529E-03   13.77777    
  2.9729728E-03   13.50343    
  2.9929928E-03   13.23844    
  3.0130134E-03   12.98467    
  3.0330331E-03   12.74371    
  3.0530530E-03   12.51653    
  3.0730728E-03   12.30344    
  3.0930927E-03   12.10412    
  3.1131124E-03   11.91769    
  3.1331331E-03   11.74275    
  3.1531530E-03   11.57737    
  3.1731736E-03   11.41940    
  3.1931933E-03   11.26654    
  3.2132133E-03   11.11638    
  3.2332330E-03   10.96690    
  3.2532536E-03   10.81621    
  3.2732736E-03   10.66306    
  3.2932926E-03   10.50664    
  3.3133132E-03   10.34682    
  3.3333339E-03   10.18412    
  3.3533529E-03   10.01954    
  3.3733735E-03   9.854626    
  3.3933925E-03   9.691092    
  3.4134132E-03   9.530690    
  3.4334338E-03   9.375227    
  3.4534528E-03   9.226053    
  3.4734735E-03   9.084016    
  3.4934927E-03   8.949492    
  3.5135134E-03   8.822228    
  3.5335338E-03   8.701386    
  3.5535544E-03   8.585835    
  3.5735737E-03   8.473885    
  3.5935943E-03   8.363909    
  3.6136133E-03   8.254193    
  3.6336340E-03   8.143397    
  3.6536546E-03   8.030436    
  3.6736736E-03   7.914783    
  3.6936942E-03   7.796255    
  3.7137133E-03   7.675315    
  3.7337339E-03   7.552709    
  3.7537529E-03   7.429674    
  3.7737736E-03   7.307418    
  3.7937942E-03   7.187446    
  3.8138132E-03   7.071036    
  3.8338338E-03   6.959354    
  3.8538529E-03   6.853365    
  3.8738735E-03   6.753545    
  3.8938941E-03   6.660164    
  3.9139134E-03   6.573049    
  3.9339340E-03   6.491751    
  3.9539528E-03   6.415450    
  3.9739734E-03   6.343193    
  3.9939927E-03   6.273857    
  4.0140147E-03   6.206264    
  4.0340354E-03   6.139268    
  4.0540546E-03   6.071949    
  4.0740753E-03   6.003407    
  4.0940940E-03   5.933119    
  4.1141147E-03   5.860835    
  4.1341353E-03   5.786559    
  4.1541546E-03   5.710564    
  4.1741752E-03   5.633329    
  4.1941940E-03   5.555543    
  4.2142146E-03   5.477881    
  4.2342339E-03   5.401082    
  4.2542545E-03   5.325788    
  4.2742752E-03   5.252515    
  4.2942939E-03   5.181715    
  4.3143146E-03   5.113547    
  4.3343338E-03   5.048160    
  4.3543545E-03   4.985472    
  4.3743751E-03   4.925450    
  4.3943943E-03   4.867923    
  4.4144150E-03   4.812776    
  4.4344338E-03   4.759903    
  4.4544544E-03   4.709096    
  4.4744737E-03   4.660262    
  4.4944943E-03   4.613198    
  4.5145149E-03   4.567621    
  4.5345337E-03   4.523208    
  4.5545544E-03   4.479525    
  4.5745736E-03   4.436093    
  4.5945942E-03   4.392431    
  4.6146149E-03   4.348109    
  4.6346337E-03   4.302829    
  4.6546543E-03   4.256488    
  4.6746735E-03   4.209190    
  4.6946956E-03   4.161317    
  4.7147148E-03   4.113468    
  4.7347355E-03   4.066441    
  4.7547561E-03   4.021049    
  4.7747749E-03   3.978116    
  4.7947955E-03   3.938257    
  4.8148148E-03   3.901879    
  4.8348354E-03   3.868954    
  4.8548561E-03   3.839140    
  4.8748748E-03   3.811723    
  4.8948955E-03   3.785787    
  4.9149147E-03   3.760147    
  4.9349354E-03   3.733706    
  4.9549546E-03   3.705384    
  4.9749753E-03   3.674533    
  4.9949959E-03   3.640711    
  5.0150147E-03   3.603925    
  5.0350353E-03   3.564525    
  5.0550546E-03   3.523265    
  5.0750752E-03   3.480954    
  5.0950958E-03   3.438592    
  5.1151146E-03   3.397027    
  5.1351353E-03   3.356849    
  5.1551545E-03   3.318582    
  5.1751751E-03   3.282299    
  5.1951939E-03   3.247801    
  5.2152146E-03   3.214792    
  5.2352352E-03   3.182815    
  5.2552545E-03   3.151449    
  5.2752751E-03   3.120331    
  5.2952939E-03   3.089328    
  5.3153145E-03   3.058486    
  5.3353352E-03   3.028050    
  5.3553544E-03   2.998410    
  5.3753750E-03   2.969989    
  5.3953957E-03   2.943213    
  5.4154163E-03   2.918346    
  5.4354370E-03   2.895439    
  5.4554562E-03   2.874405    
  5.4754764E-03   2.854881    
  5.4954956E-03   2.836410    
  5.5155163E-03   2.818432    
  5.5355355E-03   2.800419    
  5.5555562E-03   2.781984    
  5.5755768E-03   2.762952    
  5.5955956E-03   2.743299    
  5.6156162E-03   2.723308    
  5.6356355E-03   2.703382    
  5.6556561E-03   2.683993    
  5.6756767E-03   2.665665    
  5.6956955E-03   2.648739    
  5.7157162E-03   2.633364    
  5.7357354E-03   2.619472    
  5.7557561E-03   2.606646    
  5.7757748E-03   2.594352    
  5.7957955E-03   2.581819    
  5.8158161E-03   2.568275    
  5.8358354E-03   2.553072    
  5.8558560E-03   2.535652    
  5.8758748E-03   2.515760    
  5.8958954E-03   2.493469    
  5.9159161E-03   2.469114    
  5.9359353E-03   2.443316    
  5.9559559E-03   2.416854    
  5.9759752E-03   2.390548    
  5.9959958E-03   2.365260    
  6.0160146E-03   2.341542    
  6.0360353E-03   2.319900    
  6.0560559E-03   2.300468    
  6.0760765E-03   2.283194    
  6.0960972E-03   2.267721    
  6.1161164E-03   2.253700    
  6.1361371E-03   2.240539    
  6.1561577E-03   2.227762    
  6.1761765E-03   2.214953    
  6.1961971E-03   2.201826    
  6.2162164E-03   2.188287    
  6.2362370E-03   2.174379    
  6.2562558E-03   2.160258    
  6.2762764E-03   2.146201    
  6.2962971E-03   2.132442    
  6.3163163E-03   2.119317    
  6.3363370E-03   2.106947    
  6.3563557E-03   2.095473    
  6.3763764E-03   2.084844    
  6.3963970E-03   2.074968    
  6.4164163E-03   2.065626    
  6.4364369E-03   2.056577    
  6.4564561E-03   2.047517    
  6.4764763E-03   2.038195    
  6.4964956E-03   2.028340    
  6.5165162E-03   2.017778    
  6.5365369E-03   2.006394    
  6.5565561E-03   1.994124    
  6.5765767E-03   1.981022    
  6.5965955E-03   1.967147    
  6.6166162E-03   1.952700    
  6.6366368E-03   1.937855    
  6.6566560E-03   1.922883    
  6.6766767E-03   1.908026    
  6.6966955E-03   1.893569    
  6.7167161E-03   1.879650    
  6.7367353E-03   1.866461    
  6.7567574E-03   1.854073    
  6.7767780E-03   1.842421    
  6.7967973E-03   1.831379    
  6.8168179E-03   1.820723    
  6.8368367E-03   1.810146    
  6.8568573E-03   1.799339    
  6.8768780E-03   1.787980    
  6.8968972E-03   1.775816    
  6.9169179E-03   1.762721    
  6.9369366E-03   1.748621    
  6.9569573E-03   1.733698    
  6.9769779E-03   1.718195    
  6.9969972E-03   1.702428    
  7.0170178E-03   1.686890    
  7.0370371E-03   1.671944    
  7.0570577E-03   1.657983    
  7.0770765E-03   1.645234    
  7.0970971E-03   1.633852    
  7.1171178E-03   1.623745    
  7.1371370E-03   1.614784    
  7.1571576E-03   1.606668    
  7.1771764E-03   1.599032    
  7.1971971E-03   1.591566    
  7.2172177E-03   1.583922    
  7.2372369E-03   1.575900    
  7.2572576E-03   1.567438    
  7.2772764E-03   1.558513    
  7.2972970E-03   1.549227    
  7.3173163E-03   1.539709    
  7.3373369E-03   1.530119    
  7.3573575E-03   1.520568    
  7.3773763E-03   1.511048    
  7.3973970E-03   1.501550    
  7.4174162E-03   1.491888    
  7.4374382E-03   1.481898    
  7.4574589E-03   1.471407    
  7.4774781E-03   1.460302    
  7.4974988E-03   1.448536    
  7.5175175E-03   1.436271    
  7.5375382E-03   1.423775    
  7.5575574E-03   1.411452    
  7.5775781E-03   1.399795    
  7.5975987E-03   1.389362    
  7.6176180E-03   1.380557    
  7.6376386E-03   1.373729    
  7.6576574E-03   1.369034    
  7.6776780E-03   1.366330    
  7.6976987E-03   1.365350    
  7.7177179E-03   1.365577    
  7.7377385E-03   1.366365    
  7.7577573E-03   1.367061    
  7.7777780E-03   1.367045    
  7.7977972E-03   1.365848    
  7.8178179E-03   1.363157    
  7.8378385E-03   1.358906    
  7.8578573E-03   1.353197    
  7.8778779E-03   1.346355    
  7.8978967E-03   1.338749    
  7.9179173E-03   1.330836    
  7.9379380E-03   1.322944    
  7.9579577E-03   1.315366    
  7.9779783E-03   1.308203    
  7.9979971E-03   1.301420    
  8.0180177E-03   1.294869    
  8.0380365E-03   1.288334    
  8.0580572E-03   1.281590    
  8.0780778E-03   1.274450    
  8.0980975E-03   1.266851    
  8.1181191E-03   1.258857    
  8.1381388E-03   1.250612    
  8.1581585E-03   1.242419    
  8.1781792E-03   1.234570    
  8.1981989E-03   1.227334    
  8.2182195E-03   1.220916    
  8.2382383E-03   1.215353    
  8.2582589E-03   1.210548    
  8.2782777E-03   1.206285    
  8.2982983E-03   1.202173    
  8.3183190E-03   1.197828    
  8.3383387E-03   1.192871    
  8.3583593E-03   1.187067    
  8.3783781E-03   1.180246    
  8.3983988E-03   1.172490    
  8.4184194E-03   1.164011    
  8.4384382E-03   1.155206    
  8.4584588E-03   1.146515    
  8.4784776E-03   1.138335    
  8.4984982E-03   1.131020    
  8.5185179E-03   1.124783    
  8.5385386E-03   1.119599    
  8.5585592E-03   1.115306    
  8.5785780E-03   1.111531    
  8.5985987E-03   1.107811    
  8.6186174E-03   1.103724    
  8.6386381E-03   1.098819    
  8.6586587E-03   1.092856    
  8.6786784E-03   1.085724    
  8.6986991E-03   1.077566    
  8.7187178E-03   1.068608    
  8.7387385E-03   1.059249    
  8.7587573E-03   1.049879    
  8.7787779E-03   1.040825    
  8.7988004E-03   1.032312    
  8.8188192E-03   1.024333    
  8.8388398E-03   1.016756    
  8.8588586E-03   1.009194    
  8.8788792E-03   1.001230    
  8.8988999E-03  0.9923925    
  8.9189196E-03  0.9822991    
  8.9389402E-03  0.9707307    
  8.9589590E-03  0.9577307    
  8.9789797E-03  0.9435678    
  8.9990003E-03  0.9287469    
  9.0190191E-03  0.9140460    
  9.0390397E-03  0.9001513    
  9.0590585E-03  0.8878531    
  9.0790791E-03  0.8777538    
  9.0990989E-03  0.8702264    
  9.1191195E-03  0.8653041    
  9.1391401E-03  0.8627665    
  9.1591589E-03  0.8620813    
  9.1791796E-03  0.8625298    
  9.1991983E-03  0.8633408    
  9.2192190E-03  0.8637601    
  9.2392396E-03  0.8631887    
  9.2592593E-03  0.8612427    
  9.2792800E-03  0.8578711    
  9.2992987E-03  0.8532452    
  9.3193194E-03  0.8478294    
  9.3393382E-03  0.8421597    
  9.3593588E-03  0.8369002    
  9.3793795E-03  0.8326053    
  9.3993982E-03  0.8296852    
  9.4194189E-03  0.8283517    
  9.4394386E-03  0.8285673    
  9.4594592E-03  0.8300515    
  9.4794808E-03  0.8323588    
  9.4995005E-03  0.8349498    
  9.5195211E-03  0.8372516    
  9.5395399E-03  0.8387929    
  9.5595606E-03  0.8391770    
  9.5795793E-03  0.8382441    
  9.5996000E-03  0.8359256    
  9.6196206E-03  0.8323836    
  9.6396394E-03  0.8278396    
  9.6596600E-03  0.8225527    
  9.6796798E-03  0.8167909    
  9.6997004E-03  0.8107671    
  9.7197210E-03  0.8046136    
  9.7397398E-03  0.7983958    
  9.7597605E-03  0.7920583    
  9.7797792E-03  0.7856159    
  9.7997999E-03  0.7789832    
  9.8198196E-03  0.7722217    
  9.8398402E-03  0.7653877    
  9.8598609E-03  0.7586926    
  9.8798797E-03  0.7523329    
  9.8999003E-03  0.7465895    
  9.9199191E-03  0.7416969    
  9.9399397E-03  0.7378587    
  9.9599604E-03  0.7351444    
  9.9799791E-03  0.7335298    
  9.9999998E-03  0.7328500    
