 -2.0000000E-02  0.2725947    
 -1.9959960E-02  0.2718790    
 -1.9919921E-02  0.2712726    
 -1.9879879E-02  0.2710344    
 -1.9839840E-02  0.2713524    
 -1.9799801E-02  0.2723108    
 -1.9759761E-02  0.2737642    
 -1.9719720E-02  0.2754037    
 -1.9679680E-02  0.2768066    
 -1.9639639E-02  0.2775109    
 -1.9599600E-02  0.2772480    
 -1.9559558E-02  0.2759092    
 -1.9519519E-02  0.2736880    
 -1.9479480E-02  0.2709583    
 -1.9439440E-02  0.2682380    
 -1.9399401E-02  0.2659813    
 -1.9359360E-02  0.2645136    
 -1.9319320E-02  0.2639177    
 -1.9279279E-02  0.2640314    
 -1.9239239E-02  0.2645324    
 -1.9199198E-02  0.2650426    
 -1.9159159E-02  0.2651951    
 -1.9119119E-02  0.2648189    
 -1.9079080E-02  0.2638784    
 -1.9039040E-02  0.2624729    
 -1.8998999E-02  0.2608122    
 -1.8958960E-02  0.2590318    
 -1.8918918E-02  0.2572059    
 -1.8878879E-02  0.2553120    
 -1.8838838E-02  0.2532477    
 -1.8798798E-02  0.2508908    
 -1.8758759E-02  0.2482535    
 -1.8718719E-02  0.2454721    
 -1.8678680E-02  0.2428545    
 -1.8638639E-02  0.2408349    
 -1.8598599E-02  0.2398329    
 -1.8558560E-02  0.2401917    
 -1.8518519E-02  0.2420553    
 -1.8478477E-02  0.2453188    
 -1.8438438E-02  0.2496719    
 -1.8398399E-02  0.2546787    
 -1.8358359E-02  0.2598838    
 -1.8318318E-02  0.2649175    
 -1.8278278E-02  0.2696267    
 -1.8238239E-02  0.2740296    
 -1.8198200E-02  0.2782779    
 -1.8158158E-02  0.2825675    
 -1.8118117E-02  0.2870940    
 -1.8078078E-02  0.2919084    
 -1.8038038E-02  0.2969320    
 -1.7997999E-02  0.3019839    
 -1.7957957E-02  0.3068447    
 -1.7917918E-02  0.3113151    
 -1.7877879E-02  0.3152787    
 -1.7837839E-02  0.3186881    
 -1.7797798E-02  0.3215793    
 -1.7757757E-02  0.3239493    
 -1.7717717E-02  0.3257117    
 -1.7677678E-02  0.3267117    
 -1.7637638E-02  0.3266840    
 -1.7597597E-02  0.3253821    
 -1.7557558E-02  0.3226328    
 -1.7517518E-02  0.3185049    
 -1.7477479E-02  0.3132761    
 -1.7437439E-02  0.3075050    
 -1.7397398E-02  0.3018877    
 -1.7357357E-02  0.2971395    
 -1.7317317E-02  0.2937672    
 -1.7277276E-02  0.2920578    
 -1.7237237E-02  0.2918951    
 -1.7197197E-02  0.2928682    
 -1.7157158E-02  0.2943836    
 -1.7117118E-02  0.2958477    
 -1.7077077E-02  0.2967889    
 -1.7037038E-02  0.2970466    
 -1.6996996E-02  0.2967238    
 -1.6956957E-02  0.2961704    
 -1.6916918E-02  0.2958418    
 -1.6876876E-02  0.2961306    
 -1.6836837E-02  0.2972408    
 -1.6796798E-02  0.2991190    
 -1.6756758E-02  0.3015019    
 -1.6716717E-02  0.3040417    
 -1.6676677E-02  0.3064029    
 -1.6636636E-02  0.3084528    
 -1.6596597E-02  0.3103210    
 -1.6556555E-02  0.3123915    
 -1.6516516E-02  0.3151908    
 -1.6476477E-02  0.3192611    
 -1.6436437E-02  0.3250143    
 -1.6396398E-02  0.3325660    
 -1.6356356E-02  0.3416908    
 -1.6316317E-02  0.3519250    
 -1.6276278E-02  0.3625843    
 -1.6236236E-02  0.3730174    
 -1.6196197E-02  0.3826596    
 -1.6156156E-02  0.3911716    
 -1.6116116E-02  0.3984558    
 -1.6076077E-02  0.4045850    
 -1.6036035E-02  0.4097333    
 -1.5995998E-02  0.4140331    
 -1.5955957E-02  0.4175538    
 -1.5915917E-02  0.4202391    
 -1.5875876E-02  0.4219970    
 -1.5835835E-02  0.4226851    
 -1.5795795E-02  0.4223379    
 -1.5755756E-02  0.4210979    
 -1.5715716E-02  0.4193507    
 -1.5675677E-02  0.4175901    
 -1.5635636E-02  0.4163787    
 -1.5595595E-02  0.4162317    
 -1.5555556E-02  0.4174972    
 -1.5515515E-02  0.4203709    
 -1.5475477E-02  0.4247770    
 -1.5435436E-02  0.4304817    
 -1.5395395E-02  0.4371566    
 -1.5355356E-02  0.4444304    
 -1.5315315E-02  0.4519490    
 -1.5275275E-02  0.4594864    
 -1.5235236E-02  0.4668617    
 -1.5195196E-02  0.4739372    
 -1.5155156E-02  0.4806440    
 -1.5115115E-02  0.4868879    
 -1.5075075E-02  0.4925772    
 -1.5035035E-02  0.4976179    
 -1.4994996E-02  0.5018843    
 -1.4954954E-02  0.5052828    
 -1.4914915E-02  0.5077137    
 -1.4874876E-02  0.5090485    
 -1.4834835E-02  0.5091766    
 -1.4794794E-02  0.5079209    
 -1.4754754E-02  0.5051182    
 -1.4714715E-02  0.5005907    
 -1.4674676E-02  0.4943417    
 -1.4634635E-02  0.4864547    
 -1.4594594E-02  0.4773114    
 -1.4554555E-02  0.4674714    
 -1.4514515E-02  0.4578092    
 -1.4474475E-02  0.4492784    
 -1.4434434E-02  0.4429089    
 -1.4394394E-02  0.4395920    
 -1.4354355E-02  0.4399626    
 -1.4314315E-02  0.4443226    
 -1.4274274E-02  0.4525911    
 -1.4234234E-02  0.4643056    
 -1.4194194E-02  0.4787211    
 -1.4154155E-02  0.4949205    
 -1.4114115E-02  0.5118855    
 -1.4074074E-02  0.5287201    
 -1.4034034E-02  0.5446290    
 -1.3993994E-02  0.5590814    
 -1.3953955E-02  0.5717304    
 -1.3913914E-02  0.5825132    
 -1.3873873E-02  0.5915944    
 -1.3833834E-02  0.5993274    
 -1.3793794E-02  0.6061862    
 -1.3753753E-02  0.6126859    
 -1.3713714E-02  0.6193523    
 -1.3673673E-02  0.6265545    
 -1.3633634E-02  0.6345407    
 -1.3593595E-02  0.6432913    
 -1.3553553E-02  0.6526327    
 -1.3513514E-02  0.6622056    
 -1.3473473E-02  0.6715476    
 -1.3433434E-02  0.6802610    
 -1.3393395E-02  0.6879905    
 -1.3353353E-02  0.6945765    
 -1.3313313E-02  0.7000509    
 -1.3273274E-02  0.7045761    
 -1.3233233E-02  0.7084544    
 -1.3193194E-02  0.7119890    
 -1.3153153E-02  0.7154411    
 -1.3113113E-02  0.7189975    
 -1.3073074E-02  0.7227538    
 -1.3033033E-02  0.7267308    
 -1.2992993E-02  0.7308670    
 -1.2952953E-02  0.7351918    
 -1.2912912E-02  0.7396285    
 -1.2872873E-02  0.7441946    
 -1.2832833E-02  0.7489009    
 -1.2792793E-02  0.7537130    
 -1.2752753E-02  0.7585862    
 -1.2712713E-02  0.7634385    
 -1.2672673E-02  0.7682317    
 -1.2632633E-02  0.7729770    
 -1.2592593E-02  0.7778191    
 -1.2552552E-02  0.7829522    
 -1.2512513E-02  0.7886474    
 -1.2472473E-02  0.7951247    
 -1.2432433E-02  0.8024567    
 -1.2392392E-02  0.8105010    
 -1.2352353E-02  0.8188521    
 -1.2312313E-02  0.8268665    
 -1.2272272E-02  0.8337708    
 -1.2232233E-02  0.8389371    
 -1.2192192E-02  0.8419275    
 -1.2152152E-02  0.8427164    
 -1.2112113E-02  0.8417991    
 -1.2072072E-02  0.8400323    
 -1.2032033E-02  0.8384568    
 -1.1991993E-02  0.8381653    
 -1.1951951E-02  0.8399619    
 -1.1911912E-02  0.8441748    
 -1.1871872E-02  0.8506101    
 -1.1831832E-02  0.8586262    
 -1.1791792E-02  0.8672430    
 -1.1751752E-02  0.8754671    
 -1.1711712E-02  0.8825288    
 -1.1671673E-02  0.8879859    
 -1.1631632E-02  0.8919176    
 -1.1591591E-02  0.8947654    
 -1.1551552E-02  0.8972472    
 -1.1511511E-02  0.9000709    
 -1.1471472E-02  0.9038560    
 -1.1431431E-02  0.9089347    
 -1.1391391E-02  0.9153216    
 -1.1351352E-02  0.9228560    
 -1.1311312E-02  0.9312226    
 -1.1271271E-02  0.9402122    
 -1.1231231E-02  0.9496712    
 -1.1191191E-02  0.9596620    
 -1.1151151E-02  0.9703488    
 -1.1111111E-02  0.9819826    
 -1.1071071E-02  0.9947658    
 -1.1031031E-02   1.008757    
 -1.0990991E-02   1.023918    
 -1.0950952E-02   1.040103    
 -1.0910911E-02   1.056993    
 -1.0870871E-02   1.074332    
 -1.0830831E-02   1.091796    
 -1.0790790E-02   1.109141    
 -1.0750751E-02   1.126027    
 -1.0710712E-02   1.142103    
 -1.0670670E-02   1.157002    
 -1.0630631E-02   1.170402    
 -1.0590591E-02   1.182130    
 -1.0550550E-02   1.192342    
 -1.0510511E-02   1.201516    
 -1.0470470E-02   1.210580    
 -1.0430430E-02   1.220763    
 -1.0390391E-02   1.233434    
 -1.0350351E-02   1.249700    
 -1.0310311E-02   1.270237    
 -1.0270271E-02   1.294936    
 -1.0230230E-02   1.322866    
 -1.0190190E-02   1.352452    
 -1.0150150E-02   1.381691    
 -1.0110110E-02   1.408591    
 -1.0070070E-02   1.431670    
 -1.0030030E-02   1.450229    
 -9.9899909E-03   1.464542    
 -9.9499505E-03   1.475849    
 -9.9099092E-03   1.485897    
 -9.8698698E-03   1.496608    
 -9.8298294E-03   1.509662    
 -9.7897900E-03   1.526002    
 -9.7497497E-03   1.545817    
 -9.7097093E-03   1.568437    
 -9.6696699E-03   1.592616    
 -9.6296305E-03   1.616997    
 -9.5895901E-03   1.640333    
 -9.5495498E-03   1.661877    
 -9.5095094E-03   1.681512    
 -9.4694691E-03   1.699633    
 -9.4294297E-03   1.717059    
 -9.3893902E-03   1.734677    
 -9.3493490E-03   1.753220    
 -9.3093095E-03   1.773105    
 -9.2692701E-03   1.794288    
 -9.2292288E-03   1.816343    
 -9.1891894E-03   1.838679    
 -9.1491491E-03   1.860562    
 -9.1091087E-03   1.881404    
 -9.0690693E-03   1.900749    
 -9.0290299E-03   1.918422    
 -8.9889895E-03   1.934488    
 -8.9489492E-03   1.949121    
 -8.9089097E-03   1.962761    
 -8.8688685E-03   1.975891    
 -8.8288290E-03   1.989086    
 -8.7887887E-03   2.002943    
 -8.7487483E-03   2.018067    
 -8.7087089E-03   2.034961    
 -8.6686695E-03   2.053899    
 -8.6286291E-03   2.074905    
 -8.5885888E-03   2.097705    
 -8.5485484E-03   2.121802    
 -8.5085081E-03   2.146523    
 -8.4684687E-03   2.171142    
 -8.4284293E-03   2.195131    
 -8.3883880E-03   2.218126    
 -8.3483486E-03   2.240132    
 -8.3083091E-03   2.261318    
 -8.2682688E-03   2.282001    
 -8.2282284E-03   2.302485    
 -8.1881871E-03   2.322975    
 -8.1481477E-03   2.343527    
 -8.1081083E-03   2.364253    
 -8.0680680E-03   2.385263    
 -8.0280276E-03   2.407015    
 -7.9879882E-03   2.430276    
 -7.9479478E-03   2.456115    
 -7.9079084E-03   2.485677    
 -7.8678681E-03   2.519871    
 -7.8278277E-03   2.559055    
 -7.7877874E-03   2.602638    
 -7.7477479E-03   2.649048    
 -7.7077076E-03   2.695899    
 -7.6676677E-03   2.740397    
 -7.6276283E-03   2.779825    
 -7.5875875E-03   2.812320    
 -7.5475480E-03   2.837184    
 -7.5075072E-03   2.855230    
 -7.4674669E-03   2.868531    
 -7.4274275E-03   2.880072    
 -7.3873876E-03   2.893046    
 -7.3473472E-03   2.910111    
 -7.3073073E-03   2.932925    
 -7.2672679E-03   2.961864    
 -7.2272271E-03   2.996111    
 -7.1871867E-03   3.034089    
 -7.1471473E-03   3.074177    
 -7.1071065E-03   3.115006    
 -7.0670671E-03   3.156218    
 -7.0270272E-03   3.198409    
 -6.9869868E-03   3.242838    
 -6.9469470E-03   3.291259    
 -6.9069075E-03   3.345026    
 -6.8668672E-03   3.404876    
 -6.8268264E-03   3.470538    
 -6.7867870E-03   3.540766    
 -6.7467466E-03   3.613748    
 -6.7067076E-03   3.687420    
 -6.6666664E-03   3.760089    
 -6.6266265E-03   3.830775    
 -6.5865871E-03   3.899233    
 -6.5465472E-03   3.965968    
 -6.5065073E-03   4.031804    
 -6.4664660E-03   4.097559    
 -6.4264266E-03   4.163489    
 -6.3863867E-03   4.229325    
 -6.3463454E-03   4.294068    
 -6.3063060E-03   4.356415    
 -6.2662661E-03   4.415015    
 -6.2262267E-03   4.468918    
 -6.1861868E-03   4.517829    
 -6.1461474E-03   4.562282    
 -6.1061061E-03   4.603636    
 -6.0660662E-03   4.643857    
 -6.0260268E-03   4.685240    
 -5.9859855E-03   4.730027    
 -5.9459456E-03   4.780338    
 -5.9059057E-03   4.837800    
 -5.8658645E-03   4.903531    
 -5.8258250E-03   4.978208    
 -5.7857851E-03   5.061824    
 -5.7457457E-03   5.153923    
 -5.7057058E-03   5.253305    
 -5.6656664E-03   5.358357    
 -5.6256251E-03   5.466914    
 -5.5855853E-03   5.576691    
 -5.5455458E-03   5.685266    
 -5.5055059E-03   5.790737    
 -5.4654665E-03   5.891706    
 -5.4254266E-03   5.987782    
 -5.3853854E-03   6.079405    
 -5.3453455E-03   6.167792    
 -5.3053042E-03   6.254701    
 -5.2652648E-03   6.342185    
 -5.2252249E-03   6.432192    
 -5.1851855E-03   6.526418    
 -5.1451442E-03   6.626329    
 -5.1051043E-03   6.733016    
 -5.0650649E-03   6.847705    
 -5.0250250E-03   6.971326    
 -4.9849856E-03   7.104980    
 -4.9449457E-03   7.249630    
 -4.9049044E-03   7.405801    
 -4.8648650E-03   7.573617    
 -4.8248251E-03   7.752098    
 -4.7847852E-03   7.939648    
 -4.7447458E-03   8.133753    
 -4.7047059E-03   8.331679    
 -4.6646646E-03   8.530858    
 -4.6246252E-03   8.729147    
 -4.5845839E-03   8.925491    
 -4.5445440E-03   9.120001    
 -4.5045046E-03   9.313843    
 -4.4644647E-03   9.508886    
 -4.4244234E-03   9.707448    
 -4.3843840E-03   9.911909    
 -4.3443441E-03   10.12424    
 -4.3043043E-03   10.34629    
 -4.2642648E-03   10.57966    
 -4.2242249E-03   10.82575    
 -4.1841837E-03   11.08612    
 -4.1441442E-03   11.36237    
 -4.1041044E-03   11.65593    
 -4.0640649E-03   11.96775    
 -4.0240251E-03   12.29797    
 -3.9839856E-03   12.64556    
 -3.9439443E-03   13.00830    
 -3.9039028E-03   13.38307    
 -3.8638632E-03   13.76630    
 -3.8238235E-03   14.15470    
 -3.7837839E-03   14.54594    
 -3.7437442E-03   14.93948    
 -3.7037029E-03   15.33615    
 -3.6636633E-03   15.73873    
 -3.6236236E-03   16.15108    
 -3.5835840E-03   16.57777    
 -3.5435441E-03   17.02345    
 -3.5035044E-03   17.49262    
 -3.4634632E-03   17.98932    
 -3.4234235E-03   18.51750    
 -3.3833839E-03   19.08108    
 -3.3433442E-03   19.68398    
 -3.3033045E-03   20.33025    
 -3.2632649E-03   21.02344    
 -3.2232220E-03   21.76579    
 -3.1831823E-03   22.55767    
 -3.1431427E-03   23.39687    
 -3.1031030E-03   24.27829    
 -3.0630634E-03   25.19478    
 -3.0230221E-03   26.13798    
 -2.9829824E-03   27.10031    
 -2.9429425E-03   28.07668    
 -2.9029029E-03   29.06628    
 -2.8628632E-03   30.07361    
 -2.8228236E-03   31.10839    
 -2.7827823E-03   32.18479    
 -2.7427427E-03   33.31942    
 -2.7027030E-03   34.52884    
 -2.6626633E-03   35.82764    
 -2.6226237E-03   37.22524    
 -2.5825840E-03   38.72585    
 -2.5425411E-03   40.32764    
 -2.5025015E-03   42.02330    
 -2.4624618E-03   43.80291    
 -2.4224222E-03   45.65532    
 -2.3823823E-03   47.57092    
 -2.3423426E-03   49.54375    
 -2.3023013E-03   51.57316    
 -2.2622617E-03   53.66423    
 -2.2222220E-03   55.82773    
 -2.1821824E-03   58.07971    
 -2.1421427E-03   60.43927    
 -2.1021031E-03   62.92707    
 -2.0620618E-03   65.56323    
 -2.0220221E-03   68.36506    
 -1.9819825E-03   71.34589    
 -1.9419427E-03   74.51382    
 -1.9019031E-03   77.87195    
 -1.8618618E-03   81.41829    
 -1.8218205E-03   85.14703    
 -1.7817809E-03   89.05141    
 -1.7417412E-03   93.12422    
 -1.7017014E-03   97.36094    
 -1.6616618E-03   101.7602    
 -1.6216221E-03   106.3246    
 -1.5815808E-03   111.0601    
 -1.5415412E-03   115.9740    
 -1.5015015E-03   121.0741    
 -1.4614618E-03   126.3661    
 -1.4214221E-03   131.8516    
 -1.3813825E-03   137.5270    
 -1.3413412E-03   143.3846    
 -1.3013015E-03   149.4122    
 -1.2612619E-03   155.5955    
 -1.2212221E-03   161.9206    
 -1.1811808E-03   168.3745    
 -1.1411412E-03   174.9462    
 -1.1010999E-03   181.6275    
 -1.0610602E-03   188.4101    
 -1.0210206E-03   195.2854    
 -9.8098093E-04   202.2410    
 -9.4094122E-04   209.2597    
 -9.0090150E-04   216.3166    
 -8.6086028E-04   223.3823    
 -8.2082057E-04   230.4200    
 -7.8078092E-04   237.3920    
 -7.4074120E-04   244.2600    
 -7.0070155E-04   250.9877    
 -6.6066184E-04   257.5446    
 -6.2062062E-04   263.9053    
 -5.8058091E-04   270.0498    
 -5.4054125E-04   275.9629    
 -5.0049997E-04   281.6304    
 -4.6046029E-04   287.0368    
 -4.2042061E-04   292.1655    
 -3.8037935E-04   296.9927    
 -3.4033967E-04   301.4893    
 -3.0029999E-04   305.6223    
 -2.6026031E-04   309.3539    
 -2.2022062E-04   312.6464    
 -1.8018094E-04   315.4589    
 -1.4013967E-04   317.7567    
 -1.0009999E-04   319.5089    
 -6.0060313E-05   320.6917    
 -2.0020632E-05   321.2867    
  2.0019048E-05   321.2855    
  6.0058730E-05   320.6916    
  1.0009999E-04   319.5089    
  1.4013967E-04   317.7568    
  1.8018094E-04   315.4589    
  2.2022062E-04   312.6464    
  2.6026031E-04   309.3539    
  3.0030156E-04   305.6219    
  3.4034124E-04   301.4895    
  3.8038092E-04   296.9924    
  4.2042061E-04   292.1655    
  4.6046029E-04   287.0368    
  5.0049997E-04   281.6305    
  5.4054125E-04   275.9629    
  5.8058091E-04   270.0498    
  6.2062062E-04   263.9053    
  6.6066027E-04   257.5446    
  7.0069998E-04   250.9879    
  7.4073963E-04   244.2603    
  7.8078092E-04   237.3920    
  8.2082057E-04   230.4201    
  8.6086185E-04   223.3819    
  9.0090150E-04   216.3166    
  9.4094122E-04   209.2597    
  9.8098093E-04   202.2410    
  1.0210221E-03   195.2851    
  1.0610619E-03   188.4100    
  1.1011015E-03   181.6274    
  1.1411412E-03   174.9462    
  1.1811808E-03   168.3745    
  1.2212206E-03   161.9209    
  1.2612619E-03   155.5955    
  1.3013015E-03   149.4122    
  1.3413412E-03   143.3846    
  1.3813808E-03   137.5273    
  1.4214205E-03   131.8518    
  1.4614603E-03   126.3663    
  1.5015015E-03   121.0741    
  1.5415427E-03   115.9738    
  1.5815825E-03   111.0599    
  1.6216221E-03   106.3246    
  1.6616618E-03   101.7602    
  1.7017014E-03   97.36092    
  1.7417427E-03   93.12407    
  1.7817824E-03   89.05122    
  1.8218221E-03   85.14693    
  1.8618618E-03   81.41827    
  1.9019014E-03   77.87206    
  1.9419411E-03   74.51396    
  1.9819825E-03   71.34589    
  2.0220221E-03   68.36505    
  2.0620618E-03   65.56322    
  2.1021015E-03   62.92719    
  2.1421411E-03   60.43933    
  2.1821808E-03   58.07981    
  2.2222237E-03   55.82759    
  2.2622633E-03   53.66405    
  2.3023030E-03   51.57308    
  2.3423426E-03   49.54373    
  2.3823823E-03   47.57092    
  2.4224222E-03   45.65532    
  2.4624632E-03   43.80283    
  2.5025031E-03   42.02325    
  2.5425428E-03   40.32755    
  2.5825824E-03   38.72587    
  2.6226221E-03   37.22532    
  2.6626617E-03   35.82767    
  2.7027030E-03   34.52884    
  2.7427427E-03   33.31942    
  2.7827823E-03   32.18480    
  2.8228220E-03   31.10846    
  2.8628616E-03   30.07364    
  2.9029029E-03   29.06628    
  2.9429442E-03   28.07663    
  2.9829838E-03   27.10031    
  3.0230237E-03   26.13798    
  3.0630634E-03   25.19477    
  3.1031030E-03   24.27829    
  3.1431427E-03   23.39687    
  3.1831840E-03   22.55765    
  3.2232236E-03   21.76580    
  3.2632633E-03   21.02343    
  3.3033029E-03   20.33025    
  3.3433426E-03   19.68400    
  3.3833822E-03   19.08112    
  3.4234235E-03   18.51750    
  3.4634632E-03   17.98932    
  3.5035030E-03   17.49259    
  3.5435427E-03   17.02349    
  3.5835840E-03   16.57777    
  3.6236253E-03   16.15106    
  3.6636649E-03   15.73874    
  3.7037046E-03   15.33615    
  3.7437442E-03   14.93948    
  3.7837839E-03   14.54594    
  3.8238235E-03   14.15470    
  3.8638648E-03   13.76627    
  3.9039045E-03   13.38308    
  3.9439443E-03   13.00831    
  3.9839838E-03   12.64560    
  4.0240237E-03   12.29803    
  4.0640631E-03   11.96779    
  4.1041044E-03   11.65593    
  4.1441442E-03   11.36237    
  4.1841837E-03   11.08613    
  4.2242236E-03   10.82575    
  4.2642648E-03   10.57966    
  4.3043043E-03   10.34629    
  4.3443455E-03   10.12423    
  4.3843854E-03   9.911886    
  4.4244253E-03   9.707469    
  4.4644647E-03   9.508890    
  4.5045046E-03   9.313843    
  4.5445440E-03   9.119999    
  4.5845853E-03   8.925456    
  4.6246252E-03   8.729149    
  4.6646646E-03   8.530857    
  4.7047045E-03   8.331714    
  4.7447439E-03   8.133739    
  4.7847838E-03   7.939640    
  4.8248251E-03   7.752097    
  4.8648650E-03   7.573617    
  4.9049044E-03   7.405799    
  4.9449457E-03   7.249628    
  4.9849856E-03   7.104980    
  5.0250250E-03   6.971328    
  5.0650663E-03   6.847703    
  5.1051062E-03   6.733035    
  5.1451456E-03   6.626314    
  5.1851855E-03   6.526424    
  5.2252249E-03   6.432191    
  5.2652648E-03   6.342185    
  5.3053061E-03   6.254691    
  5.3453455E-03   6.167791    
  5.3853854E-03   6.079404    
  5.4254252E-03   5.987816    
  5.4654647E-03   5.891739    
  5.5055046E-03   5.790732    
  5.5455458E-03   5.685265    
  5.5855853E-03   5.576691    
  5.6256265E-03   5.466922    
  5.6656664E-03   5.358361    
  5.7057058E-03   5.253305    
  5.7457457E-03   5.153922    
  5.7857870E-03   5.061849    
  5.8258264E-03   4.978202    
  5.8658663E-03   4.903525    
  5.9059057E-03   4.837798    
  5.9459456E-03   4.780337    
  5.9859855E-03   4.730024    
  6.0260268E-03   4.685240    
  6.0660662E-03   4.643856    
  6.1061061E-03   4.603636    
  6.1461455E-03   4.562274    
  6.1861854E-03   4.517813    
  6.2262248E-03   4.468916    
  6.2662661E-03   4.415013    
  6.3063060E-03   4.356414    
  6.3463473E-03   4.294062    
  6.3863867E-03   4.229327    
  6.4264266E-03   4.163492    
  6.4664660E-03   4.097562    
  6.5065073E-03   4.031806    
  6.5465472E-03   3.965967    
  6.5865852E-03   3.899221    
  6.6266265E-03   3.830775    
  6.6666678E-03   3.760095    
  6.7067058E-03   3.687434    
  6.7467471E-03   3.613741    
  6.7867851E-03   3.540778    
  6.8268264E-03   3.470535    
  6.8668677E-03   3.404879    
  6.9069057E-03   3.345013    
  6.9469470E-03   3.291259    
  6.9869854E-03   3.242834    
  7.0270267E-03   3.198380    
  7.0670675E-03   3.156209    
  7.1071088E-03   3.114983    
  7.1471473E-03   3.074178    
  7.1871886E-03   3.034114    
  7.2272266E-03   2.996100    
  7.2672679E-03   2.961865    
  7.3073092E-03   2.932926    
  7.3473472E-03   2.910110    
  7.3873885E-03   2.893054    
  7.4274265E-03   2.880068    
  7.4674678E-03   2.868506    
  7.5075058E-03   2.855225    
  7.5475471E-03   2.837179    
  7.5875884E-03   2.812322    
  7.6276264E-03   2.779839    
  7.6676677E-03   2.740397    
  7.7077057E-03   2.695905    
  7.7477470E-03   2.649049    
  7.7877883E-03   2.602627    
  7.8278268E-03   2.559054    
  7.8678681E-03   2.519872    
  7.9079056E-03   2.485664    
  7.9479469E-03   2.456116    
  7.9879854E-03   2.430284    
  8.0280295E-03   2.407026    
  8.0680707E-03   2.385262    
  8.1081092E-03   2.364254    
  8.1481505E-03   2.343545    
  8.1881881E-03   2.322993    
  8.2282294E-03   2.302483    
  8.2682706E-03   2.282013    
  8.3083091E-03   2.261317    
  8.3483504E-03   2.240120    
  8.3883880E-03   2.218126    
  8.4284293E-03   2.195122    
  8.4684677E-03   2.171144    
  8.5085090E-03   2.146520    
  8.5485503E-03   2.121814    
  8.5885879E-03   2.097721    
  8.6286291E-03   2.074898    
  8.6686676E-03   2.053907    
  8.7087089E-03   2.034961    
  8.7487502E-03   2.018078    
  8.7887887E-03   2.002936    
  8.8288300E-03   1.989072    
  8.8688675E-03   1.975889    
  8.9089088E-03   1.962769    
  8.9489473E-03   1.949129    
  8.9889886E-03   1.934487    
  9.0290299E-03   1.918421    
  9.0690674E-03   1.900747    
  9.1091087E-03   1.881405    
  9.1491472E-03   1.860573    
  9.1891885E-03   1.838678    
  9.2292298E-03   1.816351    
  9.2692673E-03   1.794271    
  9.3093086E-03   1.773108    
  9.3493471E-03   1.753238    
  9.3893912E-03   1.734674    
  9.4294297E-03   1.717059    
  9.4694709E-03   1.699633    
  9.5095122E-03   1.681494    
  9.5495498E-03   1.661878    
  9.5895911E-03   1.640326    
  9.6296296E-03   1.616997    
  9.6696708E-03   1.592628    
  9.7097121E-03   1.568429    
  9.7497497E-03   1.545817    
  9.7897910E-03   1.525997    
  9.8298294E-03   1.509663    
  9.8698707E-03   1.496604    
  9.9099092E-03   1.485896    
  9.9499505E-03   1.475849    
  9.9899918E-03   1.464558    
  1.0030029E-02   1.450229    
  1.0070071E-02   1.431663    
  1.0110109E-02   1.408584    
  1.0150150E-02   1.381690    
  1.0190192E-02   1.352438    
  1.0230229E-02   1.322862    
  1.0270271E-02   1.294936    
  1.0310309E-02   1.270243    
  1.0350350E-02   1.249718    
  1.0390388E-02   1.233427    
  1.0430429E-02   1.220771    
  1.0470470E-02   1.210580    
  1.0510509E-02   1.201502    
  1.0550550E-02   1.192342    
  1.0590588E-02   1.182130    
  1.0630629E-02   1.170404    
  1.0670670E-02   1.157002    
  1.0710709E-02   1.142091    
  1.0750750E-02   1.126028    
  1.0790791E-02   1.109152    
  1.0830833E-02   1.091805    
  1.0870874E-02   1.074331    
  1.0910912E-02   1.056985    
  1.0950953E-02   1.040102    
  1.0990991E-02   1.023918    
  1.1031033E-02   1.008763    
  1.1071071E-02  0.9947695    
  1.1111112E-02  0.9819931    
  1.1151154E-02  0.9703472    
  1.1191191E-02  0.9596618    
  1.1231232E-02  0.9496642    
  1.1271271E-02  0.9402131    
  1.1311312E-02  0.9312232    
  1.1351353E-02  0.9228579    
  1.1391391E-02  0.9153220    
  1.1431432E-02  0.9089350    
  1.1471471E-02  0.9038643    
  1.1511512E-02  0.9000781    
  1.1551550E-02  0.8972371    
  1.1591591E-02  0.8947657    
  1.1631632E-02  0.8919175    
  1.1671671E-02  0.8879878    
  1.1711712E-02  0.8825257    
  1.1751750E-02  0.8754575    
  1.1791791E-02  0.8672203    
  1.1831832E-02  0.8586184    
  1.1871871E-02  0.8506021    
  1.1911912E-02  0.8441749    
  1.1951950E-02  0.8399543    
  1.1991992E-02  0.8381705    
  1.2032029E-02  0.8384556    
  1.2072071E-02  0.8400412    
  1.2112112E-02  0.8418116    
  1.2152153E-02  0.8427281    
  1.2192194E-02  0.8419209    
  1.2232233E-02  0.8389380    
  1.2272274E-02  0.8337690    
  1.2312315E-02  0.8268699    
  1.2352353E-02  0.8188534    
  1.2392394E-02  0.8105011    
  1.2432433E-02  0.8024577    
  1.2472474E-02  0.7951224    
  1.2512512E-02  0.7886435    
  1.2552553E-02  0.7829549    
  1.2592594E-02  0.7778189    
  1.2632633E-02  0.7729775    
  1.2672674E-02  0.7682322    
  1.2712711E-02  0.7634322    
  1.2752753E-02  0.7585875    
  1.2792794E-02  0.7537202    
  1.2832833E-02  0.7489036    
  1.2872874E-02  0.7441986    
  1.2912912E-02  0.7396319    
  1.2952953E-02  0.7351933    
  1.2992991E-02  0.7308811    
  1.3033032E-02  0.7267325    
  1.3073074E-02  0.7227541    
  1.3113112E-02  0.7189936    
  1.3153153E-02  0.7154417    
  1.3193191E-02  0.7119917    
  1.3233232E-02  0.7084531    
  1.3273274E-02  0.7045761    
  1.3313312E-02  0.7000471    
  1.3353353E-02  0.6945753    
  1.3393391E-02  0.6879894    
  1.3433432E-02  0.6802574    
  1.3473471E-02  0.6715644    
  1.3513515E-02  0.6622055    
  1.3553556E-02  0.6526343    
  1.3593595E-02  0.6432911    
  1.3633636E-02  0.6345323    
  1.3673673E-02  0.6265542    
  1.3713715E-02  0.6193476    
  1.3753756E-02  0.6126826    
  1.3793794E-02  0.6061870    
  1.3833836E-02  0.5993241    
  1.3873873E-02  0.5915936    
  1.3913915E-02  0.5825052    
  1.3953956E-02  0.5717215    
  1.3993994E-02  0.5590807    
  1.4034036E-02  0.5446380    
  1.4074074E-02  0.5287202    
  1.4114115E-02  0.5118865    
  1.4154153E-02  0.4949163    
  1.4194194E-02  0.4787208    
  1.4234236E-02  0.4643070    
  1.4274274E-02  0.4525907    
  1.4314315E-02  0.4443220    
  1.4354353E-02  0.4399574    
  1.4394394E-02  0.4395920    
  1.4434435E-02  0.4429180    
  1.4474474E-02  0.4492808    
  1.4514515E-02  0.4578092    
  1.4554553E-02  0.4674724    
  1.4594594E-02  0.4773110    
  1.4634633E-02  0.4864571    
  1.4674674E-02  0.4943479    
  1.4714715E-02  0.5005915    
  1.4754753E-02  0.5051066    
  1.4794794E-02  0.5079203    
  1.4834832E-02  0.5091729    
  1.4874876E-02  0.5090518    
  1.4914918E-02  0.5077083    
  1.4954956E-02  0.5052761    
  1.4994998E-02  0.5018917    
  1.5035035E-02  0.4976173    
  1.5075076E-02  0.4925787    
  1.5115115E-02  0.4868876    
  1.5155156E-02  0.4806442    
  1.5195197E-02  0.4739328    
  1.5235236E-02  0.4668631    
  1.5275277E-02  0.4594834    
  1.5315315E-02  0.4519496    
  1.5355356E-02  0.4444304    
  1.5395397E-02  0.4371555    
  1.5435436E-02  0.4304834    
  1.5475477E-02  0.4247780    
  1.5515515E-02  0.4203715    
  1.5555556E-02  0.4174983    
  1.5595594E-02  0.4162213    
  1.5635636E-02  0.4163784    
  1.5675677E-02  0.4175898    
  1.5715715E-02  0.4193623    
  1.5755756E-02  0.4210963    
  1.5795793E-02  0.4223384    
  1.5835835E-02  0.4226852    
  1.5875876E-02  0.4219965    
  1.5915915E-02  0.4202485    
  1.5955957E-02  0.4175546    
  1.5995994E-02  0.4140334    
  1.6036035E-02  0.4097342    
  1.6076073E-02  0.4045857    
  1.6116114E-02  0.3984618    
  1.6156156E-02  0.3911714    
  1.6196195E-02  0.3826648    
  1.6236238E-02  0.3730224    
  1.6276278E-02  0.3625847    
  1.6316317E-02  0.3519087    
  1.6356358E-02  0.3417012    
  1.6396398E-02  0.3325661    
  1.6436439E-02  0.3250199    
  1.6476477E-02  0.3192616    
  1.6516518E-02  0.3151818    
  1.6556555E-02  0.3123914    
  1.6596597E-02  0.3103211    
  1.6636638E-02  0.3084500    
  1.6676677E-02  0.3064059    
  1.6716719E-02  0.3040399    
  1.6756756E-02  0.3015029    
  1.6796798E-02  0.2991191    
  1.6836839E-02  0.2972330    
  1.6876876E-02  0.2961309    
  1.6916918E-02  0.2958412    
  1.6956955E-02  0.2961715    
  1.6996996E-02  0.2967229    
  1.7037036E-02  0.2970435    
  1.7077077E-02  0.2967875    
  1.7117118E-02  0.2958475    
  1.7157156E-02  0.2943862    
  1.7197197E-02  0.2928683    
  1.7237235E-02  0.2918932    
  1.7277276E-02  0.2920575    
  1.7317317E-02  0.2937678    
  1.7357357E-02  0.2971336    
  1.7397398E-02  0.3018878    
  1.7437436E-02  0.3075102    
  1.7477477E-02  0.3132784    
  1.7517515E-02  0.3185067    
  1.7557556E-02  0.3226421    
  1.7597601E-02  0.3253863    
  1.7637638E-02  0.3266836    
  1.7677680E-02  0.3267099    
  1.7717717E-02  0.3257107    
  1.7757758E-02  0.3239398    
  1.7797800E-02  0.3215750    
  1.7837839E-02  0.3186883    
  1.7877880E-02  0.3152707    
  1.7917918E-02  0.3113149    
  1.7957959E-02  0.3068500    
  1.7998001E-02  0.3019844    
  1.8038038E-02  0.2969325    
  1.8078079E-02  0.2919056    
  1.8118117E-02  0.2870939    
  1.8158158E-02  0.2825672    
  1.8198198E-02  0.2782775    
  1.8238239E-02  0.2740297    
  1.8278280E-02  0.2696249    
  1.8318318E-02  0.2649184    
  1.8358359E-02  0.2598835    
  1.8398397E-02  0.2546804    
  1.8438438E-02  0.2496718    
  1.8478479E-02  0.2453228    
  1.8518519E-02  0.2420559    
  1.8558560E-02  0.2401921    
  1.8598597E-02  0.2398340    
  1.8638639E-02  0.2408354    
  1.8678676E-02  0.2428614    
  1.8718718E-02  0.2454791    
  1.8758759E-02  0.2482522    
  1.8798796E-02  0.2508825    
  1.8838838E-02  0.2532476    
  1.8878877E-02  0.2553202    
  1.8918918E-02  0.2572072    
  1.8958962E-02  0.2590222    
  1.8999001E-02  0.2608085    
  1.9039042E-02  0.2624748    
  1.9079080E-02  0.2638786    
  1.9119121E-02  0.2648190    
  1.9159159E-02  0.2651951    
  1.9199200E-02  0.2650354    
  1.9239241E-02  0.2645382    
  1.9279279E-02  0.2640314    
  1.9319320E-02  0.2639075    
  1.9359360E-02  0.2645138    
  1.9399401E-02  0.2659817    
  1.9439442E-02  0.2682387    
  1.9479480E-02  0.2709589    
  1.9519521E-02  0.2736836    
  1.9559558E-02  0.2759093    
  1.9599600E-02  0.2772492    
  1.9639639E-02  0.2775093    
  1.9679680E-02  0.2768060    
  1.9719722E-02  0.2754054    
  1.9759759E-02  0.2737633    
  1.9799801E-02  0.2723104    
  1.9839838E-02  0.2713572    
  1.9879879E-02  0.2710353    
  1.9919921E-02  0.2712728    
  1.9959958E-02  0.2718774    
  2.0000000E-02  0.2725948    
