 -0.1000000      9.8221652E-02
 -9.9799804E-02  9.8377988E-02
 -9.9599607E-02  9.8515570E-02
 -9.9399403E-02  9.8677456E-02
 -9.9199206E-02  9.8901585E-02
 -9.8999001E-02  9.9218719E-02
 -9.8798804E-02  9.9640027E-02
 -9.8598607E-02  0.1001608    
 -9.8398402E-02  0.1007598    
 -9.8198205E-02  0.1014072    
 -9.7998008E-02  0.1020664    
 -9.7797804E-02  0.1027097    
 -9.7597606E-02  0.1033161    
 -9.7397402E-02  0.1038822    
 -9.7197205E-02  0.1044208    
 -9.6997000E-02  0.1049546    
 -9.6796796E-02  0.1055085    
 -9.6596599E-02  0.1061086    
 -9.6396402E-02  0.1067673    
 -9.6196197E-02  0.1074850    
 -9.5996000E-02  0.1082452    
 -9.5795795E-02  0.1090189    
 -9.5595598E-02  0.1097713    
 -9.5395401E-02  0.1104612    
 -9.5195197E-02  0.1110620    
 -9.4994999E-02  0.1115614    
 -9.4794795E-02  0.1119602    
 -9.4594598E-02  0.1122824    
 -9.4394401E-02  0.1125619    
 -9.4194196E-02  0.1128386    
 -9.3993999E-02  0.1131524    
 -9.3793802E-02  0.1135291    
 -9.3593597E-02  0.1139805    
 -9.3393400E-02  0.1144992    
 -9.3193196E-02  0.1150591    
 -9.2992999E-02  0.1156257    
 -9.2792802E-02  0.1161600    
 -9.2592597E-02  0.1166267    
 -9.2392400E-02  0.1170072    
 -9.2192195E-02  0.1172998    
 -9.1991998E-02  0.1175174    
 -9.1791801E-02  0.1176931    
 -9.1591589E-02  0.1178642    
 -9.1391392E-02  0.1180727    
 -9.1191195E-02  0.1183496    
 -9.0990990E-02  0.1187110    
 -9.0790793E-02  0.1191599    
 -9.0590589E-02  0.1196774    
 -9.0390392E-02  0.1202384    
 -9.0190195E-02  0.1208106    
 -8.9989990E-02  0.1213655    
 -8.9789793E-02  0.1218852    
 -8.9589596E-02  0.1223646    
 -8.9389391E-02  0.1228170    
 -8.9189194E-02  0.1232663    
 -8.8988990E-02  0.1237431    
 -8.8788792E-02  0.1242739    
 -8.8588595E-02  0.1248799    
 -8.8388391E-02  0.1255636    
 -8.8188194E-02  0.1263144    
 -8.7987989E-02  0.1271060    
 -8.7787792E-02  0.1278981    
 -8.7587595E-02  0.1286549    
 -8.7387390E-02  0.1293418    
 -8.7187193E-02  0.1299438    
 -8.6986996E-02  0.1304602    
 -8.6786792E-02  0.1309101    
 -8.6586587E-02  0.1313303    
 -8.6386390E-02  0.1317614    
 -8.6186193E-02  0.1322463    
 -8.5985996E-02  0.1328171    
 -8.5785784E-02  0.1334907    
 -8.5585594E-02  0.1342623    
 -8.5385390E-02  0.1351096    
 -8.5185193E-02  0.1359977    
 -8.4984988E-02  0.1368880    
 -8.4784783E-02  0.1377385    
 -8.4584586E-02  0.1385306    
 -8.4384389E-02  0.1392536    
 -8.4184185E-02  0.1399208    
 -8.3983988E-02  0.1405572    
 -8.3783783E-02  0.1412023    
 -8.3583586E-02  0.1418925    
 -8.3383389E-02  0.1426540    
 -8.3183184E-02  0.1435053    
 -8.2982987E-02  0.1444392    
 -8.2782790E-02  0.1454376    
 -8.2582586E-02  0.1464649    
 -8.2382388E-02  0.1474847    
 -8.2182184E-02  0.1484640    
 -8.1981987E-02  0.1493806    
 -8.1781790E-02  0.1502338    
 -8.1581585E-02  0.1510341    
 -8.1381388E-02  0.1518156    
 -8.1181183E-02  0.1526120    
 -8.0980986E-02  0.1534592    
 -8.0780789E-02  0.1543806    
 -8.0580585E-02  0.1553805    
 -8.0380380E-02  0.1564425    
 -8.0180183E-02  0.1575298    
 -7.9979979E-02  0.1585910    
 -7.9779789E-02  0.1595703    
 -7.9579577E-02  0.1604212    
 -7.9379380E-02  0.1611108    
 -7.9179183E-02  0.1616333    
 -7.8978978E-02  0.1620063    
 -7.8778781E-02  0.1622705    
 -7.8578584E-02  0.1624812    
 -7.8378379E-02  0.1626964    
 -7.8178182E-02  0.1629665    
 -7.7977978E-02  0.1633266    
 -7.7777781E-02  0.1637858    
 -7.7577583E-02  0.1643312    
 -7.7377379E-02  0.1649295    
 -7.7177182E-02  0.1655356    
 -7.6976977E-02  0.1661090    
 -7.6776780E-02  0.1666171    
 -7.6576583E-02  0.1670440    
 -7.6376379E-02  0.1674018    
 -7.6176181E-02  0.1677241    
 -7.5975977E-02  0.1680543    
 -7.5775780E-02  0.1684500    
 -7.5575583E-02  0.1689565    
 -7.5375371E-02  0.1696057    
 -7.5175181E-02  0.1704107    
 -7.4974984E-02  0.1713556    
 -7.4774779E-02  0.1724158    
 -7.4574575E-02  0.1735436    
 -7.4374378E-02  0.1746935    
 -7.4174173E-02  0.1758335    
 -7.3973976E-02  0.1769452    
 -7.3773772E-02  0.1780292    
 -7.3573582E-02  0.1791169    
 -7.3373377E-02  0.1802472    
 -7.3173173E-02  0.1814606    
 -7.2972976E-02  0.1827993    
 -7.2772779E-02  0.1842825    
 -7.2572574E-02  0.1859144    
 -7.2372384E-02  0.1876638    
 -7.2172172E-02  0.1894819    
 -7.1971975E-02  0.1913082    
 -7.1771778E-02  0.1930775    
 -7.1571574E-02  0.1947316    
 -7.1371377E-02  0.1962361    
 -7.1171172E-02  0.1975788    
 -7.0970975E-02  0.1987772    
 -7.0770770E-02  0.1998633    
 -7.0570573E-02  0.2008922    
 -7.0370376E-02  0.2019178    
 -7.0170172E-02  0.2029797    
 -6.9969974E-02  0.2041120    
 -6.9769777E-02  0.2053174    
 -6.9569565E-02  0.2065900    
 -6.9369376E-02  0.2079009    
 -6.9169171E-02  0.2092229    
 -6.8968974E-02  0.2105290    
 -6.8768770E-02  0.2118016    
 -6.8568572E-02  0.2130486    
 -6.8368368E-02  0.2142859    
 -6.8168171E-02  0.2155477    
 -6.7967966E-02  0.2168672    
 -6.7767777E-02  0.2182840    
 -6.7567572E-02  0.2198112    
 -6.7367375E-02  0.2214517    
 -6.7167170E-02  0.2231821    
 -6.6966973E-02  0.2249632    
 -6.6766769E-02  0.2267401    
 -6.6566572E-02  0.2284659    
 -6.6366367E-02  0.2300972    
 -6.6166170E-02  0.2316119    
 -6.5965965E-02  0.2330150    
 -6.5765768E-02  0.2343333    
 -6.5565571E-02  0.2356092    
 -6.5365367E-02  0.2368975    
 -6.5165170E-02  0.2382510    
 -6.4964965E-02  0.2397083    
 -6.4764768E-02  0.2412849    
 -6.4564571E-02  0.2429714    
 -6.4364366E-02  0.2447392    
 -6.4164162E-02  0.2465382    
 -6.3963972E-02  0.2483158    
 -6.3763760E-02  0.2500269    
 -6.3563570E-02  0.2516414    
 -6.3363366E-02  0.2531499    
 -6.3163169E-02  0.2545703    
 -6.2962972E-02  0.2559370    
 -6.2762767E-02  0.2572997    
 -6.2562563E-02  0.2587091    
 -6.2362369E-02  0.2602068    
 -6.2162161E-02  0.2618145    
 -6.1961967E-02  0.2635373    
 -6.1761763E-02  0.2653563    
 -6.1561570E-02  0.2672389    
 -6.1361361E-02  0.2691520    
 -6.1161164E-02  0.2710591    
 -6.0960963E-02  0.2729449    
 -6.0760763E-02  0.2748110    
 -6.0560562E-02  0.2766733    
 -6.0360368E-02  0.2785666    
 -6.0160164E-02  0.2805304    
 -5.9959963E-02  0.2825953    
 -5.9759762E-02  0.2847887    
 -5.9559561E-02  0.2871081    
 -5.9359364E-02  0.2895264    
 -5.9159163E-02  0.2920050    
 -5.8958963E-02  0.2944903    
 -5.8758758E-02  0.2969367    
 -5.8558561E-02  0.2993053    
 -5.8358356E-02  0.3015776    
 -5.8158163E-02  0.3037671    
 -5.7957955E-02  0.3059149    
 -5.7757761E-02  0.3080840    
 -5.7557564E-02  0.3103389    
 -5.7357363E-02  0.3127471    
 -5.7157155E-02  0.3153540    
 -5.6956962E-02  0.3181816    
 -5.6756757E-02  0.3212210    
 -5.6556564E-02  0.3244318    
 -5.6356356E-02  0.3277582    
 -5.6156155E-02  0.3311343    
 -5.5955958E-02  0.3344986    
 -5.5755757E-02  0.3378107    
 -5.5555556E-02  0.3410515    
 -5.5355355E-02  0.3442283    
 -5.5155158E-02  0.3473749    
 -5.4954965E-02  0.3505285    
 -5.4754756E-02  0.3537307    
 -5.4554556E-02  0.3570068    
 -5.4354358E-02  0.3603657    
 -5.4154158E-02  0.3637836    
 -5.3953957E-02  0.3672216    
 -5.3753756E-02  0.3706242    
 -5.3553555E-02  0.3739324    
 -5.3353351E-02  0.3771056    
 -5.3153157E-02  0.3801283    
 -5.2952953E-02  0.3830059    
 -5.2752752E-02  0.3857812    
 -5.2552558E-02  0.3885219    
 -5.2352358E-02  0.3913047    
 -5.2152157E-02  0.3941978    
 -5.1951952E-02  0.3972478    
 -5.1751755E-02  0.4004838    
 -5.1551554E-02  0.4038884    
 -5.1351354E-02  0.4074159    
 -5.1151153E-02  0.4110088    
 -5.0950952E-02  0.4145929    
 -5.0750751E-02  0.4181118    
 -5.0550550E-02  0.4215342    
 -5.0350349E-02  0.4248640    
 -5.0150152E-02  0.4281402    
 -4.9949955E-02  0.4314303    
 -4.9749754E-02  0.4348180    
 -4.9549554E-02  0.4383809    
 -4.9349349E-02  0.4421822    
 -4.9149152E-02  0.4462441    
 -4.8948951E-02  0.4505548    
 -4.8748750E-02  0.4550599    
 -4.8548549E-02  0.4596829    
 -4.8348352E-02  0.4643367    
 -4.8148151E-02  0.4689365    
 -4.7947947E-02  0.4734312    
 -4.7747746E-02  0.4778128    
 -4.7547549E-02  0.4821044    
 -4.7347352E-02  0.4863734    
 -4.7147151E-02  0.4907064    
 -4.6946950E-02  0.4952001    
 -4.6746749E-02  0.4999245    
 -4.6546545E-02  0.5049203    
 -4.6346344E-02  0.5101894    
 -4.6146151E-02  0.5156779    
 -4.5945950E-02  0.5213149    
 -4.5745749E-02  0.5269932    
 -4.5545552E-02  0.5326265    
 -4.5345344E-02  0.5381397    
 -4.5145150E-02  0.5435138    
 -4.4944946E-02  0.5487631    
 -4.4744752E-02  0.5539476    
 -4.4544544E-02  0.5591740    
 -4.4344343E-02  0.5645483    
 -4.4144146E-02  0.5701615    
 -4.3943945E-02  0.5760931    
 -4.3743752E-02  0.5823587    
 -4.3543544E-02  0.5889333    
 -4.3343343E-02  0.5957537    
 -4.3143146E-02  0.6027080    
 -4.2942945E-02  0.6097025    
 -4.2742744E-02  0.6166395    
 -4.2542543E-02  0.6234616    
 -4.2342346E-02  0.6301490    
 -4.2142145E-02  0.6367298    
 -4.1941937E-02  0.6432723    
 -4.1741744E-02  0.6498408    
 -4.1541539E-02  0.6565376    
 -4.1341346E-02  0.6634025    
 -4.1141145E-02  0.6704693    
 -4.0940944E-02  0.6777196    
 -4.0740743E-02  0.6850944    
 -4.0540539E-02  0.6925175    
 -4.0340345E-02  0.6999134    
 -4.0140137E-02  0.7072030    
 -3.9939944E-02  0.7143578    
 -3.9739739E-02  0.7213843    
 -3.9539546E-02  0.7283350    
 -3.9339337E-02  0.7352877    
 -3.9139140E-02  0.7423453    
 -3.8938940E-02  0.7496080    
 -3.8738739E-02  0.7571409    
 -3.8538545E-02  0.7649879    
 -3.8338337E-02  0.7731310    
 -3.8138144E-02  0.7815368    
 -3.7937939E-02  0.7901213    
 -3.7737738E-02  0.7988127    
 -3.7537538E-02  0.8075571    
 -3.7337340E-02  0.8163280    
 -3.7137140E-02  0.8251508    
 -3.6936939E-02  0.8340953    
 -3.6736738E-02  0.8432711    
 -3.6536537E-02  0.8528085    
 -3.6336333E-02  0.8628178    
 -3.6136139E-02  0.8733975    
 -3.5935938E-02  0.8845866    
 -3.5735738E-02  0.8963824    
 -3.5535540E-02  0.9087307    
 -3.5335340E-02  0.9215327    
 -3.5135139E-02  0.9346877    
 -3.4934934E-02  0.9480899    
 -3.4734737E-02  0.9616728    
 -3.4534533E-02  0.9754297    
 -3.4334339E-02  0.9893712    
 -3.4134131E-02   1.003567    
 -3.3933938E-02   1.018105    
 -3.3733733E-02   1.033071    
 -3.3533532E-02   1.048518    
 -3.3333339E-02   1.064460    
 -3.3133134E-02   1.080855    
 -3.2932941E-02   1.097611    
 -3.2732733E-02   1.114603    
 -3.2532532E-02   1.131690    
 -3.2332331E-02   1.148749    
 -3.2132134E-02   1.165693    
 -3.1931933E-02   1.182498    
 -3.1731732E-02   1.199209    
 -3.1531531E-02   1.215911    
 -3.1331334E-02   1.232749    
 -3.1131126E-02   1.249877    
 -3.0930933E-02   1.267447    
 -3.0730734E-02   1.285568    
 -3.0530533E-02   1.304301    
 -3.0330332E-02   1.323667    
 -3.0130133E-02   1.343631    
 -2.9929932E-02   1.364141    
 -2.9729726E-02   1.385132    
 -2.9529532E-02   1.406561    
 -2.9329326E-02   1.428418    
 -2.9129133E-02   1.450729    
 -2.8928926E-02   1.473551    
 -2.8728733E-02   1.496976    
 -2.8528526E-02   1.521095    
 -2.8328327E-02   1.545969    
 -2.8128132E-02   1.571646    
 -2.7927926E-02   1.598132    
 -2.7727732E-02   1.625373    
 -2.7527526E-02   1.653325    
 -2.7327333E-02   1.681911    
 -2.7127126E-02   1.711089    
 -2.6926927E-02   1.740827    
 -2.6726726E-02   1.771167    
 -2.6526527E-02   1.802172    
 -2.6326327E-02   1.833946    
 -2.6126128E-02   1.866593    
 -2.5925932E-02   1.900212    
 -2.5725726E-02   1.934868    
 -2.5525527E-02   1.970566    
 -2.5325326E-02   2.007266    
 -2.5125127E-02   2.044877    
 -2.4924926E-02   2.083291    
 -2.4724727E-02   2.122417    
 -2.4524527E-02   2.162192    
 -2.4324328E-02   2.202629    
 -2.4124121E-02   2.243815    
 -2.3923926E-02   2.285893    
 -2.3723722E-02   2.329076    
 -2.3523526E-02   2.373583    
 -2.3323327E-02   2.419627    
 -2.3123126E-02   2.467363    
 -2.2922928E-02   2.516869    
 -2.2722721E-02   2.568152    
 -2.2522528E-02   2.621126    
 -2.2322321E-02   2.675685    
 -2.2122128E-02   2.731716    
 -2.1921922E-02   2.789158    
 -2.1721721E-02   2.848010    
 -2.1521520E-02   2.908378    
 -2.1321321E-02   2.970460    
 -2.1121120E-02   3.034538    
 -2.0920921E-02   3.100919    
 -2.0720728E-02   3.169892    
 -2.0520521E-02   3.241707    
 -2.0320321E-02   3.316494    
 -2.0120122E-02   3.394289    
 -1.9919921E-02   3.475018    
 -1.9719722E-02   3.558529    
 -1.9519521E-02   3.644665    
 -1.9319320E-02   3.733283    
 -1.9119121E-02   3.824360    
 -1.8918915E-02   3.917966    
 -1.8718721E-02   4.014308    
 -1.8518515E-02   4.113719    
 -1.8318322E-02   4.216587    
 -1.8118121E-02   4.323342    
 -1.7917922E-02   4.434352    
 -1.7717721E-02   4.549919    
 -1.7517515E-02   4.670211    
 -1.7317321E-02   4.795288    
 -1.7117115E-02   4.925137    
 -1.6916921E-02   5.059709    
 -1.6716715E-02   5.198996    
 -1.6516522E-02   5.343066    
 -1.6316315E-02   5.492207    
 -1.6116114E-02   5.646791    
 -1.5915915E-02   5.807404    
 -1.5715715E-02   5.974724    
 -1.5515521E-02   6.149469    
 -1.5315315E-02   6.332351    
 -1.5115121E-02   6.523961    
 -1.4914915E-02   6.724752    
 -1.4714715E-02   6.935021    
 -1.4514515E-02   7.154920    
 -1.4314315E-02   7.384529    
 -1.4114115E-02   7.623927    
 -1.3913915E-02   7.873224    
 -1.3713715E-02   8.132720    
 -1.3513515E-02   8.402867    
 -1.3313308E-02   8.684277    
 -1.3113115E-02   8.977691    
 -1.2912915E-02   9.283969    
 -1.2712715E-02   9.603917    
 -1.2512515E-02   9.938283    
 -1.2312309E-02   10.28763    
 -1.2112116E-02   10.65238    
 -1.1911909E-02   11.03284    
 -1.1711715E-02   11.42911    
 -1.1511508E-02   11.84141    
 -1.1311315E-02   12.26991    
 -1.1111109E-02   12.71504    
 -1.0910909E-02   13.17734    
 -1.0710709E-02   13.65760    
 -1.0510509E-02   14.15677    
 -1.0310316E-02   14.67581    
 -1.0110109E-02   15.21579    
 -9.9099148E-03   15.77749    
 -9.7097093E-03   16.36165    
 -9.5095085E-03   16.96862    
 -9.3093086E-03   17.59858    
 -9.1091087E-03   18.25152    
 -8.9089088E-03   18.92737    
 -8.7087089E-03   19.62601    
 -8.5085090E-03   20.34748    
 -8.3083091E-03   21.09195    
 -8.1081027E-03   21.85985    
 -7.9079093E-03   22.65159    
 -7.7077090E-03   23.46773    
 -7.5075091E-03   24.30875    
 -7.3073092E-03   25.17483    
 -7.1071088E-03   26.06592    
 -6.9069089E-03   26.98152    
 -6.7067025E-03   27.92086    
 -6.5065091E-03   28.88274    
 -6.3063027E-03   29.86598    
 -6.1061089E-03   30.86910    
 -5.9059029E-03   31.89086    
 -5.7057091E-03   32.92984    
 -5.5055027E-03   33.98491    
 -5.3053028E-03   35.05445    
 -5.1051090E-03   36.13682    
 -4.9049030E-03   37.22976    
 -4.7047092E-03   38.32996    
 -4.5045028E-03   39.43365    
 -4.3043094E-03   40.53565    
 -4.1041030E-03   41.63037    
 -3.9039028E-03   42.71141    
 -3.7037029E-03   43.77233    
 -3.5035030E-03   44.80708    
 -3.3033029E-03   45.81043    
 -3.1031030E-03   46.77831    
 -2.9029094E-03   47.70805    
 -2.7027030E-03   48.59855    
 -2.5025031E-03   49.44947    
 -2.3023030E-03   50.26134    
 -2.1021031E-03   51.03448    
 -1.9019031E-03   51.76845    
 -1.7017031E-03   52.46148    
 -1.5014968E-03   53.10976    
 -1.3013030E-03   53.70730    
 -1.1010967E-03   54.24635    
 -9.0090313E-04   54.71746    
 -7.0069678E-04   55.11061    
 -5.0050311E-04   55.41588    
 -3.0030316E-04   55.62482    
 -1.0009683E-04   55.73141    
  1.0009683E-04   55.73141    
  3.0030316E-04   55.62482    
  5.0049683E-04   55.41590    
  7.0070312E-04   55.11058    
  9.0089679E-04   54.71753    
  1.1011031E-03   54.24635    
  1.3013030E-03   53.70730    
  1.5015031E-03   53.10972    
  1.7017031E-03   52.46148    
  1.9019031E-03   51.76845    
  2.1021031E-03   51.03448    
  2.3022967E-03   50.26136    
  2.5025031E-03   49.44947    
  2.7027030E-03   48.59855    
  2.9029029E-03   47.70807    
  3.1031030E-03   46.77831    
  3.3033029E-03   45.81043    
  3.5035030E-03   44.80708    
  3.7037029E-03   43.77233    
  3.9039028E-03   42.71141    
  4.1041090E-03   41.63035    
  4.3043029E-03   40.53569    
  4.5045093E-03   39.43360    
  4.7047026E-03   38.32999    
  4.9049030E-03   37.22976    
  5.1051029E-03   36.13687    
  5.3053028E-03   35.05445    
  5.5055092E-03   33.98487    
  5.7057026E-03   32.92988    
  5.9059090E-03   31.89082    
  6.1061028E-03   30.86915    
  6.3063093E-03   29.86594    
  6.5065026E-03   28.88277    
  6.7067090E-03   27.92082    
  6.9069155E-03   26.98150    
  7.1071088E-03   26.06592    
  7.3073152E-03   25.17481    
  7.5075091E-03   24.30875    
  7.7077025E-03   23.46776    
  7.9079093E-03   22.65159    
  8.1081027E-03   21.85985    
  8.3083091E-03   21.09195    
  8.5085025E-03   20.34750    
  8.7087089E-03   19.62601    
  8.9089023E-03   18.92739    
  9.1091087E-03   18.25152    
  9.3093151E-03   17.59856    
  9.5095215E-03   16.96858    
  9.7097028E-03   16.36166    
  9.9099092E-03   15.77751    
  1.0110116E-02   15.21576    
  1.0310309E-02   14.67582    
  1.0510502E-02   14.15678    
  1.0710709E-02   13.65760    
  1.0910915E-02   13.17732    
  1.1111109E-02   12.71504    
  1.1311315E-02   12.26991    
  1.1511508E-02   11.84141    
  1.1711715E-02   11.42911    
  1.1911909E-02   11.03284    
  1.2112116E-02   10.65238    
  1.2312321E-02   10.28762    
  1.2512502E-02   9.938291    
  1.2712709E-02   9.603930    
  1.2912915E-02   9.283969    
  1.3113122E-02   8.977680    
  1.3313315E-02   8.684270    
  1.3513508E-02   8.402876    
  1.3713715E-02   8.132721    
  1.3913921E-02   7.873224    
  1.4114115E-02   7.623927    
  1.4314309E-02   7.384539    
  1.4514515E-02   7.154921    
  1.4714722E-02   6.935020    
  1.4914915E-02   6.724752    
  1.5115121E-02   6.523960    
  1.5315315E-02   6.332351    
  1.5515508E-02   6.149477    
  1.5715715E-02   5.974724    
  1.5915921E-02   5.807390    
  1.6116127E-02   5.646780    
  1.6316308E-02   5.492211    
  1.6516514E-02   5.343083    
  1.6716721E-02   5.198990    
  1.6916927E-02   5.059702    
  1.7117109E-02   4.925141    
  1.7317316E-02   4.795290    
  1.7517520E-02   4.670200    
  1.7717715E-02   4.549920    
  1.7917922E-02   4.434353    
  1.8118115E-02   4.323339    
  1.8318322E-02   4.216587    
  1.8518515E-02   4.113719    
  1.8718721E-02   4.014308    
  1.8918928E-02   3.917966    
  1.9119121E-02   3.824359    
  1.9319315E-02   3.733285    
  1.9519521E-02   3.644665    
  1.9719727E-02   3.558522    
  1.9919921E-02   3.475018    
  2.0120114E-02   3.394287    
  2.0320321E-02   3.316494    
  2.0520527E-02   3.241700    
  2.0720720E-02   3.169895    
  2.0920914E-02   3.100913    
  2.1121120E-02   3.034538    
  2.1321326E-02   2.970457    
  2.1521520E-02   2.908377    
  2.1721726E-02   2.848008    
  2.1921922E-02   2.789159    
  2.2122128E-02   2.731716    
  2.2322321E-02   2.675686    
  2.2522528E-02   2.621125    
  2.2722721E-02   2.568152    
  2.2922914E-02   2.516875    
  2.3123121E-02   2.467367    
  2.3323327E-02   2.419627    
  2.3523534E-02   2.373586    
  2.3723714E-02   2.329078    
  2.3923920E-02   2.285888    
  2.4124127E-02   2.243813    
  2.4324333E-02   2.202629    
  2.4524527E-02   2.162192    
  2.4724720E-02   2.122417    
  2.4924926E-02   2.083291    
  2.5125133E-02   2.044873    
  2.5325326E-02   2.007266    
  2.5525533E-02   1.970564    
  2.5725726E-02   1.934868    
  2.5925921E-02   1.900217    
  2.6126128E-02   1.866593    
  2.6326332E-02   1.833946    
  2.6526527E-02   1.802172    
  2.6726721E-02   1.771169    
  2.6926927E-02   1.740827    
  2.7127134E-02   1.711085    
  2.7327340E-02   1.681913    
  2.7527520E-02   1.653327    
  2.7727727E-02   1.625375    
  2.7927933E-02   1.598128    
  2.8128127E-02   1.571652    
  2.8328333E-02   1.545973    
  2.8528526E-02   1.521095    
  2.8728733E-02   1.496976    
  2.8928926E-02   1.473551    
  2.9129133E-02   1.450729    
  2.9329326E-02   1.428418    
  2.9529532E-02   1.406561    
  2.9729726E-02   1.385132    
  2.9929932E-02   1.364141    
  3.0130139E-02   1.343633    
  3.0330321E-02   1.323669    
  3.0530527E-02   1.304302    
  3.0730734E-02   1.285568    
  3.0930940E-02   1.267443    
  3.1131133E-02   1.249880    
  3.1331327E-02   1.232749    
  3.1531531E-02   1.215911    
  3.1731740E-02   1.199206    
  3.1931933E-02   1.182498    
  3.2132126E-02   1.165695    
  3.2332331E-02   1.148749    
  3.2532539E-02   1.131688    
  3.2732733E-02   1.114602    
  3.2932941E-02   1.097610    
  3.3133134E-02   1.080855    
  3.3333328E-02   1.064461    
  3.3533532E-02   1.048517    
  3.3733740E-02   1.033069    
  3.3933945E-02   1.018103    
  3.4134127E-02   1.003568    
  3.4334332E-02  0.9893695    
  3.4534540E-02  0.9754280    
  3.4734745E-02  0.9616766    
  3.4934938E-02  0.9480897    
  3.5135131E-02  0.9346861    
  3.5335340E-02  0.9215325    
  3.5535533E-02  0.9087312    
  3.5735738E-02  0.8963823    
  3.5935931E-02  0.8845868    
  3.6136139E-02  0.8733973    
  3.6336333E-02  0.8628178    
  3.6536537E-02  0.8528085    
  3.6736745E-02  0.8432726    
  3.6936939E-02  0.8340954    
  3.7137132E-02  0.8251494    
  3.7337340E-02  0.8163280    
  3.7537545E-02  0.8075562    
  3.7737753E-02  0.7988130    
  3.7937932E-02  0.7901205    
  3.8138140E-02  0.7815353    
  3.8338345E-02  0.7731339    
  3.8538538E-02  0.7649865    
  3.8738731E-02  0.7571410    
  3.8938940E-02  0.7496079    
  3.9139144E-02  0.7423464    
  3.9339337E-02  0.7352874    
  3.9539546E-02  0.7283349    
  3.9739739E-02  0.7213843    
  3.9939944E-02  0.7143579    
  4.0140137E-02  0.7072029    
  4.0340345E-02  0.6999133    
  4.0540550E-02  0.6925185    
  4.0740732E-02  0.6850947    
  4.0940940E-02  0.6777190    
  4.1141145E-02  0.6704692    
  4.1341349E-02  0.6634011    
  4.1541532E-02  0.6565357    
  4.1741740E-02  0.6498434    
  4.1941945E-02  0.6432683    
  4.2142153E-02  0.6367322    
  4.2342346E-02  0.6301489    
  4.2542540E-02  0.6234597    
  4.2742744E-02  0.6166394    
  4.2942952E-02  0.6097003    
  4.3143146E-02  0.6027081    
  4.3343350E-02  0.5957517    
  4.3543544E-02  0.5889332    
  4.3743737E-02  0.5823602    
  4.3943945E-02  0.5760932    
  4.4144150E-02  0.5701630    
  4.4344358E-02  0.5645466    
  4.4544537E-02  0.5591725    
  4.4744745E-02  0.5539480    
  4.4944949E-02  0.5487580    
  4.5145158E-02  0.5435126    
  4.5345340E-02  0.5381414    
  4.5545544E-02  0.5326263    
  4.5745749E-02  0.5269933    
  4.5945946E-02  0.5213133    
  4.6146151E-02  0.5156779    
  4.6346344E-02  0.5101895    
  4.6546552E-02  0.5049214    
  4.6746746E-02  0.4999245    
  4.6946950E-02  0.4952000    
  4.7147159E-02  0.4907082    
  4.7347352E-02  0.4863735    
  4.7547545E-02  0.4821062    
  4.7747750E-02  0.4778147    
  4.7947958E-02  0.4734319    
  4.8148137E-02  0.4689353    
  4.8348345E-02  0.4643370    
  4.8548549E-02  0.4596830    
  4.8748758E-02  0.4550606    
  4.8948951E-02  0.4505549    
  4.9149144E-02  0.4462438    
  4.9349349E-02  0.4421822    
  4.9549557E-02  0.4383814    
  4.9749751E-02  0.4348168    
  4.9949955E-02  0.4314294    
  5.0150152E-02  0.4281403    
  5.0350357E-02  0.4248641    
  5.0550550E-02  0.4215337    
  5.0750758E-02  0.4181120    
  5.0950952E-02  0.4145916    
  5.1151145E-02  0.4110095    
  5.1351350E-02  0.4074175    
  5.1551558E-02  0.4038876    
  5.1751763E-02  0.4004843    
  5.1951945E-02  0.3972479    
  5.2152149E-02  0.3941965    
  5.2352358E-02  0.3913048    
  5.2552562E-02  0.3885238    
  5.2752756E-02  0.3857819    
  5.2952949E-02  0.3830054    
  5.3153157E-02  0.3801282    
  5.3353351E-02  0.3771057    
  5.3553555E-02  0.3739325    
  5.3753749E-02  0.3706239    
  5.3953957E-02  0.3672215    
  5.4154150E-02  0.3637819    
  5.4354358E-02  0.3603657    
  5.4554563E-02  0.3570055    
  5.4754756E-02  0.3537309    
  5.4954950E-02  0.3505277    
  5.5155158E-02  0.3473747    
  5.5355363E-02  0.3442295    
  5.5555571E-02  0.3410520    
  5.5755749E-02  0.3378095    
  5.5955958E-02  0.3344986    
  5.6156162E-02  0.3311342    
  5.6356356E-02  0.3277582    
  5.6556564E-02  0.3244317    
  5.6756757E-02  0.3212209    
  5.6956962E-02  0.3181815    
  5.7157155E-02  0.3153541    
  5.7357363E-02  0.3127472    
  5.7557557E-02  0.3103395    
  5.7757761E-02  0.3080840    
  5.7957955E-02  0.3059149    
  5.8158163E-02  0.3037673    
  5.8358368E-02  0.3015763    
  5.8558550E-02  0.2993052    
  5.8758758E-02  0.2969368    
  5.8958963E-02  0.2944903    
  5.9159171E-02  0.2920025    
  5.9359364E-02  0.2895263    
  5.9559558E-02  0.2871048    
  5.9759762E-02  0.2847885    
  5.9959970E-02  0.2825959    
  6.0160164E-02  0.2805304    
  6.0360357E-02  0.2785660    
  6.0560562E-02  0.2766732    
  6.0760770E-02  0.2748105    
  6.0960963E-02  0.2729448    
  6.1161168E-02  0.2710594    
  6.1361361E-02  0.2691520    
  6.1561555E-02  0.2672379    
  6.1761763E-02  0.2653562    
  6.1961967E-02  0.2635373    
  6.2162176E-02  0.2618154    
  6.2362358E-02  0.2602061    
  6.2562563E-02  0.2587092    
  6.2762767E-02  0.2572998    
  6.2962972E-02  0.2559374    
  6.3163154E-02  0.2545684    
  6.3363366E-02  0.2531500    
  6.3563570E-02  0.2516414    
  6.3763760E-02  0.2500269    
  6.3963972E-02  0.2483158    
  6.4164162E-02  0.2465382    
  6.4364366E-02  0.2447392    
  6.4564563E-02  0.2429704    
  6.4764768E-02  0.2412849    
  6.4964972E-02  0.2397091    
  6.5165170E-02  0.2382510    
  6.5365359E-02  0.2368958    
  6.5565571E-02  0.2356092    
  6.5765776E-02  0.2343327    
  6.5965980E-02  0.2330161    
  6.6166162E-02  0.2316127    
  6.6366367E-02  0.2300972    
  6.6566572E-02  0.2284674    
  6.6766769E-02  0.2267404    
  6.6966966E-02  0.2249618    
  6.7167170E-02  0.2231824    
  6.7367375E-02  0.2214517    
  6.7567572E-02  0.2198112    
  6.7767777E-02  0.2182839    
  6.7967966E-02  0.2168672    
  6.8168178E-02  0.2155478    
  6.8368368E-02  0.2142859    
  6.8568572E-02  0.2130485    
  6.8768784E-02  0.2118032    
  6.8968959E-02  0.2105269    
  6.9169171E-02  0.2092229    
  6.9369376E-02  0.2079010    
  6.9569580E-02  0.2065895    
  6.9769762E-02  0.2053174    
  6.9969967E-02  0.2041112    
  7.0170172E-02  0.2029797    
  7.0370384E-02  0.2019176    
  7.0570573E-02  0.2008922    
  7.0770770E-02  0.1998633    
  7.0970975E-02  0.1987771    
  7.1171165E-02  0.1975789    
  7.1371377E-02  0.1962360    
  7.1571581E-02  0.1947315    
  7.1771778E-02  0.1930775    
  7.1971968E-02  0.1913080    
  7.2172172E-02  0.1894819    
  7.2372384E-02  0.1876638    
  7.2572574E-02  0.1859145    
  7.2772771E-02  0.1842837    
  7.2972976E-02  0.1827994    
  7.3173180E-02  0.1814599    
  7.3373385E-02  0.1802476    
  7.3573567E-02  0.1791175    
  7.3773772E-02  0.1780291    
  7.3973984E-02  0.1769418    
  7.4174173E-02  0.1758334    
  7.4374378E-02  0.1746935    
  7.4574575E-02  0.1735436    
  7.4774779E-02  0.1724158    
  7.4974976E-02  0.1713573    
  7.5175181E-02  0.1704107    
  7.5375386E-02  0.1696049    
  7.5575583E-02  0.1689565    
  7.5775772E-02  0.1684510    
  7.5975977E-02  0.1680542    
  7.6176189E-02  0.1677235    
  7.6376371E-02  0.1674015    
  7.6576576E-02  0.1670448    
  7.6776780E-02  0.1666171    
  7.6976985E-02  0.1661098    
  7.7177182E-02  0.1655355    
  7.7377371E-02  0.1649279    
  7.7577583E-02  0.1643311    
  7.7777788E-02  0.1637860    
  7.7977978E-02  0.1633266    
  7.8178190E-02  0.1629652    
  7.8378379E-02  0.1626964    
  7.8578584E-02  0.1624817    
  7.8778781E-02  0.1622705    
  7.8978986E-02  0.1620064    
  7.9179183E-02  0.1616334    
  7.9379372E-02  0.1611107    
  7.9579577E-02  0.1604212    
  7.9779789E-02  0.1595703    
  7.9979993E-02  0.1585906    
  8.0180176E-02  0.1575295    
  8.0380380E-02  0.1564426    
  8.0580585E-02  0.1553806    
  8.0780789E-02  0.1543807    
  8.0980986E-02  0.1534592    
  8.1181183E-02  0.1526113    
  8.1381388E-02  0.1518156    
  8.1581578E-02  0.1510344    
  8.1781790E-02  0.1502339    
  8.1981979E-02  0.1493798    
  8.2182184E-02  0.1484641    
  8.2382381E-02  0.1474845    
  8.2582586E-02  0.1464650    
  8.2782790E-02  0.1454378    
  8.2982987E-02  0.1444392    
  8.3183177E-02  0.1435044    
  8.3383389E-02  0.1426540    
  8.3583593E-02  0.1418906    
  8.3783798E-02  0.1412022    
  8.3983980E-02  0.1405580    
  8.4184185E-02  0.1399206    
  8.4384389E-02  0.1392527    
  8.4584586E-02  0.1385306    
  8.4784791E-02  0.1377388    
  8.4984988E-02  0.1368880    
  8.5185193E-02  0.1359978    
  8.5385390E-02  0.1351096    
  8.5585594E-02  0.1342623    
  8.5785784E-02  0.1334907    
  8.5985996E-02  0.1328170    
  8.6186185E-02  0.1322453    
  8.6386390E-02  0.1317613    
  8.6586602E-02  0.1313279    
  8.6786777E-02  0.1309105    
  8.6986989E-02  0.1304596    
  8.7187193E-02  0.1299437    
  8.7387398E-02  0.1293417    
  8.7587595E-02  0.1286549    
  8.7787785E-02  0.1278984    
  8.7987989E-02  0.1271060    
  8.8188201E-02  0.1263153    
  8.8388391E-02  0.1255635    
  8.8588588E-02  0.1248795    
  8.8788792E-02  0.1242739    
  8.8988997E-02  0.1237425    
  8.9189194E-02  0.1232663    
  8.9389399E-02  0.1228160    
  8.9589596E-02  0.1223646    
  8.9789785E-02  0.1218845    
  8.9989990E-02  0.1213655    
  9.0190202E-02  0.1208107    
  9.0390407E-02  0.1202386    
  9.0590589E-02  0.1196772    
  9.0790793E-02  0.1191598    
  9.0990998E-02  0.1187107    
  9.1191202E-02  0.1183492    
  9.1391385E-02  0.1180732    
  9.1591589E-02  0.1178642    
  9.1791801E-02  0.1176931    
  9.1991991E-02  0.1175173    
  9.2192195E-02  0.1172998    
  9.2392392E-02  0.1170074    
  9.2592597E-02  0.1166267    
  9.2792794E-02  0.1161597    
  9.2992999E-02  0.1156258    
  9.3193203E-02  0.1150587    
  9.3393400E-02  0.1144993    
  9.3593590E-02  0.1139804    
  9.3793802E-02  0.1135291    
  9.3994007E-02  0.1131527    
  9.4194189E-02  0.1128384    
  9.4394393E-02  0.1125617    
  9.4594598E-02  0.1122825    
  9.4794802E-02  0.1119603    
  9.4994999E-02  0.1115615    
  9.5195189E-02  0.1110626    
  9.5395401E-02  0.1104612    
  9.5595606E-02  0.1097696    
  9.5795795E-02  0.1090189    
  9.5996007E-02  0.1082448    
  9.6196197E-02  0.1074849    
  9.6396402E-02  0.1067668    
  9.6596599E-02  0.1061086    
  9.6796803E-02  0.1055099    
  9.6997008E-02  0.1049558    
  9.7197190E-02  0.1044218    
  9.7397402E-02  0.1038825    
  9.7597606E-02  0.1033161    
  9.7797811E-02  0.1027088    
  9.7997993E-02  0.1020669    
  9.8198198E-02  0.1014070    
  9.8398402E-02  0.1007598    
  9.8598614E-02  0.1001601    
  9.8798804E-02  9.9639952E-02
  9.8999001E-02  9.9217772E-02
  9.9199206E-02  9.8901577E-02
  9.9399395E-02  9.8677129E-02
  9.9599607E-02  9.8515533E-02
  9.9799812E-02  9.8378211E-02
  0.1000000      9.8221630E-02
