 -0.1000000      0.1951772    
 -9.9799804E-02  0.1959976    
 -9.9599607E-02  0.1968413    
 -9.9399403E-02  0.1977131    
 -9.9199206E-02  0.1986178    
 -9.8999001E-02  0.1995558    
 -9.8798804E-02  0.2005272    
 -9.8598607E-02  0.2015268    
 -9.8398402E-02  0.2025518    
 -9.8198205E-02  0.2035956    
 -9.7998008E-02  0.2046512    
 -9.7797804E-02  0.2057127    
 -9.7597606E-02  0.2067743    
 -9.7397402E-02  0.2078297    
 -9.7197205E-02  0.2088769    
 -9.6997000E-02  0.2099170    
 -9.6796796E-02  0.2109510    
 -9.6596599E-02  0.2119811    
 -9.6396402E-02  0.2130153    
 -9.6196197E-02  0.2140585    
 -9.5996000E-02  0.2151192    
 -9.5795795E-02  0.2162012    
 -9.5595598E-02  0.2173132    
 -9.5395401E-02  0.2184555    
 -9.5195197E-02  0.2196318    
 -9.4994999E-02  0.2208411    
 -9.4794795E-02  0.2220795    
 -9.4594598E-02  0.2233408    
 -9.4394401E-02  0.2246196    
 -9.4194196E-02  0.2259064    
 -9.3993999E-02  0.2271933    
 -9.3793802E-02  0.2284708    
 -9.3593597E-02  0.2297347    
 -9.3393400E-02  0.2309774    
 -9.3193196E-02  0.2321984    
 -9.2992999E-02  0.2333951    
 -9.2792802E-02  0.2345710    
 -9.2592597E-02  0.2357287    
 -9.2392400E-02  0.2368774    
 -9.2192195E-02  0.2380220    
 -9.1991998E-02  0.2391675    
 -9.1791801E-02  0.2403218    
 -9.1591589E-02  0.2414909    
 -9.1391392E-02  0.2426772    
 -9.1191195E-02  0.2438819    
 -9.0990990E-02  0.2451059    
 -9.0790793E-02  0.2463453    
 -9.0590589E-02  0.2475955    
 -9.0390392E-02  0.2488534    
 -9.0190195E-02  0.2501112    
 -8.9989990E-02  0.2513616    
 -8.9789793E-02  0.2526077    
 -8.9589596E-02  0.2538395    
 -8.9389391E-02  0.2550613    
 -8.9189194E-02  0.2562741    
 -8.8988990E-02  0.2574804    
 -8.8788792E-02  0.2586886    
 -8.8588595E-02  0.2599053    
 -8.8388391E-02  0.2611380    
 -8.8188194E-02  0.2623950    
 -8.7987989E-02  0.2636848    
 -8.7787792E-02  0.2650133    
 -8.7587595E-02  0.2663826    
 -8.7387390E-02  0.2677935    
 -8.7187193E-02  0.2692461    
 -8.6986996E-02  0.2707361    
 -8.6786792E-02  0.2722569    
 -8.6586587E-02  0.2737998    
 -8.6386390E-02  0.2753560    
 -8.6186193E-02  0.2769186    
 -8.5985996E-02  0.2784787    
 -8.5785784E-02  0.2800290    
 -8.5585594E-02  0.2815652    
 -8.5385390E-02  0.2830869    
 -8.5185193E-02  0.2845942    
 -8.4984988E-02  0.2860889    
 -8.4784783E-02  0.2875756    
 -8.4584586E-02  0.2890611    
 -8.4384389E-02  0.2905524    
 -8.4184185E-02  0.2920538    
 -8.3983988E-02  0.2935709    
 -8.3783783E-02  0.2951085    
 -8.3583586E-02  0.2966667    
 -8.3383389E-02  0.2982419    
 -8.3183184E-02  0.2998326    
 -8.2982987E-02  0.3014344    
 -8.2782790E-02  0.3030378    
 -8.2582586E-02  0.3046369    
 -8.2382388E-02  0.3062215    
 -8.2182184E-02  0.3077878    
 -8.1981987E-02  0.3093281    
 -8.1781790E-02  0.3108398    
 -8.1581585E-02  0.3123227    
 -8.1381388E-02  0.3137783    
 -8.1181183E-02  0.3152128    
 -8.0980986E-02  0.3166326    
 -8.0780789E-02  0.3180457    
 -8.0580585E-02  0.3194628    
 -8.0380380E-02  0.3208943    
 -8.0180183E-02  0.3223459    
 -7.9979979E-02  0.3238271    
 -7.9779789E-02  0.3253423    
 -7.9579577E-02  0.3268921    
 -7.9379380E-02  0.3284782    
 -7.9179183E-02  0.3300960    
 -7.8978978E-02  0.3317428    
 -7.8778781E-02  0.3334101    
 -7.8578584E-02  0.3350919    
 -7.8378379E-02  0.3367824    
 -7.8178182E-02  0.3384776    
 -7.7977978E-02  0.3401716    
 -7.7777781E-02  0.3418640    
 -7.7577583E-02  0.3435555    
 -7.7377379E-02  0.3452495    
 -7.7177182E-02  0.3469519    
 -7.6976977E-02  0.3486697    
 -7.6776780E-02  0.3504108    
 -7.6576583E-02  0.3521852    
 -7.6376379E-02  0.3539969    
 -7.6176181E-02  0.3558539    
 -7.5975977E-02  0.3577605    
 -7.5775780E-02  0.3597171    
 -7.5575583E-02  0.3617209    
 -7.5375371E-02  0.3637706    
 -7.5175181E-02  0.3658604    
 -7.4974984E-02  0.3679827    
 -7.4774779E-02  0.3701307    
 -7.4574575E-02  0.3722968    
 -7.4374378E-02  0.3744740    
 -7.4174173E-02  0.3766572    
 -7.3973976E-02  0.3788474    
 -7.3773772E-02  0.3810408    
 -7.3573582E-02  0.3832420    
 -7.3373377E-02  0.3854557    
 -7.3173173E-02  0.3876856    
 -7.2972976E-02  0.3899407    
 -7.2772779E-02  0.3922271    
 -7.2572574E-02  0.3945515    
 -7.2372384E-02  0.3969179    
 -7.2172172E-02  0.3993305    
 -7.1971975E-02  0.4017897    
 -7.1771778E-02  0.4042921    
 -7.1571574E-02  0.4068342    
 -7.1371377E-02  0.4094106    
 -7.1171172E-02  0.4120126    
 -7.0970975E-02  0.4146319    
 -7.0770770E-02  0.4172619    
 -7.0570573E-02  0.4198984    
 -7.0370376E-02  0.4225335    
 -7.0170172E-02  0.4251708    
 -6.9969974E-02  0.4278061    
 -6.9769777E-02  0.4304463    
 -6.9569565E-02  0.4330988    
 -6.9369376E-02  0.4357701    
 -6.9169171E-02  0.4384688    
 -6.8968974E-02  0.4412062    
 -6.8768770E-02  0.4439914    
 -6.8568572E-02  0.4468290    
 -6.8368368E-02  0.4497214    
 -6.8168171E-02  0.4526740    
 -6.7967966E-02  0.4556844    
 -6.7767777E-02  0.4587450    
 -6.7567572E-02  0.4618522    
 -6.7367375E-02  0.4649934    
 -6.7167170E-02  0.4681609    
 -6.6966973E-02  0.4713441    
 -6.6766769E-02  0.4745322    
 -6.6566572E-02  0.4777208    
 -6.6366367E-02  0.4809065    
 -6.6166170E-02  0.4840865    
 -6.5965965E-02  0.4872607    
 -6.5765768E-02  0.4904407    
 -6.5565571E-02  0.4936258    
 -6.5365367E-02  0.4968295    
 -6.5165170E-02  0.5000624    
 -6.4964965E-02  0.5033332    
 -6.4764768E-02  0.5066491    
 -6.4564571E-02  0.5100194    
 -6.4364366E-02  0.5134410    
 -6.4164162E-02  0.5169208    
 -6.3963972E-02  0.5204516    
 -6.3763760E-02  0.5240269    
 -6.3563570E-02  0.5276433    
 -6.3363366E-02  0.5312858    
 -6.3163169E-02  0.5349490    
 -6.2962972E-02  0.5386225    
 -6.2762767E-02  0.5423002    
 -6.2562563E-02  0.5459771    
 -6.2362369E-02  0.5496507    
 -6.2162161E-02  0.5533251    
 -6.1961967E-02  0.5570045    
 -6.1761763E-02  0.5606981    
 -6.1561570E-02  0.5644176    
 -6.1361361E-02  0.5681702    
 -6.1161164E-02  0.5719706    
 -6.0960963E-02  0.5758299    
 -6.0760763E-02  0.5797561    
 -6.0560562E-02  0.5837545    
 -6.0360368E-02  0.5878316    
 -6.0160164E-02  0.5919839    
 -5.9959963E-02  0.5962095    
 -5.9759762E-02  0.6005067    
 -5.9559561E-02  0.6048633    
 -5.9359364E-02  0.6092787    
 -5.9159163E-02  0.6137406    
 -5.8958963E-02  0.6182483    
 -5.8758758E-02  0.6227989    
 -5.8558561E-02  0.6273883    
 -5.8358356E-02  0.6320256    
 -5.8158163E-02  0.6367173    
 -5.7957955E-02  0.6414716    
 -5.7757761E-02  0.6462997    
 -5.7557564E-02  0.6512188    
 -5.7357363E-02  0.6562369    
 -5.7157155E-02  0.6613703    
 -5.6956962E-02  0.6666248    
 -5.6756757E-02  0.6720136    
 -5.6556564E-02  0.6775365    
 -5.6356356E-02  0.6831937    
 -5.6156155E-02  0.6889824    
 -5.5955958E-02  0.6948947    
 -5.5755757E-02  0.7009239    
 -5.5555556E-02  0.7070536    
 -5.5355355E-02  0.7132781    
 -5.5155158E-02  0.7195860    
 -5.4954965E-02  0.7259660    
 -5.4754756E-02  0.7324145    
 -5.4554556E-02  0.7389267    
 -5.4354358E-02  0.7455018    
 -5.4154158E-02  0.7521427    
 -5.3953957E-02  0.7588531    
 -5.3753756E-02  0.7656360    
 -5.3553555E-02  0.7725001    
 -5.3353351E-02  0.7794482    
 -5.3153157E-02  0.7864839    
 -5.2952953E-02  0.7936132    
 -5.2752752E-02  0.8008289    
 -5.2552558E-02  0.8081279    
 -5.2352358E-02  0.8155041    
 -5.2152157E-02  0.8229527    
 -5.1951952E-02  0.8304576    
 -5.1751755E-02  0.8380140    
 -5.1551554E-02  0.8456105    
 -5.1351354E-02  0.8532403    
 -5.1151153E-02  0.8609038    
 -5.0950952E-02  0.8685963    
 -5.0750751E-02  0.8763257    
 -5.0550550E-02  0.8841008    
 -5.0350349E-02  0.8919312    
 -5.0150152E-02  0.8998327    
 -4.9949955E-02  0.9078241    
 -4.9749754E-02  0.9159174    
 -4.9549554E-02  0.9241277    
 -4.9349349E-02  0.9324725    
 -4.9149152E-02  0.9409620    
 -4.8948951E-02  0.9495981    
 -4.8748750E-02  0.9583839    
 -4.8548549E-02  0.9673216    
 -4.8348352E-02  0.9764058    
 -4.8148151E-02  0.9856235    
 -4.7947947E-02  0.9949714    
 -4.7747746E-02   1.004436    
 -4.7547549E-02   1.014017    
 -4.7347352E-02   1.023706    
 -4.7147151E-02   1.033500    
 -4.6946950E-02   1.043410    
 -4.6746749E-02   1.053437    
 -4.6546545E-02   1.063592    
 -4.6346344E-02   1.073895    
 -4.6146151E-02   1.084360    
 -4.5945950E-02   1.095003    
 -4.5745749E-02   1.105842    
 -4.5545552E-02   1.116892    
 -4.5345344E-02   1.128161    
 -4.5145150E-02   1.139656    
 -4.4944946E-02   1.151375    
 -4.4744752E-02   1.163322    
 -4.4544544E-02   1.175483    
 -4.4344343E-02   1.187844    
 -4.4144146E-02   1.200402    
 -4.3943945E-02   1.213132    
 -4.3743752E-02   1.226027    
 -4.3543544E-02   1.239079    
 -4.3343343E-02   1.252281    
 -4.3143146E-02   1.265633    
 -4.2942945E-02   1.279139    
 -4.2742744E-02   1.292811    
 -4.2542543E-02   1.306658    
 -4.2342346E-02   1.320705    
 -4.2142145E-02   1.334970    
 -4.1941937E-02   1.349470    
 -4.1741744E-02   1.364227    
 -4.1541539E-02   1.379258    
 -4.1341346E-02   1.394569    
 -4.1141145E-02   1.410176    
 -4.0940944E-02   1.426076    
 -4.0740743E-02   1.442267    
 -4.0540539E-02   1.458739    
 -4.0340345E-02   1.475485    
 -4.0140137E-02   1.492491    
 -3.9939944E-02   1.509746    
 -3.9739739E-02   1.527237    
 -3.9539546E-02   1.544960    
 -3.9339337E-02   1.562910    
 -3.9139140E-02   1.581091    
 -3.8938940E-02   1.599509    
 -3.8738739E-02   1.618174    
 -3.8538545E-02   1.637108    
 -3.8338337E-02   1.656324    
 -3.8138144E-02   1.675853    
 -3.7937939E-02   1.695709    
 -3.7737738E-02   1.715912    
 -3.7537538E-02   1.736474    
 -3.7337340E-02   1.757414    
 -3.7137140E-02   1.778739    
 -3.6936939E-02   1.800448    
 -3.6736738E-02   1.822546    
 -3.6536537E-02   1.845028    
 -3.6336333E-02   1.867886    
 -3.6136139E-02   1.891121    
 -3.5935938E-02   1.914721    
 -3.5735738E-02   1.938693    
 -3.5535540E-02   1.963036    
 -3.5335340E-02   1.987757    
 -3.5135139E-02   2.012869    
 -3.4934934E-02   2.038384    
 -3.4734737E-02   2.064327    
 -3.4534533E-02   2.090714    
 -3.4334339E-02   2.117569    
 -3.4134131E-02   2.144917    
 -3.3933938E-02   2.172771    
 -3.3733733E-02   2.201154    
 -3.3533532E-02   2.230067    
 -3.3333339E-02   2.259533    
 -3.3133134E-02   2.289541    
 -3.2932941E-02   2.320099    
 -3.2732733E-02   2.351205    
 -3.2532532E-02   2.382852    
 -3.2332331E-02   2.415040    
 -3.2132134E-02   2.447776    
 -3.1931933E-02   2.481066    
 -3.1731732E-02   2.514925    
 -3.1531531E-02   2.549366    
 -3.1331334E-02   2.584423    
 -3.1131126E-02   2.620122    
 -3.0930933E-02   2.656512    
 -3.0730734E-02   2.693625    
 -3.0530533E-02   2.731507    
 -3.0330332E-02   2.770206    
 -3.0130133E-02   2.809771    
 -2.9929932E-02   2.850231    
 -2.9729726E-02   2.891629    
 -2.9529532E-02   2.933990    
 -2.9329326E-02   2.977345    
 -2.9129133E-02   3.021713    
 -2.8928926E-02   3.067116    
 -2.8728733E-02   3.113569    
 -2.8528526E-02   3.161100    
 -2.8328327E-02   3.209720    
 -2.8128132E-02   3.259455    
 -2.7927926E-02   3.310351    
 -2.7727732E-02   3.362437    
 -2.7527526E-02   3.415765    
 -2.7327333E-02   3.470376    
 -2.7127126E-02   3.526335    
 -2.6926927E-02   3.583699    
 -2.6726726E-02   3.642519    
 -2.6526527E-02   3.702858    
 -2.6326327E-02   3.764771    
 -2.6126128E-02   3.828295    
 -2.5925932E-02   3.893475    
 -2.5725726E-02   3.960343    
 -2.5525527E-02   4.028917    
 -2.5325326E-02   4.099215    
 -2.5125127E-02   4.171250    
 -2.4924926E-02   4.245026    
 -2.4724727E-02   4.320567    
 -2.4524527E-02   4.397877    
 -2.4324328E-02   4.476981    
 -2.4124121E-02   4.557917    
 -2.3923926E-02   4.640714    
 -2.3723722E-02   4.725433    
 -2.3523526E-02   4.812135    
 -2.3323327E-02   4.900896    
 -2.3123126E-02   4.991801    
 -2.2922928E-02   5.084931    
 -2.2722721E-02   5.180390    
 -2.2522528E-02   5.278245    
 -2.2322321E-02   5.378603    
 -2.2122128E-02   5.481521    
 -2.1921922E-02   5.587077    
 -2.1721721E-02   5.695330    
 -2.1521520E-02   5.806330    
 -2.1321321E-02   5.920115    
 -2.1121120E-02   6.036726    
 -2.0920921E-02   6.156192    
 -2.0720728E-02   6.278546    
 -2.0520521E-02   6.403835    
 -2.0320321E-02   6.532087    
 -2.0120122E-02   6.663361    
 -1.9919921E-02   6.797720    
 -1.9719722E-02   6.935234    
 -1.9519521E-02   7.075994    
 -1.9319320E-02   7.220083    
 -1.9119121E-02   7.367617    
 -1.8918915E-02   7.518674    
 -1.8718721E-02   7.673374    
 -1.8518515E-02   7.831810    
 -1.8318322E-02   7.994073    
 -1.8118121E-02   8.160252    
 -1.7917922E-02   8.330414    
 -1.7717721E-02   8.504627    
 -1.7517515E-02   8.682938    
 -1.7317321E-02   8.865386    
 -1.7117115E-02   9.052017    
 -1.6916921E-02   9.242836    
 -1.6716715E-02   9.437894    
 -1.6516522E-02   9.637176    
 -1.6316315E-02   9.840752    
 -1.6116114E-02   10.04863    
 -1.5915915E-02   10.26083    
 -1.5715715E-02   10.47742    
 -1.5515521E-02   10.69840    
 -1.5315315E-02   10.92386    
 -1.5115121E-02   11.15378    
 -1.4914915E-02   11.38826    
 -1.4714715E-02   11.62728    
 -1.4514515E-02   11.87089    
 -1.4314315E-02   12.11910    
 -1.4114115E-02   12.37189    
 -1.3913915E-02   12.62927    
 -1.3713715E-02   12.89125    
 -1.3513515E-02   13.15778    
 -1.3313308E-02   13.42888    
 -1.3113115E-02   13.70451    
 -1.2912915E-02   13.98465    
 -1.2712715E-02   14.26933    
 -1.2512515E-02   14.55855    
 -1.2312309E-02   14.85229    
 -1.2112116E-02   15.15056    
 -1.1911909E-02   15.45343    
 -1.1711715E-02   15.76082    
 -1.1511508E-02   16.07281    
 -1.1311315E-02   16.38933    
 -1.1111109E-02   16.71036    
 -1.0910909E-02   17.03581    
 -1.0710709E-02   17.36558    
 -1.0510509E-02   17.69950    
 -1.0310316E-02   18.03738    
 -1.0110109E-02   18.37903    
 -9.9099148E-03   18.72410    
 -9.7097093E-03   19.07234    
 -9.5095085E-03   19.42337    
 -9.3093086E-03   19.77683    
 -9.1091087E-03   20.13236    
 -8.9089088E-03   20.48954    
 -8.7087089E-03   20.84795    
 -8.5085090E-03   21.20723    
 -8.3083091E-03   21.56693    
 -8.1081027E-03   21.92663    
 -7.9079093E-03   22.28591    
 -7.7077090E-03   22.64433    
 -7.5075091E-03   23.00147    
 -7.3073092E-03   23.35684    
 -7.1071088E-03   23.70997    
 -6.9069089E-03   24.06039    
 -6.7067025E-03   24.40753    
 -6.5065091E-03   24.75086    
 -6.3063027E-03   25.08987    
 -6.1061089E-03   25.42400    
 -5.9059029E-03   25.75274    
 -5.7057091E-03   26.07565    
 -5.5055027E-03   26.39230    
 -5.3053028E-03   26.70234    
 -5.1051090E-03   27.00547    
 -4.9049030E-03   27.30155    
 -4.7047092E-03   27.59050    
 -4.5045028E-03   27.87233    
 -4.3043094E-03   28.14707    
 -4.1041030E-03   28.41494    
 -3.9039028E-03   28.67604    
 -3.7037029E-03   28.93059    
 -3.5035030E-03   29.17865    
 -3.3033029E-03   29.42035    
 -3.1031030E-03   29.65557    
 -2.9029094E-03   29.88406    
 -2.7027030E-03   30.10546    
 -2.5025031E-03   30.31911    
 -2.3023030E-03   30.52424    
 -2.1021031E-03   30.71974    
 -1.9019031E-03   30.90445    
 -1.7017031E-03   31.07690    
 -1.5014968E-03   31.23568    
 -1.3013030E-03   31.37914    
 -1.1010967E-03   31.50575    
 -9.0090313E-04   31.61391    
 -7.0069678E-04   31.70235    
 -5.0050311E-04   31.76978    
 -3.0030316E-04   31.81527    
 -1.0009683E-04   31.83633    
  1.0009683E-04   31.83633    
  3.0030316E-04   31.81527    
  5.0049683E-04   31.76982    
  7.0070312E-04   31.70236    
  9.0089679E-04   31.61393    
  1.1011031E-03   31.50573    
  1.3013030E-03   31.37914    
  1.5015031E-03   31.23568    
  1.7017031E-03   31.07690    
  1.9019031E-03   30.90445    
  2.1021031E-03   30.71974    
  2.3022967E-03   30.52423    
  2.5025031E-03   30.31911    
  2.7027030E-03   30.10546    
  2.9029029E-03   29.88407    
  3.1031030E-03   29.65557    
  3.3033029E-03   29.42035    
  3.5035030E-03   29.17865    
  3.7037029E-03   28.93059    
  3.9039028E-03   28.67604    
  4.1041090E-03   28.41493    
  4.3043029E-03   28.14708    
  4.5045093E-03   27.87233    
  4.7047026E-03   27.59051    
  4.9049030E-03   27.30155    
  5.1051029E-03   27.00548    
  5.3053028E-03   26.70234    
  5.5055092E-03   26.39228    
  5.7057026E-03   26.07565    
  5.9059090E-03   25.75273    
  6.1061028E-03   25.42400    
  6.3063093E-03   25.08986    
  6.5065026E-03   24.75087    
  6.7067090E-03   24.40753    
  6.9069155E-03   24.06038    
  7.1071088E-03   23.70997    
  7.3073152E-03   23.35682    
  7.5075091E-03   23.00147    
  7.7077025E-03   22.64435    
  7.9079093E-03   22.28591    
  8.1081027E-03   21.92663    
  8.3083091E-03   21.56693    
  8.5085025E-03   21.20725    
  8.7087089E-03   20.84795    
  8.9089023E-03   20.48956    
  9.1091087E-03   20.13237    
  9.3093151E-03   19.77683    
  9.5095215E-03   19.42335    
  9.7097028E-03   19.07235    
  9.9099092E-03   18.72412    
  1.0110116E-02   18.37902    
  1.0310309E-02   18.03740    
  1.0510502E-02   17.69952    
  1.0710709E-02   17.36558    
  1.0910915E-02   17.03581    
  1.1111109E-02   16.71036    
  1.1311315E-02   16.38933    
  1.1511508E-02   16.07281    
  1.1711715E-02   15.76082    
  1.1911909E-02   15.45343    
  1.2112116E-02   15.15056    
  1.2312321E-02   14.85227    
  1.2512502E-02   14.55856    
  1.2712709E-02   14.26934    
  1.2912915E-02   13.98465    
  1.3113122E-02   13.70450    
  1.3313315E-02   13.42887    
  1.3513508E-02   13.15780    
  1.3713715E-02   12.89125    
  1.3913921E-02   12.62927    
  1.4114115E-02   12.37189    
  1.4314309E-02   12.11909    
  1.4514515E-02   11.87089    
  1.4714722E-02   11.62728    
  1.4914915E-02   11.38826    
  1.5115121E-02   11.15378    
  1.5315315E-02   10.92386    
  1.5515508E-02   10.69842    
  1.5715715E-02   10.47742    
  1.5915921E-02   10.26083    
  1.6116127E-02   10.04861    
  1.6316308E-02   9.840761    
  1.6516514E-02   9.637183    
  1.6716721E-02   9.437883    
  1.6916927E-02   9.242826    
  1.7117109E-02   9.052020    
  1.7317316E-02   8.865398    
  1.7517520E-02   8.682936    
  1.7717715E-02   8.504627    
  1.7917922E-02   8.330415    
  1.8118115E-02   8.160252    
  1.8318322E-02   7.994073    
  1.8518515E-02   7.831810    
  1.8718721E-02   7.673374    
  1.8918928E-02   7.518668    
  1.9119121E-02   7.367617    
  1.9319315E-02   7.220090    
  1.9519521E-02   7.075994    
  1.9719727E-02   6.935230    
  1.9919921E-02   6.797720    
  2.0120114E-02   6.663369    
  2.0320321E-02   6.532087    
  2.0520527E-02   6.403828    
  2.0720720E-02   6.278549    
  2.0920914E-02   6.156198    
  2.1121120E-02   6.036725    
  2.1321326E-02   5.920106    
  2.1521520E-02   5.806330    
  2.1721726E-02   5.695328    
  2.1921922E-02   5.587077    
  2.2122128E-02   5.481521    
  2.2322321E-02   5.378603    
  2.2522528E-02   5.278245    
  2.2722721E-02   5.180390    
  2.2922914E-02   5.084936    
  2.3123121E-02   4.991799    
  2.3323327E-02   4.900896    
  2.3523534E-02   4.812133    
  2.3723714E-02   4.725435    
  2.3923920E-02   4.640717    
  2.4124127E-02   4.557913    
  2.4324333E-02   4.476981    
  2.4524527E-02   4.397877    
  2.4724720E-02   4.320573    
  2.4924926E-02   4.245026    
  2.5125133E-02   4.171249    
  2.5325326E-02   4.099215    
  2.5525533E-02   4.028917    
  2.5725726E-02   3.960343    
  2.5925921E-02   3.893482    
  2.6126128E-02   3.828295    
  2.6326332E-02   3.764771    
  2.6526527E-02   3.702858    
  2.6726721E-02   3.642522    
  2.6926927E-02   3.583699    
  2.7127134E-02   3.526331    
  2.7327340E-02   3.470375    
  2.7527520E-02   3.415766    
  2.7727727E-02   3.362441    
  2.7927933E-02   3.310351    
  2.8128127E-02   3.259459    
  2.8328333E-02   3.209716    
  2.8528526E-02   3.161100    
  2.8728733E-02   3.113569    
  2.8928926E-02   3.067116    
  2.9129133E-02   3.021713    
  2.9329326E-02   2.977345    
  2.9529532E-02   2.933990    
  2.9729726E-02   2.891629    
  2.9929932E-02   2.850231    
  3.0130139E-02   2.809770    
  3.0330321E-02   2.770209    
  3.0530527E-02   2.731512    
  3.0730734E-02   2.693625    
  3.0930940E-02   2.656510    
  3.1131133E-02   2.620124    
  3.1331327E-02   2.584426    
  3.1531531E-02   2.549366    
  3.1731740E-02   2.514925    
  3.1931933E-02   2.481066    
  3.2132126E-02   2.447779    
  3.2332331E-02   2.415040    
  3.2532539E-02   2.382853    
  3.2732733E-02   2.351205    
  3.2932941E-02   2.320099    
  3.3133134E-02   2.289541    
  3.3333328E-02   2.259533    
  3.3533532E-02   2.230067    
  3.3733740E-02   2.201154    
  3.3933945E-02   2.172771    
  3.4134127E-02   2.144921    
  3.4334332E-02   2.117572    
  3.4534540E-02   2.090714    
  3.4734745E-02   2.064325    
  3.4934938E-02   2.038385    
  3.5135131E-02   2.012871    
  3.5335340E-02   1.987757    
  3.5535533E-02   1.963036    
  3.5735738E-02   1.938693    
  3.5935931E-02   1.914722    
  3.6136139E-02   1.891121    
  3.6336333E-02   1.867886    
  3.6536537E-02   1.845028    
  3.6736745E-02   1.822545    
  3.6936939E-02   1.800448    
  3.7137132E-02   1.778741    
  3.7337340E-02   1.757414    
  3.7537545E-02   1.736474    
  3.7737753E-02   1.715907    
  3.7937932E-02   1.695706    
  3.8138140E-02   1.675855    
  3.8338345E-02   1.656324    
  3.8538538E-02   1.637107    
  3.8738731E-02   1.618175    
  3.8938940E-02   1.599509    
  3.9139144E-02   1.581091    
  3.9339337E-02   1.562910    
  3.9539546E-02   1.544960    
  3.9739739E-02   1.527237    
  3.9939944E-02   1.509746    
  4.0140137E-02   1.492491    
  4.0340345E-02   1.475485    
  4.0540550E-02   1.458738    
  4.0740732E-02   1.442268    
  4.0940940E-02   1.426075    
  4.1141145E-02   1.410176    
  4.1341349E-02   1.394567    
  4.1541532E-02   1.379257    
  4.1741740E-02   1.364226    
  4.1941945E-02   1.349468    
  4.2142153E-02   1.334969    
  4.2342346E-02   1.320705    
  4.2542540E-02   1.306661    
  4.2742744E-02   1.292812    
  4.2942952E-02   1.279137    
  4.3143146E-02   1.265633    
  4.3343350E-02   1.252283    
  4.3543544E-02   1.239079    
  4.3743737E-02   1.226027    
  4.3943945E-02   1.213132    
  4.4144150E-02   1.200400    
  4.4344358E-02   1.187844    
  4.4544537E-02   1.175482    
  4.4744745E-02   1.163321    
  4.4944949E-02   1.151376    
  4.5145158E-02   1.139654    
  4.5345340E-02   1.128162    
  4.5545544E-02   1.116891    
  4.5745749E-02   1.105842    
  4.5945946E-02   1.095004    
  4.6146151E-02   1.084360    
  4.6346344E-02   1.073895    
  4.6546552E-02   1.063592    
  4.6746746E-02   1.053437    
  4.6946950E-02   1.043410    
  4.7147159E-02   1.033501    
  4.7347352E-02   1.023706    
  4.7547545E-02   1.014019    
  4.7747750E-02   1.004436    
  4.7947958E-02  0.9949702    
  4.8148137E-02  0.9856250    
  4.8348345E-02  0.9764041    
  4.8548549E-02  0.9673217    
  4.8748758E-02  0.9583864    
  4.8948951E-02  0.9495985    
  4.9149144E-02  0.9409608    
  4.9349349E-02  0.9324725    
  4.9549557E-02  0.9241271    
  4.9749751E-02  0.9159165    
  4.9949955E-02  0.9078221    
  5.0150152E-02  0.8998346    
  5.0350357E-02  0.8919326    
  5.0550550E-02  0.8841009    
  5.0750758E-02  0.8763256    
  5.0950952E-02  0.8685964    
  5.1151145E-02  0.8609042    
  5.1351350E-02  0.8532426    
  5.1551558E-02  0.8456105    
  5.1751763E-02  0.8380125    
  5.1951945E-02  0.8304584    
  5.2152149E-02  0.8229526    
  5.2352358E-02  0.8155042    
  5.2552562E-02  0.8081272    
  5.2752756E-02  0.8008281    
  5.2952949E-02  0.7936139    
  5.3153157E-02  0.7864840    
  5.3353351E-02  0.7794482    
  5.3553555E-02  0.7724999    
  5.3753749E-02  0.7656370    
  5.3953957E-02  0.7588525    
  5.4154150E-02  0.7521418    
  5.4354358E-02  0.7455018    
  5.4554563E-02  0.7389265    
  5.4754756E-02  0.7324147    
  5.4954950E-02  0.7259661    
  5.5155158E-02  0.7195863    
  5.5355363E-02  0.7132777    
  5.5555571E-02  0.7070540    
  5.5755749E-02  0.7009227    
  5.5955958E-02  0.6948947    
  5.6156162E-02  0.6889810    
  5.6356356E-02  0.6831936    
  5.6556564E-02  0.6775365    
  5.6756757E-02  0.6720138    
  5.6956962E-02  0.6666247    
  5.7157155E-02  0.6613703    
  5.7357363E-02  0.6562369    
  5.7557557E-02  0.6512179    
  5.7757761E-02  0.6462997    
  5.7957955E-02  0.6414716    
  5.8158163E-02  0.6367172    
  5.8358368E-02  0.6320277    
  5.8558550E-02  0.6273882    
  5.8758758E-02  0.6227989    
  5.8958963E-02  0.6182483    
  5.9159171E-02  0.6137414    
  5.9359364E-02  0.6092788    
  5.9559558E-02  0.6048648    
  5.9759762E-02  0.6005067    
  5.9959970E-02  0.5962088    
  6.0160164E-02  0.5919839    
  6.0360357E-02  0.5878324    
  6.0560562E-02  0.5837546    
  6.0760770E-02  0.5797560    
  6.0960963E-02  0.5758299    
  6.1161168E-02  0.5719714    
  6.1361361E-02  0.5681702    
  6.1561555E-02  0.5644162    
  6.1761763E-02  0.5606981    
  6.1961967E-02  0.5570045    
  6.2162176E-02  0.5533241    
  6.2362358E-02  0.5496500    
  6.2562563E-02  0.5459771    
  6.2762767E-02  0.5423002    
  6.2962972E-02  0.5386225    
  6.3163154E-02  0.5349496    
  6.3363366E-02  0.5312858    
  6.3563570E-02  0.5276432    
  6.3763760E-02  0.5240269    
  6.3963972E-02  0.5204517    
  6.4164162E-02  0.5169205    
  6.4364366E-02  0.5134408    
  6.4564563E-02  0.5100178    
  6.4764768E-02  0.5066490    
  6.4964972E-02  0.5033336    
  6.5165170E-02  0.5000625    
  6.5365359E-02  0.4968305    
  6.5565571E-02  0.4936259    
  6.5765776E-02  0.4904379    
  6.5965980E-02  0.4872624    
  6.6166162E-02  0.4840873    
  6.6366367E-02  0.4809065    
  6.6566572E-02  0.4777201    
  6.6766769E-02  0.4745322    
  6.6966966E-02  0.4713435    
  6.7167170E-02  0.4681609    
  6.7367375E-02  0.4649934    
  6.7567572E-02  0.4618522    
  6.7767777E-02  0.4587450    
  6.7967966E-02  0.4556843    
  6.8168178E-02  0.4526750    
  6.8368368E-02  0.4497214    
  6.8568572E-02  0.4468291    
  6.8768784E-02  0.4439913    
  6.8968959E-02  0.4412063    
  6.9169171E-02  0.4384689    
  6.9369376E-02  0.4357702    
  6.9569580E-02  0.4330991    
  6.9769762E-02  0.4304462    
  6.9969967E-02  0.4278060    
  7.0170172E-02  0.4251706    
  7.0370384E-02  0.4225332    
  7.0570573E-02  0.4198984    
  7.0770770E-02  0.4172619    
  7.0970975E-02  0.4146318    
  7.1171165E-02  0.4120122    
  7.1371377E-02  0.4094107    
  7.1571581E-02  0.4068347    
  7.1771778E-02  0.4042921    
  7.1971968E-02  0.4017906    
  7.2172172E-02  0.3993305    
  7.2372384E-02  0.3969180    
  7.2572574E-02  0.3945515    
  7.2772771E-02  0.3922274    
  7.2972976E-02  0.3899407    
  7.3173180E-02  0.3876846    
  7.3373385E-02  0.3854554    
  7.3573567E-02  0.3832424    
  7.3773772E-02  0.3810408    
  7.3973984E-02  0.3788466    
  7.4174173E-02  0.3766572    
  7.4374378E-02  0.3744739    
  7.4574575E-02  0.3722968    
  7.4774779E-02  0.3701307    
  7.4974976E-02  0.3679813    
  7.5175181E-02  0.3658603    
  7.5375386E-02  0.3637703    
  7.5575583E-02  0.3617209    
  7.5775772E-02  0.3597167    
  7.5975977E-02  0.3577605    
  7.6176189E-02  0.3558539    
  7.6376371E-02  0.3539975    
  7.6576576E-02  0.3521856    
  7.6776780E-02  0.3504109    
  7.6976985E-02  0.3486703    
  7.7177182E-02  0.3469520    
  7.7377371E-02  0.3452489    
  7.7577583E-02  0.3435555    
  7.7777788E-02  0.3418632    
  7.7977978E-02  0.3401716    
  7.8178190E-02  0.3384777    
  7.8378379E-02  0.3367824    
  7.8578584E-02  0.3350923    
  7.8778781E-02  0.3334100    
  7.8978986E-02  0.3317420    
  7.9179183E-02  0.3300959    
  7.9379372E-02  0.3284781    
  7.9579577E-02  0.3268920    
  7.9779789E-02  0.3253422    
  7.9979993E-02  0.3238265    
  8.0180176E-02  0.3223466    
  8.0380380E-02  0.3208943    
  8.0580585E-02  0.3194628    
  8.0780789E-02  0.3180460    
  8.0980986E-02  0.3166326    
  8.1181183E-02  0.3152125    
  8.1381388E-02  0.3137783    
  8.1581578E-02  0.3123218    
  8.1781790E-02  0.3108398    
  8.1981979E-02  0.3093281    
  8.2182184E-02  0.3077877    
  8.2382381E-02  0.3062225    
  8.2582586E-02  0.3046369    
  8.2782790E-02  0.3030384    
  8.2982987E-02  0.3014344    
  8.3183177E-02  0.2998320    
  8.3383389E-02  0.2982420    
  8.3583593E-02  0.2966656    
  8.3783798E-02  0.2951084    
  8.3983980E-02  0.2935714    
  8.4184185E-02  0.2920538    
  8.4384389E-02  0.2905535    
  8.4584586E-02  0.2890610    
  8.4784791E-02  0.2875747    
  8.4984988E-02  0.2860890    
  8.5185193E-02  0.2845944    
  8.5385390E-02  0.2830869    
  8.5585594E-02  0.2815653    
  8.5785784E-02  0.2800290    
  8.5985996E-02  0.2784787    
  8.6186185E-02  0.2769187    
  8.6386390E-02  0.2753561    
  8.6586602E-02  0.2737988    
  8.6786777E-02  0.2722563    
  8.6986989E-02  0.2707363    
  8.7187193E-02  0.2692461    
  8.7387398E-02  0.2677939    
  8.7587595E-02  0.2663826    
  8.7787785E-02  0.2650126    
  8.7987989E-02  0.2636847    
  8.8188201E-02  0.2623956    
  8.8388391E-02  0.2611380    
  8.8588588E-02  0.2599042    
  8.8788792E-02  0.2586887    
  8.8988997E-02  0.2574804    
  8.9189194E-02  0.2562741    
  8.9389399E-02  0.2550617    
  8.9589596E-02  0.2538395    
  8.9789785E-02  0.2526068    
  8.9989990E-02  0.2513616    
  9.0190202E-02  0.2501102    
  9.0390407E-02  0.2488524    
  9.0590589E-02  0.2475963    
  9.0790793E-02  0.2463454    
  9.0990998E-02  0.2451060    
  9.1191202E-02  0.2438822    
  9.1391385E-02  0.2426774    
  9.1591589E-02  0.2414909    
  9.1791801E-02  0.2403218    
  9.1991991E-02  0.2391682    
  9.2192195E-02  0.2380220    
  9.2392392E-02  0.2368774    
  9.2592597E-02  0.2357287    
  9.2792794E-02  0.2345708    
  9.2992999E-02  0.2333952    
  9.3193203E-02  0.2321980    
  9.3393400E-02  0.2309773    
  9.3593590E-02  0.2297345    
  9.3793802E-02  0.2284709    
  9.3994007E-02  0.2271922    
  9.4194189E-02  0.2259058    
  9.4394393E-02  0.2246182    
  9.4594598E-02  0.2233407    
  9.4794802E-02  0.2220792    
  9.4994999E-02  0.2208411    
  9.5195189E-02  0.2196314    
  9.5395401E-02  0.2184555    
  9.5595606E-02  0.2173125    
  9.5795795E-02  0.2162012    
  9.5996007E-02  0.2151190    
  9.6196197E-02  0.2140586    
  9.6396402E-02  0.2130158    
  9.6596599E-02  0.2119812    
  9.6796803E-02  0.2109508    
  9.6997008E-02  0.2099176    
  9.7197190E-02  0.2088770    
  9.7397402E-02  0.2078282    
  9.7597606E-02  0.2067744    
  9.7797811E-02  0.2057126    
  9.7997993E-02  0.2046508    
  9.8198198E-02  0.2035961    
  9.8398402E-02  0.2025518    
  9.8598614E-02  0.2015264    
  9.8798804E-02  0.2005274    
  9.8999001E-02  0.1995566    
  9.9199206E-02  0.1986178    
  9.9399395E-02  0.1977139    
  9.9599607E-02  0.1968413    
  9.9799812E-02  0.1959976    
  0.1000000      0.1951772    
