 -1.0000000E-03   1.366396    
 -9.9799817E-04   1.645230    
 -9.9599606E-04   1.736964    
 -9.9399406E-04   1.472008    
 -9.9199207E-04   1.335886    
 -9.8999008E-04   1.393483    
 -9.8798808E-04   1.472575    
 -9.8598609E-04   1.614387    
 -9.8398409E-04   1.692517    
 -9.8198210E-04   1.627408    
 -9.7998010E-04   1.670426    
 -9.7797811E-04   1.843308    
 -9.7597600E-04   1.919429    
 -9.7397406E-04   1.989412    
 -9.7197207E-04   2.330017    
 -9.6997002E-04   2.740630    
 -9.6796808E-04   2.588855    
 -9.6596603E-04   1.894062    
 -9.6396403E-04   1.521295    
 -9.6196210E-04   1.639180    
 -9.5995999E-04   1.545063    
 -9.5795805E-04   1.348509    
 -9.5595611E-04   1.605018    
 -9.5395400E-04   1.840702    
 -9.5195207E-04   1.596884    
 -9.4995002E-04   1.346449    
 -9.4794802E-04   1.197811    
 -9.4594609E-04  0.8214199    
 -9.4394403E-04  0.5799934    
 -9.4194204E-04  0.8204303    
 -9.3993999E-04   1.054113    
 -9.3793799E-04  0.9638594    
 -9.3593606E-04  0.8569000    
 -9.3393400E-04  0.7767901    
 -9.3193201E-04  0.5245733    
 -9.2993007E-04  0.4848753    
 -9.2792802E-04   1.079988    
 -9.2592603E-04   1.718559    
 -9.2392397E-04   1.720924    
 -9.2192198E-04   1.489969    
 -9.1992004E-04   1.503689    
 -9.1791799E-04   1.563857    
 -9.1591600E-04   1.704925    
 -9.1391394E-04   2.070440    
 -9.1191201E-04   2.304197    
 -9.0991001E-04   2.296164    
 -9.0790796E-04   2.275434    
 -9.0590597E-04   2.121510    
 -9.0390403E-04   1.898681    
 -9.0190198E-04   1.968741    
 -8.9989998E-04   2.223361    
 -8.9789793E-04   2.510870    
 -8.9589600E-04   2.773584    
 -8.9389400E-04   2.514466    
 -8.9189195E-04   1.862427    
 -8.8988995E-04   1.766279    
 -8.8788802E-04   2.149183    
 -8.8588597E-04   2.263667    
 -8.8388397E-04   2.254907    
 -8.8188192E-04   2.286621    
 -8.7987998E-04   2.063965    
 -8.7787799E-04   1.842290    
 -8.7587594E-04   1.911658    
 -8.7387394E-04   1.912812    
 -8.7187201E-04   1.653801    
 -8.6986995E-04   1.396446    
 -8.6786796E-04   1.487670    
 -8.6586591E-04   1.977352    
 -8.6386397E-04   2.178294    
 -8.6186186E-04   1.612336    
 -8.5985992E-04   1.000891    
 -8.5785793E-04  0.8343070    
 -8.5585588E-04  0.6821905    
 -8.5385394E-04  0.5297589    
 -8.5185195E-04  0.6235278    
 -8.4984989E-04  0.7589154    
 -8.4784796E-04  0.9649637    
 -8.4584596E-04   1.287493    
 -8.4384391E-04   1.360034    
 -8.4184197E-04   1.357836    
 -8.3983986E-04   1.676020    
 -8.3783793E-04   1.981943    
 -8.3583593E-04   2.150050    
 -8.3383388E-04   2.402315    
 -8.3183195E-04   2.276654    
 -8.2982989E-04   1.590143    
 -8.2782790E-04   1.146572    
 -8.2582590E-04   1.188595    
 -8.2382391E-04   1.178335    
 -8.2182192E-04   1.215245    
 -8.1981992E-04   1.762262    
 -8.1781787E-04   2.453143    
 -8.1581593E-04   2.529410    
 -8.1381388E-04   2.133156    
 -8.1181189E-04   2.075483    
 -8.0980989E-04   2.378484    
 -8.0780784E-04   2.374120    
 -8.0580590E-04   2.156201    
 -8.0380391E-04   2.262843    
 -8.0180186E-04   2.495776    
 -7.9979986E-04   2.466733    
 -7.9779787E-04   2.272074    
 -7.9579587E-04   2.123562    
 -7.9379388E-04   2.190966    
 -7.9179183E-04   2.411300    
 -7.8978989E-04   2.448227    
 -7.8778784E-04   2.357831    
 -7.8578584E-04   2.424497    
 -7.8378391E-04   2.478050    
 -7.8178186E-04   2.461918    
 -7.7977986E-04   2.679412    
 -7.7777787E-04   2.920535    
 -7.7577581E-04   2.742025    
 -7.7377388E-04   2.336396    
 -7.7177183E-04   2.182075    
 -7.6976983E-04   2.354964    
 -7.6776784E-04   2.560284    
 -7.6576584E-04   2.726691    
 -7.6376385E-04   3.181474    
 -7.6176180E-04   3.725188    
 -7.5975980E-04   3.636438    
 -7.5775781E-04   2.994865    
 -7.5575581E-04   2.448060    
 -7.5375382E-04   2.183308    
 -7.5175177E-04   2.307260    
 -7.4974983E-04   2.677238    
 -7.4774784E-04   2.790169    
 -7.4574584E-04   3.004144    
 -7.4374385E-04   3.670560    
 -7.4174179E-04   3.781107    
 -7.3973980E-04   3.146577    
 -7.3773781E-04   2.900804    
 -7.3573581E-04   2.888707    
 -7.3373382E-04   2.570919    
 -7.3173176E-04   2.589627    
 -7.2972977E-04   2.726853    
 -7.2772783E-04   2.200189    
 -7.2572578E-04   1.667725    
 -7.2372379E-04   1.648670    
 -7.2172179E-04   1.864945    
 -7.1971974E-04   2.481131    
 -7.1771780E-04   2.917058    
 -7.1571581E-04   2.391260    
 -7.1371376E-04   2.082213    
 -7.1171182E-04   2.707602    
 -7.0970977E-04   3.062410    
 -7.0770778E-04   3.222724    
 -7.0570578E-04   4.090001    
 -7.0370373E-04   4.866879    
 -7.0170179E-04   5.028083    
 -6.9969974E-04   5.095834    
 -6.9769775E-04   4.799256    
 -6.9569581E-04   4.148541    
 -6.9369370E-04   3.932228    
 -6.9169176E-04   3.852017    
 -6.8968977E-04   3.378063    
 -6.8768772E-04   2.958581    
 -6.8568578E-04   2.782039    
 -6.8368373E-04   2.790556    
 -6.8168173E-04   3.082757    
 -6.7967980E-04   3.226011    
 -6.7767769E-04   3.066737    
 -6.7567575E-04   3.123333    
 -6.7367376E-04   3.358387    
 -6.7167170E-04   3.722711    
 -6.6966977E-04   4.451963    
 -6.6766771E-04   4.692252    
 -6.6566572E-04   3.862886    
 -6.6366373E-04   3.242216    
 -6.6166167E-04   3.535348    
 -6.5965974E-04   3.851786    
 -6.5765769E-04   3.745865    
 -6.5565569E-04   3.371264    
 -6.5365370E-04   2.860624    
 -6.5165170E-04   2.693701    
 -6.4964971E-04   2.857192    
 -6.4764777E-04   2.758992    
 -6.4564572E-04   2.771817    
 -6.4364373E-04   3.418793    
 -6.4164173E-04   3.945058    
 -6.3963968E-04   3.874720    
 -6.3763774E-04   3.906124    
 -6.3563569E-04   4.261095    
 -6.3363370E-04   4.338794    
 -6.3163170E-04   4.046305    
 -6.2962971E-04   3.777020    
 -6.2762771E-04   3.570078    
 -6.2562566E-04   3.322109    
 -6.2362367E-04   3.310818    
 -6.2162167E-04   3.732128    
 -6.1961968E-04   4.256359    
 -6.1761768E-04   4.448128    
 -6.1561569E-04   4.141279    
 -6.1361369E-04   3.499135    
 -6.1161170E-04   3.073611    
 -6.0960965E-04   3.080157    
 -6.0760765E-04   3.002087    
 -6.0560566E-04   2.812091    
 -6.0360366E-04   3.069300    
 -6.0160167E-04   3.499148    
 -5.9959962E-04   3.528901    
 -5.9759768E-04   3.693124    
 -5.9559563E-04   4.493294    
 -5.9359364E-04   5.162076    
 -5.9159164E-04   4.866134    
 -5.8958959E-04   4.066408    
 -5.8758765E-04   3.957452    
 -5.8558560E-04   4.830894    
 -5.8358361E-04   5.759185    
 -5.8158167E-04   6.044477    
 -5.7957962E-04   5.800549    
 -5.7757762E-04   5.360809    
 -5.7557563E-04   5.195747    
 -5.7357363E-04   5.324680    
 -5.7157158E-04   5.083153    
 -5.6956959E-04   4.789295    
 -5.6756765E-04   5.424705    
 -5.6556566E-04   6.175446    
 -5.6356360E-04   5.834606    
 -5.6156161E-04   5.264999    
 -5.5955962E-04   5.397359    
 -5.5755756E-04   5.568301    
 -5.5555563E-04   5.069490    
 -5.5355357E-04   4.001204    
 -5.5155164E-04   3.281797    
 -5.4954959E-04   3.827894    
 -5.4754759E-04   4.803654    
 -5.4554560E-04   4.937286    
 -5.4354360E-04   4.826937    
 -5.4154155E-04   5.032948    
 -5.3953961E-04   5.037050    
 -5.3753756E-04   5.071548    
 -5.3553557E-04   5.193596    
 -5.3353363E-04   4.787774    
 -5.3153158E-04   4.797739    
 -5.2952959E-04   6.085748    
 -5.2752759E-04   7.108976    
 -5.2552560E-04   6.839794    
 -5.2352354E-04   6.181960    
 -5.2152161E-04   5.717187    
 -5.1951956E-04   5.499599    
 -5.1751756E-04   5.323644    
 -5.1551557E-04   4.759562    
 -5.1351357E-04   4.476677    
 -5.1151158E-04   4.867730    
 -5.0950953E-04   4.635033    
 -5.0750753E-04   4.114822    
 -5.0550560E-04   5.259217    
 -5.0350348E-04   7.317553    
 -5.0150155E-04   8.470104    
 -4.9949955E-04   9.030028    
 -4.9749750E-04   9.201161    
 -4.9549557E-04   8.638911    
 -4.9349351E-04   8.115652    
 -4.9149158E-04   7.726840    
 -4.8948952E-04   7.067649    
 -4.8748756E-04   7.333670    
 -4.8548554E-04   8.736984    
 -4.8348351E-04   9.224456    
 -4.8148152E-04   8.512347    
 -4.7947955E-04   8.450962    
 -4.7747753E-04   9.173192    
 -4.7547551E-04   9.212386    
 -4.7347351E-04   8.461023    
 -4.7147155E-04   8.265176    
 -4.6946947E-04   9.065766    
 -4.6746750E-04   9.890374    
 -4.6546553E-04   10.20157    
 -4.6346348E-04   10.23006    
 -4.6146152E-04   9.873379    
 -4.5945949E-04   9.379861    
 -4.5745753E-04   9.453592    
 -4.5545548E-04   9.666655    
 -4.5345351E-04   9.480824    
 -4.5145149E-04   9.329543    
 -4.4944949E-04   9.081024    
 -4.4744747E-04   8.743262    
 -4.4544550E-04   9.440155    
 -4.4344345E-04   10.58332    
 -4.4144149E-04   10.36713    
 -4.3943946E-04   9.423007    
 -4.3743750E-04   8.927984    
 -4.3543545E-04   8.382393    
 -4.3343348E-04   8.165290    
 -4.3143152E-04   9.035240    
 -4.2942943E-04   9.816670    
 -4.2742747E-04   9.638703    
 -4.2542547E-04   9.314726    
 -4.2342345E-04   9.451305    
 -4.2142143E-04   10.08045    
 -4.1941946E-04   10.77630    
 -4.1741747E-04   10.84782    
 -4.1541544E-04   10.77377    
 -4.1341342E-04   11.04087    
 -4.1141146E-04   10.44483    
 -4.0940940E-04   8.611663    
 -4.0740744E-04   7.002266    
 -4.0540542E-04   6.618443    
 -4.0340348E-04   7.759079    
 -4.0140140E-04   9.600060    
 -3.9939943E-04   9.804906    
 -3.9739747E-04   8.576100    
 -3.9539541E-04   9.092134    
 -3.9339345E-04   11.24697    
 -3.9139143E-04   12.18200    
 -3.8938943E-04   12.11823    
 -3.8738741E-04   12.31822    
 -3.8538544E-04   11.93379    
 -3.8338342E-04   11.22694    
 -3.8138143E-04   11.64950    
 -3.7937940E-04   12.45829    
 -3.7737744E-04   12.66939    
 -3.7537538E-04   13.32276    
 -3.7337342E-04   15.08899    
 -3.7137140E-04   17.16389    
 -3.6936937E-04   18.28926    
 -3.6736741E-04   17.58514    
 -3.6536541E-04   16.45606    
 -3.6336345E-04   17.37947    
 -3.6136137E-04   19.09436    
 -3.5935940E-04   18.60172    
 -3.5735741E-04   16.99270    
 -3.5535538E-04   16.44885    
 -3.5335336E-04   16.18802    
 -3.5135139E-04   16.29729    
 -3.4934940E-04   17.87974    
 -3.4734738E-04   18.95939    
 -3.4534535E-04   18.09199    
 -3.4334339E-04   17.61458    
 -3.4134134E-04   18.53701    
 -3.3933937E-04   19.85406    
 -3.3733735E-04   21.77010    
 -3.3533535E-04   23.31203    
 -3.3333339E-04   22.62677    
 -3.3133136E-04   21.54390    
 -3.2932940E-04   22.36991    
 -3.2732735E-04   23.56809    
 -3.2532538E-04   23.38650    
 -3.2332336E-04   22.17872    
 -3.2132133E-04   21.21373    
 -3.1931934E-04   22.02351    
 -3.1731738E-04   23.92731    
 -3.1531529E-04   24.70773    
 -3.1331333E-04   24.98084    
 -3.1131133E-04   25.64668    
 -3.0930937E-04   25.39480    
 -3.0730729E-04   25.79257    
 -3.0530532E-04   29.02715    
 -3.0330333E-04   31.65021    
 -3.0130130E-04   31.17705    
 -2.9929934E-04   30.76402    
 -2.9729735E-04   31.60197    
 -2.9529538E-04   31.96095    
 -2.9329330E-04   32.13511    
 -2.9129133E-04   32.19407    
 -2.8928934E-04   31.31295    
 -2.8728732E-04   30.48902    
 -2.8528529E-04   29.91434    
 -2.8328333E-04   28.63146    
 -2.8128127E-04   28.12087    
 -2.7927931E-04   30.05742    
 -2.7727729E-04   33.44656    
 -2.7527532E-04   36.59039    
 -2.7327327E-04   38.18512    
 -2.7127130E-04   37.76607    
 -2.6926928E-04   36.26607    
 -2.6726729E-04   34.46769    
 -2.6526532E-04   33.38581    
 -2.6326330E-04   34.53239    
 -2.6126127E-04   37.09433    
 -2.5925928E-04   39.55895    
 -2.5725731E-04   42.58013    
 -2.5525529E-04   45.66611    
 -2.5325327E-04   47.29902    
 -2.5125127E-04   49.32512    
 -2.4924931E-04   53.24833    
 -2.4724723E-04   55.75793    
 -2.4524526E-04   53.91399    
 -2.4324325E-04   50.03915    
 -2.4124124E-04   48.61034    
 -2.3923923E-04   50.22273    
 -2.3723727E-04   51.26922    
 -2.3523530E-04   51.26098    
 -2.3323324E-04   53.58233    
 -2.3123127E-04   56.36129    
 -2.2922926E-04   54.88981    
 -2.2722724E-04   51.99444    
 -2.2522523E-04   53.10669    
 -2.2322327E-04   57.69689    
 -2.2122126E-04   62.83088    
 -2.1921925E-04   66.45493    
 -2.1721722E-04   67.85648    
 -2.1521526E-04   70.00019    
 -2.1321321E-04   75.44228    
 -2.1121124E-04   81.76593    
 -2.0920922E-04   86.18892    
 -2.0720721E-04   88.86105    
 -2.0520520E-04   90.99186    
 -2.0320324E-04   92.78300    
 -2.0120127E-04   92.40525    
 -1.9919920E-04   90.88448    
 -1.9719724E-04   94.92534    
 -1.9519523E-04   105.7708    
 -1.9319321E-04   114.6401    
 -1.9119120E-04   115.5803    
 -1.8918923E-04   112.1523    
 -1.8718716E-04   112.1835    
 -1.8518520E-04   119.0701    
 -1.8318319E-04   126.0660    
 -1.8118123E-04   129.1264    
 -1.7917916E-04   136.9807    
 -1.7717719E-04   149.8422    
 -1.7517518E-04   155.0961    
 -1.7317318E-04   155.5563    
 -1.7117115E-04   161.7327    
 -1.6916920E-04   167.1837    
 -1.6716713E-04   167.5425    
 -1.6516517E-04   170.3834    
 -1.6316320E-04   174.9641    
 -1.6116124E-04   180.8199    
 -1.5915917E-04   194.9755    
 -1.5715721E-04   210.4537    
 -1.5515515E-04   217.9527    
 -1.5315319E-04   226.6336    
 -1.5115112E-04   241.9350    
 -1.4914916E-04   259.1884    
 -1.4714719E-04   280.6715    
 -1.4514512E-04   302.3966    
 -1.4314307E-04   313.2550    
 -1.4114119E-04   320.8071    
 -1.3913914E-04   339.4896    
 -1.3713718E-04   366.1464    
 -1.3513521E-04   391.4492    
 -1.3313314E-04   413.9883    
 -1.3113118E-04   440.1980    
 -1.2912911E-04   475.8695    
 -1.2712716E-04   514.3486    
 -1.2512520E-04   551.4531    
 -1.2312313E-04   596.1075    
 -1.2112106E-04   640.0691    
 -1.1911920E-04   663.5045    
 -1.1711713E-04   676.2739    
 -1.1511507E-04   695.0520    
 -1.1311311E-04   713.2543    
 -1.1111114E-04   731.6858    
 -1.0910908E-04   756.1736    
 -1.0710712E-04   771.4909    
 -1.0510505E-04   773.7668    
 -1.0310319E-04   785.4043    
 -1.0110113E-04   824.9078    
 -9.9099059E-05   902.1824    
 -9.7097196E-05   1004.491    
 -9.5095129E-05   1089.671    
 -9.3093069E-05   1154.410    
 -9.1091104E-05   1248.683    
 -8.9089139E-05   1391.300    
 -8.7087079E-05   1570.578    
 -8.5085114E-05   1802.080    
 -8.3083047E-05   2095.262    
 -8.1081089E-05   2440.039    
 -7.9079124E-05   2867.216    
 -7.7077057E-05   3431.938    
 -7.5074997E-05   4152.156    
 -7.3073126E-05   5037.216    
 -7.1071066E-05   6143.970    
 -6.9069007E-05   7559.998    
 -6.7067136E-05   9334.340    
 -6.5065076E-05   11409.09    
 -6.3063111E-05   13557.22    
 -6.1061044E-05   15329.22    
 -5.9059083E-05   16160.08    
 -5.7057117E-05   15751.10    
 -5.5055058E-05   14326.60    
 -5.3052994E-05   12383.29    
 -5.1051127E-05   10325.03    
 -4.9049064E-05   8425.029    
 -4.7047000E-05   6861.928    
 -4.5045035E-05   5645.282    
 -4.3043074E-05   4679.918    
 -4.1041010E-05   3917.907    
 -3.9039045E-05   3342.691    
 -3.7036982E-05   2896.447    
 -3.5035016E-05   2520.209    
 -3.3033055E-05   2207.827    
 -3.1030992E-05   1980.870    
 -2.9029125E-05   1831.923    
 -2.7027061E-05   1716.945    
 -2.5024998E-05   1608.861    
 -2.3023034E-05   1519.742    
 -2.1021069E-05   1455.989    
 -1.9019006E-05   1404.296    
 -1.7017042E-05   1363.857    
 -1.5014979E-05   1346.688    
 -1.3013015E-05   1353.934    
 -1.1011050E-05   1371.665    
 -9.0089879E-06   1384.499    
 -7.0069245E-06   1391.696    
 -5.0050589E-06   1401.650    
 -3.0029958E-06   1410.338    
 -1.0009326E-06   1412.024    
  1.0009326E-06   1412.028    
  3.0029958E-06   1410.402    
  5.0050589E-06   1401.645    
  7.0070232E-06   1391.666    
  9.0089879E-06   1384.460    
  1.1010952E-05   1371.633    
  1.3013015E-05   1353.940    
  1.5015078E-05   1346.669    
  1.7016944E-05   1363.850    
  1.9019006E-05   1404.308    
  2.1021069E-05   1455.984    
  2.3023034E-05   1519.737    
  2.5024998E-05   1608.865    
  2.7027061E-05   1716.954    
  2.9029026E-05   1831.923    
  3.1030992E-05   1980.865    
  3.3033055E-05   2207.808    
  3.5035016E-05   2520.201    
  3.7037080E-05   2896.462    
  3.9039045E-05   3342.690    
  4.1041010E-05   3917.907    
  4.3043074E-05   4679.915    
  4.5045035E-05   5645.285    
  4.7047000E-05   6861.938    
  4.9049064E-05   8425.031    
  5.1051029E-05   10324.89    
  5.3053092E-05   12383.38    
  5.5055058E-05   14326.60    
  5.7057019E-05   15751.05    
  5.9059083E-05   16160.09    
  6.1061146E-05   15329.13    
  6.3063009E-05   13557.33    
  6.5065076E-05   11409.09    
  6.7067136E-05   9334.338    
  6.9069007E-05   7560.004    
  7.1071066E-05   6143.973    
  7.3073126E-05   5037.213    
  7.5075091E-05   4152.122    
  7.7077057E-05   3431.942    
  7.9079124E-05   2867.214    
  8.1081089E-05   2440.036    
  8.3083149E-05   2095.253    
  8.5085012E-05   1802.083    
  8.7087079E-05   1570.574    
  8.9089139E-05   1391.299    
  9.1091104E-05   1248.685    
  9.3093069E-05   1154.412    
  9.5095129E-05   1089.671    
  9.7097094E-05   1004.497    
  9.9099059E-05   902.1826    
  1.0110113E-04   824.9048    
  1.0310309E-04   785.4050    
  1.0510515E-04   773.7694    
  1.0710712E-04   771.4894    
  1.0910908E-04   756.1756    
  1.1111114E-04   731.6827    
  1.1311321E-04   713.2515    
  1.1511507E-04   695.0499    
  1.1711713E-04   676.2718    
  1.1911910E-04   663.5054    
  1.2112116E-04   640.0748    
  1.2312313E-04   596.1074    
  1.2512509E-04   551.4515    
  1.2712716E-04   514.3475    
  1.2912921E-04   475.8638    
  1.3113108E-04   440.2028    
  1.3313314E-04   413.9909    
  1.3513521E-04   391.4510    
  1.3713707E-04   366.1480    
  1.3913914E-04   339.4887    
  1.4114119E-04   320.8061    
  1.4314316E-04   313.2521    
  1.4514512E-04   302.3975    
  1.4714719E-04   280.6725    
  1.4914916E-04   259.1878    
  1.5115122E-04   241.9316    
  1.5315319E-04   226.6350    
  1.5515515E-04   217.9537    
  1.5715721E-04   210.4547    
  1.5915917E-04   194.9702    
  1.6116114E-04   180.8154    
  1.6316320E-04   174.9624    
  1.6516517E-04   170.3847    
  1.6716713E-04   167.5440    
  1.6916920E-04   167.1838    
  1.7117115E-04   161.7324    
  1.7317322E-04   155.5565    
  1.7517518E-04   155.0956    
  1.7717715E-04   149.8421    
  1.7917922E-04   136.9814    
  1.8118128E-04   129.1291    
  1.8318315E-04   126.0598    
  1.8518520E-04   119.0676    
  1.8718727E-04   112.1851    
  1.8918923E-04   112.1514    
  1.9119120E-04   115.5814    
  1.9319316E-04   114.6463    
  1.9519523E-04   105.7710    
  1.9719728E-04   94.92653    
  1.9919916E-04   90.88613    
  2.0120121E-04   92.40461    
  2.0320328E-04   92.79242    
  2.0520514E-04   90.98847    
  2.0720721E-04   88.86119    
  2.0920928E-04   86.18684    
  2.1121124E-04   81.76614    
  2.1321321E-04   75.44289    
  2.1521526E-04   70.00055    
  2.1721722E-04   67.85485    
  2.1921929E-04   66.45300    
  2.2122126E-04   62.82996    
  2.2322322E-04   57.69772    
  2.2522529E-04   53.11025    
  2.2722724E-04   51.99556    
  2.2922920E-04   54.89211    
  2.3123127E-04   56.36226    
  2.3323324E-04   53.58153    
  2.3523520E-04   51.26386    
  2.3723727E-04   51.26633    
  2.3923923E-04   50.22256    
  2.4124129E-04   48.60632    
  2.4324325E-04   50.03999    
  2.4524523E-04   53.91163    
  2.4724728E-04   55.76113    
  2.4924934E-04   53.24796    
  2.5125121E-04   49.32251    
  2.5325327E-04   47.29668    
  2.5525535E-04   45.66556    
  2.5725731E-04   42.57996    
  2.5925928E-04   39.55763    
  2.6126133E-04   37.09612    
  2.6326330E-04   34.53201    
  2.6526526E-04   33.38603    
  2.6726723E-04   34.46672    
  2.6926928E-04   36.26651    
  2.7127136E-04   37.76644    
  2.7327321E-04   38.18504    
  2.7527529E-04   36.59595    
  2.7727734E-04   33.44372    
  2.7927931E-04   30.05771    
  2.8128127E-04   28.12094    
  2.8328333E-04   28.63177    
  2.8528529E-04   29.91496    
  2.8728737E-04   30.48808    
  2.8928934E-04   31.31264    
  2.9129130E-04   32.19453    
  2.9329336E-04   32.13480    
  2.9529541E-04   31.95815    
  2.9729729E-04   31.59996    
  2.9929934E-04   30.76276    
  3.0130130E-04   31.17811    
  3.0330327E-04   31.65395    
  3.0530532E-04   29.02594    
  3.0730729E-04   25.79234    
  3.0930937E-04   25.39435    
  3.1131133E-04   25.64624    
  3.1331330E-04   24.97640    
  3.1531535E-04   24.70833    
  3.1731740E-04   23.92885    
  3.1931928E-04   22.01912    
  3.2132133E-04   21.21411    
  3.2332342E-04   22.17535    
  3.2532538E-04   23.38632    
  3.2732735E-04   23.56833    
  3.2932940E-04   22.36911    
  3.3133136E-04   21.54576    
  3.3333333E-04   22.62749    
  3.3533538E-04   23.31168    
  3.3733735E-04   21.77014    
  3.3933943E-04   19.85226    
  3.4134128E-04   18.53790    
  3.4334336E-04   17.61044    
  3.4534541E-04   18.09425    
  3.4734738E-04   18.96002    
  3.4934934E-04   17.88287    
  3.5135139E-04   16.29765    
  3.5335336E-04   16.18696    
  3.5535544E-04   16.44868    
  3.5735741E-04   16.99154    
  3.5935937E-04   18.60363    
  3.6136142E-04   19.09137    
  3.6336348E-04   17.37807    
  3.6536535E-04   16.45586    
  3.6736741E-04   17.58424    
  3.6936949E-04   18.28735    
  3.7137134E-04   17.16424    
  3.7337342E-04   15.08963    
  3.7537538E-04   13.32343    
  3.7737744E-04   12.66930    
  3.7937940E-04   12.45835    
  3.8138137E-04   11.64971    
  3.8338342E-04   11.22770    
  3.8538550E-04   11.93369    
  3.8738735E-04   12.31809    
  3.8938943E-04   12.11905    
  3.9139148E-04   12.18438    
  3.9339345E-04   11.24692    
  3.9539541E-04   9.093125    
  3.9739747E-04   8.576736    
  3.9939943E-04   9.805020    
  4.0140140E-04   9.600938    
  4.0340348E-04   7.759158    
  4.0540542E-04   6.618434    
  4.0740750E-04   7.002429    
  4.0940935E-04   8.611054    
  4.1141143E-04   10.44513    
  4.1341348E-04   11.04021    
  4.1541544E-04   10.77394    
  4.1741741E-04   10.84598    
  4.1941946E-04   10.77601    
  4.2142143E-04   10.08018    
  4.2342351E-04   9.450824    
  4.2542547E-04   9.314960    
  4.2742744E-04   9.637641    
  4.2942949E-04   9.816793    
  4.3143146E-04   9.034739    
  4.3343342E-04   8.165351    
  4.3543548E-04   8.381498    
  4.3743756E-04   8.927255    
  4.3943941E-04   9.424407    
  4.4144149E-04   10.36680    
  4.4344354E-04   10.58262    
  4.4544550E-04   9.440086    
  4.4744747E-04   8.744512    
  4.4944944E-04   9.082801    
  4.5145149E-04   9.329249    
  4.5345357E-04   9.480372    
  4.5545542E-04   9.669579    
  4.5745750E-04   9.453502    
  4.5945955E-04   9.381027    
  4.6146152E-04   9.873193    
  4.6346348E-04   10.23077    
  4.6546553E-04   10.20096    
  4.6746750E-04   9.890412    
  4.6946947E-04   9.064882    
  4.7147155E-04   8.264073    
  4.7347351E-04   8.460995    
  4.7547556E-04   9.210546    
  4.7747753E-04   9.172476    
  4.7947949E-04   8.449720    
  4.8148155E-04   8.511302    
  4.8348351E-04   9.224411    
  4.8548548E-04   8.737140    
  4.8748756E-04   7.333429    
  4.8948952E-04   7.067301    
  4.9149158E-04   7.726275    
  4.9349351E-04   8.115625    
  4.9549551E-04   8.640101    
  4.9749756E-04   9.199908    
  4.9949955E-04   9.030672    
  5.0150149E-04   8.470691    
  5.0350354E-04   7.317978    
  5.0550560E-04   5.260365    
  5.0750747E-04   4.115623    
  5.0950953E-04   4.634643    
  5.1151164E-04   4.867848    
  5.1351357E-04   4.476741    
  5.1551557E-04   4.759488    
  5.1751762E-04   5.323598    
  5.1951956E-04   5.500639    
  5.2152161E-04   5.717414    
  5.2352349E-04   6.180214    
  5.2552554E-04   6.839691    
  5.2752765E-04   7.108457    
  5.2952947E-04   6.085379    
  5.3153158E-04   4.798097    
  5.3353363E-04   4.787682    
  5.3553557E-04   5.193485    
  5.3753756E-04   5.071176    
  5.3953961E-04   5.037775    
  5.4154155E-04   5.032589    
  5.4354366E-04   4.828283    
  5.4554560E-04   4.937922    
  5.4754753E-04   4.803107    
  5.4954964E-04   3.827513    
  5.5155170E-04   3.280643    
  5.5355357E-04   4.001182    
  5.5555563E-04   5.069656    
  5.5755756E-04   5.567803    
  5.5955962E-04   5.396973    
  5.6156161E-04   5.265207    
  5.6356355E-04   5.833787    
  5.6556566E-04   6.175408    
  5.6756759E-04   5.422025    
  5.6956959E-04   4.788466    
  5.7157164E-04   5.081909    
  5.7357369E-04   5.325062    
  5.7557557E-04   5.193670    
  5.7757762E-04   5.360974    
  5.7957968E-04   5.800734    
  5.8158167E-04   6.044641    
  5.8358361E-04   5.759202    
  5.8558566E-04   4.829098    
  5.8758765E-04   3.956976    
  5.8958970E-04   4.065086    
  5.9159164E-04   4.866306    
  5.9359364E-04   5.161785    
  5.9559569E-04   4.493139    
  5.9759757E-04   3.693317    
  5.9959962E-04   3.529013    
  6.0160167E-04   3.498152    
  6.0360366E-04   3.069663    
  6.0560560E-04   2.811531    
  6.0760765E-04   3.002121    
  6.0960965E-04   3.080479    
  6.1161170E-04   3.073247    
  6.1361369E-04   3.499045    
  6.1561563E-04   4.140828    
  6.1761768E-04   4.447844    
  6.1961974E-04   4.255239    
  6.2162161E-04   3.732062    
  6.2362367E-04   3.311051    
  6.2562578E-04   3.323056    
  6.2762771E-04   3.571069    
  6.2962971E-04   3.776852    
  6.3163164E-04   4.046968    
  6.3363370E-04   4.338911    
  6.3563569E-04   4.261172    
  6.3763763E-04   3.905472    
  6.3963968E-04   3.874825    
  6.4164179E-04   3.945911    
  6.4364361E-04   3.417598    
  6.4564572E-04   2.772006    
  6.4764777E-04   2.759259    
  6.4964971E-04   2.856510    
  6.5165170E-04   2.693463    
  6.5365375E-04   2.859938    
  6.5565569E-04   3.371829    
  6.5765780E-04   3.746930    
  6.5965974E-04   3.852152    
  6.6166167E-04   3.535057    
  6.6366378E-04   3.242124    
  6.6566584E-04   3.863847    
  6.6766771E-04   4.691959    
  6.6966977E-04   4.451544    
  6.7167165E-04   3.722962    
  6.7367370E-04   3.358124    
  6.7567575E-04   3.123204    
  6.7767763E-04   3.066550    
  6.7967968E-04   3.226559    
  6.8168173E-04   3.082484    
  6.8368379E-04   2.789922    
  6.8568566E-04   2.782657    
  6.8768772E-04   2.958794    
  6.8968977E-04   3.378267    
  6.9169188E-04   3.852552    
  6.9369370E-04   3.931960    
  6.9569581E-04   4.149646    
  6.9769786E-04   4.798290    
  6.9969974E-04   5.097096    
  7.0170179E-04   5.028452    
  7.0370367E-04   4.866492    
  7.0570572E-04   4.088334    
  7.0770778E-04   3.222857    
  7.0970983E-04   3.061587    
  7.1171188E-04   2.708382    
  7.1371393E-04   2.081481    
  7.1571564E-04   2.391193    
  7.1771769E-04   2.918620    
  7.1971974E-04   2.481076    
  7.2172179E-04   1.864855    
  7.2372390E-04   1.647901    
  7.2572572E-04   1.668723    
  7.2772783E-04   2.199854    
  7.2972965E-04   2.725795    
  7.3173176E-04   2.589959    
  7.3373382E-04   2.571085    
  7.3573587E-04   2.889154    
  7.3773775E-04   2.901464    
  7.3973980E-04   3.146635    
  7.4174185E-04   3.780508    
  7.4374391E-04   3.670610    
  7.4574578E-04   3.004302    
  7.4774784E-04   2.790244    
  7.4974971E-04   2.677427    
  7.5175177E-04   2.307333    
  7.5375382E-04   2.182971    
  7.5575593E-04   2.447896    
  7.5775798E-04   2.996525    
  7.5975963E-04   3.636061    
  7.6176168E-04   3.725018    
  7.6376373E-04   3.179856    
  7.6576584E-04   2.726634    
  7.6776790E-04   2.558877    
  7.6976995E-04   2.355274    
  7.7177183E-04   2.181633    
  7.7377388E-04   2.336217    
  7.7577576E-04   2.740013    
  7.7777781E-04   2.920017    
  7.7977986E-04   2.679321    
  7.8178191E-04   2.463001    
  7.8378379E-04   2.477865    
  7.8578584E-04   2.424490    
  7.8778790E-04   2.357499    
  7.8979001E-04   2.449208    
  7.9179183E-04   2.411322    
  7.9379370E-04   2.191105    
  7.9579576E-04   2.123832    
  7.9779787E-04   2.272014    
  7.9979992E-04   2.465992    
  8.0180197E-04   2.495010    
  8.0380403E-04   2.263182    
  8.0580573E-04   2.155991    
  8.0780778E-04   2.372908    
  8.0980983E-04   2.379462    
  8.1181189E-04   2.075772    
  8.1381394E-04   2.132777    
  8.1581599E-04   2.529205    
  8.1781787E-04   2.453082    
  8.1981992E-04   1.762266    
  8.2182180E-04   1.215231    
  8.2382385E-04   1.178645    
  8.2582596E-04   1.189088    
  8.2782801E-04   1.146506    
  8.2982989E-04   1.590113    
  8.3183195E-04   2.276613    
  8.3383400E-04   2.401464    
  8.3583588E-04   2.149962    
  8.3783793E-04   1.981680    
  8.3983981E-04   1.675828    
  8.4184186E-04   1.358250    
  8.4384391E-04   1.360295    
  8.4584596E-04   1.287025    
  8.4784802E-04  0.9644308    
  8.4985013E-04  0.7587174    
  8.5185177E-04  0.6237519    
  8.5385382E-04  0.5295213    
  8.5585588E-04  0.6820250    
  8.5785793E-04  0.8344228    
  8.5986004E-04   1.001297    
  8.6186209E-04   1.612284    
  8.6386397E-04   2.178269    
  8.6586579E-04   1.976451    
  8.6786790E-04   1.487198    
  8.6986995E-04   1.395853    
  8.7187201E-04   1.653790    
  8.7387388E-04   1.912895    
  8.7587594E-04   1.912435    
  8.7787799E-04   1.842723    
  8.7988004E-04   2.063802    
  8.8188192E-04   2.286696    
  8.8388397E-04   2.254746    
  8.8588585E-04   2.264480    
  8.8788790E-04   2.149336    
  8.8988995E-04   1.766044    
  8.9189206E-04   1.862450    
  8.9389412E-04   2.514742    
  8.9589617E-04   2.773341    
  8.9789781E-04   2.512243    
  8.9989993E-04   2.223392    
  9.0190198E-04   1.968713    
  9.0390403E-04   1.899443    
  9.0590608E-04   2.120599    
  9.0790796E-04   2.275476    
  9.0991001E-04   2.296890    
  9.1191189E-04   2.304530    
  9.1391394E-04   2.070123    
  9.1591600E-04   1.704708    
  9.1791805E-04   1.563714    
  9.1991993E-04   1.503124    
  9.2192198E-04   1.490303    
  9.2392409E-04   1.721583    
  9.2592614E-04   1.719005    
  9.2792802E-04   1.079782    
  9.2993007E-04  0.4850823    
  9.3193189E-04  0.5239159    
  9.3393400E-04  0.7767543    
  9.3593606E-04  0.8570451    
  9.3793811E-04  0.9645012    
  9.3994016E-04   1.055243    
  9.4194186E-04  0.8201892    
  9.4394392E-04  0.5786873    
  9.4594597E-04  0.8208050    
  9.4794802E-04   1.197582    
  9.4995007E-04   1.346280    
  9.5195218E-04   1.596091    
  9.5395400E-04   1.840277    
  9.5595611E-04   1.605251    
  9.5795793E-04   1.348806    
  9.5995999E-04   1.545040    
  9.6196210E-04   1.639138    
  9.6396415E-04   1.521249    
  9.6596603E-04   1.893836    
  9.6796808E-04   2.588882    
  9.6997013E-04   2.740188    
  9.7197201E-04   2.329014    
  9.7397406E-04   1.989303    
  9.7597612E-04   1.920022    
  9.7797799E-04   1.843989    
  9.7998010E-04   1.670624    
  9.8198210E-04   1.627041    
  9.8398421E-04   1.691941    
  9.8598620E-04   1.614549    
  9.8798797E-04   1.472367    
  9.8998996E-04   1.394032    
  9.9199207E-04   1.335544    
  9.9399406E-04   1.471901    
  9.9599618E-04   1.737180    
  9.9799817E-04   1.644230    
  1.0000000E-03   1.366760    
