 -1.0000000E-03   2.726488    
 -9.9799817E-04   2.895412    
 -9.9599606E-04   3.036786    
 -9.9399406E-04   3.028229    
 -9.9199207E-04   2.938593    
 -9.8999008E-04   2.830993    
 -9.8798808E-04   2.699324    
 -9.8598609E-04   2.610400    
 -9.8398409E-04   2.702736    
 -9.8198210E-04   2.939114    
 -9.7998010E-04   3.041405    
 -9.7797811E-04   2.827112    
 -9.7597600E-04   2.486547    
 -9.7397406E-04   2.344602    
 -9.7197207E-04   2.419907    
 -9.6997002E-04   2.458971    
 -9.6796808E-04   2.394846    
 -9.6596603E-04   2.484877    
 -9.6396403E-04   2.872453    
 -9.6196210E-04   3.256423    
 -9.5995999E-04   3.243421    
 -9.5795805E-04   2.916543    
 -9.5595611E-04   2.765012    
 -9.5395400E-04   3.045561    
 -9.5195207E-04   3.468247    
 -9.4995002E-04   3.616491    
 -9.4794802E-04   3.453389    
 -9.4594609E-04   3.237714    
 -9.4394403E-04   3.102710    
 -9.4194204E-04   2.970783    
 -9.3993999E-04   2.830812    
 -9.3793799E-04   2.821507    
 -9.3593606E-04   2.974048    
 -9.3393400E-04   3.085326    
 -9.3193201E-04   3.004294    
 -9.2993007E-04   2.909905    
 -9.2792802E-04   3.108108    
 -9.2592603E-04   3.600562    
 -9.2392397E-04   4.027639    
 -9.2192198E-04   4.067544    
 -9.1992004E-04   3.769583    
 -9.1791799E-04   3.426571    
 -9.1591600E-04   3.253337    
 -9.1391394E-04   3.245835    
 -9.1191201E-04   3.290447    
 -9.0991001E-04   3.300869    
 -9.0790796E-04   3.274083    
 -9.0590597E-04   3.292000    
 -9.0390403E-04   3.457682    
 -9.0190198E-04   3.771101    
 -8.9989998E-04   4.088412    
 -8.9789793E-04   4.279754    
 -8.9589600E-04   4.389345    
 -8.9389400E-04   4.544363    
 -8.9189195E-04   4.712578    
 -8.8988995E-04   4.689279    
 -8.8788802E-04   4.403809    
 -8.8588597E-04   4.100709    
 -8.8388397E-04   4.071967    
 -8.8188192E-04   4.257666    
 -8.7987998E-04   4.286760    
 -8.7787799E-04   3.947911    
 -8.7587594E-04   3.476686    
 -8.7387394E-04   3.274881    
 -8.7187201E-04   3.437897    
 -8.6986995E-04   3.695311    
 -8.6786796E-04   3.790118    
 -8.6586591E-04   3.769174    
 -8.6386397E-04   3.840592    
 -8.6186186E-04   4.038673    
 -8.5985992E-04   4.154635    
 -8.5785793E-04   3.998953    
 -8.5585588E-04   3.659817    
 -8.5385394E-04   3.441057    
 -8.5185195E-04   3.552534    
 -8.4984989E-04   3.907722    
 -8.4784796E-04   4.240372    
 -8.4584596E-04   4.391541    
 -8.4384391E-04   4.424743    
 -8.4184197E-04   4.461818    
 -8.3983986E-04   4.498297    
 -8.3783793E-04   4.467715    
 -8.3583593E-04   4.426087    
 -8.3383388E-04   4.516886    
 -8.3183195E-04   4.711933    
 -8.2982989E-04   4.728344    
 -8.2782790E-04   4.337005    
 -8.2582590E-04   3.711655    
 -8.2382391E-04   3.303568    
 -8.2182192E-04   3.357260    
 -8.1981992E-04   3.682143    
 -8.1781787E-04   3.948466    
 -8.1581593E-04   4.057534    
 -8.1381388E-04   4.126666    
 -8.1181189E-04   4.224802    
 -8.0980989E-04   4.313435    
 -8.0780784E-04   4.419122    
 -8.0580590E-04   4.667442    
 -8.0380391E-04   5.074407    
 -8.0180186E-04   5.464459    
 -7.9979986E-04   5.676492    
 -7.9779787E-04   5.735255    
 -7.9579587E-04   5.700937    
 -7.9379388E-04   5.472321    
 -7.9179183E-04   4.933817    
 -7.8978989E-04   4.264132    
 -7.8778784E-04   3.878654    
 -7.8578584E-04   3.999936    
 -7.8378391E-04   4.437154    
 -7.8178186E-04   4.901341    
 -7.7977986E-04   5.365261    
 -7.7777787E-04   5.955852    
 -7.7577581E-04   6.586602    
 -7.7377388E-04   6.946577    
 -7.7177183E-04   6.869013    
 -7.6976983E-04   6.527503    
 -7.6776784E-04   6.184521    
 -7.6576584E-04   5.912836    
 -7.6376385E-04   5.668279    
 -7.6176180E-04   5.492009    
 -7.5975980E-04   5.449127    
 -7.5775781E-04   5.425178    
 -7.5575581E-04   5.200174    
 -7.5375382E-04   4.743069    
 -7.5175177E-04   4.301402    
 -7.4974983E-04   4.131723    
 -7.4774784E-04   4.273854    
 -7.4574584E-04   4.634536    
 -7.4374385E-04   5.122534    
 -7.4174179E-04   5.584019    
 -7.3973980E-04   5.742546    
 -7.3773781E-04   5.440109    
 -7.3573581E-04   4.928982    
 -7.3373382E-04   4.715792    
 -7.3173176E-04   5.016542    
 -7.2972977E-04   5.513872    
 -7.2772783E-04   5.736941    
 -7.2572578E-04   5.585659    
 -7.2372379E-04   5.369559    
 -7.2172179E-04   5.426803    
 -7.1971974E-04   5.828784    
 -7.1771780E-04   6.408154    
 -7.1571581E-04   6.909259    
 -7.1371376E-04   7.094779    
 -7.1171182E-04   6.866986    
 -7.0970977E-04   6.361964    
 -7.0770778E-04   5.830619    
 -7.0570578E-04   5.380633    
 -7.0370373E-04   4.955234    
 -7.0170179E-04   4.601257    
 -6.9969974E-04   4.585672    
 -6.9769775E-04   5.074657    
 -6.9569581E-04   5.807128    
 -6.9369370E-04   6.324179    
 -6.9169176E-04   6.520844    
 -6.8968977E-04   6.753366    
 -6.8768772E-04   7.291804    
 -6.8568578E-04   7.909024    
 -6.8368373E-04   8.165725    
 -6.8168173E-04   7.981992    
 -6.7967980E-04   7.689194    
 -6.7767769E-04   7.556881    
 -6.7567575E-04   7.495739    
 -6.7367376E-04   7.277848    
 -6.7167170E-04   6.868443    
 -6.6966977E-04   6.442746    
 -6.6766771E-04   6.212916    
 -6.6566572E-04   6.321181    
 -6.6366373E-04   6.788443    
 -6.6166167E-04   7.405390    
 -6.5965974E-04   7.804913    
 -6.5765769E-04   7.798022    
 -6.5565569E-04   7.610432    
 -6.5365370E-04   7.607101    
 -6.5165170E-04   7.810938    
 -6.4964971E-04   7.914347    
 -6.4764777E-04   7.764819    
 -6.4564572E-04   7.588465    
 -6.4364373E-04   7.598999    
 -6.4164173E-04   7.645503    
 -6.3963968E-04   7.499085    
 -6.3763774E-04   7.310777    
 -6.3563569E-04   7.442298    
 -6.3363370E-04   7.871748    
 -6.3163170E-04   8.136520    
 -6.2962971E-04   7.980754    
 -6.2762771E-04   7.729003    
 -6.2562566E-04   7.762742    
 -6.2362367E-04   7.896749    
 -6.2162167E-04   7.632041    
 -6.1961968E-04   6.925261    
 -6.1761768E-04   6.286407    
 -6.1561569E-04   6.070456    
 -6.1361369E-04   6.075376    
 -6.1161170E-04   6.011570    
 -6.0960965E-04   6.034444    
 -6.0760765E-04   6.451219    
 -6.0560566E-04   7.105883    
 -6.0360366E-04   7.478527    
 -6.0160167E-04   7.374119    
 -5.9959962E-04   7.141040    
 -5.9759768E-04   7.085401    
 -5.9559563E-04   7.030651    
 -5.9359364E-04   6.683769    
 -5.9159164E-04   6.183682    
 -5.8958959E-04   5.960708    
 -5.8758765E-04   6.132723    
 -5.8558560E-04   6.379607    
 -5.8358361E-04   6.409168    
 -5.8158167E-04   6.306098    
 -5.7957962E-04   6.358383    
 -5.7757762E-04   6.778363    
 -5.7557563E-04   7.638718    
 -5.7357363E-04   8.812091    
 -5.7157158E-04   9.846916    
 -5.6956959E-04   10.18695    
 -5.6756765E-04   9.814116    
 -5.6556566E-04   9.463741    
 -5.6356360E-04   9.838362    
 -5.6156161E-04   10.69601    
 -5.5955962E-04   11.13774    
 -5.5755756E-04   10.82087    
 -5.5555563E-04   10.37236    
 -5.5355357E-04   10.37667    
 -5.5155164E-04   10.42074    
 -5.4954959E-04   9.692736    
 -5.4754759E-04   8.289856    
 -5.4554560E-04   7.261892    
 -5.4354360E-04   7.248242    
 -5.4154155E-04   7.647935    
 -5.3953961E-04   7.521470    
 -5.3753756E-04   6.894190    
 -5.3553557E-04   6.649651    
 -5.3353363E-04   7.313997    
 -5.3153158E-04   8.486275    
 -5.2952959E-04   9.496839    
 -5.2752759E-04   10.12861    
 -5.2552560E-04   10.50264    
 -5.2352354E-04   10.68205    
 -5.2152161E-04   10.75924    
 -5.1951956E-04   11.04188    
 -5.1751756E-04   11.68246    
 -5.1551557E-04   12.22309    
 -5.1351357E-04   12.00826    
 -5.1151158E-04   11.10946    
 -5.0950953E-04   10.40968    
 -5.0750753E-04   10.53271    
 -5.0550560E-04   11.06150    
 -5.0350348E-04   11.17686    
 -5.0150155E-04   10.80482    
 -4.9949955E-04   10.62291    
 -4.9749750E-04   10.97813    
 -4.9549557E-04   11.34639    
 -4.9349351E-04   11.13089    
 -4.9149158E-04   10.56433    
 -4.8948952E-04   10.37721    
 -4.8748756E-04   10.71475    
 -4.8548554E-04   10.89267    
 -4.8348351E-04   10.35412    
 -4.8148152E-04   9.490938    
 -4.7947955E-04   9.189658    
 -4.7747753E-04   9.715582    
 -4.7547551E-04   10.39847    
 -4.7347351E-04   10.47244    
 -4.7147155E-04   9.969973    
 -4.6946947E-04   9.620509    
 -4.6746750E-04   9.969943    
 -4.6546553E-04   10.86431    
 -4.6346348E-04   11.83627    
 -4.6146152E-04   12.78813    
 -4.5945949E-04   14.03122    
 -4.5745753E-04   15.65948    
 -4.5545548E-04   17.17575    
 -4.5345351E-04   17.98852    
 -4.5145149E-04   18.17345    
 -4.4944949E-04   18.40387    
 -4.4744747E-04   19.03116    
 -4.4544550E-04   19.54346    
 -4.4344345E-04   19.22347    
 -4.4144149E-04   18.21264    
 -4.3943946E-04   17.46964    
 -4.3743750E-04   17.59725    
 -4.3543545E-04   18.09497    
 -4.3343348E-04   18.07948    
 -4.3143152E-04   17.52073    
 -4.2942943E-04   17.33302    
 -4.2742747E-04   18.20463    
 -4.2542547E-04   19.70592    
 -4.2342345E-04   20.74854    
 -4.2142143E-04   20.70525    
 -4.1941946E-04   19.84358    
 -4.1741747E-04   18.81931    
 -4.1541544E-04   18.08158    
 -4.1341342E-04   17.79130    
 -4.1141146E-04   18.01179    
 -4.0940940E-04   18.73297    
 -4.0740744E-04   19.74652    
 -4.0540542E-04   20.67208    
 -4.0340348E-04   21.17905    
 -4.0140140E-04   21.23198    
 -3.9939943E-04   21.14278    
 -3.9739747E-04   21.29050    
 -3.9539541E-04   21.63269    
 -3.9339345E-04   21.52291    
 -3.9139143E-04   20.31629    
 -3.8938943E-04   18.34408    
 -3.8738741E-04   17.02361    
 -3.8538544E-04   17.57065    
 -3.8338342E-04   19.57647    
 -3.8138143E-04   21.28236    
 -3.7937940E-04   21.52081    
 -3.7737744E-04   21.11293    
 -3.7537538E-04   21.91493    
 -3.7337342E-04   24.56790    
 -3.7137140E-04   27.56252    
 -3.6936937E-04   28.75280    
 -3.6736741E-04   27.53861    
 -3.6536541E-04   25.38711    
 -3.6336345E-04   24.32309    
 -3.6136137E-04   25.12716    
 -3.5935940E-04   26.95993    
 -3.5735741E-04   28.44298    
 -3.5535538E-04   28.89400    
 -3.5335336E-04   28.58790    
 -3.5135139E-04   28.12013    
 -3.4934940E-04   27.80409    
 -3.4734738E-04   27.77557    
 -3.4534535E-04   28.39719    
 -3.4334339E-04   30.12523    
 -3.4134134E-04   32.78653    
 -3.3933937E-04   35.34012    
 -3.3733735E-04   36.74537    
 -3.3533535E-04   37.01383    
 -3.3333339E-04   37.00167    
 -3.3133136E-04   37.15448    
 -3.2932940E-04   37.00238    
 -3.2732735E-04   36.16122    
 -3.2532538E-04   35.40644    
 -3.2332336E-04   36.07484    
 -3.2132133E-04   38.45263    
 -3.1931934E-04   41.34622    
 -3.1731738E-04   43.41635    
 -3.1531529E-04   44.42490    
 -3.1331333E-04   44.88546    
 -3.1131133E-04   45.08000    
 -3.0930937E-04   45.05947    
 -3.0730729E-04   45.24730    
 -3.0530532E-04   46.22129    
 -3.0330333E-04   47.74718    
 -3.0130130E-04   48.82107    
 -2.9929934E-04   49.05069    
 -2.9729735E-04   49.40983    
 -2.9529538E-04   50.93741    
 -2.9329330E-04   53.13198    
 -2.9129133E-04   54.46073    
 -2.8928934E-04   54.44734    
 -2.8728732E-04   54.33406    
 -2.8528529E-04   55.34792    
 -2.8328333E-04   57.08464    
 -2.8128127E-04   58.27341    
 -2.7927931E-04   58.66988    
 -2.7727729E-04   59.21132    
 -2.7527532E-04   60.35011    
 -2.7327327E-04   61.17375    
 -2.7127130E-04   60.66016    
 -2.6926928E-04   59.26817    
 -2.6726729E-04   58.72448    
 -2.6526532E-04   60.38943    
 -2.6326330E-04   64.23288    
 -2.6126127E-04   69.20331    
 -2.5925928E-04   74.11053    
 -2.5725731E-04   78.23438    
 -2.5525529E-04   81.62449    
 -2.5325327E-04   85.00568    
 -2.5125127E-04   88.97541    
 -2.4924931E-04   93.09206    
 -2.4724723E-04   96.16407    
 -2.4524526E-04   97.70428    
 -2.4324325E-04   98.69834    
 -2.4124124E-04   100.4907    
 -2.3923923E-04   103.1136    
 -2.3723727E-04   105.3741    
 -2.3523530E-04   106.5765    
 -2.3323324E-04   107.5727    
 -2.3123127E-04   109.7364    
 -2.2922926E-04   113.2713    
 -2.2722724E-04   116.9842    
 -2.2522523E-04   119.6744    
 -2.2322327E-04   121.5273    
 -2.2122126E-04   124.1903    
 -2.1921925E-04   129.4657    
 -2.1721722E-04   137.5807    
 -2.1521526E-04   146.4408    
 -2.1321321E-04   153.0202    
 -2.1121124E-04   156.1055    
 -2.0920922E-04   157.5785    
 -2.0720721E-04   160.3596    
 -2.0520520E-04   165.1471    
 -2.0320324E-04   170.0401    
 -2.0120127E-04   173.5470    
 -1.9919920E-04   176.9160    
 -1.9719724E-04   182.4844    
 -1.9519523E-04   190.4445    
 -1.9319321E-04   198.6587    
 -1.9119120E-04   205.7317    
 -1.8918923E-04   212.7938    
 -1.8718716E-04   221.6216    
 -1.8518520E-04   232.0540    
 -1.8318319E-04   242.3106    
 -1.8118123E-04   251.0377    
 -1.7917916E-04   257.9437    
 -1.7717719E-04   263.1063    
 -1.7517518E-04   267.4076    
 -1.7317318E-04   273.5507    
 -1.7117115E-04   284.4622    
 -1.6916920E-04   299.5922    
 -1.6716713E-04   314.6023    
 -1.6516517E-04   326.4698    
 -1.6316320E-04   337.9109    
 -1.6116124E-04   354.2330    
 -1.5915917E-04   376.1824    
 -1.5715721E-04   398.6673    
 -1.5515515E-04   417.7247    
 -1.5315319E-04   436.0103    
 -1.5115112E-04   459.1159    
 -1.4914916E-04   488.1697    
 -1.4714719E-04   519.5483    
 -1.4514512E-04   551.6226    
 -1.4314307E-04   587.8130    
 -1.4114119E-04   630.9734    
 -1.3913914E-04   677.6143    
 -1.3713718E-04   720.8259    
 -1.3513521E-04   757.7326    
 -1.3313314E-04   790.6053    
 -1.3113118E-04   821.1598    
 -1.2912911E-04   848.1759    
 -1.2712716E-04   872.6399    
 -1.2512520E-04   901.3588    
 -1.2312313E-04   941.1551    
 -1.2112106E-04   990.5148    
 -1.1911920E-04   1041.446    
 -1.1711713E-04   1090.284    
 -1.1511507E-04   1142.437    
 -1.1311311E-04   1203.970    
 -1.1111114E-04   1271.725    
 -1.0910908E-04   1336.414    
 -1.0710712E-04   1395.015    
 -1.0510505E-04   1455.758    
 -1.0310319E-04   1529.495    
 -1.0110113E-04   1619.991    
 -9.9099059E-05   1725.739    
 -9.7097196E-05   1848.880    
 -9.5095129E-05   1997.274    
 -9.3093069E-05   2176.702    
 -9.1091104E-05   2384.654    
 -8.9089139E-05   2613.915    
 -8.7087079E-05   2860.289    
 -8.5085114E-05   3125.163    
 -8.3083047E-05   3413.457    
 -8.1081089E-05   3733.725    
 -7.9079124E-05   4099.892    
 -7.7077057E-05   4525.562    
 -7.5074997E-05   5009.410    
 -7.3073126E-05   5525.643    
 -7.1071066E-05   6033.909    
 -6.9069007E-05   6502.346    
 -6.7067136E-05   6921.020    
 -6.5065076E-05   7290.412    
 -6.3063111E-05   7597.118    
 -6.1061044E-05   7805.621    
 -5.9059083E-05   7877.374    
 -5.7057117E-05   7799.532    
 -5.5055058E-05   7594.329    
 -5.3052994E-05   7301.128    
 -5.1051127E-05   6950.427    
 -4.9049064E-05   6555.321    
 -4.7047000E-05   6124.583    
 -4.5045035E-05   5677.502    
 -4.3043074E-05   5242.262    
 -4.1041010E-05   4840.971    
 -3.9039045E-05   4479.245    
 -3.7036982E-05   4150.836    
 -3.5035016E-05   3850.274    
 -3.3033055E-05   3578.476    
 -3.1030992E-05   3338.419    
 -2.9029125E-05   3129.973    
 -2.7027061E-05   2950.486    
 -2.5024998E-05   2798.364    
 -2.3023034E-05   2672.476    
 -2.1021069E-05   2568.406    
 -1.9019006E-05   2478.222    
 -1.7017042E-05   2395.214    
 -1.5014979E-05   2318.054    
 -1.3013015E-05   2249.532    
 -1.1011050E-05   2192.279    
 -9.0089879E-06   2147.835    
 -7.0069245E-06   2117.983    
 -5.0050589E-06   2104.006    
 -3.0029958E-06   2102.750    
 -1.0009326E-06   2106.075    
  1.0009326E-06   2106.077    
  3.0029958E-06   2102.749    
  5.0050589E-06   2103.998    
  7.0070232E-06   2117.962    
  9.0089879E-06   2147.837    
  1.1010952E-05   2192.290    
  1.3013015E-05   2249.532    
  1.5015078E-05   2318.074    
  1.7016944E-05   2395.191    
  1.9019006E-05   2478.226    
  2.1021069E-05   2568.406    
  2.3023034E-05   2672.476    
  2.5024998E-05   2798.361    
  2.7027061E-05   2950.485    
  2.9029026E-05   3129.962    
  3.1030992E-05   3338.418    
  3.3033055E-05   3578.476    
  3.5035016E-05   3850.276    
  3.7037080E-05   4150.859    
  3.9039045E-05   4479.244    
  4.1041010E-05   4840.974    
  4.3043074E-05   5242.263    
  4.5045035E-05   5677.503    
  4.7047000E-05   6124.583    
  4.9049064E-05   6555.323    
  5.1051029E-05   6950.418    
  5.3053092E-05   7301.152    
  5.5055058E-05   7594.333    
  5.7057019E-05   7799.515    
  5.9059083E-05   7877.374    
  6.1061146E-05   7805.607    
  6.3063009E-05   7597.135    
  6.5065076E-05   7290.416    
  6.7067136E-05   6921.021    
  6.9069007E-05   6502.348    
  7.1071066E-05   6033.910    
  7.3073126E-05   5525.646    
  7.5075091E-05   5009.394    
  7.7077057E-05   4525.562    
  7.9079124E-05   4099.894    
  8.1081089E-05   3733.729    
  8.3083149E-05   3413.447    
  8.5085012E-05   3125.178    
  8.7087079E-05   2860.293    
  8.9089139E-05   2613.918    
  9.1091104E-05   2384.658    
  9.3093069E-05   2176.703    
  9.5095129E-05   1997.276    
  9.7097094E-05   1848.889    
  9.9099059E-05   1725.738    
  1.0110113E-04   1619.991    
  1.0310309E-04   1529.499    
  1.0510515E-04   1455.753    
  1.0710712E-04   1395.016    
  1.0910908E-04   1336.417    
  1.1111114E-04   1271.727    
  1.1311321E-04   1203.964    
  1.1511507E-04   1142.438    
  1.1711713E-04   1090.285    
  1.1911910E-04   1041.450    
  1.2112116E-04   990.5083    
  1.2312313E-04   941.1543    
  1.2512509E-04   901.3618    
  1.2712716E-04   872.6376    
  1.2912921E-04   848.1717    
  1.3113108E-04   821.1587    
  1.3313314E-04   790.6041    
  1.3513521E-04   757.7318    
  1.3713707E-04   720.8245    
  1.3913914E-04   677.6149    
  1.4114119E-04   630.9750    
  1.4314316E-04   587.8096    
  1.4514512E-04   551.6218    
  1.4714719E-04   519.5482    
  1.4914916E-04   488.1714    
  1.5115122E-04   459.1164    
  1.5315319E-04   436.0099    
  1.5515515E-04   417.7234    
  1.5715721E-04   398.6667    
  1.5915917E-04   376.1818    
  1.6116114E-04   354.2328    
  1.6316320E-04   337.9114    
  1.6516517E-04   326.4709    
  1.6716713E-04   314.6021    
  1.6916920E-04   299.5922    
  1.7117115E-04   284.4618    
  1.7317322E-04   273.5511    
  1.7517518E-04   267.4071    
  1.7717715E-04   263.1058    
  1.7917922E-04   257.9439    
  1.8118128E-04   251.0408    
  1.8318315E-04   242.3116    
  1.8518520E-04   232.0536    
  1.8718727E-04   221.6185    
  1.8918923E-04   212.7933    
  1.9119120E-04   205.7312    
  1.9319316E-04   198.6586    
  1.9519523E-04   190.4446    
  1.9719728E-04   182.4867    
  1.9919916E-04   176.9164    
  2.0120121E-04   173.5479    
  2.0320328E-04   170.0388    
  2.0520514E-04   165.1474    
  2.0720721E-04   160.3593    
  2.0920928E-04   157.5798    
  2.1121124E-04   156.1054    
  2.1321321E-04   153.0202    
  2.1521526E-04   146.4416    
  2.1721722E-04   137.5807    
  2.1921929E-04   129.4656    
  2.2122126E-04   124.1902    
  2.2322322E-04   121.5271    
  2.2522529E-04   119.6742    
  2.2722724E-04   116.9845    
  2.2922920E-04   113.2717    
  2.3123127E-04   109.7365    
  2.3323324E-04   107.5721    
  2.3523520E-04   106.5765    
  2.3723727E-04   105.3734    
  2.3923923E-04   103.1142    
  2.4124129E-04   100.4911    
  2.4324325E-04   98.69888    
  2.4524523E-04   97.70325    
  2.4724728E-04   96.16527    
  2.4924934E-04   93.09327    
  2.5125121E-04   88.97577    
  2.5325327E-04   85.00552    
  2.5525535E-04   81.62402    
  2.5725731E-04   78.23361    
  2.5925928E-04   74.11057    
  2.6126133E-04   69.20263    
  2.6326330E-04   64.23277    
  2.6526526E-04   60.38983    
  2.6726723E-04   58.72504    
  2.6926928E-04   59.26794    
  2.7127136E-04   60.66028    
  2.7327321E-04   61.17600    
  2.7527529E-04   60.35003    
  2.7727734E-04   59.21052    
  2.7927931E-04   58.66980    
  2.8128127E-04   58.27316    
  2.8328333E-04   57.08465    
  2.8528529E-04   55.34820    
  2.8728737E-04   54.33252    
  2.8928934E-04   54.44779    
  2.9129130E-04   54.46000    
  2.9329336E-04   53.13129    
  2.9529541E-04   50.93769    
  2.9729729E-04   49.40821    
  2.9929934E-04   49.05059    
  3.0130130E-04   48.82096    
  3.0330327E-04   47.74780    
  3.0530532E-04   46.22063    
  3.0730729E-04   45.24722    
  3.0930937E-04   45.05988    
  3.1131133E-04   45.07994    
  3.1331330E-04   44.88525    
  3.1531535E-04   44.42517    
  3.1731740E-04   43.41683    
  3.1931928E-04   41.34531    
  3.2132133E-04   38.45269    
  3.2332342E-04   36.07425    
  3.2532538E-04   35.40601    
  3.2732735E-04   36.16090    
  3.2932940E-04   37.00180    
  3.3133136E-04   37.15436    
  3.3333333E-04   37.00013    
  3.3533538E-04   37.01496    
  3.3733735E-04   36.74549    
  3.3933943E-04   35.33819    
  3.4134128E-04   32.78729    
  3.4334336E-04   30.12508    
  3.4534541E-04   28.39793    
  3.4734738E-04   27.77577    
  3.4934934E-04   27.80399    
  3.5135139E-04   28.11984    
  3.5335336E-04   28.58788    
  3.5535544E-04   28.89416    
  3.5735741E-04   28.44291    
  3.5935937E-04   26.95989    
  3.6136142E-04   25.12736    
  3.6336348E-04   24.32428    
  3.6536535E-04   25.38706    
  3.6736741E-04   27.53878    
  3.6936949E-04   28.75369    
  3.7137134E-04   27.56356    
  3.7337342E-04   24.56780    
  3.7537538E-04   21.91512    
  3.7737744E-04   21.11334    
  3.7937940E-04   21.52084    
  3.8138137E-04   21.28181    
  3.8338342E-04   19.57685    
  3.8538550E-04   17.57116    
  3.8738735E-04   17.02405    
  3.8938943E-04   18.34426    
  3.9139148E-04   20.31690    
  3.9339345E-04   21.52246    
  3.9539541E-04   21.63240    
  3.9739747E-04   21.29077    
  3.9939943E-04   21.14227    
  4.0140140E-04   21.23152    
  4.0340348E-04   21.17899    
  4.0540542E-04   20.67253    
  4.0740750E-04   19.74568    
  4.0940935E-04   18.73282    
  4.1141143E-04   18.01250    
  4.1341348E-04   17.79162    
  4.1541544E-04   18.08142    
  4.1741741E-04   18.81941    
  4.1941946E-04   19.84324    
  4.2142143E-04   20.70567    
  4.2342351E-04   20.74905    
  4.2542547E-04   19.70583    
  4.2742744E-04   18.20499    
  4.2942949E-04   17.33358    
  4.3143146E-04   17.52089    
  4.3343342E-04   18.07981    
  4.3543548E-04   18.09453    
  4.3743756E-04   17.59745    
  4.3943941E-04   17.46955    
  4.4144149E-04   18.21268    
  4.4344354E-04   19.22344    
  4.4544550E-04   19.54330    
  4.4744747E-04   19.03162    
  4.4944944E-04   18.40317    
  4.5145149E-04   18.17337    
  4.5345357E-04   17.98742    
  4.5545542E-04   17.17553    
  4.5745750E-04   15.65880    
  4.5945955E-04   14.03104    
  4.6146152E-04   12.78794    
  4.6346348E-04   11.83631    
  4.6546553E-04   10.86443    
  4.6746750E-04   9.969839    
  4.6946947E-04   9.620481    
  4.7147155E-04   9.969791    
  4.7347351E-04   10.47224    
  4.7547556E-04   10.39846    
  4.7747753E-04   9.715331    
  4.7947949E-04   9.189788    
  4.8148155E-04   9.490737    
  4.8348351E-04   10.35389    
  4.8548548E-04   10.89203    
  4.8748756E-04   10.71445    
  4.8948952E-04   10.37691    
  4.9149158E-04   10.56434    
  4.9349351E-04   11.13078    
  4.9549551E-04   11.34647    
  4.9749756E-04   10.97750    
  4.9949955E-04   10.62226    
  5.0150149E-04   10.80447    
  5.0350354E-04   11.17725    
  5.0550560E-04   11.06141    
  5.0750747E-04   10.53254    
  5.0950953E-04   10.40959    
  5.1151164E-04   11.10898    
  5.1351357E-04   12.00810    
  5.1551557E-04   12.22363    
  5.1751762E-04   11.68272    
  5.1951956E-04   11.04229    
  5.2152161E-04   10.75914    
  5.2352349E-04   10.68252    
  5.2552554E-04   10.50306    
  5.2752765E-04   10.12859    
  5.2952947E-04   9.496902    
  5.3153158E-04   8.486938    
  5.3353363E-04   7.313997    
  5.3553557E-04   6.649570    
  5.3753756E-04   6.894218    
  5.3953961E-04   7.521417    
  5.4154155E-04   7.647556    
  5.4354366E-04   7.248596    
  5.4554560E-04   7.262097    
  5.4754753E-04   8.289939    
  5.4954964E-04   9.693274    
  5.5155170E-04   10.42124    
  5.5355357E-04   10.37622    
  5.5555563E-04   10.37241    
  5.5755756E-04   10.82084    
  5.5955962E-04   11.13764    
  5.6156161E-04   10.69628    
  5.6356355E-04   9.838242    
  5.6556566E-04   9.463640    
  5.6756759E-04   9.813869    
  5.6956959E-04   10.18691    
  5.7157164E-04   9.846915    
  5.7357369E-04   8.812792    
  5.7557557E-04   7.638717    
  5.7757762E-04   6.778710    
  5.7957968E-04   6.358526    
  5.8158167E-04   6.305812    
  5.8358361E-04   6.409377    
  5.8558566E-04   6.379691    
  5.8758765E-04   6.132761    
  5.8958970E-04   5.960762    
  5.9159164E-04   6.183916    
  5.9359364E-04   6.683643    
  5.9559569E-04   7.031303    
  5.9759757E-04   7.085700    
  5.9959962E-04   7.140657    
  6.0160167E-04   7.373881    
  6.0360366E-04   7.478606    
  6.0560560E-04   7.105981    
  6.0760765E-04   6.451271    
  6.0960965E-04   6.034484    
  6.1161170E-04   6.011459    
  6.1361369E-04   6.075341    
  6.1561563E-04   6.070608    
  6.1761768E-04   6.286425    
  6.1961974E-04   6.925325    
  6.2162161E-04   7.632028    
  6.2362367E-04   7.896808    
  6.2562578E-04   7.763238    
  6.2762771E-04   7.729200    
  6.2962971E-04   7.980716    
  6.3163164E-04   8.136200    
  6.3363370E-04   7.871519    
  6.3563569E-04   7.442105    
  6.3763763E-04   7.310281    
  6.3963968E-04   7.499311    
  6.4164179E-04   7.645334    
  6.4364361E-04   7.599012    
  6.4564572E-04   7.588503    
  6.4764777E-04   7.764768    
  6.4964971E-04   7.914448    
  6.5165170E-04   7.810879    
  6.5365375E-04   7.606941    
  6.5565569E-04   7.610492    
  6.5765780E-04   7.798031    
  6.5965974E-04   7.804887    
  6.6166167E-04   7.405297    
  6.6366378E-04   6.788123    
  6.6566584E-04   6.321368    
  6.6766771E-04   6.213107    
  6.6966977E-04   6.442939    
  6.7167165E-04   6.868753    
  6.7367370E-04   7.277940    
  6.7567575E-04   7.495432    
  6.7767763E-04   7.556776    
  6.7967968E-04   7.689051    
  6.8168173E-04   7.981843    
  6.8368379E-04   8.165780    
  6.8568566E-04   7.909291    
  6.8768772E-04   7.291738    
  6.8968977E-04   6.753416    
  6.9169188E-04   6.521667    
  6.9369370E-04   6.324299    
  6.9569581E-04   5.806914    
  6.9769786E-04   5.074656    
  6.9969974E-04   4.585381    
  7.0170179E-04   4.601047    
  7.0370367E-04   4.955484    
  7.0570572E-04   5.380033    
  7.0770778E-04   5.830414    
  7.0970983E-04   6.362663    
  7.1171188E-04   6.867130    
  7.1371393E-04   7.095098    
  7.1571564E-04   6.909925    
  7.1771769E-04   6.407543    
  7.1971974E-04   5.828857    
  7.2172179E-04   5.427407    
  7.2372390E-04   5.369903    
  7.2572572E-04   5.585175    
  7.2772783E-04   5.736931    
  7.2972965E-04   5.513978    
  7.3173176E-04   5.016376    
  7.3373382E-04   4.715840    
  7.3573587E-04   4.929018    
  7.3773775E-04   5.439891    
  7.3973980E-04   5.742459    
  7.4174185E-04   5.583610    
  7.4374391E-04   5.122276    
  7.4574578E-04   4.634413    
  7.4774784E-04   4.273641    
  7.4974971E-04   4.132218    
  7.5175177E-04   4.301535    
  7.5375382E-04   4.743004    
  7.5575593E-04   5.199965    
  7.5775798E-04   5.424793    
  7.5975963E-04   5.449101    
  7.6176168E-04   5.492136    
  7.6376373E-04   5.667618    
  7.6576584E-04   5.912673    
  7.6776790E-04   6.184981    
  7.6976995E-04   6.528014    
  7.7177183E-04   6.869239    
  7.7377388E-04   6.946671    
  7.7577576E-04   6.586614    
  7.7777781E-04   5.955914    
  7.7977986E-04   5.365229    
  7.8178191E-04   4.901570    
  7.8378379E-04   4.437789    
  7.8578584E-04   3.999800    
  7.8778790E-04   3.878497    
  7.8979001E-04   4.263679    
  7.9179183E-04   4.933805    
  7.9379370E-04   5.472308    
  7.9579576E-04   5.700789    
  7.9779787E-04   5.735192    
  7.9979992E-04   5.676316    
  8.0180197E-04   5.464017    
  8.0380403E-04   5.074009    
  8.0580573E-04   4.667274    
  8.0780778E-04   4.419394    
  8.0980983E-04   4.313151    
  8.1181189E-04   4.224757    
  8.1381394E-04   4.127382    
  8.1581599E-04   4.057413    
  8.1781787E-04   3.948573    
  8.1981992E-04   3.682194    
  8.2182180E-04   3.357263    
  8.2382385E-04   3.303643    
  8.2582596E-04   3.711873    
  8.2782801E-04   4.337040    
  8.2982989E-04   4.728331    
  8.3183195E-04   4.711834    
  8.3383400E-04   4.516697    
  8.3583588E-04   4.426102    
  8.3783793E-04   4.467797    
  8.3983981E-04   4.498082    
  8.4184186E-04   4.461712    
  8.4384391E-04   4.424997    
  8.4584596E-04   4.391523    
  8.4784802E-04   4.240308    
  8.4985013E-04   3.907340    
  8.5185177E-04   3.552458    
  8.5385382E-04   3.440466    
  8.5585588E-04   3.659791    
  8.5785793E-04   3.998902    
  8.5986004E-04   4.154751    
  8.6186209E-04   4.038805    
  8.6386397E-04   3.840431    
  8.6586579E-04   3.768977    
  8.6786790E-04   3.789921    
  8.6986995E-04   3.695472    
  8.7187201E-04   3.438052    
  8.7387388E-04   3.274570    
  8.7587594E-04   3.476711    
  8.7787799E-04   3.947949    
  8.7988004E-04   4.286751    
  8.8188192E-04   4.257561    
  8.8388397E-04   4.072171    
  8.8588585E-04   4.100859    
  8.8788790E-04   4.404268    
  8.8988995E-04   4.689318    
  8.9189206E-04   4.712277    
  8.9389412E-04   4.543990    
  8.9589617E-04   4.388756    
  8.9789781E-04   4.280108    
  8.9989993E-04   4.088501    
  9.0190198E-04   3.771240    
  9.0390403E-04   3.457883    
  9.0590608E-04   3.291679    
  9.0790796E-04   3.274106    
  9.0991001E-04   3.300932    
  9.1191189E-04   3.290295    
  9.1391394E-04   3.245914    
  9.1591600E-04   3.253320    
  9.1791805E-04   3.426983    
  9.1991993E-04   3.769496    
  9.2192198E-04   4.067606    
  9.2392409E-04   4.027271    
  9.2592614E-04   3.600626    
  9.2792802E-04   3.108145    
  9.2993007E-04   2.909778    
  9.3193189E-04   3.004561    
  9.3393400E-04   3.085340    
  9.3593606E-04   2.974180    
  9.3793811E-04   2.821368    
  9.3994016E-04   2.831075    
  9.4194186E-04   2.971452    
  9.4394392E-04   3.103216    
  9.4594597E-04   3.238054    
  9.4794802E-04   3.453139    
  9.4995007E-04   3.616397    
  9.5195218E-04   3.468408    
  9.5395400E-04   3.045618    
  9.5595611E-04   2.764775    
  9.5795793E-04   2.916688    
  9.5995999E-04   3.243439    
  9.6196210E-04   3.256449    
  9.6396415E-04   2.872252    
  9.6596603E-04   2.484726    
  9.6796808E-04   2.394841    
  9.6997013E-04   2.459148    
  9.7197201E-04   2.419932    
  9.7397406E-04   2.344802    
  9.7597612E-04   2.486846    
  9.7797799E-04   2.826709    
  9.7998010E-04   3.041401    
  9.8198210E-04   2.938995    
  9.8398421E-04   2.702639    
  9.8598620E-04   2.610286    
  9.8798797E-04   2.699283    
  9.8998996E-04   2.831047    
  9.9199207E-04   2.938684    
  9.9399406E-04   3.028596    
  9.9599618E-04   3.037106    
  9.9799817E-04   2.895336    
  1.0000000E-03   2.726622    
