 -1.0000000E-03   2.482033    
 -9.9799817E-04   2.324760    
 -9.9599606E-04   2.131437    
 -9.9399406E-04   2.146756    
 -9.9199207E-04   2.449520    
 -9.8999008E-04   2.808468    
 -9.8798808E-04   2.971297    
 -9.8598609E-04   2.973090    
 -9.8398409E-04   3.045587    
 -9.8198210E-04   3.258105    
 -9.7998010E-04   3.413888    
 -9.7797811E-04   3.353677    
 -9.7597600E-04   3.170932    
 -9.7397406E-04   3.045750    
 -9.7197207E-04   2.989010    
 -9.6997002E-04   2.892233    
 -9.6796808E-04   2.778415    
 -9.6596603E-04   2.798942    
 -9.6396403E-04   2.993710    
 -9.6196210E-04   3.190089    
 -9.5995999E-04   3.225567    
 -9.5795805E-04   3.120157    
 -9.5595611E-04   2.999145    
 -9.5395400E-04   2.905143    
 -9.5195207E-04   2.816756    
 -9.4995002E-04   2.753254    
 -9.4794802E-04   2.748468    
 -9.4594609E-04   2.746716    
 -9.4394403E-04   2.670857    
 -9.4194204E-04   2.588601    
 -9.3993999E-04   2.679720    
 -9.3793799E-04   2.977645    
 -9.3593606E-04   3.283200    
 -9.3393400E-04   3.401268    
 -9.3193201E-04   3.396367    
 -9.2993007E-04   3.476294    
 -9.2792802E-04   3.694187    
 -9.2592603E-04   3.899471    
 -9.2392397E-04   3.974006    
 -9.2192198E-04   3.959018    
 -9.1992004E-04   3.927788    
 -9.1791799E-04   3.863388    
 -9.1591600E-04   3.758672    
 -9.1391394E-04   3.686406    
 -9.1191201E-04   3.709927    
 -9.0991001E-04   3.751359    
 -9.0790796E-04   3.724393    
 -9.0590597E-04   3.710716    
 -9.0390403E-04   3.879634    
 -9.0190198E-04   4.201405    
 -8.9989998E-04   4.431291    
 -8.9789793E-04   4.428114    
 -8.9589600E-04   4.333932    
 -8.9389400E-04   4.312759    
 -8.9189195E-04   4.272697    
 -8.8988995E-04   4.014895    
 -8.8788802E-04   3.628542    
 -8.8588597E-04   3.484222    
 -8.8388397E-04   3.791960    
 -8.8188192E-04   4.326238    
 -8.7987998E-04   4.693815    
 -8.7787799E-04   4.784337    
 -8.7587594E-04   4.787867    
 -8.7387394E-04   4.883821    
 -8.7187201E-04   5.054941    
 -8.6986995E-04   5.204542    
 -8.6786796E-04   5.275504    
 -8.6586591E-04   5.241912    
 -8.6386397E-04   5.077532    
 -8.6186186E-04   4.847101    
 -8.5985992E-04   4.725773    
 -8.5785793E-04   4.848537    
 -8.5585588E-04   5.144573    
 -8.5385394E-04   5.419350    
 -8.5185195E-04   5.530352    
 -8.4984989E-04   5.411240    
 -8.4784796E-04   5.051323    
 -8.4584596E-04   4.545496    
 -8.4384391E-04   4.172668    
 -8.4184197E-04   4.194145    
 -8.3983986E-04   4.579646    
 -8.3783793E-04   4.998362    
 -8.3583593E-04   5.190121    
 -8.3383388E-04   5.201008    
 -8.3183195E-04   5.165112    
 -8.2982989E-04   5.002779    
 -8.2782790E-04   4.572027    
 -8.2582590E-04   4.025986    
 -8.2382391E-04   3.771800    
 -8.2182192E-04   3.992483    
 -8.1981992E-04   4.427847    
 -8.1781787E-04   4.752882    
 -8.1581593E-04   5.005129    
 -8.1381388E-04   5.408986    
 -8.1181189E-04   5.899299    
 -8.0980989E-04   6.131360    
 -8.0780784E-04   5.992968    
 -8.0580590E-04   5.840336    
 -8.0380391E-04   6.062544    
 -8.0180186E-04   6.588888    
 -7.9979986E-04   6.998528    
 -7.9779787E-04   7.042742    
 -7.9579587E-04   6.834921    
 -7.9379388E-04   6.568810    
 -7.9179183E-04   6.287222    
 -7.8978989E-04   6.010894    
 -7.8778784E-04   5.877310    
 -7.8578584E-04   6.011934    
 -7.8378391E-04   6.292941    
 -7.8178186E-04   6.478924    
 -7.7977986E-04   6.463421    
 -7.7777787E-04   6.349058    
 -7.7577581E-04   6.245718    
 -7.7377388E-04   6.150564    
 -7.7177183E-04   6.034820    
 -7.6976983E-04   5.968095    
 -7.6776784E-04   6.027572    
 -7.6576584E-04   6.213803    
 -7.6376385E-04   6.439032    
 -7.6176180E-04   6.615636    
 -7.5975980E-04   6.667533    
 -7.5775781E-04   6.535562    
 -7.5575581E-04   6.297451    
 -7.5375382E-04   6.189633    
 -7.5175177E-04   6.427644    
 -7.4974983E-04   6.947172    
 -7.4774784E-04   7.424151    
 -7.4574584E-04   7.623253    
 -7.4374385E-04   7.603261    
 -7.4174179E-04   7.599927    
 -7.3973980E-04   7.734564    
 -7.3773781E-04   7.957547    
 -7.3573581E-04   8.149600    
 -7.3373382E-04   8.197202    
 -7.3173176E-04   7.992318    
 -7.2972977E-04   7.540711    
 -7.2772783E-04   7.041488    
 -7.2572578E-04   6.760218    
 -7.2372379E-04   6.778895    
 -7.2172179E-04   6.950094    
 -7.1971974E-04   7.119626    
 -7.1771780E-04   7.267590    
 -7.1571581E-04   7.395192    
 -7.1371376E-04   7.394903    
 -7.1171182E-04   7.217445    
 -7.0970977E-04   7.022029    
 -7.0770778E-04   7.008708    
 -7.0570578E-04   7.100596    
 -7.0370373E-04   7.029653    
 -7.0170179E-04   6.765854    
 -6.9969974E-04   6.672476    
 -6.9769775E-04   7.031178    
 -6.9569581E-04   7.590214    
 -6.9369370E-04   7.800854    
 -6.9169176E-04   7.488883    
 -6.8968977E-04   7.056550    
 -6.8768772E-04   6.969362    
 -6.8568578E-04   7.271522    
 -6.8368373E-04   7.687077    
 -6.8168173E-04   8.043577    
 -6.7967980E-04   8.374383    
 -6.7767769E-04   8.677186    
 -6.7567575E-04   8.865903    
 -6.7367376E-04   8.950418    
 -6.7167170E-04   9.086593    
 -6.6966977E-04   9.356781    
 -6.6766771E-04   9.608688    
 -6.6566572E-04   9.634024    
 -6.6366373E-04   9.423720    
 -6.6166167E-04   9.150340    
 -6.5965974E-04   8.961467    
 -6.5765769E-04   8.877731    
 -6.5565569E-04   8.923177    
 -6.5365370E-04   9.148912    
 -6.5165170E-04   9.534718    
 -6.4964971E-04   9.912868    
 -6.4764777E-04   10.08701    
 -6.4564572E-04   9.981869    
 -6.4364373E-04   9.696325    
 -6.4164173E-04   9.500380    
 -6.3963968E-04   9.697504    
 -6.3763774E-04   10.37595    
 -6.3563569E-04   11.16955    
 -6.3363370E-04   11.50539    
 -6.3163170E-04   11.23698    
 -6.2962971E-04   10.90044    
 -6.2762771E-04   11.13421    
 -6.2562566E-04   11.88485    
 -6.2362367E-04   12.46491    
 -6.2162167E-04   12.42942    
 -6.1961968E-04   12.12921    
 -6.1761768E-04   12.19833    
 -6.1561569E-04   12.70852    
 -6.1361369E-04   13.17238    
 -6.1161170E-04   13.27920    
 -6.0960965E-04   13.27528    
 -6.0760765E-04   13.50311    
 -6.0560566E-04   13.90607    
 -6.0360366E-04   14.18438    
 -6.0160167E-04   14.25884    
 -5.9959962E-04   14.27015    
 -5.9759768E-04   14.24605    
 -5.9559563E-04   14.06281    
 -5.9359364E-04   13.78026    
 -5.9159164E-04   13.71168    
 -5.8958959E-04   13.96949    
 -5.8758765E-04   14.20055    
 -5.8558560E-04   13.97286    
 -5.8358361E-04   13.37055    
 -5.8158167E-04   12.90292    
 -5.7957962E-04   12.85127    
 -5.7757762E-04   12.91752    
 -5.7557563E-04   12.69863    
 -5.7357363E-04   12.27519    
 -5.7157158E-04   12.18387    
 -5.6956959E-04   12.81955    
 -5.6756765E-04   14.01960    
 -5.6556566E-04   15.26385    
 -5.6356360E-04   16.20480    
 -5.6156161E-04   16.89191    
 -5.5955962E-04   17.57518    
 -5.5755756E-04   18.26258    
 -5.5555563E-04   18.63246    
 -5.5355357E-04   18.38105    
 -5.5155164E-04   17.65507    
 -5.4954959E-04   16.99117    
 -5.4754759E-04   16.75849    
 -5.4554560E-04   16.78204    
 -5.4354360E-04   16.70990    
 -5.4154155E-04   16.54341    
 -5.3953961E-04   16.59567    
 -5.3753756E-04   16.90582    
 -5.3553557E-04   17.06476    
 -5.3353363E-04   16.80955    
 -5.3153158E-04   16.48841    
 -5.2952959E-04   16.59613    
 -5.2752759E-04   17.01115    
 -5.2552560E-04   17.14403    
 -5.2352354E-04   16.88549    
 -5.2152161E-04   16.93578    
 -5.1951956E-04   17.89106    
 -5.1751756E-04   19.30684    
 -5.1551557E-04   20.18171    
 -5.1351357E-04   20.24179    
 -5.1151158E-04   20.23684    
 -5.0950953E-04   20.90982    
 -5.0750753E-04   22.02449    
 -5.0550560E-04   22.74609    
 -5.0350348E-04   22.72396    
 -5.0150155E-04   22.43304    
 -4.9949955E-04   22.55523    
 -4.9749750E-04   23.35982    
 -4.9549557E-04   24.66985    
 -4.9349351E-04   26.03050    
 -4.9149158E-04   26.81936    
 -4.8948952E-04   26.50628    
 -4.8748756E-04   25.15942    
 -4.8548554E-04   23.61655    
 -4.8348351E-04   22.81540    
 -4.8148152E-04   23.00638    
 -4.7947955E-04   23.73975    
 -4.7747753E-04   24.54421    
 -4.7547551E-04   25.35825    
 -4.7347351E-04   26.28965    
 -4.7147155E-04   27.21986    
 -4.6946947E-04   27.88258    
 -4.6746750E-04   28.17039    
 -4.6546553E-04   28.18233    
 -4.6346348E-04   28.04336    
 -4.6146152E-04   27.80621    
 -4.5945949E-04   27.57210    
 -4.5745753E-04   27.42746    
 -4.5545548E-04   27.45400    
 -4.5345351E-04   27.77262    
 -4.5145149E-04   28.59103    
 -4.4944949E-04   29.98050    
 -4.4744747E-04   31.50745    
 -4.4544550E-04   32.45823    
 -4.4344345E-04   32.52097    
 -4.4144149E-04   32.14199    
 -4.3943946E-04   32.00182    
 -4.3743750E-04   32.21988    
 -4.3543545E-04   32.34891    
 -4.3343348E-04   32.07076    
 -4.3143152E-04   31.69633    
 -4.2942943E-04   31.85449    
 -4.2742747E-04   32.92415    
 -4.2542547E-04   34.75787    
 -4.2342345E-04   36.83538    
 -4.2142143E-04   38.54211    
 -4.1941946E-04   39.49900    
 -4.1741747E-04   39.85042    
 -4.1541544E-04   40.15859    
 -4.1341342E-04   40.91222    
 -4.1141146E-04   42.05630    
 -4.0940940E-04   43.15674    
 -4.0740744E-04   43.87490    
 -4.0540542E-04   44.14251    
 -4.0340348E-04   44.03397    
 -4.0140140E-04   43.68396    
 -3.9939943E-04   43.44553    
 -3.9739747E-04   43.72178    
 -3.9539541E-04   44.52701    
 -3.9339345E-04   45.51935    
 -3.9139143E-04   46.53701    
 -3.8938943E-04   47.90932    
 -3.8738741E-04   49.80618    
 -3.8538544E-04   51.78243    
 -3.8338342E-04   53.38388    
 -3.8138143E-04   54.93157    
 -3.7937940E-04   56.96030    
 -3.7737744E-04   59.00022    
 -3.7537538E-04   59.83239    
 -3.7337342E-04   59.41362    
 -3.7137140E-04   59.68044    
 -3.6936937E-04   62.37939    
 -3.6736741E-04   66.54245    
 -3.6536541E-04   69.48177    
 -3.6336345E-04   70.30552    
 -3.6136137E-04   71.16268    
 -3.5935940E-04   74.27687    
 -3.5735741E-04   78.75314    
 -3.5535538E-04   81.60437    
 -3.5335336E-04   81.53854    
 -3.5135139E-04   80.34135    
 -3.4934940E-04   80.50024    
 -3.4734738E-04   82.73038    
 -3.4534535E-04   86.33961    
 -3.4334339E-04   90.75076    
 -3.4134134E-04   95.60294    
 -3.3933937E-04   100.0265    
 -3.3733735E-04   103.2957    
 -3.3533535E-04   106.0022    
 -3.3333339E-04   109.4703    
 -3.3133136E-04   113.9209    
 -3.2932940E-04   118.2624    
 -3.2732735E-04   122.0044    
 -3.2532538E-04   126.0513    
 -3.2332336E-04   130.7953    
 -3.2132133E-04   134.7828    
 -3.1931934E-04   136.6022    
 -3.1731738E-04   137.4269    
 -3.1531529E-04   140.0427    
 -3.1331333E-04   145.3163    
 -3.1131133E-04   151.6194    
 -3.0930937E-04   157.8518    
 -3.0730729E-04   165.1746    
 -3.0530532E-04   174.1057    
 -3.0330333E-04   181.8349    
 -3.0130130E-04   185.0533    
 -2.9929934E-04   185.0532    
 -2.9729735E-04   187.2092    
 -2.9529538E-04   194.5126    
 -2.9329330E-04   203.4127    
 -2.9129133E-04   207.8050    
 -2.8928934E-04   205.6535    
 -2.8728732E-04   200.1255    
 -2.8528529E-04   195.2867    
 -2.8328333E-04   193.2518    
 -2.8128127E-04   194.8374    
 -2.7927931E-04   199.7845    
 -2.7727729E-04   205.0307    
 -2.7527532E-04   205.4937    
 -2.7327327E-04   199.3795    
 -2.7127130E-04   191.6662    
 -2.6926928E-04   189.5435    
 -2.6726729E-04   194.3469    
 -2.6526532E-04   200.3757    
 -2.6326330E-04   202.1302    
 -2.6126127E-04   200.2465    
 -2.5925928E-04   198.7492    
 -2.5725731E-04   198.7904    
 -2.5525529E-04   198.0705    
 -2.5325327E-04   195.7139    
 -2.5125127E-04   194.5816    
 -2.4924931E-04   197.9355    
 -2.4724723E-04   205.8151    
 -2.4524526E-04   215.9977    
 -2.4324325E-04   226.6950    
 -2.4124124E-04   236.7842    
 -2.3923923E-04   244.8430    
 -2.3723727E-04   250.2646    
 -2.3523530E-04   255.1101    
 -2.3323324E-04   262.4228    
 -2.3123127E-04   272.3510    
 -2.2922926E-04   281.8686    
 -2.2722724E-04   289.2674    
 -2.2522523E-04   297.1964    
 -2.2322327E-04   309.6057    
 -2.2122126E-04   326.6711    
 -2.1921925E-04   344.9793    
 -2.1721722E-04   362.0883    
 -2.1521526E-04   378.9441    
 -2.1321321E-04   397.5814    
 -2.1121124E-04   418.6725    
 -2.0920922E-04   442.6273    
 -2.0720721E-04   471.1823    
 -2.0520520E-04   505.9613    
 -2.0320324E-04   545.9833    
 -2.0120127E-04   588.8339    
 -1.9919920E-04   634.4928    
 -1.9719724E-04   686.4363    
 -1.9519523E-04   748.3685    
 -1.9319321E-04   820.7858    
 -1.9119120E-04   901.5961    
 -1.8918923E-04   989.4346    
 -1.8718716E-04   1086.003    
 -1.8518520E-04   1196.352    
 -1.8318319E-04   1327.419    
 -1.8118123E-04   1485.096    
 -1.7917916E-04   1671.623    
 -1.7717719E-04   1886.670    
 -1.7517518E-04   2132.718    
 -1.7317318E-04   2418.095    
 -1.7117115E-04   2752.437    
 -1.6916920E-04   3139.600    
 -1.6716713E-04   3578.859    
 -1.6516517E-04   4074.542    
 -1.6316320E-04   4641.348    
 -1.6116124E-04   5296.222    
 -1.5915917E-04   6046.048    
 -1.5715721E-04   6884.846    
 -1.5515515E-04   7796.941    
 -1.5315319E-04   8747.270    
 -1.5115112E-04   9658.993    
 -1.4914916E-04   10405.46    
 -1.4714719E-04   10845.17    
 -1.4514512E-04   10885.51    
 -1.4314307E-04   10528.44    
 -1.4114119E-04   9862.771    
 -1.3913914E-04   9014.459    
 -1.3713718E-04   8097.036    
 -1.3513521E-04   7188.834    
 -1.3313314E-04   6334.792    
 -1.3113118E-04   5556.227    
 -1.2912911E-04   4859.389    
 -1.2712716E-04   4243.684    
 -1.2512520E-04   3707.255    
 -1.2312313E-04   3247.880    
 -1.2112106E-04   2859.977    
 -1.1911920E-04   2532.924    
 -1.1711713E-04   2253.567    
 -1.1511507E-04   2010.495    
 -1.1311311E-04   1796.218    
 -1.1111114E-04   1607.340    
 -1.0910908E-04   1443.255    
 -1.0710712E-04   1303.865    
 -1.0510505E-04   1186.676    
 -1.0310319E-04   1086.367    
 -1.0110113E-04   997.3499    
 -9.9099059E-05   916.5016    
 -9.7097196E-05   843.1425    
 -9.5095129E-05   776.9258    
 -9.3093069E-05   717.2686    
 -9.1091104E-05   664.3090    
 -8.9089139E-05   619.0502    
 -8.7087079E-05   581.6882    
 -8.5085114E-05   550.6959    
 -8.3083047E-05   524.3745    
 -8.1081089E-05   502.2537    
 -7.9079124E-05   483.9222    
 -7.7077057E-05   467.3594    
 -7.5074997E-05   450.0159    
 -7.3073126E-05   431.7068    
 -7.1071066E-05   414.9396    
 -6.9069007E-05   401.7733    
 -6.7067136E-05   391.1848    
 -6.5065076E-05   380.9117    
 -6.3063111E-05   370.8788    
 -6.1061044E-05   363.5314    
 -5.9059083E-05   360.6209    
 -5.7057117E-05   360.5306    
 -5.5055058E-05   359.5192    
 -5.3052994E-05   354.9121    
 -5.1051127E-05   346.8280    
 -4.9049064E-05   337.8964    
 -4.7047000E-05   331.5469    
 -4.5045035E-05   329.6245    
 -4.3043074E-05   331.3707    
 -4.1041010E-05   334.0035    
 -3.9039045E-05   335.8788    
 -3.7036982E-05   338.2656    
 -3.5035016E-05   343.7660    
 -3.3033055E-05   352.4411    
 -3.1030992E-05   361.2430    
 -2.9029125E-05   367.3329    
 -2.7027061E-05   371.0454    
 -2.5024998E-05   375.2549    
 -2.3023034E-05   381.7091    
 -2.1021069E-05   389.2597    
 -1.9019006E-05   396.1637    
 -1.7017042E-05   401.9539    
 -1.5014979E-05   407.7303    
 -1.3013015E-05   413.6957    
 -1.1011050E-05   419.5807    
 -9.0089879E-06   424.9320    
 -7.0069245E-06   430.4941    
 -5.0050589E-06   435.9854    
 -3.0029958E-06   440.7868    
 -1.0009326E-06   443.9882    
  1.0009326E-06   443.9869    
  3.0029958E-06   440.7614    
  5.0050589E-06   435.9681    
  7.0070232E-06   430.4089    
  9.0089879E-06   424.9355    
  1.1010952E-05   419.5861    
  1.3013015E-05   413.6865    
  1.5015078E-05   407.6880    
  1.7016944E-05   402.0153    
  1.9019006E-05   396.1551    
  2.1021069E-05   389.2619    
  2.3023034E-05   381.6943    
  2.5024998E-05   375.2488    
  2.7027061E-05   371.0390    
  2.9029026E-05   367.3047    
  3.1030992E-05   361.2433    
  3.3033055E-05   352.4549    
  3.5035016E-05   343.7789    
  3.7037080E-05   338.2934    
  3.9039045E-05   335.8871    
  4.1041010E-05   334.0166    
  4.3043074E-05   331.3722    
  4.5045035E-05   329.6232    
  4.7047000E-05   331.5454    
  4.9049064E-05   337.8978    
  5.1051029E-05   346.8255    
  5.3053092E-05   354.8927    
  5.5055058E-05   359.5167    
  5.7057019E-05   360.5363    
  5.9059083E-05   360.6182    
  6.1061146E-05   363.5506    
  6.3063009E-05   370.8825    
  6.5065076E-05   380.9025    
  6.7067136E-05   391.1871    
  6.9069007E-05   401.7633    
  7.1071066E-05   414.9380    
  7.3073126E-05   431.7039    
  7.5075091E-05   450.0286    
  7.7077057E-05   467.3647    
  7.9079124E-05   483.9184    
  8.1081089E-05   502.2560    
  8.3083149E-05   524.3659    
  8.5085012E-05   550.6798    
  8.7087079E-05   581.6902    
  8.9089139E-05   619.0485    
  9.1091104E-05   664.3146    
  9.3093069E-05   717.2677    
  9.5095129E-05   776.9235    
  9.7097094E-05   843.1584    
  9.9099059E-05   916.5007    
  1.0110113E-04   997.3508    
  1.0310309E-04   1086.362    
  1.0510515E-04   1186.677    
  1.0710712E-04   1303.859    
  1.0910908E-04   1443.253    
  1.1111114E-04   1607.336    
  1.1311321E-04   1796.236    
  1.1511507E-04   2010.494    
  1.1711713E-04   2253.571    
  1.1911910E-04   2532.916    
  1.2112116E-04   2859.998    
  1.2312313E-04   3247.881    
  1.2512509E-04   3707.232    
  1.2712716E-04   4243.695    
  1.2912921E-04   4859.440    
  1.3113108E-04   5556.181    
  1.3313314E-04   6334.797    
  1.3513521E-04   7188.841    
  1.3713707E-04   8096.990    
  1.3913914E-04   9014.474    
  1.4114119E-04   9862.777    
  1.4314316E-04   10528.48    
  1.4514512E-04   10885.51    
  1.4714719E-04   10845.17    
  1.4914916E-04   10405.46    
  1.5115122E-04   9658.950    
  1.5315319E-04   8747.274    
  1.5515515E-04   7796.937    
  1.5715721E-04   6884.844    
  1.5915917E-04   6046.049    
  1.6116114E-04   5296.266    
  1.6316320E-04   4641.347    
  1.6516517E-04   4074.543    
  1.6716713E-04   3578.858    
  1.6916920E-04   3139.595    
  1.7117115E-04   2752.433    
  1.7317322E-04   2418.082    
  1.7517518E-04   2132.723    
  1.7717715E-04   1886.675    
  1.7917922E-04   1671.618    
  1.8118128E-04   1485.100    
  1.8318315E-04   1327.424    
  1.8518520E-04   1196.349    
  1.8718727E-04   1086.000    
  1.8918923E-04   989.4357    
  1.9119120E-04   901.5983    
  1.9319316E-04   820.7823    
  1.9519523E-04   748.3693    
  1.9719728E-04   686.4412    
  1.9919916E-04   634.4893    
  2.0120121E-04   588.8359    
  2.0320328E-04   545.9835    
  2.0520514E-04   505.9623    
  2.0720721E-04   471.1826    
  2.0920928E-04   442.6214    
  2.1121124E-04   418.6761    
  2.1321321E-04   397.5808    
  2.1521526E-04   378.9438    
  2.1721722E-04   362.0898    
  2.1921929E-04   344.9762    
  2.2122126E-04   326.6718    
  2.2322322E-04   309.6030    
  2.2522529E-04   297.2037    
  2.2722724E-04   289.2693    
  2.2922920E-04   281.8752    
  2.3123127E-04   272.3521    
  2.3323324E-04   262.4231    
  2.3523520E-04   255.1093    
  2.3723727E-04   250.2631    
  2.3923923E-04   244.8433    
  2.4124129E-04   236.7879    
  2.4324325E-04   226.6936    
  2.4524523E-04   216.0023    
  2.4724728E-04   205.8211    
  2.4924934E-04   197.9344    
  2.5125121E-04   194.5784    
  2.5325327E-04   195.7146    
  2.5525535E-04   198.0731    
  2.5725731E-04   198.7899    
  2.5925928E-04   198.7495    
  2.6126133E-04   200.2496    
  2.6326330E-04   202.1296    
  2.6526526E-04   200.3697    
  2.6726723E-04   194.3462    
  2.6926928E-04   189.5427    
  2.7127136E-04   191.6670    
  2.7327321E-04   199.3811    
  2.7527529E-04   205.4905    
  2.7727734E-04   205.0316    
  2.7927931E-04   199.7844    
  2.8128127E-04   194.8379    
  2.8328333E-04   193.2521    
  2.8528529E-04   195.2891    
  2.8728737E-04   200.1248    
  2.8928934E-04   205.6549    
  2.9129130E-04   207.8061    
  2.9329336E-04   203.4092    
  2.9529541E-04   194.5117    
  2.9729729E-04   187.2139    
  2.9929934E-04   185.0507    
  3.0130130E-04   185.0542    
  3.0330327E-04   181.8306    
  3.0530532E-04   174.1049    
  3.0730729E-04   165.1746    
  3.0930937E-04   157.8542    
  3.1131133E-04   151.6198    
  3.1331330E-04   145.3204    
  3.1531535E-04   140.0365    
  3.1731740E-04   137.4243    
  3.1931928E-04   136.5979    
  3.2132133E-04   134.7862    
  3.2332342E-04   130.7953    
  3.2532538E-04   126.0487    
  3.2732735E-04   122.0047    
  3.2932940E-04   118.2628    
  3.3133136E-04   113.9212    
  3.3333333E-04   109.4720    
  3.3533538E-04   106.0039    
  3.3733735E-04   103.2961    
  3.3933943E-04   100.0269    
  3.4134128E-04   95.60358    
  3.4334336E-04   90.75433    
  3.4534541E-04   86.33557    
  3.4734738E-04   82.72903    
  3.4934934E-04   80.49654    
  3.5135139E-04   80.34054    
  3.5335336E-04   81.54128    
  3.5535544E-04   81.60627    
  3.5735741E-04   78.75545    
  3.5935937E-04   74.28265    
  3.6136142E-04   71.16425    
  3.6336348E-04   70.30581    
  3.6536535E-04   69.48465    
  3.6736741E-04   66.54294    
  3.6936949E-04   62.37640    
  3.7137134E-04   59.68093    
  3.7337342E-04   59.41442    
  3.7537538E-04   59.83143    
  3.7737744E-04   59.00097    
  3.7937940E-04   56.95911    
  3.8138137E-04   54.93098    
  3.8338342E-04   53.38571    
  3.8538550E-04   51.77758    
  3.8738735E-04   49.80261    
  3.8938943E-04   47.90992    
  3.9139148E-04   46.53883    
  3.9339345E-04   45.51786    
  3.9539541E-04   44.52559    
  3.9739747E-04   43.72136    
  3.9939943E-04   43.44574    
  4.0140140E-04   43.68456    
  4.0340348E-04   44.03350    
  4.0540542E-04   44.14378    
  4.0740750E-04   43.87391    
  4.0940935E-04   43.15822    
  4.1141143E-04   42.05649    
  4.1341348E-04   40.91203    
  4.1541544E-04   40.15914    
  4.1741741E-04   39.84805    
  4.1941946E-04   39.49899    
  4.2142143E-04   38.54169    
  4.2342351E-04   36.83502    
  4.2542547E-04   34.75686    
  4.2742744E-04   32.92401    
  4.2942949E-04   31.85338    
  4.3143146E-04   31.69358    
  4.3343342E-04   32.06790    
  4.3543548E-04   32.34652    
  4.3743756E-04   32.22128    
  4.3943941E-04   32.00083    
  4.4144149E-04   32.14187    
  4.4344354E-04   32.51957    
  4.4544550E-04   32.45778    
  4.4744747E-04   31.50647    
  4.4944944E-04   29.98036    
  4.5145149E-04   28.59292    
  4.5345357E-04   27.77235    
  4.5545542E-04   27.45733    
  4.5745750E-04   27.42855    
  4.5945955E-04   27.57072    
  4.6146152E-04   27.80662    
  4.6346348E-04   28.04447    
  4.6546553E-04   28.18239    
  4.6746750E-04   28.16976    
  4.6946947E-04   27.88449    
  4.7147155E-04   27.22106    
  4.7347351E-04   26.28959    
  4.7547556E-04   25.35736    
  4.7747753E-04   24.54252    
  4.7947949E-04   23.73936    
  4.8148155E-04   23.00603    
  4.8348351E-04   22.81537    
  4.8548548E-04   23.61710    
  4.8748756E-04   25.15905    
  4.8948952E-04   26.50634    
  4.9149158E-04   26.81894    
  4.9349351E-04   26.02966    
  4.9549551E-04   24.66819    
  4.9749756E-04   23.35911    
  4.9949955E-04   22.55506    
  5.0150149E-04   22.43423    
  5.0350354E-04   22.72436    
  5.0550560E-04   22.74773    
  5.0750747E-04   22.02310    
  5.0950953E-04   20.90970    
  5.1151164E-04   20.23487    
  5.1351357E-04   20.24236    
  5.1551557E-04   20.18135    
  5.1751762E-04   19.30820    
  5.1951956E-04   17.89134    
  5.2152161E-04   16.93515    
  5.2352349E-04   16.88480    
  5.2552554E-04   17.14294    
  5.2752765E-04   17.00914    
  5.2952947E-04   16.59529    
  5.3153158E-04   16.48880    
  5.3353363E-04   16.80936    
  5.3553557E-04   17.06554    
  5.3753756E-04   16.90601    
  5.3953961E-04   16.59575    
  5.4154155E-04   16.54535    
  5.4354366E-04   16.70799    
  5.4554560E-04   16.78142    
  5.4754753E-04   16.75700    
  5.4954964E-04   16.99230    
  5.5155170E-04   17.65441    
  5.5355357E-04   18.37983    
  5.5555563E-04   18.63310    
  5.5755756E-04   18.26130    
  5.5955962E-04   17.57494    
  5.6156161E-04   16.89211    
  5.6356355E-04   16.20508    
  5.6556566E-04   15.26352    
  5.6756759E-04   14.01886    
  5.6956959E-04   12.81836    
  5.7157164E-04   12.18500    
  5.7357369E-04   12.27526    
  5.7557557E-04   12.69851    
  5.7757762E-04   12.91746    
  5.7957968E-04   12.85232    
  5.8158167E-04   12.90305    
  5.8358361E-04   13.37082    
  5.8558566E-04   13.97199    
  5.8758765E-04   14.20146    
  5.8958970E-04   13.96907    
  5.9159164E-04   13.71121    
  5.9359364E-04   13.77999    
  5.9559569E-04   14.06205    
  5.9759757E-04   14.24527    
  5.9959962E-04   14.26923    
  6.0160167E-04   14.25904    
  6.0360366E-04   14.18456    
  6.0560560E-04   13.90511    
  6.0760765E-04   13.50409    
  6.0960965E-04   13.27432    
  6.1161170E-04   13.27983    
  6.1361369E-04   13.17322    
  6.1561563E-04   12.70866    
  6.1761768E-04   12.19785    
  6.1961974E-04   12.12773    
  6.2162161E-04   12.42968    
  6.2362367E-04   12.46492    
  6.2562578E-04   11.88482    
  6.2762771E-04   11.13364    
  6.2962971E-04   10.89981    
  6.3163164E-04   11.23648    
  6.3363370E-04   11.50619    
  6.3563569E-04   11.16996    
  6.3763763E-04   10.37742    
  6.3963968E-04   9.697774    
  6.4164179E-04   9.500198    
  6.4364361E-04   9.699203    
  6.4564572E-04   9.982198    
  6.4764777E-04   10.08628    
  6.4964971E-04   9.912001    
  6.5165170E-04   9.535090    
  6.5365375E-04   9.149583    
  6.5565569E-04   8.922718    
  6.5765780E-04   8.877467    
  6.5965974E-04   8.961639    
  6.6166167E-04   9.150514    
  6.6366378E-04   9.423217    
  6.6566584E-04   9.633353    
  6.6766771E-04   9.609484    
  6.6966977E-04   9.357175    
  6.7167165E-04   9.085492    
  6.7367370E-04   8.950341    
  6.7567575E-04   8.865993    
  6.7767763E-04   8.679396    
  6.7967968E-04   8.374246    
  6.8168173E-04   8.043494    
  6.8368379E-04   7.684884    
  6.8568566E-04   7.270253    
  6.8768772E-04   6.969923    
  6.8968977E-04   7.054718    
  6.9169188E-04   7.490174    
  6.9369370E-04   7.800518    
  6.9569581E-04   7.591094    
  6.9769786E-04   7.029795    
  6.9969974E-04   6.671517    
  7.0170179E-04   6.764716    
  7.0370367E-04   7.029783    
  7.0570572E-04   7.099750    
  7.0770778E-04   7.008473    
  7.0970983E-04   7.021676    
  7.1171188E-04   7.218710    
  7.1371393E-04   7.394777    
  7.1571564E-04   7.392994    
  7.1771769E-04   7.268021    
  7.1971974E-04   7.119942    
  7.2172179E-04   6.950996    
  7.2372390E-04   6.779121    
  7.2572572E-04   6.760695    
  7.2772783E-04   7.040981    
  7.2972965E-04   7.542139    
  7.3173176E-04   7.993744    
  7.3373382E-04   8.196992    
  7.3573587E-04   8.150706    
  7.3773775E-04   7.956066    
  7.3973980E-04   7.734900    
  7.4174185E-04   7.598876    
  7.4374391E-04   7.603310    
  7.4574578E-04   7.621456    
  7.4774784E-04   7.423287    
  7.4974971E-04   6.944676    
  7.5175177E-04   6.427448    
  7.5375382E-04   6.189257    
  7.5575593E-04   6.296387    
  7.5775798E-04   6.536318    
  7.5975963E-04   6.666115    
  7.6176168E-04   6.616974    
  7.6376373E-04   6.437952    
  7.6576584E-04   6.213969    
  7.6776790E-04   6.028271    
  7.6976995E-04   5.965763    
  7.7177183E-04   6.034738    
  7.7377388E-04   6.150213    
  7.7577576E-04   6.247601    
  7.7777781E-04   6.349279    
  7.7977986E-04   6.463525    
  7.8178191E-04   6.480130    
  7.8378379E-04   6.293782    
  7.8578584E-04   6.011859    
  7.8778790E-04   5.878591    
  7.8979001E-04   6.011530    
  7.9179183E-04   6.287879    
  7.9379370E-04   6.569766    
  7.9579576E-04   6.835831    
  7.9779787E-04   7.042621    
  7.9979992E-04   6.998213    
  8.0180197E-04   6.588429    
  8.0380403E-04   6.061943    
  8.0580573E-04   5.839322    
  8.0780778E-04   5.993364    
  8.0980983E-04   6.132041    
  8.1181189E-04   5.899039    
  8.1381394E-04   5.410340    
  8.1581599E-04   5.006316    
  8.1781787E-04   4.752604    
  8.1981992E-04   4.427134    
  8.2182180E-04   3.992928    
  8.2382385E-04   3.773171    
  8.2582596E-04   4.025181    
  8.2782801E-04   4.572261    
  8.2982989E-04   5.003215    
  8.3183195E-04   5.165556    
  8.3383400E-04   5.203532    
  8.3583588E-04   5.191354    
  8.3783793E-04   4.998095    
  8.3983981E-04   4.579408    
  8.4184186E-04   4.192015    
  8.4384391E-04   4.172344    
  8.4584596E-04   4.545745    
  8.4784802E-04   5.050452    
  8.4985013E-04   5.411237    
  8.5185177E-04   5.528979    
  8.5385382E-04   5.420087    
  8.5585588E-04   5.143977    
  8.5785793E-04   4.849107    
  8.5986004E-04   4.725371    
  8.6186209E-04   4.846726    
  8.6386397E-04   5.077519    
  8.6586579E-04   5.242801    
  8.6786790E-04   5.275882    
  8.6986995E-04   5.204293    
  8.7187201E-04   5.054652    
  8.7387388E-04   4.884893    
  8.7587594E-04   4.787337    
  8.7787799E-04   4.785141    
  8.7988004E-04   4.694221    
  8.8188192E-04   4.325881    
  8.8388397E-04   3.792522    
  8.8588585E-04   3.485021    
  8.8788790E-04   3.628960    
  8.8988995E-04   4.015229    
  8.9189206E-04   4.271843    
  8.9389412E-04   4.310645    
  8.9589617E-04   4.330995    
  8.9789781E-04   4.428127    
  8.9989993E-04   4.431372    
  9.0190198E-04   4.201355    
  9.0390403E-04   3.880036    
  9.0590608E-04   3.709248    
  9.0790796E-04   3.723870    
  9.0991001E-04   3.751220    
  9.1191189E-04   3.709182    
  9.1391394E-04   3.686413    
  9.1591600E-04   3.758950    
  9.1791805E-04   3.864232    
  9.1991993E-04   3.926977    
  9.2192198E-04   3.959344    
  9.2392409E-04   3.973206    
  9.2592614E-04   3.898893    
  9.2792802E-04   3.694408    
  9.2993007E-04   3.476187    
  9.3193189E-04   3.397135    
  9.3393400E-04   3.400904    
  9.3593606E-04   3.282890    
  9.3793811E-04   2.976601    
  9.3994016E-04   2.679646    
  9.4194186E-04   2.588699    
  9.4394392E-04   2.670406    
  9.4594597E-04   2.746305    
  9.4794802E-04   2.748678    
  9.4995007E-04   2.753528    
  9.5195218E-04   2.817142    
  9.5395400E-04   2.905777    
  9.5595611E-04   2.998682    
  9.5795793E-04   3.120049    
  9.5995999E-04   3.226142    
  9.6196210E-04   3.190439    
  9.6396415E-04   2.993177    
  9.6596603E-04   2.799237    
  9.6796808E-04   2.778089    
  9.6997013E-04   2.892022    
  9.7197201E-04   2.988966    
  9.7397406E-04   3.045495    
  9.7597612E-04   3.170166    
  9.7797799E-04   3.353104    
  9.7998010E-04   3.413593    
  9.8198210E-04   3.257246    
  9.8398421E-04   3.046474    
  9.8598620E-04   2.973341    
  9.8798797E-04   2.972105    
  9.8998996E-04   2.809282    
  9.9199207E-04   2.449533    
  9.9399406E-04   2.146434    
  9.9599618E-04   2.131212    
  9.9799817E-04   2.326043    
  1.0000000E-03   2.482294    
