 -1.0000000E-03 -4.6639457E-02
 -9.9799817E-04  0.7772319    
 -9.9599606E-04   1.149209    
 -9.9399406E-04   1.623521    
 -9.9199207E-04   2.430874    
 -9.8999008E-04   2.730301    
 -9.8798808E-04   1.988979    
 -9.8598609E-04   1.253472    
 -9.8398409E-04   1.845377    
 -9.8198210E-04   3.180445    
 -9.7998010E-04   3.315044    
 -9.7797811E-04   1.777740    
 -9.7597600E-04  0.4351185    
 -9.7397406E-04  0.8360457    
 -9.7197207E-04   1.949530    
 -9.6997002E-04   1.734702    
 -9.6796808E-04  0.1928684    
 -9.6596603E-04 -0.6971756    
 -9.6396403E-04  8.7338291E-02
 -9.6196210E-04   1.308634    
 -9.5995999E-04   1.516414    
 -9.5795805E-04   1.003594    
 -9.5595611E-04  0.8157860    
 -9.5395400E-04  0.8672118    
 -9.5195207E-04  0.3498545    
 -9.4995002E-04 -0.5610703    
 -9.4794802E-04 -0.7685349    
 -9.4594609E-04 -1.8855631E-02
 -9.4394403E-04  0.7165504    
 -9.4194204E-04  0.9163373    
 -9.3993999E-04   1.288258    
 -9.3793799E-04   2.223139    
 -9.3593606E-04   2.610239    
 -9.3393400E-04   1.407641    
 -9.3193201E-04 -0.3240272    
 -9.2993007E-04 -0.4064349    
 -9.2792802E-04   1.497161    
 -9.2592603E-04   3.349629    
 -9.2392397E-04   3.510340    
 -9.2192198E-04   2.775894    
 -9.1992004E-04   2.821869    
 -9.1791799E-04   3.656063    
 -9.1591600E-04   3.898624    
 -9.1391394E-04   3.129715    
 -9.1191201E-04   2.568265    
 -9.0991001E-04   3.186640    
 -9.0790796E-04   4.316860    
 -9.0590597E-04   4.696512    
 -9.0390403E-04   4.144291    
 -9.0190198E-04   3.514225    
 -8.9989998E-04   3.435760    
 -8.9789793E-04   3.795458    
 -8.9589600E-04   4.221729    
 -8.9389400E-04   4.436993    
 -8.9189195E-04   4.248944    
 -8.8988995E-04   3.734913    
 -8.8788802E-04   3.400095    
 -8.8588597E-04   3.628341    
 -8.8388397E-04   3.999191    
 -8.8188192E-04   3.739955    
 -8.7987998E-04   2.872629    
 -8.7787799E-04   2.243294    
 -8.7587594E-04   2.203283    
 -8.7387394E-04   2.060642    
 -8.7187201E-04   1.292857    
 -8.6986995E-04  0.5722041    
 -8.6786796E-04  0.7448781    
 -8.6586591E-04   1.349916    
 -8.6386397E-04   1.217196    
 -8.6186186E-04  0.3121716    
 -8.5985992E-04 -0.2425660    
 -8.5785793E-04 -0.1278460    
 -8.5585588E-04 -0.4374228    
 -8.5385394E-04  -1.658646    
 -8.5185195E-04  -2.275803    
 -8.4984989E-04 -0.7180291    
 -8.4784796E-04   2.024991    
 -8.4584596E-04   3.341129    
 -8.4384391E-04   2.471385    
 -8.4184197E-04   1.431010    
 -8.3983986E-04   2.022830    
 -8.3783793E-04   3.511484    
 -8.3583593E-04   4.238037    
 -8.3383388E-04   4.253625    
 -8.3183195E-04   4.718637    
 -8.2982989E-04   5.366927    
 -8.2782790E-04   4.585576    
 -8.2582590E-04   2.221263    
 -8.2382391E-04  0.5192578    
 -8.2182192E-04   1.288218    
 -8.1981992E-04   3.444606    
 -8.1781787E-04   4.542693    
 -8.1581593E-04   3.947459    
 -8.1381388E-04   3.018873    
 -8.1181189E-04   2.672891    
 -8.0980989E-04   2.378443    
 -8.0780784E-04   1.779712    
 -8.0580590E-04   1.680184    
 -8.0380391E-04   2.645342    
 -8.0180186E-04   3.751996    
 -7.9979986E-04   3.824681    
 -7.9779787E-04   3.138259    
 -7.9579587E-04   2.792745    
 -7.9379388E-04   2.845124    
 -7.9179183E-04   2.319825    
 -7.8978989E-04   1.000556    
 -7.8778784E-04 -7.3464237E-02
 -7.8578584E-04 -0.1923810    
 -7.8378391E-04  9.0053499E-02
 -7.8178186E-04  0.1096178    
 -7.7977986E-04  0.1507154    
 -7.7777787E-04  0.5407536    
 -7.7577581E-04  0.6405745    
 -7.7377388E-04 -0.1248614    
 -7.7177183E-04 -0.8666173    
 -7.6976983E-04 -0.2706837    
 -7.6776784E-04   1.184524    
 -7.6576584E-04   1.647988    
 -7.6376385E-04  0.7882293    
 -7.6176180E-04  0.6569054    
 -7.5975980E-04   2.734044    
 -7.5775781E-04   5.471483    
 -7.5575581E-04   6.252774    
 -7.5375382E-04   4.973131    
 -7.5175177E-04   3.906032    
 -7.4974983E-04   4.290549    
 -7.4774784E-04   4.984498    
 -7.4574584E-04   4.895922    
 -7.4374385E-04   4.861119    
 -7.4174179E-04   5.905081    
 -7.3973980E-04   7.068956    
 -7.3773781E-04   6.763395    
 -7.3573581E-04   5.471034    
 -7.3373382E-04   5.180161    
 -7.3173176E-04   6.145747    
 -7.2972977E-04   6.243870    
 -7.2772783E-04   4.207574    
 -7.2572578E-04   1.799722    
 -7.2372379E-04   1.432864    
 -7.2172179E-04   2.776298    
 -7.1971974E-04   3.382556    
 -7.1771780E-04   2.181600    
 -7.1571581E-04  0.6107357    
 -7.1371376E-04  0.2165482    
 -7.1171182E-04  0.7873232    
 -7.0970977E-04   1.430045    
 -7.0770778E-04   2.165322    
 -7.0570578E-04   3.398290    
 -7.0370373E-04   4.760448    
 -7.0170179E-04   5.629731    
 -6.9969974E-04   6.287257    
 -6.9769775E-04   7.357587    
 -6.9569581E-04   8.351551    
 -6.9369370E-04   8.082251    
 -6.9169176E-04   6.593898    
 -6.8968977E-04   5.462904    
 -6.8768772E-04   5.778763    
 -6.8568578E-04   6.872911    
 -6.8368373E-04   7.563166    
 -6.8168173E-04   7.622550    
 -6.7967980E-04   7.201878    
 -6.7767769E-04   5.877801    
 -6.7567575E-04   3.663210    
 -6.7367376E-04   2.306202    
 -6.7167170E-04   3.789062    
 -6.6966977E-04   7.387809    
 -6.6766771E-04   9.845729    
 -6.6566572E-04   9.122270    
 -6.6366373E-04   6.664267    
 -6.6166167E-04   5.028550    
 -6.5965974E-04   4.629006    
 -6.5765769E-04   4.217936    
 -6.5565569E-04   3.617427    
 -6.5365370E-04   3.889861    
 -6.5165170E-04   4.944242    
 -6.4964971E-04   5.116374    
 -6.4764777E-04   3.816658    
 -6.4564572E-04   2.837263    
 -6.4364373E-04   3.697860    
 -6.4164173E-04   5.137060    
 -6.3963968E-04   4.926326    
 -6.3763774E-04   3.352623    
 -6.3563569E-04   2.835944    
 -6.3363370E-04   4.269499    
 -6.3163170E-04   5.880795    
 -6.2962971E-04   6.316445    
 -6.2762771E-04   6.766508    
 -6.2562566E-04   8.575315    
 -6.2362367E-04   10.30829    
 -6.2162167E-04   9.333592    
 -6.1961968E-04   5.797080    
 -6.1761768E-04   2.832471    
 -6.1561569E-04   2.506408    
 -6.1361369E-04   3.418304    
 -6.1161170E-04   3.142032    
 -6.0960965E-04   1.623503    
 -6.0760765E-04  0.7819132    
 -6.0560566E-04   1.643479    
 -6.0360366E-04   3.309337    
 -6.0160167E-04   4.589536    
 -5.9959962E-04   5.419521    
 -5.9759768E-04   6.551946    
 -5.9559563E-04   8.676450    
 -5.9359364E-04   11.87087    
 -5.9159164E-04   15.14473    
 -5.8958959E-04   16.65777    
 -5.8758765E-04   15.51362    
 -5.8558560E-04   13.38758    
 -5.8358361E-04   12.96279    
 -5.8158167E-04   14.31527    
 -5.7957962E-04   14.38401    
 -5.7757762E-04   11.20702    
 -5.7557563E-04   7.220455    
 -5.7357363E-04   6.367311    
 -5.7157158E-04   8.689208    
 -5.6956959E-04   10.23977    
 -5.6756765E-04   8.582100    
 -5.6556566E-04   5.891115    
 -5.6356360E-04   5.495177    
 -5.6156161E-04   7.464001    
 -5.5955962E-04   9.579852    
 -5.5755756E-04   11.03947    
 -5.5555563E-04   12.62113    
 -5.5355357E-04   13.88896    
 -5.5155164E-04   13.21280    
 -5.4954959E-04   10.94767    
 -5.4754759E-04   9.769074    
 -5.4554560E-04   10.60809    
 -5.4354360E-04   10.79628    
 -5.4154155E-04   8.367154    
 -5.3953961E-04   5.991193    
 -5.3753756E-04   7.570855    
 -5.3553557E-04   11.91944    
 -5.3353363E-04   13.65000    
 -5.3153158E-04   10.72155    
 -5.2952959E-04   7.457740    
 -5.2752759E-04   8.272766    
 -5.2552560E-04   11.55529    
 -5.2352354E-04   12.76780    
 -5.2152161E-04   11.46836    
 -5.1951956E-04   11.25124    
 -5.1751756E-04   13.28944    
 -5.1551557E-04   14.26338    
 -5.1351357E-04   11.87766    
 -5.1151158E-04   8.782066    
 -5.0950953E-04   8.476353    
 -5.0750753E-04   10.02930    
 -5.0550560E-04   10.02786    
 -5.0350348E-04   8.257253    
 -5.0150155E-04   7.691370    
 -4.9949955E-04   9.197066    
 -4.9749750E-04   10.08516    
 -4.9549557E-04   8.842924    
 -4.9349351E-04   7.876019    
 -4.9149158E-04   9.471724    
 -4.8948952E-04   11.86819    
 -4.8748756E-04   12.21698    
 -4.8548554E-04   11.42340    
 -4.8348351E-04   12.44506    
 -4.8148152E-04   14.72534    
 -4.7947955E-04   14.49030    
 -4.7747753E-04   11.12904    
 -4.7547551E-04   9.064586    
 -4.7347351E-04   11.23956    
 -4.7147155E-04   14.17278    
 -4.6946947E-04   12.82300    
 -4.6746750E-04   8.166575    
 -4.6546553E-04   5.718346    
 -4.6346348E-04   7.471281    
 -4.6146152E-04   9.816262    
 -4.5945949E-04   10.13519    
 -4.5745753E-04   10.91763    
 -4.5545548E-04   14.94365    
 -4.5345351E-04   20.07353    
 -4.5145149E-04   22.64013    
 -4.4944949E-04   23.67441    
 -4.4744747E-04   27.00268    
 -4.4544550E-04   31.87093    
 -4.4344345E-04   32.59368    
 -4.4144149E-04   26.97416    
 -4.3943946E-04   20.59087    
 -4.3743750E-04   19.54918    
 -4.3543545E-04   22.24936    
 -4.3343348E-04   22.44735    
 -4.3143152E-04   18.75286    
 -4.2942943E-04   16.13267    
 -4.2742747E-04   17.82793    
 -4.2542547E-04   20.55363    
 -4.2342345E-04   19.81085    
 -4.2142143E-04   16.25965    
 -4.1941946E-04   13.65689    
 -4.1741747E-04   12.86460    
 -4.1541544E-04   11.92820    
 -4.1341342E-04   11.12245    
 -4.1141146E-04   13.67900    
 -4.0940940E-04   20.59188    
 -4.0740744E-04   28.02872    
 -4.0540542E-04   31.56491    
 -4.0340348E-04   30.70842    
 -4.0140140E-04   27.50263    
 -3.9939943E-04   22.97657    
 -3.9739747E-04   17.64732    
 -3.9539541E-04   13.84098    
 -3.9339345E-04   14.02763    
 -3.9139143E-04   16.95271    
 -3.8938943E-04   18.66811    
 -3.8738741E-04   18.11851    
 -3.8538544E-04   18.65850    
 -3.8338342E-04   22.55143    
 -3.8138143E-04   26.88733    
 -3.7937940E-04   27.74075    
 -3.7737744E-04   26.33591    
 -3.7537538E-04   27.32806    
 -3.7337342E-04   31.30706    
 -3.7137140E-04   33.13929    
 -3.6936937E-04   29.22543    
 -3.6736741E-04   23.29979    
 -3.6536541E-04   22.23993    
 -3.6336345E-04   27.65715    
 -3.6136137E-04   34.30712    
 -3.5935940E-04   36.38279    
 -3.5735741E-04   32.90208    
 -3.5535538E-04   26.94079    
 -3.5335336E-04   22.19880    
 -3.5135139E-04   21.30188    
 -3.4934940E-04   25.30998    
 -3.4734738E-04   32.74728    
 -3.4534535E-04   39.80728    
 -3.4334339E-04   43.21729    
 -3.4134134E-04   43.00655    
 -3.3933937E-04   41.82741    
 -3.3733735E-04   42.05543    
 -3.3533535E-04   44.42033    
 -3.3333339E-04   48.70094    
 -3.3133136E-04   53.97506    
 -3.2932940E-04   58.00875    
 -3.2732735E-04   58.18357    
 -3.2532538E-04   54.07167    
 -3.2332336E-04   48.40670    
 -3.2132133E-04   44.85799    
 -3.1931934E-04   45.24320    
 -3.1731738E-04   48.97662    
 -3.1531529E-04   53.93579    
 -3.1331333E-04   57.44069    
 -3.1131133E-04   57.92743    
 -3.0930937E-04   57.17053    
 -3.0730729E-04   59.41863    
 -3.0530532E-04   66.20388    
 -3.0330333E-04   72.97733    
 -3.0130130E-04   73.89763    
 -2.9929934E-04   69.95635    
 -2.9729735E-04   68.43658    
 -2.9529538E-04   72.57516    
 -2.9329330E-04   75.75166    
 -2.9129133E-04   70.55571    
 -2.8928934E-04   61.65339    
 -2.8728732E-04   63.16906    
 -2.8528529E-04   81.05531    
 -2.8328333E-04   103.0397    
 -2.8128127E-04   110.7067    
 -2.7927931E-04   99.78220    
 -2.7727729E-04   83.72022    
 -2.7527532E-04   77.53355    
 -2.7327327E-04   82.84744    
 -2.7127130E-04   90.74843    
 -2.6926928E-04   94.89343    
 -2.6726729E-04   97.29247    
 -2.6526532E-04   102.3734    
 -2.6326330E-04   110.2351    
 -2.6126127E-04   117.3954    
 -2.5925928E-04   121.4151    
 -2.5725731E-04   122.2306    
 -2.5525529E-04   120.1777    
 -2.5325327E-04   115.4708    
 -2.5125127E-04   110.1115    
 -2.4924931E-04   108.4588    
 -2.4724723E-04   114.1057    
 -2.4524526E-04   126.1862    
 -2.4324325E-04   139.5482    
 -2.4124124E-04   149.0490    
 -2.3923923E-04   153.4928    
 -2.3723727E-04   155.3015    
 -2.3523530E-04   157.0484    
 -2.3323324E-04   159.3825    
 -2.3123127E-04   162.3353    
 -2.2922926E-04   166.9262    
 -2.2722724E-04   173.8999    
 -2.2522523E-04   181.7610    
 -2.2322327E-04   188.4418    
 -2.2122126E-04   195.2361    
 -2.1921925E-04   206.4815    
 -2.1721722E-04   223.5001    
 -2.1521526E-04   241.1481    
 -2.1321321E-04   253.4312    
 -2.1121124E-04   261.6968    
 -2.0920922E-04   273.5569    
 -2.0720721E-04   293.2175    
 -2.0520520E-04   316.8048    
 -2.0320324E-04   339.3401    
 -2.0120127E-04   362.6877    
 -1.9919920E-04   392.5280    
 -1.9719724E-04   429.5217    
 -1.9519523E-04   468.5397    
 -1.9319321E-04   506.6184    
 -1.9119120E-04   546.5063    
 -1.8918923E-04   590.7280    
 -1.8718716E-04   637.1090    
 -1.8518520E-04   683.6689    
 -1.8318319E-04   734.5961    
 -1.8118123E-04   796.8327    
 -1.7917916E-04   873.4919    
 -1.7717719E-04   965.5776    
 -1.7517518E-04   1078.036    
 -1.7317318E-04   1216.808    
 -1.7117115E-04   1380.267    
 -1.6916920E-04   1562.582    
 -1.6716713E-04   1769.626    
 -1.6516517E-04   2022.753    
 -1.6316320E-04   2338.985    
 -1.6116124E-04   2713.987    
 -1.5915917E-04   3135.506    
 -1.5715721E-04   3608.242    
 -1.5515515E-04   4146.299    
 -1.5315319E-04   4731.534    
 -1.5115112E-04   5291.819    
 -1.4914916E-04   5732.834    
 -1.4714719E-04   5987.898    
 -1.4514512E-04   6031.056    
 -1.4314307E-04   5858.140    
 -1.4114119E-04   5484.635    
 -1.3913914E-04   4968.277    
 -1.3713718E-04   4406.578    
 -1.3513521E-04   3882.918    
 -1.3313314E-04   3416.841    
 -1.3113118E-04   2982.409    
 -1.2912911E-04   2571.425    
 -1.2712716E-04   2217.554    
 -1.2512520E-04   1951.899    
 -1.2312313E-04   1756.890    
 -1.2112106E-04   1583.248    
 -1.1911920E-04   1405.053    
 -1.1711713E-04   1239.764    
 -1.1511507E-04   1115.393    
 -1.1311311E-04   1035.440    
 -1.1111114E-04   981.6496    
 -1.0910908E-04   936.9394    
 -1.0710712E-04   894.2314    
 -1.0510505E-04   851.1288    
 -1.0310319E-04   807.6497    
 -1.0110113E-04   767.2947    
 -9.9099059E-05   731.8047    
 -9.7097196E-05   696.8247    
 -9.5095129E-05   660.1406    
 -9.3093069E-05   631.1278    
 -9.1091104E-05   621.4181    
 -8.9089139E-05   627.1285    
 -8.7087079E-05   631.8083    
 -8.5085114E-05   628.7292    
 -8.3083047E-05   626.8796    
 -8.1081089E-05   629.7128    
 -7.9079124E-05   624.2579    
 -7.7077057E-05   605.0305    
 -7.5074997E-05   595.3510    
 -7.3073126E-05   622.2858    
 -7.1071066E-05   674.3013    
 -6.9069007E-05   710.1172    
 -6.7067136E-05   716.5331    
 -6.5065076E-05   731.7205    
 -6.3063111E-05   792.5372    
 -6.1061044E-05   879.0067    
 -5.9059083E-05   939.8383    
 -5.7057117E-05   964.6661    
 -5.5055058E-05   997.2205    
 -5.3052994E-05   1071.210    
 -5.1051127E-05   1166.155    
 -4.9049064E-05   1245.891    
 -4.7047000E-05   1315.038    
 -4.5045035E-05   1406.213    
 -4.3043074E-05   1525.253    
 -4.1041010E-05   1646.565    
 -3.9039045E-05   1764.520    
 -3.7036982E-05   1912.040    
 -3.5035016E-05   2112.534    
 -3.3033055E-05   2342.719    
 -3.1030992E-05   2570.268    
 -2.9029125E-05   2805.864    
 -2.7027061E-05   3085.547    
 -2.5024998E-05   3413.307    
 -2.3023034E-05   3764.873    
 -2.1021069E-05   4150.121    
 -1.9019006E-05   4625.921    
 -1.7017042E-05   5218.265    
 -1.5014979E-05   5868.180    
 -1.3013015E-05   6492.746    
 -1.1011050E-05   7081.588    
 -9.0089879E-06   7680.808    
 -7.0069245E-06   8283.411    
 -5.0050589E-06   8790.945    
 -3.0029958E-06   9109.585    
 -1.0009326E-06   9241.936    
  1.0009326E-06   9241.937    
  3.0029958E-06   9109.575    
  5.0050589E-06   8790.883    
  7.0070232E-06   8283.385    
  9.0089879E-06   7680.785    
  1.1010952E-05   7081.626    
  1.3013015E-05   6492.745    
  1.5015078E-05   5868.106    
  1.7016944E-05   5218.286    
  1.9019006E-05   4625.922    
  2.1021069E-05   4150.136    
  2.3023034E-05   3764.878    
  2.5024998E-05   3413.314    
  2.7027061E-05   3085.535    
  2.9029026E-05   2805.873    
  3.1030992E-05   2570.266    
  3.3033055E-05   2342.717    
  3.5035016E-05   2112.540    
  3.7037080E-05   1912.071    
  3.9039045E-05   1764.520    
  4.1041010E-05   1646.577    
  4.3043074E-05   1525.247    
  4.5045035E-05   1406.214    
  4.7047000E-05   1315.040    
  4.9049064E-05   1245.894    
  5.1051029E-05   1166.170    
  5.3053092E-05   1071.226    
  5.5055058E-05   997.2194    
  5.7057019E-05   964.6763    
  5.9059083E-05   939.8348    
  6.1061146E-05   879.0062    
  6.3063009E-05   792.5427    
  6.5065076E-05   731.7189    
  6.7067136E-05   716.5369    
  6.9069007E-05   710.1163    
  7.1071066E-05   674.3083    
  7.3073126E-05   622.2883    
  7.5075091E-05   595.3528    
  7.7077057E-05   605.0242    
  7.9079124E-05   624.2586    
  8.1081089E-05   629.7115    
  8.3083149E-05   626.8794    
  8.5085012E-05   628.7322    
  8.7087079E-05   631.8068    
  8.9089139E-05   627.1295    
  9.1091104E-05   621.4234    
  9.3093069E-05   631.1276    
  9.5095129E-05   660.1407    
  9.7097094E-05   696.8223    
  9.9099059E-05   731.8062    
  1.0110113E-04   767.2919    
  1.0310309E-04   807.6461    
  1.0510515E-04   851.1329    
  1.0710712E-04   894.2320    
  1.0910908E-04   936.9370    
  1.1111114E-04   981.6465    
  1.1311321E-04   1035.438    
  1.1511507E-04   1115.398    
  1.1711713E-04   1239.761    
  1.1911910E-04   1405.043    
  1.2112116E-04   1583.257    
  1.2312313E-04   1756.893    
  1.2512509E-04   1951.894    
  1.2712716E-04   2217.550    
  1.2912921E-04   2571.443    
  1.3113108E-04   2982.386    
  1.3313314E-04   3416.842    
  1.3513521E-04   3882.918    
  1.3713707E-04   4406.558    
  1.3913914E-04   4968.279    
  1.4114119E-04   5484.638    
  1.4314316E-04   5858.158    
  1.4514512E-04   6031.057    
  1.4714719E-04   5987.898    
  1.4914916E-04   5732.833    
  1.5115122E-04   5291.813    
  1.5315319E-04   4731.534    
  1.5515515E-04   4146.296    
  1.5715721E-04   3608.242    
  1.5915917E-04   3135.503    
  1.6116114E-04   2714.004    
  1.6316320E-04   2338.986    
  1.6516517E-04   2022.753    
  1.6716713E-04   1769.629    
  1.6916920E-04   1562.583    
  1.7117115E-04   1380.268    
  1.7317322E-04   1216.810    
  1.7517518E-04   1078.036    
  1.7717715E-04   965.5822    
  1.7917922E-04   873.4963    
  1.8118128E-04   796.8337    
  1.8318315E-04   734.5950    
  1.8518520E-04   683.6671    
  1.8718727E-04   637.1048    
  1.8918923E-04   590.7303    
  1.9119120E-04   546.5055    
  1.9319316E-04   506.6156    
  1.9519523E-04   468.5396    
  1.9719728E-04   429.5192    
  1.9919916E-04   392.5254    
  2.0120121E-04   362.6870    
  2.0320328E-04   339.3417    
  2.0520514E-04   316.8081    
  2.0720721E-04   293.2184    
  2.0920928E-04   273.5592    
  2.1121124E-04   261.6959    
  2.1321321E-04   253.4317    
  2.1521526E-04   241.1499    
  2.1721722E-04   223.5007    
  2.1921929E-04   206.4806    
  2.2122126E-04   195.2359    
  2.2322322E-04   188.4401    
  2.2522529E-04   181.7625    
  2.2722724E-04   173.8979    
  2.2922920E-04   166.9256    
  2.3123127E-04   162.3359    
  2.3323324E-04   159.3839    
  2.3523520E-04   157.0508    
  2.3723727E-04   155.3002    
  2.3923923E-04   153.4926    
  2.4124129E-04   149.0492    
  2.4324325E-04   139.5484    
  2.4524523E-04   126.1822    
  2.4724728E-04   114.1097    
  2.4924934E-04   108.4564    
  2.5125121E-04   110.1122    
  2.5325327E-04   115.4722    
  2.5525535E-04   120.1785    
  2.5725731E-04   122.2330    
  2.5925928E-04   121.4125    
  2.6126133E-04   117.3971    
  2.6326330E-04   110.2330    
  2.6526526E-04   102.3736    
  2.6726723E-04   97.29237    
  2.6926928E-04   94.89246    
  2.7127136E-04   90.74259    
  2.7327321E-04   82.84869    
  2.7527529E-04   77.53277    
  2.7727734E-04   83.72344    
  2.7927931E-04   99.78291    
  2.8128127E-04   110.7070    
  2.8328333E-04   103.0394    
  2.8528529E-04   81.05592    
  2.8728737E-04   63.16622    
  2.8928934E-04   61.65202    
  2.9129130E-04   70.55688    
  2.9329336E-04   75.75581    
  2.9529541E-04   72.57449    
  2.9729729E-04   68.43720    
  2.9929934E-04   69.95445    
  3.0130130E-04   73.89712    
  3.0330327E-04   72.97683    
  3.0530532E-04   66.20409    
  3.0730729E-04   59.41822    
  3.0930937E-04   57.16972    
  3.1131133E-04   57.92788    
  3.1331330E-04   57.43924    
  3.1531535E-04   53.93600    
  3.1731740E-04   48.97482    
  3.1931928E-04   45.24314    
  3.2132133E-04   44.85821    
  3.2332342E-04   48.40473    
  3.2532538E-04   54.07215    
  3.2732735E-04   58.18394    
  3.2932940E-04   58.00879    
  3.3133136E-04   53.97527    
  3.3333333E-04   48.70199    
  3.3533538E-04   44.42024    
  3.3733735E-04   42.05509    
  3.3933943E-04   41.82702    
  3.4134128E-04   43.00554    
  3.4334336E-04   43.21814    
  3.4534541E-04   39.80634    
  3.4734738E-04   32.74807    
  3.4934934E-04   25.31083    
  3.5135139E-04   21.30311    
  3.5335336E-04   22.19748    
  3.5535544E-04   26.94038    
  3.5735741E-04   32.90072    
  3.5935937E-04   36.38638    
  3.6136142E-04   34.30894    
  3.6336348E-04   27.65472    
  3.6536535E-04   22.23743    
  3.6736741E-04   23.29803    
  3.6936949E-04   29.22462    
  3.7137134E-04   33.13909    
  3.7337342E-04   31.30689    
  3.7537538E-04   27.32858    
  3.7737744E-04   26.33671    
  3.7937940E-04   27.74136    
  3.8138137E-04   26.88933    
  3.8338342E-04   22.55202    
  3.8538550E-04   18.65733    
  3.8738735E-04   18.11877    
  3.8938943E-04   18.66755    
  3.9139148E-04   16.95363    
  3.9339345E-04   14.02787    
  3.9539541E-04   13.84099    
  3.9739747E-04   17.64673    
  3.9939943E-04   22.97771    
  4.0140140E-04   27.50320    
  4.0340348E-04   30.70828    
  4.0540542E-04   31.56430    
  4.0740750E-04   28.02872    
  4.0940935E-04   20.59293    
  4.1141143E-04   13.67712    
  4.1341348E-04   11.12284    
  4.1541544E-04   11.92777    
  4.1741741E-04   12.86399    
  4.1941946E-04   13.65719    
  4.2142143E-04   16.26077    
  4.2342351E-04   19.81027    
  4.2542547E-04   20.55342    
  4.2742744E-04   17.82679    
  4.2942949E-04   16.13358    
  4.3143146E-04   18.75378    
  4.3343342E-04   22.44717    
  4.3543548E-04   22.24745    
  4.3743756E-04   19.54936    
  4.3943941E-04   20.58890    
  4.4144149E-04   26.97335    
  4.4344354E-04   32.59369    
  4.4544550E-04   31.87147    
  4.4744747E-04   27.00337    
  4.4944944E-04   23.67431    
  4.5145149E-04   22.63969    
  4.5345357E-04   20.07296    
  4.5545542E-04   14.94309    
  4.5745750E-04   10.91553    
  4.5945955E-04   10.13496    
  4.6146152E-04   9.816027    
  4.6346348E-04   7.471069    
  4.6546553E-04   5.718162    
  4.6746750E-04   8.165723    
  4.6946947E-04   12.82298    
  4.7147155E-04   14.17212    
  4.7347351E-04   11.23989    
  4.7547556E-04   9.063368    
  4.7747753E-04   11.12947    
  4.7947949E-04   14.49309    
  4.8148155E-04   14.72480    
  4.8348351E-04   12.44513    
  4.8548548E-04   11.42315    
  4.8748756E-04   12.21681    
  4.8948952E-04   11.86783    
  4.9149158E-04   9.471231    
  4.9349351E-04   7.876163    
  4.9549551E-04   8.842580    
  4.9749756E-04   10.08350    
  4.9949955E-04   9.197743    
  5.0150149E-04   7.691092    
  5.0350354E-04   8.257369    
  5.0550560E-04   10.02668    
  5.0750747E-04   10.02809    
  5.0950953E-04   8.477344    
  5.1151164E-04   8.780760    
  5.1351357E-04   11.87824    
  5.1551557E-04   14.26216    
  5.1751762E-04   13.28928    
  5.1951956E-04   11.25125    
  5.2152161E-04   11.46664    
  5.2352349E-04   12.76673    
  5.2552554E-04   11.55587    
  5.2752765E-04   8.274585    
  5.2952947E-04   7.458644    
  5.3153158E-04   10.72199    
  5.3353363E-04   13.64922    
  5.3553557E-04   11.92004    
  5.3753756E-04   7.570867    
  5.3953961E-04   5.990472    
  5.4154155E-04   8.366882    
  5.4354366E-04   10.79823    
  5.4554560E-04   10.60804    
  5.4754753E-04   9.771284    
  5.4954964E-04   10.94846    
  5.5155170E-04   13.21226    
  5.5355357E-04   13.88788    
  5.5555563E-04   12.62117    
  5.5755756E-04   11.03914    
  5.5955962E-04   9.579605    
  5.6156161E-04   7.464129    
  5.6356355E-04   5.494145    
  5.6556566E-04   5.891007    
  5.6756759E-04   8.582024    
  5.6956959E-04   10.23970    
  5.7157164E-04   8.688787    
  5.7357369E-04   6.366591    
  5.7557557E-04   7.220307    
  5.7757762E-04   11.20644    
  5.7957968E-04   14.38396    
  5.8158167E-04   14.31571    
  5.8358361E-04   12.96299    
  5.8558566E-04   13.38694    
  5.8758765E-04   15.51377    
  5.8958970E-04   16.65805    
  5.9159164E-04   15.14521    
  5.9359364E-04   11.87056    
  5.9559569E-04   8.677047    
  5.9759757E-04   6.554678    
  5.9959962E-04   5.419810    
  6.0160167E-04   4.590332    
  6.0360366E-04   3.309298    
  6.0560560E-04   1.643046    
  6.0760765E-04  0.7809979    
  6.0960965E-04   1.623163    
  6.1161170E-04   3.143120    
  6.1361369E-04   3.418213    
  6.1561563E-04   2.506951    
  6.1761768E-04   2.831995    
  6.1961974E-04   5.799028    
  6.2162161E-04   9.333212    
  6.2362367E-04   10.30827    
  6.2562578E-04   8.575193    
  6.2762771E-04   6.766203    
  6.2962971E-04   6.315799    
  6.3163164E-04   5.880454    
  6.3363370E-04   4.271010    
  6.3563569E-04   2.836777    
  6.3763763E-04   3.351570    
  6.3963968E-04   4.926160    
  6.4164179E-04   5.136575    
  6.4364361E-04   3.698055    
  6.4564572E-04   2.837036    
  6.4764777E-04   3.816859    
  6.4964971E-04   5.115887    
  6.5165170E-04   4.944432    
  6.5365375E-04   3.891032    
  6.5565569E-04   3.617742    
  6.5765780E-04   4.217887    
  6.5965974E-04   4.628797    
  6.6166167E-04   5.028213    
  6.6366378E-04   6.662553    
  6.6566584E-04   9.122039    
  6.6766771E-04   9.845443    
  6.6966977E-04   7.388728    
  6.7167165E-04   3.789333    
  6.7367370E-04   2.305386    
  6.7567575E-04   3.663494    
  6.7767763E-04   5.878152    
  6.7967968E-04   7.202092    
  6.8168173E-04   7.623195    
  6.8368379E-04   7.563917    
  6.8568566E-04   6.873130    
  6.8768772E-04   5.778565    
  6.8968977E-04   5.463217    
  6.9169188E-04   6.594644    
  6.9369370E-04   8.082313    
  6.9569581E-04   8.351578    
  6.9769786E-04   7.357819    
  6.9969974E-04   6.287843    
  7.0170179E-04   5.630617    
  7.0370367E-04   4.759543    
  7.0570572E-04   3.398479    
  7.0770778E-04   2.165438    
  7.0970983E-04   1.431236    
  7.1171188E-04  0.7870864    
  7.1371393E-04  0.2170086    
  7.1571564E-04  0.6108729    
  7.1771769E-04   2.183157    
  7.1971974E-04   3.382600    
  7.2172179E-04   2.777044    
  7.2372390E-04   1.434930    
  7.2572572E-04   1.800629    
  7.2772783E-04   4.207839    
  7.2972965E-04   6.243239    
  7.3173176E-04   6.146269    
  7.3373382E-04   5.180316    
  7.3573587E-04   5.471996    
  7.3773775E-04   6.763370    
  7.3973980E-04   7.068393    
  7.4174185E-04   5.903777    
  7.4374391E-04   4.862543    
  7.4574578E-04   4.896106    
  7.4774784E-04   4.984440    
  7.4974971E-04   4.290212    
  7.5175177E-04   3.905752    
  7.5375382E-04   4.972857    
  7.5575593E-04   6.252260    
  7.5775798E-04   5.469944    
  7.5975963E-04   2.734242    
  7.6176168E-04  0.6573507    
  7.6376373E-04  0.7874174    
  7.6576584E-04   1.647362    
  7.6776790E-04   1.184870    
  7.6976995E-04 -0.2700868    
  7.7177183E-04 -0.8662797    
  7.7377388E-04 -0.1246204    
  7.7577576E-04  0.6407837    
  7.7777781E-04  0.5408692    
  7.7977986E-04  0.1505848    
  7.8178191E-04  0.1097565    
  7.8378379E-04  8.9817978E-02
  7.8578584E-04 -0.1925036    
  7.8778790E-04 -7.3092051E-02
  7.8979001E-04   1.001671    
  7.9179183E-04   2.319236    
  7.9379370E-04   2.846660    
  7.9579576E-04   2.792541    
  7.9779787E-04   3.137766    
  7.9979992E-04   3.824797    
  8.0180197E-04   3.752504    
  8.0380403E-04   2.643649    
  8.0580573E-04   1.681131    
  8.0780778E-04   1.780023    
  8.0980983E-04   2.377630    
  8.1181189E-04   2.673240    
  8.1381394E-04   3.019938    
  8.1581599E-04   3.947081    
  8.1781787E-04   4.543038    
  8.1981992E-04   3.443423    
  8.2182180E-04   1.288216    
  8.2382385E-04  0.5181955    
  8.2582596E-04   2.222771    
  8.2782801E-04   4.585127    
  8.2982989E-04   5.366608    
  8.3183195E-04   4.718736    
  8.3383400E-04   4.254545    
  8.3583588E-04   4.237512    
  8.3783793E-04   3.511318    
  8.3983981E-04   2.023616    
  8.4184186E-04   1.430925    
  8.4384391E-04   2.472037    
  8.4584596E-04   3.341252    
  8.4784802E-04   2.024177    
  8.4985013E-04 -0.7172144    
  8.5185177E-04  -2.275079    
  8.5385382E-04  -1.658922    
  8.5585588E-04 -0.4377897    
  8.5785793E-04 -0.1282287    
  8.5986004E-04 -0.2427243    
  8.6186209E-04  0.3126637    
  8.6386397E-04   1.217221    
  8.6586579E-04   1.350155    
  8.6786790E-04  0.7446886    
  8.6986995E-04  0.5726451    
  8.7187201E-04   1.292504    
  8.7387388E-04   2.060317    
  8.7587594E-04   2.203181    
  8.7787799E-04   2.243381    
  8.7988004E-04   2.871256    
  8.8188192E-04   3.739536    
  8.8388397E-04   3.999366    
  8.8588585E-04   3.627256    
  8.8788790E-04   3.400003    
  8.8988995E-04   3.734560    
  8.9189206E-04   4.248601    
  8.9389412E-04   4.436762    
  8.9589617E-04   4.221155    
  8.9789781E-04   3.795698    
  8.9989993E-04   3.435582    
  9.0190198E-04   3.513999    
  9.0390403E-04   4.144491    
  9.0590608E-04   4.696383    
  9.0790796E-04   4.317154    
  9.0991001E-04   3.186743    
  9.1191189E-04   2.568353    
  9.1391394E-04   3.129822    
  9.1591600E-04   3.899062    
  9.1791805E-04   3.656200    
  9.1991993E-04   2.821859    
  9.2192198E-04   2.775705    
  9.2392409E-04   3.510151    
  9.2592614E-04   3.348552    
  9.2792802E-04   1.497310    
  9.2993007E-04 -0.4064952    
  9.3193189E-04 -0.3235835    
  9.3393400E-04   1.407803    
  9.3593606E-04   2.610097    
  9.3793811E-04   2.222444    
  9.3994016E-04   1.287743    
  9.4194186E-04  0.9155251    
  9.4394392E-04  0.7164125    
  9.4594597E-04 -1.9681336E-02
  9.4794802E-04 -0.7685754    
  9.4995007E-04 -0.5615124    
  9.5195218E-04  0.3500804    
  9.5395400E-04  0.8670805    
  9.5595611E-04  0.8153958    
  9.5795793E-04   1.003907    
  9.5995999E-04   1.517005    
  9.6196210E-04   1.308796    
  9.6396415E-04  8.7709948E-02
  9.6596603E-04 -0.6974587    
  9.6796808E-04  0.1927327    
  9.6997013E-04   1.734648    
  9.7197201E-04   1.950055    
  9.7397406E-04  0.8359647    
  9.7597612E-04  0.4344374    
  9.7797799E-04   1.778175    
  9.7998010E-04   3.314948    
  9.8198210E-04   3.180890    
  9.8398421E-04   1.844860    
  9.8598620E-04   1.253230    
  9.8798797E-04   1.988686    
  9.8998996E-04   2.730558    
  9.9199207E-04   2.430921    
  9.9399406E-04   1.623695    
  9.9599618E-04   1.148462    
  9.9799817E-04  0.7774417    
  1.0000000E-03 -4.6465993E-02
