 -1.0000000E-03   8.021564    
 -9.9799817E-04   6.696284    
 -9.9599606E-04   5.353815    
 -9.9399406E-04   4.159509    
 -9.9199207E-04   3.254505    
 -9.8999008E-04   2.732503    
 -9.8798808E-04   2.626419    
 -9.8598609E-04   2.899165    
 -9.8398409E-04   3.466548    
 -9.8198210E-04   4.190636    
 -9.7998010E-04   4.932201    
 -9.7797811E-04   5.553932    
 -9.7597600E-04   5.962463    
 -9.7397406E-04   6.120884    
 -9.7197207E-04   6.043483    
 -9.6997002E-04   5.800159    
 -9.6796808E-04   5.496509    
 -9.6596603E-04   5.241513    
 -9.6396403E-04   5.136799    
 -9.6196210E-04   5.237695    
 -9.5995999E-04   5.547177    
 -9.5795805E-04   6.024140    
 -9.5595611E-04   6.570384    
 -9.5395400E-04   7.079055    
 -9.5195207E-04   7.431726    
 -9.4995002E-04   7.551094    
 -9.4794802E-04   7.400758    
 -9.4594609E-04   7.008893    
 -9.4394403E-04   6.458348    
 -9.4194204E-04   5.878839    
 -9.3993999E-04   5.408164    
 -9.3793799E-04   5.186821    
 -9.3593606E-04   5.305161    
 -9.3393400E-04   5.792275    
 -9.3193201E-04   6.610257    
 -9.2993007E-04   7.655708    
 -9.2792802E-04   8.767967    
 -9.2592603E-04   9.774423    
 -9.2392397E-04   10.50446    
 -9.2192198E-04   10.83836    
 -9.1992004E-04   10.71960    
 -9.1791799E-04   10.17117    
 -9.1591600E-04   9.287824    
 -9.1391394E-04   8.223353    
 -9.1191201E-04   7.163003    
 -9.0991001E-04   6.283978    
 -9.0790796E-04   5.732121    
 -9.0590597E-04   5.588774    
 -9.0390403E-04   5.861483    
 -9.0190198E-04   6.486296    
 -8.9989998E-04   7.338677    
 -8.9789793E-04   8.262844    
 -8.9589600E-04   9.093654    
 -8.9389400E-04   9.704697    
 -8.9189195E-04   9.999782    
 -8.8988995E-04   9.960490    
 -8.8788802E-04   9.622325    
 -8.8588597E-04   9.067193    
 -8.8388397E-04   8.411094    
 -8.8188192E-04   7.768978    
 -8.7987998E-04   7.230130    
 -8.7787799E-04   6.854473    
 -8.7587594E-04   6.649513    
 -8.7387394E-04   6.572236    
 -8.7187201E-04   6.559433    
 -8.6986995E-04   6.527406    
 -8.6786796E-04   6.405795    
 -8.6586591E-04   6.152293    
 -8.6386397E-04   5.767405    
 -8.6186186E-04   5.286141    
 -8.5985992E-04   4.788977    
 -8.5785793E-04   4.368428    
 -8.5585588E-04   4.120736    
 -8.5385394E-04   4.104597    
 -8.5185195E-04   4.347435    
 -8.4984989E-04   4.811815    
 -8.4784796E-04   5.413992    
 -8.4584596E-04   6.026398    
 -8.4384391E-04   6.500291    
 -8.4184197E-04   6.691482    
 -8.3983986E-04   6.492011    
 -8.3783793E-04   5.844588    
 -8.3583593E-04   4.764615    
 -8.3383388E-04   3.332773    
 -8.3183195E-04   1.696319    
 -8.2982989E-04  3.7879258E-02
 -8.2782790E-04  -1.440228    
 -8.2582590E-04  -2.551395    
 -8.2382391E-04  -3.154021    
 -8.2182192E-04  -3.164749    
 -8.1981992E-04  -2.572877    
 -8.1781787E-04  -1.440664    
 -8.1581593E-04  0.1077368    
 -8.1381388E-04   1.920714    
 -8.1181189E-04   3.820069    
 -8.0980989E-04   5.638728    
 -8.0780784E-04   7.251213    
 -8.0580590E-04   8.572095    
 -8.0380391E-04   9.567974    
 -8.0180186E-04   10.26439    
 -7.9979986E-04   10.71462    
 -7.9779787E-04   11.00868    
 -7.9579587E-04   11.23218    
 -7.9379388E-04   11.46930    
 -7.9179183E-04   11.77061    
 -7.8978989E-04   12.16337    
 -7.8778784E-04   12.63609    
 -7.8578584E-04   13.15506    
 -7.8378391E-04   13.65849    
 -7.8178186E-04   14.09258    
 -7.7977986E-04   14.39184    
 -7.7777787E-04   14.52210    
 -7.7577581E-04   14.46352    
 -7.7377388E-04   14.22163    
 -7.7177183E-04   13.82531    
 -7.6976983E-04   13.31722    
 -7.6776784E-04   12.74583    
 -7.6576584E-04   12.15290    
 -7.6376385E-04   11.57477    
 -7.6176180E-04   11.02872    
 -7.5975980E-04   10.51427    
 -7.5775781E-04   10.01743    
 -7.5575581E-04   9.517327    
 -7.5375382E-04   8.991521    
 -7.5175177E-04   8.424526    
 -7.4974983E-04   7.821914    
 -7.4774784E-04   7.192170    
 -7.4574584E-04   6.576583    
 -7.4374385E-04   6.018982    
 -7.4174179E-04   5.560149    
 -7.3973980E-04   5.254597    
 -7.3773781E-04   5.126799    
 -7.3573581E-04   5.186548    
 -7.3373382E-04   5.422694    
 -7.3173176E-04   5.794386    
 -7.2972977E-04   6.262265    
 -7.2772783E-04   6.773943    
 -7.2572578E-04   7.285087    
 -7.2372379E-04   7.771319    
 -7.2172179E-04   8.234915    
 -7.1971974E-04   8.701612    
 -7.1771780E-04   9.215097    
 -7.1571581E-04   9.831748    
 -7.1371376E-04   10.59614    
 -7.1171182E-04   11.53229    
 -7.0970977E-04   12.63324    
 -7.0770778E-04   13.83352    
 -7.0570578E-04   15.04102    
 -7.0370373E-04   16.11722    
 -7.0170179E-04   16.91552    
 -6.9969974E-04   17.29817    
 -6.9769775E-04   17.16893    
 -6.9569581E-04   16.47575    
 -6.9369370E-04   15.26860    
 -6.9169176E-04   13.65126    
 -6.8968977E-04   11.81668    
 -6.8768772E-04   9.996532    
 -6.8568578E-04   8.433666    
 -6.8368373E-04   7.354735    
 -6.8168173E-04   6.918752    
 -6.7967980E-04   7.213096    
 -6.7767769E-04   8.211226    
 -6.7567575E-04   9.787278    
 -6.7367376E-04   11.74877    
 -6.7167170E-04   13.84253    
 -6.6966977E-04   15.81870    
 -6.6766771E-04   17.46147    
 -6.6566572E-04   18.62413    
 -6.6366373E-04   19.26266    
 -6.6166167E-04   19.42344    
 -6.5965974E-04   19.25206    
 -6.5765769E-04   18.95213    
 -6.5565569E-04   18.73989    
 -6.5365370E-04   18.81859    
 -6.5165170E-04   19.32010    
 -6.4964971E-04   20.29086    
 -6.4764777E-04   21.67560    
 -6.4564572E-04   23.31691    
 -6.4364373E-04   24.99727    
 -6.4164173E-04   26.46740    
 -6.3963968E-04   27.48327    
 -6.3763774E-04   27.85947    
 -6.3563569E-04   27.49256    
 -6.3363370E-04   26.39962    
 -6.3163170E-04   24.69126    
 -6.2962971E-04   22.57757    
 -6.2762771E-04   20.32061    
 -6.2562566E-04   18.22043    
 -6.2362367E-04   16.54058    
 -6.2162167E-04   15.49931    
 -6.1961968E-04   15.23240    
 -6.1761768E-04   15.78516    
 -6.1561569E-04   17.09835    
 -6.1361369E-04   19.03036    
 -6.1161170E-04   21.38422    
 -6.0960965E-04   23.92338    
 -6.0760765E-04   26.40324    
 -6.0560566E-04   28.59439    
 -6.0360366E-04   30.29804    
 -6.0160167E-04   31.38309    
 -5.9959962E-04   31.76435    
 -5.9759768E-04   31.43337    
 -5.9559563E-04   30.44241    
 -5.9359364E-04   28.91213    
 -5.9159164E-04   27.01974    
 -5.8958959E-04   24.99201    
 -5.8758765E-04   23.07741    
 -5.8558560E-04   21.53571    
 -5.8358361E-04   20.60198    
 -5.8158167E-04   20.46863    
 -5.7957962E-04   21.23471    
 -5.7757762E-04   22.91416    
 -5.7557563E-04   25.39750    
 -5.7357363E-04   28.46293    
 -5.7157158E-04   31.80924    
 -5.6956959E-04   35.06510    
 -5.6756765E-04   37.86068    
 -5.6556566E-04   39.86078    
 -5.6356360E-04   40.81862    
 -5.6156161E-04   40.61863    
 -5.5955962E-04   39.29921    
 -5.5755756E-04   37.04092    
 -5.5555563E-04   34.14494    
 -5.5355357E-04   30.98135    
 -5.5155164E-04   27.95795    
 -5.4954959E-04   25.41197    
 -5.4754759E-04   23.60050    
 -5.4554560E-04   22.65029    
 -5.4354360E-04   22.53217    
 -5.4154155E-04   23.10325    
 -5.3953961E-04   24.12160    
 -5.3753756E-04   25.30776    
 -5.3553557E-04   26.39693    
 -5.3353363E-04   27.19973    
 -5.3153158E-04   27.62821    
 -5.2952959E-04   27.71151    
 -5.2752759E-04   27.58916    
 -5.2552560E-04   27.45982    
 -5.2352354E-04   27.56366    
 -5.2152161E-04   28.11247    
 -5.1951956E-04   29.24129    
 -5.1751756E-04   30.99245    
 -5.1551557E-04   33.29493    
 -5.1351357E-04   36.00130    
 -5.1151158E-04   38.90126    
 -5.0950953E-04   41.76632    
 -5.0750753E-04   44.41363    
 -5.0550560E-04   46.71908    
 -5.0350348E-04   48.64296    
 -5.0150155E-04   50.22678    
 -4.9949955E-04   51.56938    
 -4.9749750E-04   52.79776    
 -4.9549557E-04   54.00174    
 -4.9349351E-04   55.23153    
 -4.9149158E-04   56.44773    
 -4.8948952E-04   57.56244    
 -4.8748756E-04   58.41909    
 -4.8548554E-04   58.85294    
 -4.8348351E-04   58.74750    
 -4.8148152E-04   58.05833    
 -4.7947955E-04   56.86276    
 -4.7747753E-04   55.33981    
 -4.7547551E-04   53.78034    
 -4.7347351E-04   52.51233    
 -4.7147155E-04   51.87604    
 -4.6946947E-04   52.11459    
 -4.6746750E-04   53.35439    
 -4.6546553E-04   55.56359    
 -4.6346348E-04   58.55043    
 -4.6146152E-04   61.97703    
 -4.5945949E-04   65.45075    
 -4.5745753E-04   68.56975    
 -4.5545548E-04   71.01556    
 -4.5345351E-04   72.61018    
 -4.5145149E-04   73.34584    
 -4.4944949E-04   73.39722    
 -4.4744747E-04   73.06570    
 -4.4544550E-04   72.74606    
 -4.4344345E-04   72.81365    
 -4.4144149E-04   73.57488    
 -4.3943946E-04   75.18609    
 -4.3743750E-04   77.65075    
 -4.3543545E-04   80.79691    
 -4.3343348E-04   84.33869    
 -4.3143152E-04   87.95436    
 -4.2942943E-04   91.33401    
 -4.2742747E-04   94.27503    
 -4.2542547E-04   96.69938    
 -4.2342345E-04   98.70522    
 -4.2142143E-04   100.5015    
 -4.1941946E-04   102.3818    
 -4.1741747E-04   104.6092    
 -4.1541544E-04   107.3988    
 -4.1341342E-04   110.8257    
 -4.1141146E-04   114.8169    
 -4.0940940E-04   119.1686    
 -4.0740744E-04   123.6200    
 -4.0540542E-04   127.9074    
 -4.0340348E-04   131.8754    
 -4.0140140E-04   135.5319    
 -3.9939943E-04   139.0890    
 -3.9739747E-04   142.9543    
 -3.9539541E-04   147.6395    
 -3.9339345E-04   153.6808    
 -3.9139143E-04   161.4802    
 -3.8938943E-04   171.2137    
 -3.8738741E-04   182.7400    
 -3.8538544E-04   195.5679    
 -3.8338342E-04   208.8989    
 -3.8138143E-04   221.7852    
 -3.7937940E-04   233.2482    
 -3.7737744E-04   242.5180    
 -3.7537538E-04   249.1759    
 -3.7337342E-04   253.2956    
 -3.7137140E-04   255.4784    
 -3.6936937E-04   256.8010    
 -3.6736741E-04   258.6598    
 -3.6536541E-04   262.5710    
 -3.6336345E-04   269.9040    
 -3.6136137E-04   281.6606    
 -3.5935940E-04   298.3224    
 -3.5735741E-04   319.7604    
 -3.5535538E-04   345.2976    
 -3.5335336E-04   373.8378    
 -3.5135139E-04   404.1430    
 -3.4934940E-04   435.0712    
 -3.4734738E-04   465.8318    
 -3.4534535E-04   496.1802    
 -3.4334339E-04   526.5146    
 -3.4134134E-04   557.8137    
 -3.3933937E-04   591.4980    
 -3.3733735E-04   629.2161    
 -3.3533535E-04   672.5967    
 -3.3333339E-04   723.0160    
 -3.3133136E-04   781.5375    
 -3.2932940E-04   848.8287    
 -3.2732735E-04   925.3435    
 -3.2532538E-04   1011.516    
 -3.2332336E-04   1108.041    
 -3.2132133E-04   1216.088    
 -3.1931934E-04   1337.436    
 -3.1731738E-04   1474.392    
 -3.1531529E-04   1629.568    
 -3.1331333E-04   1805.364    
 -3.1131133E-04   2003.361    
 -3.0930937E-04   2223.601    
 -3.0730729E-04   2463.941    
 -3.0530532E-04   2719.593    
 -3.0330333E-04   2982.959    
 -3.0130130E-04   3243.801    
 -2.9929934E-04   3489.837    
 -2.9729735E-04   3707.784    
 -2.9529538E-04   3884.469    
 -2.9329330E-04   4008.268    
 -2.9129133E-04   4070.337    
 -2.8928934E-04   4065.640    
 -2.8728732E-04   3993.661    
 -2.8528529E-04   3858.489    
 -2.8328333E-04   3668.461    
 -2.8128127E-04   3435.328    
 -2.7927931E-04   3173.002    
 -2.7727729E-04   2896.119    
 -2.7527532E-04   2618.644    
 -2.7327327E-04   2352.545    
 -2.7127130E-04   2106.946    
 -2.6926928E-04   1887.543    
 -2.6726729E-04   1696.641    
 -2.6526532E-04   1533.534    
 -2.6326330E-04   1395.222    
 -2.6126127E-04   1277.348    
 -2.5925928E-04   1175.120    
 -2.5725731E-04   1084.141    
 -2.5525529E-04   1000.975    
 -2.5325327E-04   923.5019    
 -2.5125127E-04   850.8583    
 -2.4924931E-04   783.2111    
 -2.4724723E-04   721.3397    
 -2.4524526E-04   666.1669    
 -2.4324325E-04   618.3007    
 -2.4124124E-04   577.8051    
 -2.3923923E-04   544.0414    
 -2.3723727E-04   515.7446    
 -2.3523530E-04   491.2952    
 -2.3323324E-04   469.0016    
 -2.3123127E-04   447.4625    
 -2.2922926E-04   425.7975    
 -2.2722724E-04   403.8480    
 -2.2522523E-04   382.1254    
 -2.2322327E-04   361.6452    
 -2.2122126E-04   343.6661    
 -2.1921925E-04   329.3991    
 -2.1721722E-04   319.6402    
 -2.1521526E-04   314.6053    
 -2.1321321E-04   313.7879    
 -2.1121124E-04   316.0418    
 -2.0920922E-04   319.7153    
 -2.0720721E-04   323.0194    
 -2.0520520E-04   324.2784    
 -2.0320324E-04   322.2246    
 -2.0120127E-04   316.2309    
 -1.9919920E-04   306.4084    
 -1.9719724E-04   293.5268    
 -1.9519523E-04   278.8767    
 -1.9319321E-04   263.9720    
 -1.9119120E-04   250.3480    
 -1.8918923E-04   239.1926    
 -1.8718716E-04   231.2456    
 -1.8518520E-04   226.6995    
 -1.8318319E-04   225.1985    
 -1.8118123E-04   226.0100    
 -1.7917916E-04   228.1900    
 -1.7717719E-04   230.8660    
 -1.7517518E-04   233.3244    
 -1.7317318E-04   235.2207    
 -1.7117115E-04   236.5714    
 -1.6916920E-04   237.6485    
 -1.6716713E-04   238.9411    
 -1.6516517E-04   240.8982    
 -1.6316320E-04   243.8283    
 -1.6116124E-04   247.7132    
 -1.5915917E-04   252.2395    
 -1.5715721E-04   256.7898    
 -1.5515515E-04   260.5935    
 -1.5315319E-04   262.9032    
 -1.5115112E-04   263.1964    
 -1.4914916E-04   261.2941    
 -1.4714719E-04   257.5183    
 -1.4514512E-04   252.6070    
 -1.4314307E-04   247.6558    
 -1.4114119E-04   243.9954    
 -1.3913914E-04   242.8204    
 -1.3713718E-04   245.0722    
 -1.3513521E-04   251.1859    
 -1.3313314E-04   261.0031    
 -1.3113118E-04   273.7706    
 -1.2912911E-04   288.2444    
 -1.2712716E-04   302.9438    
 -1.2512520E-04   316.3559    
 -1.2312313E-04   327.2462    
 -1.2112106E-04   334.8857    
 -1.1911920E-04   339.1600    
 -1.1711713E-04   340.6559    
 -1.1511507E-04   340.5344    
 -1.1311311E-04   340.3031    
 -1.1111114E-04   341.6263    
 -1.0910908E-04   346.0175    
 -1.0710712E-04   354.5712    
 -1.0510505E-04   367.8115    
 -1.0310319E-04   385.6072    
 -1.0110113E-04   407.3538    
 -9.9099059E-05   431.8974    
 -9.7097196E-05   457.9912    
 -9.5095129E-05   484.3802    
 -9.3093069E-05   510.1363    
 -9.1091104E-05   534.7578    
 -8.9089139E-05   558.2484    
 -8.7087079E-05   581.1095    
 -8.5085114E-05   604.2149    
 -8.3083047E-05   628.5012    
 -8.1081089E-05   654.9410    
 -7.9079124E-05   684.2326    
 -7.7077057E-05   716.6960    
 -7.5074997E-05   752.1860    
 -7.3073126E-05   790.2329    
 -7.1071066E-05   830.1490    
 -6.9069007E-05   871.1977    
 -6.7067136E-05   912.7287    
 -6.5065076E-05   954.6021    
 -6.3063111E-05   997.1420    
 -6.1061044E-05   1041.072    
 -5.9059083E-05   1087.818    
 -5.7057117E-05   1139.053    
 -5.5055058E-05   1196.612    
 -5.3052994E-05   1262.411    
 -5.1051127E-05   1337.960    
 -4.9049064E-05   1424.557    
 -4.7047000E-05   1522.975    
 -4.5045035E-05   1633.567    
 -4.3043074E-05   1756.427    
 -4.1041010E-05   1891.516    
 -3.9039045E-05   2038.888    
 -3.7036982E-05   2198.733    
 -3.5035016E-05   2371.666    
 -3.3033055E-05   2558.587    
 -3.1030992E-05   2760.622    
 -2.9029125E-05   2978.874    
 -2.7027061E-05   3214.324    
 -2.5024998E-05   3467.079    
 -2.3023034E-05   3736.446    
 -2.1021069E-05   4020.312    
 -1.9019006E-05   4315.012    
 -1.7017042E-05   4615.429    
 -1.5014979E-05   4914.774    
 -1.3013015E-05   5205.035    
 -1.1011050E-05   5477.557    
 -9.0089879E-06   5722.812    
 -7.0069245E-06   5932.075    
 -5.0050589E-06   6096.921    
 -3.0029958E-06   6210.752    
 -1.0009326E-06   6269.916    
  1.0009326E-06   6269.910    
  3.0029958E-06   6210.771    
  5.0050589E-06   6096.918    
  7.0070232E-06   5932.020    
  9.0089879E-06   5722.786    
  1.1010952E-05   5477.530    
  1.3013015E-05   5205.023    
  1.5015078E-05   4914.862    
  1.7016944E-05   4615.453    
  1.9019006E-05   4315.034    
  2.1021069E-05   4020.300    
  2.3023034E-05   3736.439    
  2.5024998E-05   3467.094    
  2.7027061E-05   3214.315    
  2.9029026E-05   2978.925    
  3.1030992E-05   2760.617    
  3.3033055E-05   2558.574    
  3.5035016E-05   2371.664    
  3.7037080E-05   2198.735    
  3.9039045E-05   2038.878    
  4.1041010E-05   1891.519    
  4.3043074E-05   1756.437    
  4.5045035E-05   1633.568    
  4.7047000E-05   1522.977    
  4.9049064E-05   1424.560    
  5.1051029E-05   1338.001    
  5.3053092E-05   1262.415    
  5.5055058E-05   1196.613    
  5.7057019E-05   1139.043    
  5.9059083E-05   1087.816    
  6.1061146E-05   1041.087    
  6.3063009E-05   997.1232    
  6.5065076E-05   954.6075    
  6.7067136E-05   912.7363    
  6.9069007E-05   871.2001    
  7.1071066E-05   830.1445    
  7.3073126E-05   790.2321    
  7.5075091E-05   752.1646    
  7.7077057E-05   716.6884    
  7.9079124E-05   684.2362    
  8.1081089E-05   654.9401    
  8.3083149E-05   628.5025    
  8.5085012E-05   604.2083    
  8.7087079E-05   581.1102    
  8.9089139E-05   558.2485    
  9.1091104E-05   534.7542    
  9.3093069E-05   510.1393    
  9.5095129E-05   484.3873    
  9.7097094E-05   457.9789    
  9.9099059E-05   431.9012    
  1.0110113E-04   407.3542    
  1.0310309E-04   385.6322    
  1.0510515E-04   367.7911    
  1.0710712E-04   354.5741    
  1.0910908E-04   346.0212    
  1.1111114E-04   341.6297    
  1.1311321E-04   340.3031    
  1.1511507E-04   340.5234    
  1.1711713E-04   340.6573    
  1.1911910E-04   339.1648    
  1.2112116E-04   334.8905    
  1.2312313E-04   327.2469    
  1.2512509E-04   316.3615    
  1.2712716E-04   302.9424    
  1.2912921E-04   288.2460    
  1.3113108E-04   273.7618    
  1.3313314E-04   261.0049    
  1.3513521E-04   251.1880    
  1.3713707E-04   245.0749    
  1.3913914E-04   242.8271    
  1.4114119E-04   243.9970    
  1.4314316E-04   247.6626    
  1.4514512E-04   252.6040    
  1.4714719E-04   257.5193    
  1.4914916E-04   261.2919    
  1.5115122E-04   263.2007    
  1.5315319E-04   262.9030    
  1.5515515E-04   260.5951    
  1.5715721E-04   256.7891    
  1.5915917E-04   252.2415    
  1.6116114E-04   247.7166    
  1.6316320E-04   243.8235    
  1.6516517E-04   240.9001    
  1.6716713E-04   238.9415    
  1.6916920E-04   237.6486    
  1.7117115E-04   236.5692    
  1.7317322E-04   235.2285    
  1.7517518E-04   233.3239    
  1.7717715E-04   230.8590    
  1.7917922E-04   228.1982    
  1.8118128E-04   226.0066    
  1.8318315E-04   225.2002    
  1.8518520E-04   226.7036    
  1.8718727E-04   231.2508    
  1.8918923E-04   239.1906    
  1.9119120E-04   250.3484    
  1.9319316E-04   263.9824    
  1.9519523E-04   278.8719    
  1.9719728E-04   293.5273    
  1.9919916E-04   306.4124    
  2.0120121E-04   316.2364    
  2.0320328E-04   322.2195    
  2.0520514E-04   324.2789    
  2.0720721E-04   323.0205    
  2.0920928E-04   319.7155    
  2.1121124E-04   316.0410    
  2.1321321E-04   313.7854    
  2.1521526E-04   314.6046    
  2.1721722E-04   319.6398    
  2.1921929E-04   329.3971    
  2.2122126E-04   343.6694    
  2.2322322E-04   361.6390    
  2.2522529E-04   382.1260    
  2.2722724E-04   403.8515    
  2.2922920E-04   425.7941    
  2.3123127E-04   447.4584    
  2.3323324E-04   469.0034    
  2.3523520E-04   491.2997    
  2.3723727E-04   515.7453    
  2.3923923E-04   544.0411    
  2.4124129E-04   577.8105    
  2.4324325E-04   618.3000    
  2.4524523E-04   666.1624    
  2.4724728E-04   721.3370    
  2.4924934E-04   783.2112    
  2.5125121E-04   850.8553    
  2.5325327E-04   923.4998    
  2.5525535E-04   1000.973    
  2.5725731E-04   1084.141    
  2.5925928E-04   1175.120    
  2.6126133E-04   1277.349    
  2.6326330E-04   1395.220    
  2.6526526E-04   1533.525    
  2.6726723E-04   1696.636    
  2.6926928E-04   1887.544    
  2.7127136E-04   2106.953    
  2.7327321E-04   2352.536    
  2.7527529E-04   2618.642    
  2.7727734E-04   2896.128    
  2.7927931E-04   3173.003    
  2.8128127E-04   3435.332    
  2.8328333E-04   3668.464    
  2.8528529E-04   3858.491    
  2.8728737E-04   3993.663    
  2.8928934E-04   4065.642    
  2.9129130E-04   4070.333    
  2.9329336E-04   4008.272    
  2.9529541E-04   3884.463    
  2.9729729E-04   3707.793    
  2.9929934E-04   3489.837    
  3.0130130E-04   3243.802    
  3.0330327E-04   2982.965    
  3.0530532E-04   2719.597    
  3.0730729E-04   2463.938    
  3.0930937E-04   2223.598    
  3.1131133E-04   2003.362    
  3.1331330E-04   1805.371    
  3.1531535E-04   1629.565    
  3.1731740E-04   1474.390    
  3.1931928E-04   1337.436    
  3.2132133E-04   1216.087    
  3.2332342E-04   1108.040    
  3.2532538E-04   1011.515    
  3.2732735E-04   925.3448    
  3.2932940E-04   848.8265    
  3.3133136E-04   781.5392    
  3.3333333E-04   723.0230    
  3.3533538E-04   672.5889    
  3.3733735E-04   629.2166    
  3.3933943E-04   591.4974    
  3.4134128E-04   557.8118    
  3.4334336E-04   526.5157    
  3.4534541E-04   496.1804    
  3.4734738E-04   465.8310    
  3.4934934E-04   435.0732    
  3.5135139E-04   404.1448    
  3.5335336E-04   373.8372    
  3.5535544E-04   345.2939    
  3.5735741E-04   319.7622    
  3.5935937E-04   298.3223    
  3.6136142E-04   281.6617    
  3.6336348E-04   269.9008    
  3.6536535E-04   262.5694    
  3.6736741E-04   258.6591    
  3.6936949E-04   256.7979    
  3.7137134E-04   255.4799    
  3.7337342E-04   253.2969    
  3.7537538E-04   249.1750    
  3.7737744E-04   242.5183    
  3.7937940E-04   233.2487    
  3.8138137E-04   221.7873    
  3.8338342E-04   208.8991    
  3.8538550E-04   195.5625    
  3.8738735E-04   182.7399    
  3.8938943E-04   171.2133    
  3.9139148E-04   161.4790    
  3.9339345E-04   153.6803    
  3.9539541E-04   147.6407    
  3.9739747E-04   142.9552    
  3.9939943E-04   139.0903    
  4.0140140E-04   135.5315    
  4.0340348E-04   131.8739    
  4.0540542E-04   127.9059    
  4.0740750E-04   123.6189    
  4.0940935E-04   119.1738    
  4.1141143E-04   114.8141    
  4.1341348E-04   110.8260    
  4.1541544E-04   107.3991    
  4.1741741E-04   104.6089    
  4.1941946E-04   102.3812    
  4.2142143E-04   100.5021    
  4.2342351E-04   98.70645    
  4.2542547E-04   96.69814    
  4.2742744E-04   94.26833    
  4.2942949E-04   91.33186    
  4.3143146E-04   87.95499    
  4.3343342E-04   84.34143    
  4.3543548E-04   80.79688    
  4.3743756E-04   77.65232    
  4.3943941E-04   75.18806    
  4.4144149E-04   73.57504    
  4.4344354E-04   72.81315    
  4.4544550E-04   72.74628    
  4.4744747E-04   73.06743    
  4.4944944E-04   73.39186    
  4.5145149E-04   73.34453    
  4.5345357E-04   72.61214    
  4.5545542E-04   71.01782    
  4.5745750E-04   68.56729    
  4.5945955E-04   65.45246    
  4.6146152E-04   61.97691    
  4.6346348E-04   58.55019    
  4.6546553E-04   55.56343    
  4.6746750E-04   53.35394    
  4.6946947E-04   52.11496    
  4.7147155E-04   51.87584    
  4.7347351E-04   52.51377    
  4.7547556E-04   53.77935    
  4.7747753E-04   55.33899    
  4.7947949E-04   56.85948    
  4.8148155E-04   58.05886    
  4.8348351E-04   58.74675    
  4.8548548E-04   58.85145    
  4.8748756E-04   58.41926    
  4.8948952E-04   57.56184    
  4.9149158E-04   56.44781    
  4.9349351E-04   55.23283    
  4.9549551E-04   54.00492    
  4.9749756E-04   52.79576    
  4.9949955E-04   51.57191    
  5.0150149E-04   50.22671    
  5.0350354E-04   48.63940    
  5.0550560E-04   46.71813    
  5.0750747E-04   44.41426    
  5.0950953E-04   41.76680    
  5.1151164E-04   38.90301    
  5.1351357E-04   36.00103    
  5.1551557E-04   33.29414    
  5.1751762E-04   30.99428    
  5.1951956E-04   29.24121    
  5.2152161E-04   28.11294    
  5.2352349E-04   27.56609    
  5.2552554E-04   27.45757    
  5.2752765E-04   27.58767    
  5.2952947E-04   27.71337    
  5.3153158E-04   27.62966    
  5.3353363E-04   27.20022    
  5.3553557E-04   26.39630    
  5.3753756E-04   25.30753    
  5.3953961E-04   24.12188    
  5.4154155E-04   23.10392    
  5.4354366E-04   22.53237    
  5.4554560E-04   22.64947    
  5.4754753E-04   23.60112    
  5.4954964E-04   25.41156    
  5.5155170E-04   27.95986    
  5.5355357E-04   30.98618    
  5.5555563E-04   34.14461    
  5.5755756E-04   37.04049    
  5.5955962E-04   39.30017    
  5.6156161E-04   40.61786    
  5.6356355E-04   40.81532    
  5.6556566E-04   39.86113    
  5.6756759E-04   37.86066    
  5.6956959E-04   35.06595    
  5.7157164E-04   31.80672    
  5.7357369E-04   28.46179    
  5.7557557E-04   25.39525    
  5.7757762E-04   22.91417    
  5.7957968E-04   21.23511    
  5.8158167E-04   20.46785    
  5.8358361E-04   20.60307    
  5.8558566E-04   21.53610    
  5.8758765E-04   23.07814    
  5.8958970E-04   24.98917    
  5.9159164E-04   27.02025    
  5.9359364E-04   28.91123    
  5.9559569E-04   30.44197    
  5.9759757E-04   31.43321    
  5.9959962E-04   31.76451    
  6.0160167E-04   31.38236    
  6.0360366E-04   30.29693    
  6.0560560E-04   28.59147    
  6.0760765E-04   26.40216    
  6.0960965E-04   23.92336    
  6.1161170E-04   21.38549    
  6.1361369E-04   19.03042    
  6.1561563E-04   17.09566    
  6.1761768E-04   15.78386    
  6.1961974E-04   15.23365    
  6.2162161E-04   15.49997    
  6.2362367E-04   16.54186    
  6.2562578E-04   18.21851    
  6.2762771E-04   20.32163    
  6.2962971E-04   22.57743    
  6.3163164E-04   24.69246    
  6.3363370E-04   26.40047    
  6.3563569E-04   27.49180    
  6.3763763E-04   27.85671    
  6.3963968E-04   27.48302    
  6.4164179E-04   26.46737    
  6.4364361E-04   24.99952    
  6.4564572E-04   23.31707    
  6.4764777E-04   21.67637    
  6.4964971E-04   20.28909    
  6.5165170E-04   19.31892    
  6.5365375E-04   18.81962    
  6.5565569E-04   18.73997    
  6.5765780E-04   18.95086    
  6.5965974E-04   19.25258    
  6.6166167E-04   19.42332    
  6.6366378E-04   19.26019    
  6.6566584E-04   18.62526    
  6.6766771E-04   17.46155    
  6.6966977E-04   15.82007    
  6.7167165E-04   13.84364    
  6.7367370E-04   11.74919    
  6.7567575E-04   9.787951    
  6.7767763E-04   8.209779    
  6.7967968E-04   7.214129    
  6.8168173E-04   6.919474    
  6.8368379E-04   7.351529    
  6.8568566E-04   8.433040    
  6.8768772E-04   9.996485    
  6.8968977E-04   11.81805    
  6.9169188E-04   13.65420    
  6.9369370E-04   15.26779    
  6.9569581E-04   16.47617    
  6.9769786E-04   17.16658    
  6.9969974E-04   17.29844    
  7.0170179E-04   16.91525    
  7.0370367E-04   16.11804    
  7.0570572E-04   15.04096    
  7.0770778E-04   13.83314    
  7.0970983E-04   12.63140    
  7.1171188E-04   11.53146    
  7.1371393E-04   10.59598    
  7.1571564E-04   9.830975    
  7.1771769E-04   9.215539    
  7.1971974E-04   8.700203    
  7.2172179E-04   8.237527    
  7.2372390E-04   7.773559    
  7.2572572E-04   7.285174    
  7.2772783E-04   6.774386    
  7.2972965E-04   6.261333    
  7.3173176E-04   5.795326    
  7.3373382E-04   5.421532    
  7.3573587E-04   5.185152    
  7.3773775E-04   5.126151    
  7.3973980E-04   5.255632    
  7.4174185E-04   5.560295    
  7.4374391E-04   6.015687    
  7.4574578E-04   6.576871    
  7.4774784E-04   7.192363    
  7.4974971E-04   7.821104    
  7.5175177E-04   8.425472    
  7.5375382E-04   8.991085    
  7.5575593E-04   9.516517    
  7.5775798E-04   10.01669    
  7.5975963E-04   10.51453    
  7.6176168E-04   11.02850    
  7.6376373E-04   11.57433    
  7.6576584E-04   12.15256    
  7.6776790E-04   12.74529    
  7.6976995E-04   13.31778    
  7.7177183E-04   13.82641    
  7.7377388E-04   14.22052    
  7.7577576E-04   14.46115    
  7.7777781E-04   14.52016    
  7.7977986E-04   14.39055    
  7.8178191E-04   14.09123    
  7.8378379E-04   13.65888    
  7.8578584E-04   13.15577    
  7.8778790E-04   12.63602    
  7.8979001E-04   12.16474    
  7.9179183E-04   11.77079    
  7.9379370E-04   11.46780    
  7.9579576E-04   11.23282    
  7.9779787E-04   11.00887    
  7.9979992E-04   10.71458    
  8.0180197E-04   10.26200    
  8.0380403E-04   9.569657    
  8.0580573E-04   8.572970    
  8.0780778E-04   7.252193    
  8.0980983E-04   5.638123    
  8.1181189E-04   3.819980    
  8.1381394E-04   1.922432    
  8.1581599E-04  0.1106552    
  8.1781787E-04  -1.440291    
  8.1981992E-04  -2.571981    
  8.2182180E-04  -3.163384    
  8.2382385E-04  -3.154592    
  8.2582596E-04  -2.550653    
  8.2782801E-04  -1.440400    
  8.2982989E-04  3.8481683E-02
  8.3183195E-04   1.694669    
  8.3383400E-04   3.333462    
  8.3583588E-04   4.766355    
  8.3783793E-04   5.844959    
  8.3983981E-04   6.492453    
  8.4184186E-04   6.691079    
  8.4384391E-04   6.499641    
  8.4584596E-04   6.026702    
  8.4784802E-04   5.413816    
  8.4985013E-04   4.811294    
  8.5185177E-04   4.346226    
  8.5385382E-04   4.105060    
  8.5585588E-04   4.120987    
  8.5785793E-04   4.367766    
  8.5986004E-04   4.788966    
  8.6186209E-04   5.285171    
  8.6386397E-04   5.766259    
  8.6586579E-04   6.153796    
  8.6786790E-04   6.406476    
  8.6986995E-04   6.526888    
  8.7187201E-04   6.559697    
  8.7387388E-04   6.573445    
  8.7587594E-04   6.649126    
  8.7787799E-04   6.855115    
  8.7988004E-04   7.230512    
  8.8188192E-04   7.768417    
  8.8388397E-04   8.411057    
  8.8588585E-04   9.068137    
  8.8788790E-04   9.621271    
  8.8988995E-04   9.959839    
  8.9189206E-04   9.999967    
  8.9389412E-04   9.702860    
  8.9589617E-04   9.096113    
  8.9789781E-04   8.262249    
  8.9989993E-04   7.339096    
  9.0190198E-04   6.486500    
  9.0390403E-04   5.861969    
  9.0590608E-04   5.590602    
  9.0790796E-04   5.731550    
  9.0991001E-04   6.284064    
  9.1191189E-04   7.162804    
  9.1391394E-04   8.223928    
  9.1591600E-04   9.288208    
  9.1791805E-04   10.17161    
  9.1991993E-04   10.72029    
  9.2192198E-04   10.83885    
  9.2392409E-04   10.50418    
  9.2592614E-04   9.772844    
  9.2792802E-04   8.768342    
  9.2993007E-04   7.655015    
  9.3193189E-04   6.611135    
  9.3393400E-04   5.793117    
  9.3593606E-04   5.305264    
  9.3793811E-04   5.187628    
  9.3994016E-04   5.407796    
  9.4194186E-04   5.877669    
  9.4394392E-04   6.459218    
  9.4594597E-04   7.008860    
  9.4794802E-04   7.401056    
  9.4995007E-04   7.551212    
  9.5195218E-04   7.431288    
  9.5395400E-04   7.080397    
  9.5595611E-04   6.571178    
  9.5795793E-04   6.023783    
  9.5995999E-04   5.547447    
  9.6196210E-04   5.237298    
  9.6396415E-04   5.136999    
  9.6596603E-04   5.240659    
  9.6796808E-04   5.495821    
  9.6997013E-04   5.801401    
  9.7197201E-04   6.042590    
  9.7397406E-04   6.120596    
  9.7597612E-04   5.964617    
  9.7797799E-04   5.553588    
  9.7998010E-04   4.932091    
  9.8198210E-04   4.191893    
  9.8398421E-04   3.466393    
  9.8598620E-04   2.900901    
  9.8798797E-04   2.624850    
  9.8998996E-04   2.731010    
  9.9199207E-04   3.254630    
  9.9399406E-04   4.159346    
  9.9599618E-04   5.353523    
  9.9799817E-04   6.694385    
  1.0000000E-03   8.022123    
