 -1.0000000E-03   6.783045    
 -9.9799817E-04   7.035591    
 -9.9599606E-04   7.289548    
 -9.9399406E-04   7.510095    
 -9.9199207E-04   7.664726    
 -9.8999008E-04   7.728335    
 -9.8798808E-04   7.694789    
 -9.8598609E-04   7.570827    
 -9.8398409E-04   7.380834    
 -9.8198210E-04   7.160028    
 -9.7998010E-04   6.948995    
 -9.7797811E-04   6.785515    
 -9.7597600E-04   6.697813    
 -9.7397406E-04   6.700733    
 -9.7197207E-04   6.788228    
 -9.6997002E-04   6.944132    
 -9.6796808E-04   7.136015    
 -9.6596603E-04   7.328700    
 -9.6396403E-04   7.486689    
 -9.6196210E-04   7.589414    
 -9.5995999E-04   7.624724    
 -9.5795805E-04   7.602530    
 -9.5595611E-04   7.542194    
 -9.5395400E-04   7.478964    
 -9.5195207E-04   7.446349    
 -9.4995002E-04   7.477157    
 -9.4794802E-04   7.593919    
 -9.4594609E-04   7.801960    
 -9.4394403E-04   8.090035    
 -9.4194204E-04   8.431882    
 -9.3993999E-04   8.789969    
 -9.3793799E-04   9.122448    
 -9.3593606E-04   9.392434    
 -9.3393400E-04   9.573234    
 -9.3193201E-04   9.652030    
 -9.2993007E-04   9.634583    
 -9.2792802E-04   9.541079    
 -9.2592603E-04   9.403378    
 -9.2392397E-04   9.260635    
 -9.2192198E-04   9.147771    
 -9.1992004E-04   9.091757    
 -9.1791799E-04   9.107583    
 -9.1591600E-04   9.193984    
 -9.1391394E-04   9.339450    
 -9.1191201E-04   9.518901    
 -9.0991001E-04   9.704009    
 -9.0790796E-04   9.868207    
 -9.0590597E-04   9.989372    
 -9.0390403E-04   10.05302    
 -9.0190198E-04   10.06278    
 -8.9989998E-04   10.02911    
 -8.9789793E-04   9.967575    
 -8.9589600E-04   9.902416    
 -8.9389400E-04   9.855266    
 -8.9189195E-04   9.841267    
 -8.8988995E-04   9.868270    
 -8.8788802E-04   9.936258    
 -8.8588597E-04   10.03772    
 -8.8388397E-04   10.15620    
 -8.8188192E-04   10.27657    
 -8.7987998E-04   10.38405    
 -8.7787799E-04   10.46694    
 -8.7587594E-04   10.52048    
 -8.7387394E-04   10.55130    
 -8.7187201E-04   10.56562    
 -8.6986995E-04   10.57766    
 -8.6786796E-04   10.60389    
 -8.6586591E-04   10.65740    
 -8.6386397E-04   10.74500    
 -8.6186186E-04   10.87327    
 -8.5985992E-04   11.03780    
 -8.5785793E-04   11.22623    
 -8.5585588E-04   11.42841    
 -8.5385394E-04   11.62465    
 -8.5185195E-04   11.79856    
 -8.4984989E-04   11.93569    
 -8.4784796E-04   12.02510    
 -8.4584596E-04   12.06126    
 -8.4384391E-04   12.04708    
 -8.4184197E-04   11.98858    
 -8.3983986E-04   11.89800    
 -8.3783793E-04   11.79148    
 -8.3583593E-04   11.68841    
 -8.3383388E-04   11.60740    
 -8.3183195E-04   11.56498    
 -8.2982989E-04   11.57404    
 -8.2782790E-04   11.64342    
 -8.2582590E-04   11.77306    
 -8.2382391E-04   11.95874    
 -8.2182192E-04   12.18891    
 -8.1981992E-04   12.44664    
 -8.1781787E-04   12.71038    
 -8.1581593E-04   12.96134    
 -8.1381388E-04   13.18269    
 -8.1181189E-04   13.35919    
 -8.0980989E-04   13.48749    
 -8.0780784E-04   13.56811    
 -8.0580590E-04   13.60947    
 -8.0380391E-04   13.63085    
 -8.0180186E-04   13.64841    
 -7.9979986E-04   13.67953    
 -7.9779787E-04   13.74065    
 -7.9579587E-04   13.83715    
 -7.9379388E-04   13.97270    
 -7.9179183E-04   14.13658    
 -7.8978989E-04   14.31584    
 -7.8778784E-04   14.49195    
 -7.8578584E-04   14.64470    
 -7.8378391E-04   14.75940    
 -7.8178186E-04   14.82565    
 -7.7977986E-04   14.84556    
 -7.7777787E-04   14.82509    
 -7.7577581E-04   14.77934    
 -7.7377388E-04   14.73157    
 -7.7177183E-04   14.69778    
 -7.6976983E-04   14.69761    
 -7.6776784E-04   14.74205    
 -7.6576584E-04   14.83326    
 -7.6376385E-04   14.96504    
 -7.6176180E-04   15.12392    
 -7.5975980E-04   15.29167    
 -7.5775781E-04   15.45151    
 -7.5575581E-04   15.58847    
 -7.5375382E-04   15.69536    
 -7.5175177E-04   15.76864    
 -7.4974983E-04   15.81767    
 -7.4774784E-04   15.85730    
 -7.4574584E-04   15.89971    
 -7.4374385E-04   15.96249    
 -7.4174179E-04   16.05625    
 -7.3973980E-04   16.18585    
 -7.3773781E-04   16.34577    
 -7.3573581E-04   16.52872    
 -7.3373382E-04   16.71884    
 -7.3173176E-04   16.90063    
 -7.2972977E-04   17.06272    
 -7.2772783E-04   17.19905    
 -7.2572578E-04   17.30862    
 -7.2372379E-04   17.40366    
 -7.2172179E-04   17.49717    
 -7.1971974E-04   17.60909    
 -7.1771780E-04   17.75674    
 -7.1571581E-04   17.95403    
 -7.1371376E-04   18.20489    
 -7.1171182E-04   18.50439    
 -7.0970977E-04   18.84125    
 -7.0770778E-04   19.19700    
 -7.0570578E-04   19.54488    
 -7.0370373E-04   19.86441    
 -7.0170179E-04   20.13634    
 -6.9969974E-04   20.35096    
 -6.9769775E-04   20.50756    
 -6.9569581E-04   20.61176    
 -6.9369370E-04   20.67940    
 -6.9169176E-04   20.72651    
 -6.8968977E-04   20.77073    
 -6.8768772E-04   20.82711    
 -6.8568578E-04   20.90486    
 -6.8368373E-04   21.00342    
 -6.8168173E-04   21.11998    
 -6.7967980E-04   21.24237    
 -6.7767769E-04   21.36037    
 -6.7567575E-04   21.46583    
 -6.7367376E-04   21.54683    
 -6.7167170E-04   21.60139    
 -6.6966977E-04   21.63145    
 -6.6766771E-04   21.64014    
 -6.6566572E-04   21.63791    
 -6.6366373E-04   21.63476    
 -6.6166167E-04   21.63866    
 -6.5965974E-04   21.65813    
 -6.5765769E-04   21.70292    
 -6.5565569E-04   21.77959    
 -6.5365370E-04   21.89528    
 -6.5165170E-04   22.05970    
 -6.4964971E-04   22.28423    
 -6.4764777E-04   22.58003    
 -6.4564572E-04   22.95537    
 -6.4364373E-04   23.41930    
 -6.4164173E-04   23.96408    
 -6.3963968E-04   24.58744    
 -6.3763774E-04   25.26323    
 -6.3563569E-04   25.96386    
 -6.3363370E-04   26.64849    
 -6.3163170E-04   27.27556    
 -6.2962971E-04   27.80433    
 -6.2762771E-04   28.20110    
 -6.2562566E-04   28.44788    
 -6.2362367E-04   28.53769    
 -6.2162167E-04   28.48362    
 -6.1961968E-04   28.31657    
 -6.1761768E-04   28.08112    
 -6.1561569E-04   27.82345    
 -6.1361369E-04   27.59473    
 -6.1161170E-04   27.43783    
 -6.0960965E-04   27.38316    
 -6.0760765E-04   27.45087    
 -6.0560566E-04   27.64397    
 -6.0360366E-04   27.95259    
 -6.0160167E-04   28.36064    
 -5.9959962E-04   28.84507    
 -5.9759768E-04   29.38519    
 -5.9559563E-04   29.96502    
 -5.9359364E-04   30.56968    
 -5.9159164E-04   31.19068    
 -5.8958959E-04   31.82012    
 -5.8758765E-04   32.45359    
 -5.8558560E-04   33.08281    
 -5.8358361E-04   33.69279    
 -5.8158167E-04   34.26750    
 -5.7957962E-04   34.78338    
 -5.7757762E-04   35.22865    
 -5.7557563E-04   35.58529    
 -5.7357363E-04   35.85282    
 -5.7157158E-04   36.04100    
 -5.6956959E-04   36.17360    
 -5.6756765E-04   36.27732    
 -5.6556566E-04   36.39919    
 -5.6356360E-04   36.57148    
 -5.6156161E-04   36.83333    
 -5.5955962E-04   37.20157    
 -5.5755756E-04   37.68027    
 -5.5555563E-04   38.25606    
 -5.5355357E-04   38.89909    
 -5.5155164E-04   39.57424    
 -5.4954959E-04   40.24011    
 -5.4754759E-04   40.86299    
 -5.4554560E-04   41.42148    
 -5.4354360E-04   41.91148    
 -5.4154155E-04   42.34379    
 -5.3953961E-04   42.74673    
 -5.3753756E-04   43.15042    
 -5.3553557E-04   43.59554    
 -5.3353363E-04   44.10731    
 -5.3153158E-04   44.70189    
 -5.2952959E-04   45.37932    
 -5.2752759E-04   46.12414    
 -5.2552560E-04   46.90810    
 -5.2352354E-04   47.70185    
 -5.2152161E-04   48.47690    
 -5.1951956E-04   49.21457    
 -5.1751756E-04   49.91574    
 -5.1551557E-04   50.59975    
 -5.1351357E-04   51.29150    
 -5.1151158E-04   52.03516    
 -5.0950953E-04   52.86543    
 -5.0750753E-04   53.81148    
 -5.0550560E-04   54.87859    
 -5.0350348E-04   56.04869    
 -5.0150155E-04   57.28356    
 -4.9949955E-04   58.52526    
 -4.9749750E-04   59.70345    
 -4.9549557E-04   60.75431    
 -4.9349351E-04   61.62838    
 -4.9149158E-04   62.30733    
 -4.8948952E-04   62.79840    
 -4.8748756E-04   63.14715    
 -4.8548554E-04   63.42479    
 -4.8348351E-04   63.71893    
 -4.8148152E-04   64.12249    
 -4.7947955E-04   64.71009    
 -4.7747753E-04   65.53366    
 -4.7547551E-04   66.60844    
 -4.7347351E-04   67.90843    
 -4.7147155E-04   69.37459    
 -4.6946947E-04   70.91851    
 -4.6746750E-04   72.44894    
 -4.6546553E-04   73.87318    
 -4.6346348E-04   75.12549    
 -4.6146152E-04   76.16670    
 -4.5945949E-04   77.00386    
 -4.5745753E-04   77.67789    
 -4.5545548E-04   78.26436    
 -4.5345351E-04   78.86785    
 -4.5145149E-04   79.58394    
 -4.4944949E-04   80.51458    
 -4.4744747E-04   81.73221    
 -4.4544550E-04   83.27547    
 -4.4344345E-04   85.15063    
 -4.4144149E-04   87.32958    
 -4.3943946E-04   89.75212    
 -4.3743750E-04   92.34538    
 -4.3543545E-04   95.02806    
 -4.3343348E-04   97.71940    
 -4.3143152E-04   100.3659    
 -4.2942943E-04   102.9284    
 -4.2742747E-04   105.3978    
 -4.2542547E-04   107.7836    
 -4.2342345E-04   110.1258    
 -4.2142143E-04   112.4642    
 -4.1941946E-04   114.8541    
 -4.1741747E-04   117.3446    
 -4.1541544E-04   119.9694    
 -4.1341342E-04   122.7589    
 -4.1141146E-04   125.7174    
 -4.0940940E-04   128.8374    
 -4.0740744E-04   132.1015    
 -4.0540542E-04   135.4800    
 -4.0340348E-04   138.9449    
 -4.0140140E-04   142.4751    
 -3.9939943E-04   146.0520    
 -3.9739747E-04   149.6800    
 -3.9539541E-04   153.3774    
 -3.9339345E-04   157.1690    
 -3.9139143E-04   161.1001    
 -3.8938943E-04   165.2161    
 -3.8738741E-04   169.5564    
 -3.8538544E-04   174.1528    
 -3.8338342E-04   179.0104    
 -3.8138143E-04   184.1156    
 -3.7937940E-04   189.4294    
 -3.7737744E-04   194.8720    
 -3.7537538E-04   200.3632    
 -3.7337342E-04   205.7939    
 -3.7137140E-04   211.0560    
 -3.6936937E-04   216.0497    
 -3.6736741E-04   220.6885    
 -3.6536541E-04   224.9161    
 -3.6336345E-04   228.6910    
 -3.6136137E-04   232.0095    
 -3.5935940E-04   234.8790    
 -3.5735741E-04   237.3257    
 -3.5535538E-04   239.3804    
 -3.5335336E-04   241.0698    
 -3.5135139E-04   242.4197    
 -3.4934940E-04   243.4462    
 -3.4734738E-04   244.1605    
 -3.4534535E-04   244.5762    
 -3.4334339E-04   244.7107    
 -3.4134134E-04   244.5996    
 -3.3933937E-04   244.2911    
 -3.3733735E-04   243.8494    
 -3.3533535E-04   243.3521    
 -3.3333339E-04   242.8778    
 -3.3133136E-04   242.4999    
 -3.2932940E-04   242.2767    
 -3.2732735E-04   242.2384    
 -3.2532538E-04   242.3871    
 -3.2332336E-04   242.7078    
 -3.2132133E-04   243.1617    
 -3.1931934E-04   243.7186    
 -3.1731738E-04   244.3606    
 -3.1531529E-04   245.0933    
 -3.1331333E-04   245.9747    
 -3.1131133E-04   247.0976    
 -3.0930937E-04   248.5811    
 -3.0730729E-04   250.5729    
 -3.0530532E-04   253.2069    
 -3.0330333E-04   256.5936    
 -3.0130130E-04   260.7758    
 -2.9929934E-04   265.7504    
 -2.9729735E-04   271.4232    
 -2.9529538E-04   277.6467    
 -2.9329330E-04   284.2432    
 -2.9129133E-04   291.0120    
 -2.8928934E-04   297.7963    
 -2.8728732E-04   304.4911    
 -2.8528529E-04   311.0907    
 -2.8328333E-04   317.6762    
 -2.8128127E-04   324.4444    
 -2.7927931E-04   331.6627    
 -2.7727729E-04   339.6495    
 -2.7527532E-04   348.7357    
 -2.7327327E-04   359.2203    
 -2.7127130E-04   371.3429    
 -2.6926928E-04   385.2720    
 -2.6726729E-04   401.0862    
 -2.6526532E-04   418.7916    
 -2.6326330E-04   438.3473    
 -2.6126127E-04   459.6822    
 -2.5925928E-04   482.7493    
 -2.5725731E-04   507.5222    
 -2.5525529E-04   534.0401    
 -2.5325327E-04   562.3910    
 -2.5125127E-04   592.7178    
 -2.4924931E-04   625.2062    
 -2.4724723E-04   660.0729    
 -2.4524526E-04   697.5421    
 -2.4324325E-04   737.8531    
 -2.4124124E-04   781.2839    
 -2.3923923E-04   828.1146    
 -2.3723727E-04   878.7031    
 -2.3523530E-04   933.4677    
 -2.3323324E-04   992.9117    
 -2.3123127E-04   1057.615    
 -2.2922926E-04   1128.228    
 -2.2722724E-04   1205.450    
 -2.2522523E-04   1289.978    
 -2.2322327E-04   1382.495    
 -2.2122126E-04   1483.634    
 -2.1921925E-04   1593.982    
 -2.1721722E-04   1714.096    
 -2.1521526E-04   1844.521    
 -2.1321321E-04   1985.855    
 -2.1121124E-04   2138.758    
 -2.0920922E-04   2303.991    
 -2.0720721E-04   2482.374    
 -2.0520520E-04   2674.701    
 -2.0320324E-04   2881.569    
 -2.0120127E-04   3103.221    
 -1.9919920E-04   3339.241    
 -1.9719724E-04   3588.297    
 -1.9519523E-04   3847.918    
 -1.9319321E-04   4114.311    
 -1.9119120E-04   4382.304    
 -1.8918923E-04   4645.399    
 -1.8718716E-04   4896.078    
 -1.8518520E-04   5126.070    
 -1.8318319E-04   5327.022    
 -1.8118123E-04   5490.928    
 -1.7917916E-04   5610.913    
 -1.7717719E-04   5681.661    
 -1.7517518E-04   5699.995    
 -1.7317318E-04   5665.065    
 -1.7117115E-04   5578.528    
 -1.6916920E-04   5444.309    
 -1.6716713E-04   5268.378    
 -1.6516517E-04   5058.191    
 -1.6316320E-04   4822.084    
 -1.6116124E-04   4568.606    
 -1.5915917E-04   4305.994    
 -1.5715721E-04   4041.587    
 -1.5515515E-04   3781.465    
 -1.5315319E-04   3530.275    
 -1.5115112E-04   3291.161    
 -1.4914916E-04   3065.936    
 -1.4714719E-04   2855.220    
 -1.4514512E-04   2658.849    
 -1.4314307E-04   2476.103    
 -1.4114119E-04   2306.071    
 -1.3913914E-04   2147.757    
 -1.3713718E-04   2000.373    
 -1.3513521E-04   1863.312    
 -1.3313314E-04   1736.130    
 -1.3113118E-04   1618.581    
 -1.2912911E-04   1510.428    
 -1.2712716E-04   1411.412    
 -1.2512520E-04   1321.177    
 -1.2312313E-04   1239.226    
 -1.2112106E-04   1164.942    
 -1.1911920E-04   1097.595    
 -1.1711713E-04   1036.417    
 -1.1511507E-04   980.6298    
 -1.1311311E-04   929.5516    
 -1.1111114E-04   882.5901    
 -1.0910908E-04   839.2626    
 -1.0710712E-04   799.2156    
 -1.0510505E-04   762.1855    
 -1.0310319E-04   727.9948    
 -1.0110113E-04   696.4739    
 -9.9099059E-05   667.4688    
 -9.7097196E-05   640.8411    
 -9.5095129E-05   616.4320    
 -9.3093069E-05   594.0815    
 -9.1091104E-05   573.6644    
 -8.9089139E-05   555.0605    
 -8.7087079E-05   538.1826    
 -8.5085114E-05   522.9992    
 -8.3083047E-05   509.4670    
 -8.1081089E-05   497.5668    
 -7.9079124E-05   487.2377    
 -7.7077057E-05   478.4164    
 -7.5074997E-05   470.9796    
 -7.3073126E-05   464.7679    
 -7.1071066E-05   459.5455    
 -6.9069007E-05   455.1558    
 -6.7067136E-05   451.3608    
 -6.5065076E-05   448.0277    
 -6.3063111E-05   445.0562    
 -6.1061044E-05   442.3927    
 -5.9059083E-05   440.0649    
 -5.7057117E-05   438.1490    
 -5.5055058E-05   436.7114    
 -5.3052994E-05   435.8214    
 -5.1051127E-05   435.5811    
 -4.9049064E-05   435.9622    
 -4.7047000E-05   436.9498    
 -4.5045035E-05   438.4345    
 -4.3043074E-05   440.3527    
 -4.1041010E-05   442.5937    
 -3.9039045E-05   445.0724    
 -3.7036982E-05   447.7485    
 -3.5035016E-05   450.5851    
 -3.3033055E-05   453.6045    
 -3.1030992E-05   456.8391    
 -2.9029125E-05   460.3932    
 -2.7027061E-05   464.2629    
 -2.5024998E-05   468.4614    
 -2.3023034E-05   472.9082    
 -2.1021069E-05   477.5421    
 -1.9019006E-05   482.2025    
 -1.7017042E-05   486.7292    
 -1.5014979E-05   490.9716    
 -1.3013015E-05   494.7762    
 -1.1011050E-05   498.0466    
 -9.0089879E-06   500.7388    
 -7.0069245E-06   502.8511    
 -5.0050589E-06   504.3848    
 -3.0029958E-06   505.3505    
 -1.0009326E-06   505.8939    
  1.0009326E-06   505.8952    
  3.0029958E-06   505.3487    
  5.0050589E-06   504.3850    
  7.0070232E-06   502.8074    
  9.0089879E-06   500.7451    
  1.1010952E-05   498.0887    
  1.3013015E-05   494.7871    
  1.5015078E-05   490.9644    
  1.7016944E-05   486.7273    
  1.9019006E-05   482.1990    
  2.1021069E-05   477.5343    
  2.3023034E-05   472.9001    
  2.5024998E-05   468.4558    
  2.7027061E-05   464.2639    
  2.9029026E-05   460.3735    
  3.1030992E-05   456.8327    
  3.3033055E-05   453.6068    
  3.5035016E-05   450.5849    
  3.7037080E-05   447.7540    
  3.9039045E-05   445.0746    
  4.1041010E-05   442.5980    
  4.3043074E-05   440.3500    
  4.5045035E-05   438.4449    
  4.7047000E-05   436.9453    
  4.9049064E-05   435.9557    
  5.1051029E-05   435.5837    
  5.3053092E-05   435.8365    
  5.5055058E-05   436.7062    
  5.7057019E-05   438.1433    
  5.9059083E-05   440.0603    
  6.1061146E-05   442.3877    
  6.3063009E-05   445.0517    
  6.5065076E-05   448.0303    
  6.7067136E-05   451.3629    
  6.9069007E-05   455.1513    
  7.1071066E-05   459.5426    
  7.3073126E-05   464.7672    
  7.5075091E-05   470.9876    
  7.7077057E-05   478.4212    
  7.9079124E-05   487.2379    
  8.1081089E-05   497.5649    
  8.3083149E-05   509.4624    
  8.5085012E-05   522.9995    
  8.7087079E-05   538.1866    
  8.9089139E-05   555.0591    
  9.1091104E-05   573.6661    
  9.3093069E-05   594.0805    
  9.5095129E-05   616.4300    
  9.7097094E-05   640.8442    
  9.9099059E-05   667.4656    
  1.0110113E-04   696.4751    
  1.0310309E-04   727.9949    
  1.0510515E-04   762.1878    
  1.0710712E-04   799.2134    
  1.0910908E-04   839.2607    
  1.1111114E-04   882.5920    
  1.1311321E-04   929.5569    
  1.1511507E-04   980.6293    
  1.1711713E-04   1036.416    
  1.1911910E-04   1097.595    
  1.2112116E-04   1164.941    
  1.2312313E-04   1239.225    
  1.2512509E-04   1321.174    
  1.2712716E-04   1411.413    
  1.2912921E-04   1510.431    
  1.3113108E-04   1618.576    
  1.3313314E-04   1736.130    
  1.3513521E-04   1863.310    
  1.3713707E-04   2000.365    
  1.3913914E-04   2147.757    
  1.4114119E-04   2306.072    
  1.4314316E-04   2476.114    
  1.4514512E-04   2658.849    
  1.4714719E-04   2855.223    
  1.4914916E-04   3065.936    
  1.5115122E-04   3291.171    
  1.5315319E-04   3530.276    
  1.5515515E-04   3781.465    
  1.5715721E-04   4041.589    
  1.5915917E-04   4305.993    
  1.6116114E-04   4568.601    
  1.6316320E-04   4822.087    
  1.6516517E-04   5058.196    
  1.6716713E-04   5268.377    
  1.6916920E-04   5444.312    
  1.7117115E-04   5578.529    
  1.7317322E-04   5665.068    
  1.7517518E-04   5700.000    
  1.7717715E-04   5681.667    
  1.7917922E-04   5610.905    
  1.8118128E-04   5490.921    
  1.8318315E-04   5327.024    
  1.8518520E-04   5126.072    
  1.8718727E-04   4896.070    
  1.8918923E-04   4645.400    
  1.9119120E-04   4382.303    
  1.9319316E-04   4114.319    
  1.9519523E-04   3847.920    
  1.9719728E-04   3588.288    
  1.9919916E-04   3339.247    
  2.0120121E-04   3103.224    
  2.0320328E-04   2881.564    
  2.0520514E-04   2674.705    
  2.0720721E-04   2482.376    
  2.0920928E-04   2303.987    
  2.1121124E-04   2138.757    
  2.1321321E-04   1985.856    
  2.1521526E-04   1844.522    
  2.1721722E-04   1714.097    
  2.1921929E-04   1593.977    
  2.2122126E-04   1483.632    
  2.2322322E-04   1382.494    
  2.2522529E-04   1289.975    
  2.2722724E-04   1205.449    
  2.2922920E-04   1128.231    
  2.3123127E-04   1057.614    
  2.3323324E-04   992.9127    
  2.3523520E-04   933.4699    
  2.3723727E-04   878.7031    
  2.3923923E-04   828.1149    
  2.4124129E-04   781.2818    
  2.4324325E-04   737.8544    
  2.4524523E-04   697.5386    
  2.4724728E-04   660.0729    
  2.4924934E-04   625.2057    
  2.5125121E-04   592.7195    
  2.5325327E-04   562.3888    
  2.5525535E-04   534.0380    
  2.5725731E-04   507.5202    
  2.5925928E-04   482.7490    
  2.6126133E-04   459.6840    
  2.6326330E-04   438.3473    
  2.6526526E-04   418.7932    
  2.6726723E-04   401.0881    
  2.6926928E-04   385.2712    
  2.7127136E-04   371.3417    
  2.7327321E-04   359.2186    
  2.7527529E-04   348.7350    
  2.7727734E-04   339.6519    
  2.7927931E-04   331.6624    
  2.8128127E-04   324.4441    
  2.8328333E-04   317.6770    
  2.8528529E-04   311.0899    
  2.8728737E-04   304.4920    
  2.8928934E-04   297.7965    
  2.9129130E-04   291.0130    
  2.9329336E-04   284.2439    
  2.9529541E-04   277.6483    
  2.9729729E-04   271.4193    
  2.9929934E-04   265.7499    
  3.0130130E-04   260.7759    
  3.0330327E-04   256.5933    
  3.0530532E-04   253.2078    
  3.0730729E-04   250.5737    
  3.0930937E-04   248.5817    
  3.1131133E-04   247.0986    
  3.1331330E-04   245.9749    
  3.1531535E-04   245.0962    
  3.1731740E-04   244.3597    
  3.1931928E-04   243.7150    
  3.2132133E-04   243.1606    
  3.2332342E-04   242.7042    
  3.2532538E-04   242.3869    
  3.2732735E-04   242.2389    
  3.2932940E-04   242.2767    
  3.3133136E-04   242.4999    
  3.3333333E-04   242.8764    
  3.3533538E-04   243.3503    
  3.3733735E-04   243.8499    
  3.3933943E-04   244.2896    
  3.4134128E-04   244.5967    
  3.4334336E-04   244.7104    
  3.4534541E-04   244.5759    
  3.4734738E-04   244.1605    
  3.4934934E-04   243.4450    
  3.5135139E-04   242.4194    
  3.5335336E-04   241.0699    
  3.5535544E-04   239.3782    
  3.5735741E-04   237.3253    
  3.5935937E-04   234.8797    
  3.6136142E-04   232.0094    
  3.6336348E-04   228.6938    
  3.6536535E-04   224.9162    
  3.6736741E-04   220.6886    
  3.6936949E-04   216.0500    
  3.7137134E-04   211.0566    
  3.7337342E-04   205.7944    
  3.7537538E-04   200.3630    
  3.7737744E-04   194.8724    
  3.7937940E-04   189.4283    
  3.8138137E-04   184.1170    
  3.8338342E-04   179.0099    
  3.8538550E-04   174.1511    
  3.8738735E-04   169.5575    
  3.8938943E-04   165.2157    
  3.9139148E-04   161.1023    
  3.9339345E-04   157.1692    
  3.9539541E-04   153.3769    
  3.9739747E-04   149.6802    
  3.9939943E-04   146.0509    
  4.0140140E-04   142.4740    
  4.0340348E-04   138.9441    
  4.0540542E-04   135.4801    
  4.0740750E-04   132.0996    
  4.0940935E-04   128.8374    
  4.1141143E-04   125.7168    
  4.1341348E-04   122.7601    
  4.1541544E-04   119.9698    
  4.1741741E-04   117.3421    
  4.1941946E-04   114.8546    
  4.2142143E-04   112.4640    
  4.2342351E-04   110.1245    
  4.2542547E-04   107.7839    
  4.2742744E-04   105.3974    
  4.2942949E-04   102.9293    
  4.3143146E-04   100.3662    
  4.3343342E-04   97.71931    
  4.3543548E-04   95.02576    
  4.3743756E-04   92.34566    
  4.3943941E-04   89.75385    
  4.4144149E-04   87.32961    
  4.4344354E-04   85.15081    
  4.4544550E-04   83.27547    
  4.4744747E-04   81.73172    
  4.4944944E-04   80.51634    
  4.5145149E-04   79.58408    
  4.5345357E-04   78.86541    
  4.5545542E-04   78.26609    
  4.5745750E-04   77.67817    
  4.5945955E-04   77.00298    
  4.6146152E-04   76.16743    
  4.6346348E-04   75.12594    
  4.6546553E-04   73.87343    
  4.6746750E-04   72.44946    
  4.6946947E-04   70.91727    
  4.7147155E-04   69.37387    
  4.7347351E-04   67.90872    
  4.7547556E-04   66.60809    
  4.7747753E-04   65.53304    
  4.7947949E-04   64.71014    
  4.8148155E-04   64.12305    
  4.8348351E-04   63.71844    
  4.8548548E-04   63.42393    
  4.8748756E-04   63.14654    
  4.8948952E-04   62.79905    
  4.9149158E-04   62.30761    
  4.9349351E-04   61.62846    
  4.9549551E-04   60.75322    
  4.9749756E-04   59.70318    
  4.9949955E-04   58.52440    
  5.0150149E-04   57.28616    
  5.0350354E-04   56.04918    
  5.0550560E-04   54.87806    
  5.0750747E-04   53.81120    
  5.0950953E-04   52.86507    
  5.1151164E-04   52.03458    
  5.1351357E-04   51.29090    
  5.1551557E-04   50.59867    
  5.1751762E-04   49.91533    
  5.1951956E-04   49.21461    
  5.2152161E-04   48.47497    
  5.2352349E-04   47.70283    
  5.2552554E-04   46.90930    
  5.2752765E-04   46.12420    
  5.2952947E-04   45.37983    
  5.3153158E-04   44.70170    
  5.3353363E-04   44.10722    
  5.3553557E-04   43.59603    
  5.3753756E-04   43.15024    
  5.3953961E-04   42.74646    
  5.4154155E-04   42.34392    
  5.4354366E-04   41.91224    
  5.4554560E-04   41.42204    
  5.4754753E-04   40.86176    
  5.4954964E-04   40.24128    
  5.5155170E-04   39.57418    
  5.5355357E-04   38.89907    
  5.5555563E-04   38.25629    
  5.5755756E-04   37.68068    
  5.5955962E-04   37.20268    
  5.6156161E-04   36.83430    
  5.6356355E-04   36.57347    
  5.6556566E-04   36.39876    
  5.6756759E-04   36.27728    
  5.6956959E-04   36.17237    
  5.7157164E-04   36.04130    
  5.7357369E-04   35.85285    
  5.7557557E-04   35.58625    
  5.7757762E-04   35.22886    
  5.7957968E-04   34.78441    
  5.8158167E-04   34.26754    
  5.8358361E-04   33.69287    
  5.8558566E-04   33.08294    
  5.8758765E-04   32.45322    
  5.8958970E-04   31.82032    
  5.9159164E-04   31.19017    
  5.9359364E-04   30.56943    
  5.9559569E-04   29.96481    
  5.9759757E-04   29.38720    
  5.9959962E-04   28.84530    
  6.0160167E-04   28.36065    
  6.0360366E-04   27.95306    
  6.0560560E-04   27.64405    
  6.0760765E-04   27.45064    
  6.0960965E-04   27.38303    
  6.1161170E-04   27.43818    
  6.1361369E-04   27.59503    
  6.1561563E-04   27.82471    
  6.1761768E-04   28.08072    
  6.1961974E-04   28.31752    
  6.2162161E-04   28.48442    
  6.2362367E-04   28.53694    
  6.2562578E-04   28.44780    
  6.2762771E-04   28.20175    
  6.2962971E-04   27.80509    
  6.3163164E-04   27.27477    
  6.3363370E-04   26.64846    
  6.3563569E-04   25.96337    
  6.3763763E-04   25.26358    
  6.3963968E-04   24.58792    
  6.4164179E-04   23.96421    
  6.4364361E-04   23.41687    
  6.4564572E-04   22.95531    
  6.4764777E-04   22.57991    
  6.4964971E-04   22.28427    
  6.5165170E-04   22.05868    
  6.5365375E-04   21.89439    
  6.5565569E-04   21.77907    
  6.5765780E-04   21.70302    
  6.5965974E-04   21.65862    
  6.6166167E-04   21.63835    
  6.6366378E-04   21.63452    
  6.6566584E-04   21.63851    
  6.6766771E-04   21.64014    
  6.6966977E-04   21.63183    
  6.7167165E-04   21.60071    
  6.7367370E-04   21.54543    
  6.7567575E-04   21.46564    
  6.7767763E-04   21.36153    
  6.7967968E-04   21.24195    
  6.8168173E-04   21.11965    
  6.8368379E-04   21.00219    
  6.8568566E-04   20.90460    
  6.8768772E-04   20.82675    
  6.8968977E-04   20.77144    
  6.9169188E-04   20.72712    
  6.9369370E-04   20.67933    
  6.9569581E-04   20.61173    
  6.9769786E-04   20.50775    
  6.9969974E-04   20.35206    
  7.0170179E-04   20.13651    
  7.0370367E-04   19.86325    
  7.0570572E-04   19.54452    
  7.0770778E-04   19.19678    
  7.0970983E-04   18.84069    
  7.1171188E-04   18.50427    
  7.1371393E-04   18.20379    
  7.1571564E-04   17.95507    
  7.1771769E-04   17.75785    
  7.1971974E-04   17.60954    
  7.2172179E-04   17.49719    
  7.2372390E-04   17.40442    
  7.2572572E-04   17.30897    
  7.2772783E-04   17.19885    
  7.2972965E-04   17.06272    
  7.3173176E-04   16.90080    
  7.3373382E-04   16.71889    
  7.3573587E-04   16.52809    
  7.3773775E-04   16.34645    
  7.3973980E-04   16.18551    
  7.4174185E-04   16.05685    
  7.4374391E-04   15.96236    
  7.4574578E-04   15.89994    
  7.4774784E-04   15.85728    
  7.4974971E-04   15.81816    
  7.5175177E-04   15.76890    
  7.5375382E-04   15.69539    
  7.5575593E-04   15.58992    
  7.5775798E-04   15.45313    
  7.5975963E-04   15.29153    
  7.6176168E-04   15.12415    
  7.6376373E-04   14.96492    
  7.6576584E-04   14.83328    
  7.6776790E-04   14.74290    
  7.6976995E-04   14.69725    
  7.7177183E-04   14.69743    
  7.7377388E-04   14.73068    
  7.7577576E-04   14.77947    
  7.7777781E-04   14.82460    
  7.7977986E-04   14.84585    
  7.8178191E-04   14.82583    
  7.8378379E-04   14.75820    
  7.8578584E-04   14.64451    
  7.8778790E-04   14.49125    
  7.8979001E-04   14.31623    
  7.9179183E-04   14.13673    
  7.9379370E-04   13.97247    
  7.9579576E-04   13.83737    
  7.9779787E-04   13.74068    
  7.9979992E-04   13.67992    
  8.0180197E-04   13.64901    
  8.0380403E-04   13.63142    
  8.0580573E-04   13.61083    
  8.0780778E-04   13.56750    
  8.0980983E-04   13.48767    
  8.1181189E-04   13.35913    
  8.1381394E-04   13.18209    
  8.1581599E-04   12.96165    
  8.1781787E-04   12.71019    
  8.1981992E-04   12.44601    
  8.2182180E-04   12.18871    
  8.2382385E-04   11.95981    
  8.2582596E-04   11.77328    
  8.2782801E-04   11.64404    
  8.2982989E-04   11.57347    
  8.3183195E-04   11.56483    
  8.3383400E-04   11.60741    
  8.3583588E-04   11.68876    
  8.3783793E-04   11.79164    
  8.3983981E-04   11.89797    
  8.4184186E-04   11.98872    
  8.4384391E-04   12.04710    
  8.4584596E-04   12.06182    
  8.4784802E-04   12.02556    
  8.4985013E-04   11.93647    
  8.5185177E-04   11.79929    
  8.5385382E-04   11.62438    
  8.5585588E-04   11.42860    
  8.5785793E-04   11.22608    
  8.5986004E-04   11.03608    
  8.6186209E-04   10.87336    
  8.6386397E-04   10.74455    
  8.6586579E-04   10.65629    
  8.6786790E-04   10.60435    
  8.6986995E-04   10.57792    
  8.7187201E-04   10.56577    
  8.7387388E-04   10.55186    
  8.7587594E-04   10.52103    
  8.7787799E-04   10.46709    
  8.7988004E-04   10.38484    
  8.8188192E-04   10.27687    
  8.8388397E-04   10.15612    
  8.8588585E-04   10.03782    
  8.8788790E-04   9.936704    
  8.8988995E-04   9.868060    
  8.9189206E-04   9.840392    
  8.9389412E-04   9.855419    
  8.9589617E-04   9.903286    
  8.9789781E-04   9.967568    
  8.9989993E-04   10.02856    
  9.0190198E-04   10.06309    
  9.0390403E-04   10.05314    
  9.0590608E-04   9.987938    
  9.0790796E-04   9.867703    
  9.0991001E-04   9.704276    
  9.1191189E-04   9.519258    
  9.1391394E-04   9.339561    
  9.1591600E-04   9.193575    
  9.1791805E-04   9.106888    
  9.1991993E-04   9.091381    
  9.2192198E-04   9.147825    
  9.2392409E-04   9.260370    
  9.2592614E-04   9.403326    
  9.2792802E-04   9.540792    
  9.2993007E-04   9.634576    
  9.3193189E-04   9.651521    
  9.3393400E-04   9.573138    
  9.3593606E-04   9.392262    
  9.3793811E-04   9.122282    
  9.3994016E-04   8.789881    
  9.4194186E-04   8.432323    
  9.4394392E-04   8.089962    
  9.4594597E-04   7.801340    
  9.4794802E-04   7.594002    
  9.4995007E-04   7.476939    
  9.5195218E-04   7.445639    
  9.5395400E-04   7.478502    
  9.5595611E-04   7.542376    
  9.5795793E-04   7.602583    
  9.5995999E-04   7.624947    
  9.6196210E-04   7.589742    
  9.6396415E-04   7.486715    
  9.6596603E-04   7.328133    
  9.6796808E-04   7.135797    
  9.6997013E-04   6.943938    
  9.7197201E-04   6.788293    
  9.7397406E-04   6.700930    
  9.7597612E-04   6.698332    
  9.7797799E-04   6.785805    
  9.7998010E-04   6.948652    
  9.8198210E-04   7.159524    
  9.8398421E-04   7.380456    
  9.8598620E-04   7.570167    
  9.8798797E-04   7.694602    
  9.8998996E-04   7.728559    
  9.9199207E-04   7.664864    
  9.9399406E-04   7.510035    
  9.9599618E-04   7.290256    
  9.9799817E-04   7.035857    
  1.0000000E-03   6.782785    
