 -1.0000000E-03   5.031780    
 -9.9799817E-04   5.015996    
 -9.9599606E-04   5.021986    
 -9.9399406E-04   5.050405    
 -9.9199207E-04   5.100801    
 -9.8999008E-04   5.171005    
 -9.8798808E-04   5.257059    
 -9.8598609E-04   5.353487    
 -9.8398409E-04   5.454299    
 -9.8198210E-04   5.553395    
 -9.7998010E-04   5.647355    
 -9.7797811E-04   5.733641    
 -9.7597600E-04   5.814444    
 -9.7397406E-04   5.893682    
 -9.7197207E-04   5.977914    
 -9.6997002E-04   6.074280    
 -9.6796808E-04   6.188061    
 -9.6596603E-04   6.322499    
 -9.6396403E-04   6.476241    
 -9.6196210E-04   6.642570    
 -9.5995999E-04   6.810379    
 -9.5795805E-04   6.964830    
 -9.5595611E-04   7.090310    
 -9.5395400E-04   7.172684    
 -9.5195207E-04   7.202305    
 -9.4995002E-04   7.175781    
 -9.4794802E-04   7.097872    
 -9.4594609E-04   6.980431    
 -9.4394403E-04   6.841515    
 -9.4194204E-04   6.703448    
 -9.3993999E-04   6.587383    
 -9.3793799E-04   6.511840    
 -9.3593606E-04   6.487856    
 -9.3393400E-04   6.517677    
 -9.3193201E-04   6.594045    
 -9.2993007E-04   6.701282    
 -9.2792802E-04   6.816922    
 -9.2592603E-04   6.916406    
 -9.2392397E-04   6.976703    
 -9.2192198E-04   6.980370    
 -9.1992004E-04   6.917851    
 -9.1791799E-04   6.790042    
 -9.1591600E-04   6.608520    
 -9.1391394E-04   6.392381    
 -9.1191201E-04   6.166929    
 -9.0991001E-04   5.957941    
 -9.0790796E-04   5.790645    
 -9.0590597E-04   5.683079    
 -9.0390403E-04   5.645703    
 -9.0190198E-04   5.679603    
 -8.9989998E-04   5.776469    
 -8.9789793E-04   5.921648    
 -8.9589600E-04   6.095518    
 -8.9389400E-04   6.276124    
 -8.9189195E-04   6.444601    
 -8.8988995E-04   6.584410    
 -8.8788802E-04   6.685062    
 -8.8588597E-04   6.742428    
 -8.8388397E-04   6.756862    
 -8.8188192E-04   6.734177    
 -8.7987998E-04   6.681498    
 -8.7787799E-04   6.609072    
 -8.7587594E-04   6.524989    
 -8.7387394E-04   6.436842    
 -8.7187201E-04   6.350818    
 -8.6986995E-04   6.270287    
 -8.6786796E-04   6.197516    
 -8.6586591E-04   6.133915    
 -8.6386397E-04   6.079047    
 -8.6186186E-04   6.032198    
 -8.5985992E-04   5.992610    
 -8.5785793E-04   5.958251    
 -8.5585588E-04   5.927504    
 -8.5385394E-04   5.897889    
 -8.5185195E-04   5.867273    
 -8.4984989E-04   5.832522    
 -8.4784796E-04   5.792728    
 -8.4584596E-04   5.746936    
 -8.4384391E-04   5.696724    
 -8.4184197E-04   5.645578    
 -8.3983986E-04   5.597749    
 -8.3783793E-04   5.559191    
 -8.3583593E-04   5.535205    
 -8.3383388E-04   5.530980    
 -8.3183195E-04   5.548362    
 -8.2982989E-04   5.586832    
 -8.2782790E-04   5.643310    
 -8.2582590E-04   5.710815    
 -8.2382391E-04   5.781353    
 -8.2182192E-04   5.845973    
 -8.1981992E-04   5.897571    
 -8.1781787E-04   5.931443    
 -8.1581593E-04   5.946892    
 -8.1381388E-04   5.947225    
 -8.1181189E-04   5.940189    
 -8.0980989E-04   5.935409    
 -8.0780784E-04   5.944593    
 -8.0580590E-04   5.976779    
 -8.0380391E-04   6.039127    
 -8.0180186E-04   6.133638    
 -7.9979986E-04   6.257439    
 -7.9779787E-04   6.402155    
 -7.9579587E-04   6.556204    
 -7.9379388E-04   6.705453    
 -7.9179183E-04   6.835704    
 -7.8978989E-04   6.936596    
 -7.8778784E-04   7.000212    
 -7.8578584E-04   7.024212    
 -7.8378391E-04   7.011745    
 -7.8178186E-04   6.970006    
 -7.7977986E-04   6.908600    
 -7.7777787E-04   6.838414    
 -7.7577581E-04   6.770324    
 -7.7377388E-04   6.712101    
 -7.7177183E-04   6.669112    
 -7.6976983E-04   6.644090    
 -7.6776784E-04   6.637819    
 -7.6576584E-04   6.649688    
 -7.6376385E-04   6.679775    
 -7.6176180E-04   6.729556    
 -7.5975980E-04   6.802262    
 -7.5775781E-04   6.903795    
 -7.5575581E-04   7.039867    
 -7.5375382E-04   7.216056    
 -7.5175177E-04   7.435738    
 -7.4974983E-04   7.698473    
 -7.4774784E-04   8.000303    
 -7.4574584E-04   8.330369    
 -7.4374385E-04   8.675375    
 -7.4174179E-04   9.018250    
 -7.3973980E-04   9.342594    
 -7.3773781E-04   9.632658    
 -7.3573581E-04   9.876986    
 -7.3373382E-04   10.06936    
 -7.3173176E-04   10.20993    
 -7.2972977E-04   10.30459    
 -7.2772783E-04   10.36232    
 -7.2572578E-04   10.39525    
 -7.2372379E-04   10.41529    
 -7.2172179E-04   10.43131    
 -7.1971974E-04   10.44834    
 -7.1771780E-04   10.46766    
 -7.1571581E-04   10.48571    
 -7.1371376E-04   10.49568    
 -7.1171182E-04   10.49096    
 -7.0970977E-04   10.46482    
 -7.0770778E-04   10.41374    
 -7.0570578E-04   10.33900    
 -7.0370373E-04   10.24656    
 -7.0170179E-04   10.14610    
 -6.9969974E-04   10.05062    
 -6.9769775E-04   9.973450    
 -6.9569581E-04   9.926399    
 -6.9369370E-04   9.917959    
 -6.9169176E-04   9.951000    
 -6.8968977E-04   10.02321    
 -6.8768772E-04   10.12650    
 -6.8568578E-04   10.24830    
 -6.8368373E-04   10.37529    
 -6.8168173E-04   10.49255    
 -6.7967980E-04   10.58857    
 -6.7767769E-04   10.65582    
 -6.7567575E-04   10.69167    
 -6.7367376E-04   10.69848    
 -6.7167170E-04   10.68458    
 -6.6966977E-04   10.66086    
 -6.6766771E-04   10.64060    
 -6.6566572E-04   10.63619    
 -6.6366373E-04   10.66090    
 -6.6166167E-04   10.72301    
 -6.5965974E-04   10.82832    
 -6.5765769E-04   10.97892    
 -6.5565569E-04   11.17303    
 -6.5365370E-04   11.40578    
 -6.5165170E-04   11.67112    
 -6.4964971E-04   11.96129    
 -6.4764777E-04   12.26621    
 -6.4564572E-04   12.57699    
 -6.4364373E-04   12.88486    
 -6.4164173E-04   13.17981    
 -6.3963968E-04   13.45432    
 -6.3763774E-04   13.70071    
 -6.3563569E-04   13.91259    
 -6.3363370E-04   14.08466    
 -6.3163170E-04   14.21282    
 -6.2962971E-04   14.29549    
 -6.2762771E-04   14.33288    
 -6.2562566E-04   14.32681    
 -6.2362367E-04   14.28163    
 -6.2162167E-04   14.20353    
 -6.1961968E-04   14.10014    
 -6.1761768E-04   13.98227    
 -6.1561569E-04   13.86047    
 -6.1361369E-04   13.74729    
 -6.1161170E-04   13.65573    
 -6.0960965E-04   13.59832    
 -6.0760765E-04   13.58730    
 -6.0560566E-04   13.63248    
 -6.0360366E-04   13.74194    
 -6.0160167E-04   13.91823    
 -5.9959962E-04   14.15929    
 -5.9759768E-04   14.45990    
 -5.9559563E-04   14.80698    
 -5.9359364E-04   15.18590    
 -5.9159164E-04   15.57709    
 -5.8958959E-04   15.96273    
 -5.8758765E-04   16.32416    
 -5.8558560E-04   16.64864    
 -5.8358361E-04   16.92966    
 -5.8158167E-04   17.16626    
 -5.7957962E-04   17.36668    
 -5.7757762E-04   17.54447    
 -5.7557563E-04   17.71620    
 -5.7357363E-04   17.89888    
 -5.7157158E-04   18.10693    
 -5.6956959E-04   18.35016    
 -5.6756765E-04   18.62829    
 -5.6556566E-04   18.93425    
 -5.6356360E-04   19.25183    
 -5.6156161E-04   19.55893    
 -5.5955962E-04   19.83285    
 -5.5755756E-04   20.05236    
 -5.5555563E-04   20.20187    
 -5.5355357E-04   20.27850    
 -5.5155164E-04   20.28772    
 -5.4954959E-04   20.24919    
 -5.4754759E-04   20.19136    
 -5.4554560E-04   20.14812    
 -5.4354360E-04   20.15564    
 -5.4154155E-04   20.24400    
 -5.3953961E-04   20.43669    
 -5.3753756E-04   20.74177    
 -5.3553557E-04   21.15619    
 -5.3353363E-04   21.66319    
 -5.3153158E-04   22.23548    
 -5.2952959E-04   22.83942    
 -5.2752759E-04   23.44237    
 -5.2552560E-04   24.01396    
 -5.2352354E-04   24.53099    
 -5.2152161E-04   24.98263    
 -5.1951956E-04   25.36713    
 -5.1751756E-04   25.69101    
 -5.1551557E-04   25.96801    
 -5.1351357E-04   26.21383    
 -5.1151158E-04   26.44165    
 -5.0950953E-04   26.66197    
 -5.0750753E-04   26.87730    
 -5.0550560E-04   27.08672    
 -5.0350348E-04   27.28093    
 -5.0150155E-04   27.45319    
 -4.9949955E-04   27.59442    
 -4.9749750E-04   27.70113    
 -4.9549557E-04   27.77685    
 -4.9349351E-04   27.83026    
 -4.9149158E-04   27.87729    
 -4.8948952E-04   27.93808    
 -4.8748756E-04   28.03389    
 -4.8548554E-04   28.18405    
 -4.8348351E-04   28.40166    
 -4.8148152E-04   28.69403    
 -4.7947955E-04   29.06014    
 -4.7747753E-04   29.49202    
 -4.7547551E-04   29.97637    
 -4.7347351E-04   30.49666    
 -4.7147155E-04   31.03793    
 -4.6946947E-04   31.58632    
 -4.6746750E-04   32.13287    
 -4.6546553E-04   32.67233    
 -4.6346348E-04   33.20263    
 -4.6146152E-04   33.72447    
 -4.5945949E-04   34.23531    
 -4.5745753E-04   34.73212    
 -4.5545548E-04   35.20636    
 -4.5345351E-04   35.64666    
 -4.5145149E-04   36.03788    
 -4.4944949E-04   36.36549    
 -4.4744747E-04   36.61523    
 -4.4544550E-04   36.78031    
 -4.4344345E-04   36.86165    
 -4.4144149E-04   36.87100    
 -4.3943946E-04   36.82678    
 -4.3743750E-04   36.76097    
 -4.3543545E-04   36.70589    
 -4.3343348E-04   36.69951    
 -4.3143152E-04   36.77500    
 -4.2942943E-04   36.96146    
 -4.2742747E-04   37.27799    
 -4.2542547E-04   37.73477    
 -4.2342345E-04   38.33116    
 -4.2142143E-04   39.06001    
 -4.1941946E-04   39.90619    
 -4.1741747E-04   40.85059    
 -4.1541544E-04   41.87403    
 -4.1341342E-04   42.95955    
 -4.1141146E-04   44.08906    
 -4.0940940E-04   45.24699    
 -4.0740744E-04   46.41825    
 -4.0540542E-04   47.58942    
 -4.0340348E-04   48.74367    
 -4.0140140E-04   49.86335    
 -3.9939943E-04   50.92974    
 -3.9739747E-04   51.92403    
 -3.9539541E-04   52.82942    
 -3.9339345E-04   53.63133    
 -3.9139143E-04   54.32577    
 -3.8938943E-04   54.91389    
 -3.8738741E-04   55.40438    
 -3.8538544E-04   55.81704    
 -3.8338342E-04   56.17552    
 -3.8138143E-04   56.50695    
 -3.7937940E-04   56.84023    
 -3.7737744E-04   57.19804    
 -3.7537538E-04   57.59937    
 -3.7337342E-04   58.05596    
 -3.7137140E-04   58.57352    
 -3.6936937E-04   59.14927    
 -3.6736741E-04   59.77895    
 -3.6536541E-04   60.45723    
 -3.6336345E-04   61.17873    
 -3.6136137E-04   61.94408    
 -3.5935940E-04   62.75774    
 -3.5735741E-04   63.62997    
 -3.5535538E-04   64.57256    
 -3.5335336E-04   65.60310    
 -3.5135139E-04   66.73219    
 -3.4934940E-04   67.97199    
 -3.4734738E-04   69.32357    
 -3.4534535E-04   70.78568    
 -3.4334339E-04   72.34798    
 -3.4134134E-04   73.99470    
 -3.3933937E-04   75.70801    
 -3.3733735E-04   77.47042    
 -3.3533535E-04   79.26703    
 -3.3333339E-04   81.08895    
 -3.3133136E-04   82.93254    
 -3.2932940E-04   84.80499    
 -3.2732735E-04   86.71446    
 -3.2532538E-04   88.67651    
 -3.2332336E-04   90.70305    
 -3.2132133E-04   92.80355    
 -3.1931934E-04   94.97672    
 -3.1731738E-04   97.21230    
 -3.1531529E-04   99.48335    
 -3.1331333E-04   101.7539    
 -3.1131133E-04   103.9739    
 -3.0930937E-04   106.0912    
 -3.0730729E-04   108.0487    
 -3.0530532E-04   109.7999    
 -3.0330333E-04   111.3113    
 -3.0130130E-04   112.5731    
 -2.9929934E-04   113.6007    
 -2.9729735E-04   114.4418    
 -2.9529538E-04   115.1685    
 -2.9329330E-04   115.8848    
 -2.9129133E-04   116.7030    
 -2.8928934E-04   117.7470    
 -2.8728732E-04   119.1292    
 -2.8528529E-04   120.9447    
 -2.8328333E-04   123.2539    
 -2.8128127E-04   126.0762    
 -2.7927931E-04   129.3897    
 -2.7727729E-04   133.1253    
 -2.7527532E-04   137.1833    
 -2.7327327E-04   141.4375    
 -2.7127130E-04   145.7547    
 -2.6926928E-04   150.0144    
 -2.6726729E-04   154.1169    
 -2.6526532E-04   158.0061    
 -2.6326330E-04   161.6666    
 -2.6126127E-04   165.1262    
 -2.5925928E-04   168.4558    
 -2.5725731E-04   171.7449    
 -2.5525529E-04   175.1011    
 -2.5325327E-04   178.6193    
 -2.5125127E-04   182.3743    
 -2.4924931E-04   186.4077    
 -2.4724723E-04   190.7263    
 -2.4524526E-04   195.2986    
 -2.4324325E-04   200.0684    
 -2.4124124E-04   204.9681    
 -2.3923923E-04   209.9328    
 -2.3723727E-04   214.9128    
 -2.3523530E-04   219.8875    
 -2.3323324E-04   224.8670    
 -2.3123127E-04   229.8922    
 -2.2922926E-04   235.0226    
 -2.2722724E-04   240.3290    
 -2.2522523E-04   245.8741    
 -2.2322327E-04   251.7004    
 -2.2122126E-04   257.8219    
 -2.1921925E-04   264.2214    
 -2.1721722E-04   270.8542    
 -2.1521526E-04   277.6646    
 -2.1321321E-04   284.5962    
 -2.1121124E-04   291.6112    
 -2.0920922E-04   298.7157    
 -2.0720721E-04   305.9478    
 -2.0520520E-04   313.3989    
 -2.0320324E-04   321.1903    
 -2.0120127E-04   329.4635    
 -1.9919920E-04   338.3536    
 -1.9719724E-04   347.9629    
 -1.9519523E-04   358.3438    
 -1.9319321E-04   369.4793    
 -1.9119120E-04   381.2865    
 -1.8918923E-04   393.6227    
 -1.8718716E-04   406.3120    
 -1.8518520E-04   419.1742    
 -1.8318319E-04   432.0612    
 -1.8118123E-04   444.8893    
 -1.7917916E-04   457.6693    
 -1.7717719E-04   470.5070    
 -1.7517518E-04   483.6067    
 -1.7317318E-04   497.2498    
 -1.7117115E-04   511.7582    
 -1.6916920E-04   527.4564    
 -1.6716713E-04   544.6227    
 -1.6516517E-04   563.4447    
 -1.6316320E-04   584.0128    
 -1.6116124E-04   606.2908    
 -1.5915917E-04   630.1368    
 -1.5715721E-04   655.3203    
 -1.5515515E-04   681.5667    
 -1.5315319E-04   708.5948    
 -1.5115112E-04   736.1749    
 -1.4914916E-04   764.1472    
 -1.4714719E-04   792.4501    
 -1.4514512E-04   821.1333    
 -1.4314307E-04   850.3276    
 -1.4114119E-04   880.2242    
 -1.3913914E-04   911.0519    
 -1.3713718E-04   943.0067    
 -1.3513521E-04   976.2430    
 -1.3313314E-04   1010.842    
 -1.3113118E-04   1046.793    
 -1.2912911E-04   1084.015    
 -1.2712716E-04   1122.363    
 -1.2512520E-04   1161.685    
 -1.2312313E-04   1201.844    
 -1.2112106E-04   1242.766    
 -1.1911920E-04   1284.473    
 -1.1711713E-04   1327.125    
 -1.1511507E-04   1370.990    
 -1.1311311E-04   1416.464    
 -1.1111114E-04   1464.043    
 -1.0910908E-04   1514.288    
 -1.0710712E-04   1567.779    
 -1.0510505E-04   1625.072    
 -1.0310319E-04   1686.652    
 -1.0110113E-04   1752.923    
 -9.9099059E-05   1824.137    
 -9.7097196E-05   1900.389    
 -9.5095129E-05   1981.651    
 -9.3093069E-05   2067.694    
 -9.1091104E-05   2158.159    
 -8.9089139E-05   2252.550    
 -8.7087079E-05   2350.259    
 -8.5085114E-05   2450.567    
 -8.3083047E-05   2552.709    
 -8.1081089E-05   2655.873    
 -7.9079124E-05   2759.247    
 -7.7077057E-05   2862.041    
 -7.5074997E-05   2963.488    
 -7.3073126E-05   3062.905    
 -7.1071066E-05   3159.693    
 -6.9069007E-05   3253.325    
 -6.7067136E-05   3343.354    
 -6.5065076E-05   3429.446    
 -6.3063111E-05   3511.322    
 -6.1061044E-05   3588.800    
 -5.9059083E-05   3661.756    
 -5.7057117E-05   3730.168    
 -5.5055058E-05   3794.114    
 -5.3052994E-05   3853.780    
 -5.1051127E-05   3909.448    
 -4.9049064E-05   3961.597    
 -4.7047000E-05   4010.798    
 -4.5045035E-05   4057.802    
 -4.3043074E-05   4103.456    
 -4.1041010E-05   4148.670    
 -3.9039045E-05   4194.378    
 -3.7036982E-05   4241.448    
 -3.5035016E-05   4290.576    
 -3.3033055E-05   4342.252    
 -3.1030992E-05   4396.723    
 -2.9029125E-05   4453.838    
 -2.7027061E-05   4513.211    
 -2.5024998E-05   4574.079    
 -2.3023034E-05   4635.467    
 -2.1021069E-05   4696.203    
 -1.9019006E-05   4755.073    
 -1.7017042E-05   4810.848    
 -1.5014979E-05   4862.407    
 -1.3013015E-05   4908.828    
 -1.1011050E-05   4949.380    
 -9.0089879E-06   4983.556    
 -7.0069245E-06   5011.025    
 -5.0050589E-06   5031.660    
 -3.0029958E-06   5045.403    
 -1.0009326E-06   5052.251    
  1.0009326E-06   5052.250    
  3.0029958E-06   5045.404    
  5.0050589E-06   5031.660    
  7.0070232E-06   5011.024    
  9.0089879E-06   4983.558    
  1.1010952E-05   4949.391    
  1.3013015E-05   4908.832    
  1.5015078E-05   4862.407    
  1.7016944E-05   4810.850    
  1.9019006E-05   4755.074    
  2.1021069E-05   4696.204    
  2.3023034E-05   4635.470    
  2.5024998E-05   4574.080    
  2.7027061E-05   4513.211    
  2.9029026E-05   4453.843    
  3.1030992E-05   4396.723    
  3.3033055E-05   4342.253    
  3.5035016E-05   4290.577    
  3.7037080E-05   4241.439    
  3.9039045E-05   4194.378    
  4.1041010E-05   4148.672    
  4.3043074E-05   4103.456    
  4.5045035E-05   4057.802    
  4.7047000E-05   4010.797    
  4.9049064E-05   3961.597    
  5.1051029E-05   3909.453    
  5.3053092E-05   3853.774    
  5.5055058E-05   3794.114    
  5.7057019E-05   3730.173    
  5.9059083E-05   3661.755    
  6.1061146E-05   3588.792    
  6.3063009E-05   3511.331    
  6.5065076E-05   3429.446    
  6.7067136E-05   3343.355    
  6.9069007E-05   3253.326    
  7.1071066E-05   3159.693    
  7.3073126E-05   3062.905    
  7.5075091E-05   2963.483    
  7.7077057E-05   2862.042    
  7.9079124E-05   2759.247    
  8.1081089E-05   2655.874    
  8.3083149E-05   2552.704    
  8.5085012E-05   2450.575    
  8.7087079E-05   2350.257    
  8.9089139E-05   2252.549    
  9.1091104E-05   2158.158    
  9.3093069E-05   2067.695    
  9.5095129E-05   1981.651    
  9.7097094E-05   1900.395    
  9.9099059E-05   1824.139    
  1.0110113E-04   1752.923    
  1.0310309E-04   1686.658    
  1.0510515E-04   1625.070    
  1.0710712E-04   1567.779    
  1.0910908E-04   1514.289    
  1.1111114E-04   1464.044    
  1.1311321E-04   1416.463    
  1.1511507E-04   1370.990    
  1.1711713E-04   1327.126    
  1.1911910E-04   1284.475    
  1.2112116E-04   1242.765    
  1.2312313E-04   1201.844    
  1.2512509E-04   1161.687    
  1.2712716E-04   1122.362    
  1.2912921E-04   1084.013    
  1.3113108E-04   1046.795    
  1.3313314E-04   1010.842    
  1.3513521E-04   976.2427    
  1.3713707E-04   943.0085    
  1.3913914E-04   911.0520    
  1.4114119E-04   880.2247    
  1.4314316E-04   850.3253    
  1.4514512E-04   821.1333    
  1.4714719E-04   792.4496    
  1.4914916E-04   764.1473    
  1.5115122E-04   736.1727    
  1.5315319E-04   708.5948    
  1.5515515E-04   681.5652    
  1.5715721E-04   655.3190    
  1.5915917E-04   630.1378    
  1.6116114E-04   606.2930    
  1.6316320E-04   584.0117    
  1.6516517E-04   563.4447    
  1.6716713E-04   544.6219    
  1.6916920E-04   527.4563    
  1.7117115E-04   511.7579    
  1.7317322E-04   497.2494    
  1.7517518E-04   483.6068    
  1.7717715E-04   470.5071    
  1.7917922E-04   457.6688    
  1.8118128E-04   444.8902    
  1.8318315E-04   432.0616    
  1.8518520E-04   419.1737    
  1.8718727E-04   406.3109    
  1.8918923E-04   393.6233    
  1.9119120E-04   381.2859    
  1.9319316E-04   369.4799    
  1.9519523E-04   358.3436    
  1.9719728E-04   347.9639    
  1.9919916E-04   338.3529    
  2.0120121E-04   329.4646    
  2.0320328E-04   321.1896    
  2.0520514E-04   313.3988    
  2.0720721E-04   305.9481    
  2.0920928E-04   298.7159    
  2.1121124E-04   291.6119    
  2.1321321E-04   284.5961    
  2.1521526E-04   277.6645    
  2.1721722E-04   270.8541    
  2.1921929E-04   264.2209    
  2.2122126E-04   257.8219    
  2.2322322E-04   251.6998    
  2.2522529E-04   245.8748    
  2.2722724E-04   240.3291    
  2.2922920E-04   235.0227    
  2.3123127E-04   229.8916    
  2.3323324E-04   224.8666    
  2.3523520E-04   219.8878    
  2.3723727E-04   214.9125    
  2.3923923E-04   209.9329    
  2.4124129E-04   204.9684    
  2.4324325E-04   200.0680    
  2.4524523E-04   195.2990    
  2.4724728E-04   190.7265    
  2.4924934E-04   186.4084    
  2.5125121E-04   182.3750    
  2.5325327E-04   178.6196    
  2.5525535E-04   175.1019    
  2.5725731E-04   171.7450    
  2.5925928E-04   168.4552    
  2.6126133E-04   165.1257    
  2.6326330E-04   161.6665    
  2.6526526E-04   158.0064    
  2.6726723E-04   154.1179    
  2.6926928E-04   150.0137    
  2.7127136E-04   145.7542    
  2.7327321E-04   141.4379    
  2.7527529E-04   137.1829    
  2.7727734E-04   133.1258    
  2.7927931E-04   129.3899    
  2.8128127E-04   126.0763    
  2.8328333E-04   123.2539    
  2.8528529E-04   120.9445    
  2.8728737E-04   119.1294    
  2.8928934E-04   117.7467    
  2.9129130E-04   116.7020    
  2.9329336E-04   115.8847    
  2.9529541E-04   115.1698    
  2.9729729E-04   114.4408    
  2.9929934E-04   113.6005    
  3.0130130E-04   112.5732    
  3.0330327E-04   111.3119    
  3.0530532E-04   109.7996    
  3.0730729E-04   108.0488    
  3.0930937E-04   106.0913    
  3.1131133E-04   103.9740    
  3.1331330E-04   101.7537    
  3.1531535E-04   99.48346    
  3.1731740E-04   97.21136    
  3.1931928E-04   94.97707    
  3.2132133E-04   92.80390    
  3.2332342E-04   90.70367    
  3.2532538E-04   88.67673    
  3.2732735E-04   86.71444    
  3.2932940E-04   84.80511    
  3.3133136E-04   82.93257    
  3.3333333E-04   81.08856    
  3.3533538E-04   79.26682    
  3.3733735E-04   77.47030    
  3.3933943E-04   75.70842    
  3.4134128E-04   73.99461    
  3.4334336E-04   72.34792    
  3.4534541E-04   70.78568    
  3.4734738E-04   69.32379    
  3.4934934E-04   67.97086    
  3.5135139E-04   66.73189    
  3.5335336E-04   65.60311    
  3.5535544E-04   64.57334    
  3.5735741E-04   63.63011    
  3.5935937E-04   62.75783    
  3.6136142E-04   61.94364    
  3.6336348E-04   61.17849    
  3.6536535E-04   60.45678    
  3.6736741E-04   59.77890    
  3.6936949E-04   59.14939    
  3.7137134E-04   58.57285    
  3.7337342E-04   58.05608    
  3.7537538E-04   57.59961    
  3.7737744E-04   57.19799    
  3.7937940E-04   56.84029    
  3.8138137E-04   56.50711    
  3.8338342E-04   56.17540    
  3.8538550E-04   55.81735    
  3.8738735E-04   55.40474    
  3.8938943E-04   54.91399    
  3.9139148E-04   54.32599    
  3.9339345E-04   53.63150    
  3.9539541E-04   52.82949    
  3.9739747E-04   51.92409    
  3.9939943E-04   50.92976    
  4.0140140E-04   49.86309    
  4.0340348E-04   48.74372    
  4.0540542E-04   47.58931    
  4.0740750E-04   46.41795    
  4.0940935E-04   45.24683    
  4.1141143E-04   44.08844    
  4.1341348E-04   42.95937    
  4.1541544E-04   41.87415    
  4.1741741E-04   40.85039    
  4.1941946E-04   39.90615    
  4.2142143E-04   39.06009    
  4.2342351E-04   38.33164    
  4.2542547E-04   37.73480    
  4.2742744E-04   37.27813    
  4.2942949E-04   36.96129    
  4.3143146E-04   36.77547    
  4.3343342E-04   36.69952    
  4.3543548E-04   36.70633    
  4.3743756E-04   36.76104    
  4.3943941E-04   36.82755    
  4.4144149E-04   36.87069    
  4.4344354E-04   36.86200    
  4.4544550E-04   36.78019    
  4.4744747E-04   36.61512    
  4.4944944E-04   36.36502    
  4.5145149E-04   36.03757    
  4.5345357E-04   35.64697    
  4.5545542E-04   35.20625    
  4.5745750E-04   34.73190    
  4.5945955E-04   34.23537    
  4.6146152E-04   33.72461    
  4.6346348E-04   33.20259    
  4.6546553E-04   32.67234    
  4.6746750E-04   32.13296    
  4.6946947E-04   31.58627    
  4.7147155E-04   31.03788    
  4.7347351E-04   30.49666    
  4.7547556E-04   29.97651    
  4.7747753E-04   29.49212    
  4.7947949E-04   29.06005    
  4.8148155E-04   28.69440    
  4.8348351E-04   28.40173    
  4.8548548E-04   28.18390    
  4.8748756E-04   28.03391    
  4.8948952E-04   27.93815    
  4.9149158E-04   27.87741    
  4.9349351E-04   27.83033    
  4.9549551E-04   27.77706    
  4.9749756E-04   27.70155    
  4.9949955E-04   27.59425    
  5.0150149E-04   27.45313    
  5.0350354E-04   27.28112    
  5.0550560E-04   27.08607    
  5.0750747E-04   26.87749    
  5.0950953E-04   26.66203    
  5.1151164E-04   26.44178    
  5.1351357E-04   26.21377    
  5.1551557E-04   25.96793    
  5.1751762E-04   25.69077    
  5.1951956E-04   25.36700    
  5.2152161E-04   24.98255    
  5.2352349E-04   24.53085    
  5.2552554E-04   24.01347    
  5.2752765E-04   23.44232    
  5.2952947E-04   22.83940    
  5.3153158E-04   22.23532    
  5.3353363E-04   21.66346    
  5.3553557E-04   21.15619    
  5.3753756E-04   20.74180    
  5.3953961E-04   20.43676    
  5.4154155E-04   20.24415    
  5.4354366E-04   20.15586    
  5.4554560E-04   20.14815    
  5.4754753E-04   20.19101    
  5.4954964E-04   20.24919    
  5.5155170E-04   20.28782    
  5.5355357E-04   20.27817    
  5.5555563E-04   20.20178    
  5.5755756E-04   20.05213    
  5.5955962E-04   19.83286    
  5.6156161E-04   19.55896    
  5.6356355E-04   19.25164    
  5.6556566E-04   18.93419    
  5.6756759E-04   18.62844    
  5.6956959E-04   18.35034    
  5.7157164E-04   18.10721    
  5.7357369E-04   17.89875    
  5.7557557E-04   17.71630    
  5.7757762E-04   17.54450    
  5.7957968E-04   17.36707    
  5.8158167E-04   17.16608    
  5.8358361E-04   16.92960    
  5.8558566E-04   16.64829    
  5.8758765E-04   16.32408    
  5.8958970E-04   15.96201    
  5.9159164E-04   15.57722    
  5.9359364E-04   15.18590    
  5.9559569E-04   14.80731    
  5.9759757E-04   14.45987    
  5.9959962E-04   14.15936    
  6.0160167E-04   13.91823    
  6.0360366E-04   13.74199    
  6.0560560E-04   13.63284    
  6.0760765E-04   13.58751    
  6.0960965E-04   13.59841    
  6.1161170E-04   13.65571    
  6.1361369E-04   13.74733    
  6.1561563E-04   13.86068    
  6.1761768E-04   13.98231    
  6.1961974E-04   14.10036    
  6.2162161E-04   14.20367    
  6.2362367E-04   14.28165    
  6.2562578E-04   14.32717    
  6.2762771E-04   14.33288    
  6.2962971E-04   14.29541    
  6.3163164E-04   14.21311    
  6.3363370E-04   14.08487    
  6.3563569E-04   13.91273    
  6.3763763E-04   13.70097    
  6.3963968E-04   13.45439    
  6.4164179E-04   13.17966    
  6.4364361E-04   12.88481    
  6.4564572E-04   12.57720    
  6.4764777E-04   12.26624    
  6.4964971E-04   11.96136    
  6.5165170E-04   11.67105    
  6.5365375E-04   11.40561    
  6.5565569E-04   11.17299    
  6.5765780E-04   10.97859    
  6.5965974E-04   10.82841    
  6.6166167E-04   10.72321    
  6.6366378E-04   10.66091    
  6.6566584E-04   10.63633    
  6.6766771E-04   10.64047    
  6.6966977E-04   10.66076    
  6.7167165E-04   10.68426    
  6.7367370E-04   10.69854    
  6.7567575E-04   10.69162    
  6.7767763E-04   10.65552    
  6.7967968E-04   10.58853    
  6.8168173E-04   10.49254    
  6.8368379E-04   10.37549    
  6.8568566E-04   10.24866    
  6.8768772E-04   10.12644    
  6.8968977E-04   10.02316    
  6.9169188E-04   9.951246    
  6.9369370E-04   9.918052    
  6.9569581E-04   9.926396    
  6.9769786E-04   9.973394    
  6.9969974E-04   10.05073    
  7.0170179E-04   10.14613    
  7.0370367E-04   10.24680    
  7.0570572E-04   10.33922    
  7.0770778E-04   10.41374    
  7.0970983E-04   10.46487    
  7.1171188E-04   10.49107    
  7.1371393E-04   10.49570    
  7.1571564E-04   10.48552    
  7.1771769E-04   10.46773    
  7.1971974E-04   10.44838    
  7.2172179E-04   10.43102    
  7.2372390E-04   10.41540    
  7.2572572E-04   10.39578    
  7.2772783E-04   10.36230    
  7.2972965E-04   10.30469    
  7.3173176E-04   10.20979    
  7.3373382E-04   10.06930    
  7.3573587E-04   9.877021    
  7.3773775E-04   9.632626    
  7.3973980E-04   9.342638    
  7.4174185E-04   9.018380    
  7.4374391E-04   8.675178    
  7.4574578E-04   8.330313    
  7.4774784E-04   8.000450    
  7.4974971E-04   7.698917    
  7.5175177E-04   7.435830    
  7.5375382E-04   7.216184    
  7.5575593E-04   7.039790    
  7.5775798E-04   6.903613    
  7.5975963E-04   6.802428    
  7.6176168E-04   6.729239    
  7.6376373E-04   6.679562    
  7.6576584E-04   6.649595    
  7.6776790E-04   6.637728    
  7.6976995E-04   6.644415    
  7.7177183E-04   6.669070    
  7.7377388E-04   6.712131    
  7.7577576E-04   6.770338    
  7.7777781E-04   6.838524    
  7.7977986E-04   6.908486    
  7.8178191E-04   6.969863    
  7.8378379E-04   7.011786    
  7.8578584E-04   7.024118    
  7.8778790E-04   7.000082    
  7.8979001E-04   6.936578    
  7.9179183E-04   6.835641    
  7.9379370E-04   6.705005    
  7.9579576E-04   6.555868    
  7.9779787E-04   6.402286    
  7.9979992E-04   6.257392    
  8.0180197E-04   6.133598    
  8.0380403E-04   6.039308    
  8.0580573E-04   5.976742    
  8.0780778E-04   5.944402    
  8.0980983E-04   5.935540    
  8.1181189E-04   5.940308    
  8.1381394E-04   5.947333    
  8.1581599E-04   5.946750    
  8.1781787E-04   5.931413    
  8.1981992E-04   5.897802    
  8.2182180E-04   5.846049    
  8.2382385E-04   5.781343    
  8.2582596E-04   5.710856    
  8.2782801E-04   5.643091    
  8.2982989E-04   5.586769    
  8.3183195E-04   5.548261    
  8.3383400E-04   5.531175    
  8.3583588E-04   5.535271    
  8.3783793E-04   5.559211    
  8.3983981E-04   5.597756    
  8.4184186E-04   5.645813    
  8.4384391E-04   5.696682    
  8.4584596E-04   5.746928    
  8.4784802E-04   5.792454    
  8.4985013E-04   5.832278    
  8.5185177E-04   5.866879    
  8.5385382E-04   5.897921    
  8.5585588E-04   5.927549    
  8.5785793E-04   5.958260    
  8.5986004E-04   5.992532    
  8.6186209E-04   6.032314    
  8.6386397E-04   6.079176    
  8.6586579E-04   6.134007    
  8.6786790E-04   6.198003    
  8.6986995E-04   6.270248    
  8.7187201E-04   6.350833    
  8.7387388E-04   6.436759    
  8.7587594E-04   6.524954    
  8.7787799E-04   6.608963    
  8.7988004E-04   6.681772    
  8.8188192E-04   6.734146    
  8.8388397E-04   6.756846    
  8.8588585E-04   6.742222    
  8.8788790E-04   6.685219    
  8.8988995E-04   6.584390    
  8.9189206E-04   6.444847    
  8.9389412E-04   6.276397    
  8.9589617E-04   6.095391    
  8.9789781E-04   5.921782    
  8.9989993E-04   5.776574    
  9.0190198E-04   5.679667    
  9.0390403E-04   5.645669    
  9.0590608E-04   5.683191    
  9.0790796E-04   5.790608    
  9.0991001E-04   5.957798    
  9.1191189E-04   6.166520    
  9.1391394E-04   6.392343    
  9.1591600E-04   6.608369    
  9.1791805E-04   6.790143    
  9.1991993E-04   6.917586    
  9.2192198E-04   6.980240    
  9.2392409E-04   6.976770    
  9.2592614E-04   6.916470    
  9.2792802E-04   6.816874    
  9.2993007E-04   6.701266    
  9.3193189E-04   6.594100    
  9.3393400E-04   6.517738    
  9.3593606E-04   6.487931    
  9.3793811E-04   6.511779    
  9.3994016E-04   6.587508    
  9.4194186E-04   6.703367    
  9.4394392E-04   6.841712    
  9.4594597E-04   6.980342    
  9.4794802E-04   7.097744    
  9.4995007E-04   7.175658    
  9.5195218E-04   7.202144    
  9.5395400E-04   7.172687    
  9.5595611E-04   7.090304    
  9.5795793E-04   6.964831    
  9.5995999E-04   6.810345    
  9.6196210E-04   6.642512    
  9.6396415E-04   6.476088    
  9.6596603E-04   6.322578    
  9.6796808E-04   6.188087    
  9.6997013E-04   6.074137    
  9.7197201E-04   5.977845    
  9.7397406E-04   5.893725    
  9.7597612E-04   5.814541    
  9.7797799E-04   5.733855    
  9.7998010E-04   5.647343    
  9.8198210E-04   5.553387    
  9.8398421E-04   5.454216    
  9.8598620E-04   5.353452    
  9.8798797E-04   5.257248    
  9.8998996E-04   5.171125    
  9.9199207E-04   5.100891    
  9.9399406E-04   5.050487    
  9.9599618E-04   5.021964    
  9.9799817E-04   5.015848    
  1.0000000E-03   5.031830    
