 -2.0000001E-03  0.9015695    
 -1.9959963E-03  0.9588263    
 -1.9919921E-03   1.011781    
 -1.9879881E-03   1.052125    
 -1.9839841E-03   1.084363    
 -1.9799802E-03   1.124235    
 -1.9759762E-03   1.190611    
 -1.9719722E-03   1.294685    
 -1.9679682E-03   1.431315    
 -1.9639642E-03   1.578084    
 -1.9599602E-03   1.700646    
 -1.9559562E-03   1.765158    
 -1.9519520E-03   1.751069    
 -1.9479481E-03   1.659545    
 -1.9439441E-03   1.513708    
 -1.9399400E-03   1.350065    
 -1.9359362E-03   1.204900    
 -1.9319321E-03   1.101412    
 -1.9279281E-03   1.041617    
 -1.9239242E-03   1.007260    
 -1.9199200E-03  0.9704786    
 -1.9159161E-03  0.9066387    
 -1.9119122E-03  0.8072617    
 -1.9079080E-03  0.6849582    
 -1.9039041E-03  0.5691672    
 -1.8999000E-03  0.4938968    
 -1.8958960E-03  0.4814458    
 -1.8918922E-03  0.5325222    
 -1.8878881E-03  0.6225843    
 -1.8838841E-03  0.7094421    
 -1.8798800E-03  0.7504166    
 -1.8758760E-03  0.7182326    
 -1.8718721E-03  0.6141384    
 -1.8678680E-03  0.4690301    
 -1.8638640E-03  0.3329015    
 -1.8598601E-03  0.2569984    
 -1.8558560E-03  0.2737264    
 -1.8518521E-03  0.3845646    
 -1.8478479E-03  0.5591915    
 -1.8438440E-03  0.7474620    
 -1.8398401E-03  0.8986883    
 -1.8358360E-03  0.9838274    
 -1.8318320E-03   1.006281    
 -1.8278279E-03   1.003431    
 -1.8238240E-03   1.032709    
 -1.8198200E-03   1.150040    
 -1.8158159E-03   1.387147    
 -1.8118119E-03   1.737959    
 -1.8078081E-03   2.157730    
 -1.8038040E-03   2.575358    
 -1.7998000E-03   2.915630    
 -1.7957959E-03   3.121651    
 -1.7917920E-03   3.171020    
 -1.7877880E-03   3.078706    
 -1.7837839E-03   2.887488    
 -1.7797799E-03   2.650886    
 -1.7757760E-03   2.414569    
 -1.7717719E-03   2.203142    
 -1.7677679E-03   2.017232    
 -1.7637638E-03   1.842113    
 -1.7597600E-03   1.659912    
 -1.7557560E-03   1.463585    
 -1.7517519E-03   1.263178    
 -1.7477479E-03   1.084756    
 -1.7437440E-03  0.9600165    
 -1.7397399E-03  0.9135720    
 -1.7357359E-03  0.9523801    
 -1.7317318E-03   1.062186    
 -1.7277279E-03   1.211857    
 -1.7237237E-03   1.365381    
 -1.7197198E-03   1.493786    
 -1.7157159E-03   1.586491    
 -1.7117118E-03   1.650623    
 -1.7077079E-03   1.707765    
 -1.7037039E-03   1.782825    
 -1.6996998E-03   1.892853    
 -1.6956959E-03   2.040972    
 -1.6916919E-03   2.215419    
 -1.6876878E-03   2.397086    
 -1.6836839E-03   2.566989    
 -1.6796797E-03   2.713705    
 -1.6756759E-03   2.835309    
 -1.6716719E-03   2.934951    
 -1.6676678E-03   3.013373    
 -1.6636639E-03   3.061090    
 -1.6596598E-03   3.057321    
 -1.6556558E-03   2.973838    
 -1.6516518E-03   2.785672    
 -1.6476478E-03   2.484692    
 -1.6436438E-03   2.089031    
 -1.6396398E-03   1.643263    
 -1.6356357E-03   1.210168    
 -1.6316319E-03  0.8542321    
 -1.6276278E-03  0.6231256    
 -1.6236238E-03  0.5344576    
 -1.6196198E-03  0.5715116    
 -1.6156157E-03  0.6928089    
 -1.6116118E-03  0.8482379    
 -1.6076078E-03  0.9983218    
 -1.6036037E-03   1.126745    
 -1.5995997E-03   1.244131    
 -1.5955957E-03   1.378851    
 -1.5915917E-03   1.559944    
 -1.5875878E-03   1.799584    
 -1.5835837E-03   2.083330    
 -1.5795798E-03   2.370208    
 -1.5755757E-03   2.605835    
 -1.5715717E-03   2.743344    
 -1.5675678E-03   2.761098    
 -1.5635637E-03   2.674500    
 -1.5595597E-03   2.530606    
 -1.5555557E-03   2.395822    
 -1.5515516E-03   2.329785    
 -1.5475478E-03   2.366691    
 -1.5435437E-03   2.503786    
 -1.5395397E-03   2.702436    
 -1.5355357E-03   2.905123    
 -1.5315317E-03   3.057170    
 -1.5275277E-03   3.126015    
 -1.5235236E-03   3.112620    
 -1.5195196E-03   3.048216    
 -1.5155156E-03   2.980208    
 -1.5115116E-03   2.952466    
 -1.5075076E-03   2.988204    
 -1.5035035E-03   3.084984    
 -1.4994997E-03   3.217778    
 -1.4954957E-03   3.355423    
 -1.4914917E-03   3.474984    
 -1.4874877E-03   3.575348    
 -1.4834836E-03   3.676891    
 -1.4794796E-03   3.810512    
 -1.4754756E-03   4.001329    
 -1.4714716E-03   4.252275    
 -1.4674676E-03   4.536592    
 -1.4634635E-03   4.803944    
 -1.4594595E-03   4.996908    
 -1.4554557E-03   5.074114    
 -1.4514516E-03   5.027827    
 -1.4474476E-03   4.890485    
 -1.4434436E-03   4.725613    
 -1.4394395E-03   4.606604    
 -1.4354356E-03   4.589261    
 -1.4314316E-03   4.692015    
 -1.4274275E-03   4.888168    
 -1.4234236E-03   5.116004    
 -1.4194195E-03   5.302254    
 -1.4154156E-03   5.388262    
 -1.4114116E-03   5.351370    
 -1.4074075E-03   5.212482    
 -1.4034036E-03   5.022838    
 -1.3993995E-03   4.844612    
 -1.3953955E-03   4.723264    
 -1.3913916E-03   4.671359    
 -1.3873874E-03   4.665193    
 -1.3833835E-03   4.659312    
 -1.3793795E-03   4.608841    
 -1.3753754E-03   4.492670    
 -1.3713716E-03   4.326125    
 -1.3673675E-03   4.155804    
 -1.3633635E-03   4.039508    
 -1.3593596E-03   4.019687    
 -1.3553554E-03   4.099531    
 -1.3513515E-03   4.233963    
 -1.3473475E-03   4.344621    
 -1.3433434E-03   4.345308    
 -1.3393395E-03   4.178775    
 -1.3353354E-03   3.844546    
 -1.3313314E-03   3.406549    
 -1.3273275E-03   2.978317    
 -1.3233233E-03   2.686660    
 -1.3193195E-03   2.628828    
 -1.3153154E-03   2.837142    
 -1.3113114E-03   3.264827    
 -1.3073074E-03   3.800868    
 -1.3033034E-03   4.304034    
 -1.2992994E-03   4.652762    
 -1.2952955E-03   4.782763    
 -1.2912914E-03   4.708971    
 -1.2872875E-03   4.517788    
 -1.2832835E-03   4.333352    
 -1.2792794E-03   4.276948    
 -1.2752755E-03   4.423267    
 -1.2712714E-03   4.778104    
 -1.2672674E-03   5.279605    
 -1.2632634E-03   5.821686    
 -1.2592594E-03   6.289059    
 -1.2552554E-03   6.593607    
 -1.2512513E-03   6.696021    
 -1.2472473E-03   6.608730    
 -1.2432433E-03   6.381930    
 -1.2392394E-03   6.081906    
 -1.2352354E-03   5.767728    
 -1.2312314E-03   5.477883    
 -1.2272274E-03   5.231971    
 -1.2232234E-03   5.037097    
 -1.2192193E-03   4.899593    
 -1.2152153E-03   4.830732    
 -1.2112113E-03   4.844490    
 -1.2072073E-03   4.946097    
 -1.2032033E-03   5.123144    
 -1.1991992E-03   5.337851    
 -1.1951954E-03   5.534977    
 -1.1911913E-03   5.659715    
 -1.1871873E-03   5.680501    
 -1.1831833E-03   5.608328    
 -1.1791792E-03   5.501972    
 -1.1751753E-03   5.453457    
 -1.1711712E-03   5.559972    
 -1.1671672E-03   5.886075    
 -1.1631633E-03   6.435620    
 -1.1591592E-03   7.141806    
 -1.1551552E-03   7.880263    
 -1.1511513E-03   8.507802    
 -1.1471473E-03   8.902880    
 -1.1431432E-03   9.004306    
 -1.1391392E-03   8.828526    
 -1.1351353E-03   8.456951    
 -1.1311313E-03   8.003696    
 -1.1271272E-03   7.572345    
 -1.1231232E-03   7.220499    
 -1.1191192E-03   6.945096    
 -1.1151151E-03   6.697987    
 -1.1111113E-03   6.415534    
 -1.1071071E-03   6.062993    
 -1.1031033E-03   5.662724    
 -1.0990992E-03   5.298404    
 -1.0950952E-03   5.091254    
 -1.0910912E-03   5.154800    
 -1.0870872E-03   5.547901    
 -1.0830831E-03   6.240667    
 -1.0790792E-03   7.111554    
 -1.0750751E-03   7.980075    
 -1.0710711E-03   8.659638    
 -1.0670673E-03   9.017540    
 -1.0630632E-03   9.015249    
 -1.0590592E-03   8.719517    
 -1.0550552E-03   8.273803    
 -1.0510512E-03   7.847476    
 -1.0470471E-03   7.576245    
 -1.0430432E-03   7.517715    
 -1.0390391E-03   7.642926    
 -1.0350351E-03   7.855656    
 -1.0310311E-03   8.040834    
 -1.0270271E-03   8.117922    
 -1.0230232E-03   8.075357    
 -1.0190191E-03   7.977912    
 -1.0150151E-03   7.939214    
 -1.0110112E-03   8.074499    
 -1.0070070E-03   8.451222    
 -1.0030031E-03   9.056301    
 -9.9899911E-04   9.795135    
 -9.9499500E-04   10.52505    
 -9.9099113E-04   11.10203    
 -9.8698703E-04   11.43317    
 -9.8298315E-04   11.50643    
 -9.7897905E-04   11.39148    
 -9.7497512E-04   11.20965    
 -9.7097107E-04   11.08876    
 -9.6696703E-04   11.11778    
 -9.6296304E-04   11.32255    
 -9.5895911E-04   11.67051    
 -9.5495506E-04   12.09546    
 -9.5095101E-04   12.53904    
 -9.4694702E-04   12.97763    
 -9.4294309E-04   13.43330    
 -9.3893893E-04   13.95412    
 -9.3493500E-04   14.57778    
 -9.3093107E-04   15.29237    
 -9.2692696E-04   16.01485    
 -9.2292303E-04   16.60188    
 -9.1891899E-04   16.88745    
 -9.1491506E-04   16.74594    
 -9.1091095E-04   16.14241    
 -9.0690702E-04   15.16552    
 -9.0290298E-04   14.01494    
 -8.9889899E-04   12.94886    
 -8.9489494E-04   12.20736    
 -8.9089101E-04   11.93725    
 -8.8688690E-04   12.14398    
 -8.8288297E-04   12.69150    
 -8.7887893E-04   13.34435    
 -8.7487500E-04   13.84897    
 -8.7087089E-04   14.01497    
 -8.6686696E-04   13.77522    
 -8.6286303E-04   13.20479    
 -8.5885887E-04   12.48874    
 -8.5485494E-04   11.85751    
 -8.5085095E-04   11.51057    
 -8.4684690E-04   11.55507    
 -8.4284286E-04   11.98118    
 -8.3883893E-04   12.67775    
 -8.3483494E-04   13.48339    
 -8.3083089E-04   14.24173    
 -8.2682684E-04   14.85309    
 -8.2282291E-04   15.29456    
 -8.1881881E-04   15.60747    
 -8.1481488E-04   15.86331    
 -8.1081083E-04   16.12133    
 -8.0680696E-04   16.40099    
 -8.0280280E-04   16.67548    
 -7.9879886E-04   16.89248    
 -7.9479493E-04   17.00792    
 -7.9079083E-04   17.01515    
 -7.8678690E-04   16.96134    
 -7.8278285E-04   16.93548    
 -7.7877886E-04   17.03670    
 -7.7477482E-04   17.33342    
 -7.7077089E-04   17.83359    
 -7.6676684E-04   18.47447    
 -7.6276285E-04   19.14268    
 -7.5875880E-04   19.71257    
 -7.5475487E-04   20.09463    
 -7.5075077E-04   20.26356    
 -7.4674684E-04   20.26936    
 -7.4274279E-04   20.21352    
 -7.3873874E-04   20.20561    
 -7.3473481E-04   20.31718    
 -7.3073083E-04   20.55092    
 -7.2672690E-04   20.83660    
 -7.2272273E-04   21.05690    
 -7.1871880E-04   21.09600    
 -7.1471481E-04   20.88755    
 -7.1071077E-04   20.44663    
 -7.0670672E-04   19.87416    
 -7.0270279E-04   19.32322    
 -6.9869880E-04   18.95214    
 -6.9469475E-04   18.86454    
 -6.9069071E-04   19.07488    
 -6.8668678E-04   19.49848    
 -6.8268267E-04   19.97923    
 -6.7867874E-04   20.34177    
 -6.7467469E-04   20.44960    
 -6.7067071E-04   20.25226    
 -6.6666678E-04   19.80147    
 -6.6266273E-04   19.23659    
 -6.5865880E-04   18.74167    
 -6.5465469E-04   18.48746    
 -6.5065076E-04   18.58110    
 -6.4664672E-04   19.03756    
 -6.4264267E-04   19.77849    
 -6.3863868E-04   20.66061    
 -6.3463475E-04   21.52230    
 -6.3063059E-04   22.23421    
 -6.2662666E-04   22.73610    
 -6.2262267E-04   23.05586    
 -6.1861874E-04   23.29654    
 -6.1461458E-04   23.61157    
 -6.1061064E-04   24.15556    
 -6.0660666E-04   25.04607    
 -6.0260261E-04   26.32642    
 -5.9859868E-04   27.95489    
 -5.9459469E-04   29.81175    
 -5.9059076E-04   31.72844    
 -5.8658660E-04   33.53199    
 -5.8258267E-04   35.08449    
 -5.7857868E-04   36.32040    
 -5.7457463E-04   37.26063    
 -5.7057058E-04   37.99966    
 -5.6656665E-04   38.67600    
 -5.6256255E-04   39.42175    
 -5.5855862E-04   40.32066    
 -5.5455457E-04   41.37380    
 -5.5055064E-04   42.49742    
 -5.4654654E-04   43.54685    
 -5.4254261E-04   44.36554    
 -5.3853856E-04   44.84116    
 -5.3453457E-04   44.94519    
 -5.3053064E-04   44.74841    
 -5.2652659E-04   44.39862    
 -5.2252255E-04   44.06832    
 -5.1851856E-04   43.88976    
 -5.1451463E-04   43.90687    
 -5.1051058E-04   44.05408    
 -5.0650653E-04   44.18703    
 -5.0250255E-04   44.14458    
 -4.9849862E-04   43.82987    
 -4.9449445E-04   43.27713    
 -4.9049052E-04   42.67010    
 -4.8648650E-04   42.31280    
 -4.8248249E-04   42.54166    
 -4.7847847E-04   43.61681    
 -4.7447454E-04   45.62232    
 -4.7047061E-04   48.42311    
 -4.6646647E-04   51.68078    
 -4.6246254E-04   54.94289    
 -4.5845853E-04   57.77040    
 -4.5445448E-04   59.86160    
 -4.5045046E-04   61.13040    
 -4.4644653E-04   61.71987    
 -4.4244251E-04   61.93038    
 -4.3843850E-04   62.11547    
 -4.3443445E-04   62.56200    
 -4.3043052E-04   63.41407    
 -4.2642641E-04   64.65710    
 -4.2242248E-04   66.17104    
 -4.1841844E-04   67.82913    
 -4.1441442E-04   69.58115    
 -4.1041040E-04   71.50754    
 -4.0640647E-04   73.79256    
 -4.0240254E-04   76.64342    
 -3.9839841E-04   80.17717    
 -3.9439448E-04   84.32282    
 -3.9039046E-04   88.79676    
 -3.8638641E-04   93.15384    
 -3.8238239E-04   96.92073    
 -3.7837846E-04   99.75553    
 -3.7437433E-04   101.5834    
 -3.7037040E-04   102.6442    
 -3.6636638E-04   103.4415    
 -3.6236245E-04   104.5859    
 -3.5835832E-04   106.6028    
 -3.5435439E-04   109.7640    
 -3.5035037E-04   114.0005    
 -3.4634635E-04   118.9357    
 -3.4234230E-04   124.0296    
 -3.3833840E-04   128.7784    
 -3.3433427E-04   132.8943    
 -3.3033034E-04   136.3994    
 -3.2632641E-04   139.6136    
 -3.2232248E-04   143.0144    
 -3.1831834E-04   147.0504    
 -3.1431441E-04   151.9741    
 -3.1031031E-04   157.7449    
 -3.0630638E-04   164.0708    
 -3.0230224E-04   170.5365    
 -2.9829831E-04   176.7955    
 -2.9429438E-04   182.7346    
 -2.9029025E-04   188.5398    
 -2.8628614E-04   194.6423    
 -2.8228239E-04   201.5582    
 -2.7827828E-04   209.6882    
 -2.7427435E-04   219.1460    
 -2.7027042E-04   229.7022    
 -2.6626629E-04   240.8630    
 -2.6226236E-04   252.0487    
 -2.5825822E-04   262.8393    
 -2.5425432E-04   273.1236    
 -2.5025039E-04   283.1824    
 -2.4624626E-04   293.5773    
 -2.4224212E-04   304.9512    
 -2.3823840E-04   317.7646    
 -2.3423426E-04   332.1289    
 -2.3023014E-04   347.7387    
 -2.2622621E-04   363.9977    
 -2.2222228E-04   380.2560    
 -2.1821816E-04   396.1004    
 -2.1421423E-04   411.5574    
 -2.1021010E-04   427.1478    
 -2.0620637E-04   443.7599    
 -2.0220225E-04   462.3786    
 -1.9819812E-04   483.7401    
 -1.9419439E-04   508.0942    
 -1.9019026E-04   535.1256    
 -1.8618614E-04   564.0775    
 -1.8218221E-04   594.0417    
 -1.7817828E-04   624.3432    
 -1.7417416E-04   654.8194    
 -1.7017023E-04   685.9604    
 -1.6616609E-04   718.8038    
 -1.6216218E-04   754.6493    
 -1.5815825E-04   794.6694    
 -1.5415411E-04   839.5706    
 -1.5014999E-04   889.4007    
 -1.4614625E-04   943.5712    
 -1.4214213E-04   1001.161    
 -1.3813801E-04   1061.208    
 -1.3413427E-04   1123.116    
 -1.3013015E-04   1186.907    
 -1.2612622E-04   1253.222    
 -1.2212209E-04   1323.194    
 -1.1811817E-04   1398.176    
 -1.1411423E-04   1479.420    
 -1.1011012E-04   1567.858    
 -1.0610599E-04   1663.986    
 -1.0210225E-04   1767.929    
 -9.8098128E-05   1879.585    
 -9.4094001E-05   1998.704    
 -9.0090070E-05   2124.993    
 -8.6086147E-05   2258.054    
 -8.2082021E-05   2397.246    
 -7.8078090E-05   2541.511    
 -7.4073963E-05   2689.336    
 -7.0070033E-05   2838.704    
 -6.6066110E-05   2987.377    
 -6.2061983E-05   3133.097    
 -5.8058249E-05   3273.875    
 -5.4054122E-05   3408.327    
 -5.0049995E-05   3535.606    
 -4.6046069E-05   3655.369    
 -4.2042138E-05   3767.571    
 -3.8038012E-05   3872.169    
 -3.4034085E-05   3968.868    
 -3.0029958E-05   4057.083    
 -2.6026029E-05   4135.952    
 -2.2022101E-05   4204.561    
 -1.8017976E-05   4262.098    
 -1.4013849E-05   4308.040    
 -1.0010118E-05   4342.260    
 -6.0059915E-06   4364.862    
 -2.0018651E-06   4376.076    
  2.0018651E-06   4376.076    
  6.0059915E-06   4364.861    
  1.0010118E-05   4342.260    
  1.4014046E-05   4308.050    
  1.8017976E-05   4262.097    
  2.2021904E-05   4204.562    
  2.6026029E-05   4135.951    
  3.0030156E-05   4057.079    
  3.4033888E-05   3968.870    
  3.8038012E-05   3872.171    
  4.2042138E-05   3767.572    
  4.6046069E-05   3655.369    
  5.0049995E-05   3535.605    
  5.4054122E-05   3408.328    
  5.8058053E-05   3273.885    
  6.2061983E-05   3133.097    
  6.6066110E-05   2987.378    
  7.0070033E-05   2838.703    
  7.4074160E-05   2689.327    
  7.8078090E-05   2541.510    
  8.2082021E-05   2397.246    
  8.6086147E-05   2258.055    
  9.0090070E-05   2124.994    
  9.4094001E-05   1998.703    
  9.8098128E-05   1879.584    
  1.0210206E-04   1767.933    
  1.0610618E-04   1663.982    
  1.1011012E-04   1567.858    
  1.1411404E-04   1479.421    
  1.1811817E-04   1398.176    
  1.2212229E-04   1323.189    
  1.2612602E-04   1253.221    
  1.3013015E-04   1186.908    
  1.3413427E-04   1123.116    
  1.3813801E-04   1061.208    
  1.4214213E-04   1001.160    
  1.4614625E-04   943.5714    
  1.5015018E-04   889.3957    
  1.5415411E-04   839.5702    
  1.5815825E-04   794.6696    
  1.6216218E-04   754.6492    
  1.6616630E-04   718.8026    
  1.7017002E-04   685.9637    
  1.7417416E-04   654.8194    
  1.7817828E-04   624.3429    
  1.8218221E-04   594.0420    
  1.8618614E-04   564.0775    
  1.9019026E-04   535.1262    
  1.9419419E-04   508.0964    
  1.9819812E-04   483.7397    
  2.0220225E-04   462.3780    
  2.0620618E-04   443.7619    
  2.1021030E-04   427.1465    
  2.1421423E-04   411.5572    
  2.1821816E-04   396.1006    
  2.2222228E-04   380.2560    
  2.2622642E-04   363.9981    
  2.3023014E-04   347.7388    
  2.3423426E-04   332.1286    
  2.3823819E-04   317.7654    
  2.4224233E-04   304.9501    
  2.4624626E-04   293.5772    
  2.5025019E-04   283.1826    
  2.5425432E-04   273.1235    
  2.5825843E-04   262.8378    
  2.6226215E-04   252.0504    
  2.6626629E-04   240.8630    
  2.7027042E-04   229.7023    
  2.7427415E-04   219.1466    
  2.7827828E-04   209.6883    
  2.8228239E-04   201.5581    
  2.8628632E-04   194.6420    
  2.9029025E-04   188.5398    
  2.9429438E-04   182.7346    
  2.9829831E-04   176.7956    
  3.0230245E-04   170.5359    
  3.0630638E-04   164.0707    
  3.1031031E-04   157.7448    
  3.1431441E-04   151.9741    
  3.1831834E-04   147.0505    
  3.2232227E-04   143.0141    
  3.2632641E-04   139.6136    
  3.3033034E-04   136.3993    
  3.3433427E-04   132.8941    
  3.3833840E-04   128.7784    
  3.4234230E-04   124.0296    
  3.4634644E-04   118.9357    
  3.5035037E-04   114.0005    
  3.5435430E-04   109.7648    
  3.5835843E-04   106.6029    
  3.6236257E-04   104.5857    
  3.6636629E-04   103.4413    
  3.7037040E-04   102.6442    
  3.7437453E-04   101.5826    
  3.7837846E-04   99.75545    
  3.8238239E-04   96.92088    
  3.8638632E-04   93.15440    
  3.9039046E-04   88.79668    
  3.9439456E-04   84.32290    
  3.9839832E-04   80.17681    
  4.0240242E-04   76.64355    
  4.0640656E-04   73.79257    
  4.1041028E-04   71.50746    
  4.1441442E-04   69.58114    
  4.1841855E-04   67.82873    
  4.2242248E-04   66.17097    
  4.2642641E-04   64.65700    
  4.3043052E-04   63.41413    
  4.3443445E-04   62.56201    
  4.3843858E-04   62.11549    
  4.4244251E-04   61.93037    
  4.4644644E-04   61.71999    
  4.5045058E-04   61.13095    
  4.5445448E-04   59.86164    
  4.5845841E-04   57.77020    
  4.6246254E-04   54.94291    
  4.6646647E-04   51.68084    
  4.7047040E-04   48.42339    
  4.7447454E-04   45.62236    
  4.7847847E-04   43.61687    
  4.8248257E-04   42.54175    
  4.8648650E-04   42.31282    
  4.9049046E-04   42.66997    
  4.9449457E-04   43.27662    
  4.9849867E-04   43.82998    
  5.0250243E-04   44.14444    
  5.0650653E-04   44.18691    
  5.1051070E-04   44.05413    
  5.1451463E-04   43.90685    
  5.1851856E-04   43.88972    
  5.2252266E-04   44.06791    
  5.2652659E-04   44.39871    
  5.3053052E-04   44.74842    
  5.3453445E-04   44.94524    
  5.3853856E-04   44.84116    
  5.4254272E-04   44.36524    
  5.4654642E-04   43.54699    
  5.5055058E-04   42.49746    
  5.5455469E-04   41.37366    
  5.5855862E-04   40.32066    
  5.6256255E-04   39.42168    
  5.6656665E-04   38.67600    
  5.7057058E-04   37.99958    
  5.7457475E-04   37.26053    
  5.7857868E-04   36.32041    
  5.8258261E-04   35.08436    
  5.8658671E-04   33.53218    
  5.9059082E-04   31.72852    
  5.9459457E-04   29.81114    
  5.9859868E-04   27.95489    
  6.0260261E-04   26.32652    
  6.0660654E-04   25.04601    
  6.1061064E-04   24.15557    
  6.1461458E-04   23.61157    
  6.1861874E-04   23.29650    
  6.2262267E-04   23.05582    
  6.2662660E-04   22.73640    
  6.3063070E-04   22.23413    
  6.3463481E-04   21.52257    
  6.3863856E-04   20.66057    
  6.4264267E-04   19.77850    
  6.4664683E-04   19.03757    
  6.5065076E-04   18.58109    
  6.5465469E-04   18.48752    
  6.5865880E-04   18.74168    
  6.6266273E-04   19.23662    
  6.6666666E-04   19.80158    
  6.7067076E-04   20.25239    
  6.7467469E-04   20.44958    
  6.7867886E-04   20.34145    
  6.8268256E-04   19.97913    
  6.8668672E-04   19.49822    
  6.9069082E-04   19.07501    
  6.9469475E-04   18.86458    
  6.9869868E-04   18.95209    
  7.0270279E-04   19.32332    
  7.0670672E-04   19.87422    
  7.1071088E-04   20.44660    
  7.1471481E-04   20.88753    
  7.1871874E-04   21.09631    
  7.2272285E-04   21.05709    
  7.2672695E-04   20.83673    
  7.3073071E-04   20.55112    
  7.3473481E-04   20.31711    
  7.3873898E-04   20.20560    
  7.4274268E-04   20.21351    
  7.4674684E-04   20.26943    
  7.5075077E-04   20.26358    
  7.5475487E-04   20.09459    
  7.5875880E-04   19.71251    
  7.6276273E-04   19.14250    
  7.6676684E-04   18.47449    
  7.7077100E-04   17.83343    
  7.7477470E-04   17.33331    
  7.7877886E-04   17.03666    
  7.8278297E-04   16.93539    
  7.8678690E-04   16.96135    
  7.9079083E-04   17.01506    
  7.9479493E-04   17.00791    
  7.9879886E-04   16.89244    
  8.0280280E-04   16.67550    
  8.0680696E-04   16.40102    
  8.1081083E-04   16.12136    
  8.1481499E-04   15.86316    
  8.1881869E-04   15.60795    
  8.2282285E-04   15.29484    
  8.2682696E-04   14.85273    
  8.3083089E-04   14.24171    
  8.3483482E-04   13.48350    
  8.3883893E-04   12.67777    
  8.4284286E-04   11.98123    
  8.4684702E-04   11.55495    
  8.5085095E-04   11.51061    
  8.5485488E-04   11.85753    
  8.5885898E-04   12.48867    
  8.6286291E-04   13.20469    
  8.6686685E-04   13.77529    
  8.7087095E-04   14.01491    
  8.7487511E-04   13.84915    
  8.7887881E-04   13.34416    
  8.8288297E-04   12.69148    
  8.8688708E-04   12.14407    
  8.9089101E-04   11.93723    
  8.9489494E-04   12.20738    
  8.9889887E-04   12.94864    
  9.0290298E-04   14.01488    
  9.0690714E-04   15.16544    
  9.1091084E-04   16.14227    
  9.1491500E-04   16.74610    
  9.1891910E-04   16.88758    
  9.2292303E-04   16.60186    
  9.2692696E-04   16.01487    
  9.3093107E-04   15.29239    
  9.3493500E-04   14.57781    
  9.3893893E-04   13.95411    
  9.4294309E-04   13.43329    
  9.4694702E-04   12.97756    
  9.5095113E-04   12.53895    
  9.5495506E-04   12.09542    
  9.5895899E-04   11.67034    
  9.6296309E-04   11.32224    
  9.6696703E-04   11.11779    
  9.7097096E-04   11.08885    
  9.7497512E-04   11.20967    
  9.7897905E-04   11.39152    
  9.8298315E-04   11.50640    
  9.8698703E-04   11.43316    
  9.9099101E-04   11.10206    
  9.9499512E-04   10.52510    
  9.9899911E-04   9.795424    
  1.0030030E-03   9.056330    
  1.0070071E-03   8.451447    
  1.0110112E-03   8.074583    
  1.0150149E-03   7.939167    
  1.0190191E-03   7.977934    
  1.0230233E-03   8.075489    
  1.0270271E-03   8.117949    
  1.0310311E-03   8.040855    
  1.0350352E-03   7.855573    
  1.0390391E-03   7.643010    
  1.0430432E-03   7.517801    
  1.0470470E-03   7.576037    
  1.0510511E-03   7.847479    
  1.0550553E-03   8.273821    
  1.0590589E-03   8.719403    
  1.0630632E-03   9.015145    
  1.0670673E-03   9.017536    
  1.0710711E-03   8.659682    
  1.0750751E-03   7.980103    
  1.0790792E-03   7.111552    
  1.0830831E-03   6.240667    
  1.0870873E-03   5.547901    
  1.0910912E-03   5.154867    
  1.0950951E-03   5.091116    
  1.0990993E-03   5.298364    
  1.1031034E-03   5.662604    
  1.1071071E-03   6.063056    
  1.1111113E-03   6.415560    
  1.1151151E-03   6.698035    
  1.1191192E-03   6.945082    
  1.1231232E-03   7.220510    
  1.1271271E-03   7.572284    
  1.1311313E-03   8.003693    
  1.1351352E-03   8.456932    
  1.1391392E-03   8.828404    
  1.1431433E-03   9.004231    
  1.1471474E-03   8.902685    
  1.1511511E-03   8.507706    
  1.1551552E-03   7.880218    
  1.1591594E-03   7.141490    
  1.1631633E-03   6.435599    
  1.1671672E-03   5.886049    
  1.1711713E-03   5.559934    
  1.1751753E-03   5.453451    
  1.1791794E-03   5.501987    
  1.1831833E-03   5.608262    
  1.1871873E-03   5.680443    
  1.1911914E-03   5.659771    
  1.1951951E-03   5.534972    
  1.1991992E-03   5.337832    
  1.2032033E-03   5.123198    
  1.2072073E-03   4.946131    
  1.2112112E-03   4.844472    
  1.2152153E-03   4.830748    
  1.2192193E-03   4.899638    
  1.2232234E-03   5.037091    
  1.2272274E-03   5.231955    
  1.2312313E-03   5.478021    
  1.2352354E-03   5.767749    
  1.2392395E-03   6.082119    
  1.2432432E-03   6.381929    
  1.2472473E-03   6.608757    
  1.2512516E-03   6.695839    
  1.2552554E-03   6.593616    
  1.2592594E-03   6.289064    
  1.2632633E-03   5.821684    
  1.2672674E-03   5.279564    
  1.2712714E-03   4.778090    
  1.2752753E-03   4.423337    
  1.2792794E-03   4.276964    
  1.2832836E-03   4.333447    
  1.2872872E-03   4.517696    
  1.2912914E-03   4.708988    
  1.2952955E-03   4.782822    
  1.2992994E-03   4.652765    
  1.3033034E-03   4.304023    
  1.3073075E-03   3.800841    
  1.3113114E-03   3.264802    
  1.3153156E-03   2.837078    
  1.3193195E-03   2.628791    
  1.3233233E-03   2.686694    
  1.3273276E-03   2.978318    
  1.3313317E-03   3.406412    
  1.3353354E-03   3.844538    
  1.3393395E-03   4.178767    
  1.3433433E-03   4.345288    
  1.3473474E-03   4.344644    
  1.3513515E-03   4.233980    
  1.3553553E-03   4.099306    
  1.3593594E-03   4.019707    
  1.3633635E-03   4.039481    
  1.3673676E-03   4.155626    
  1.3713713E-03   4.326029    
  1.3753754E-03   4.492683    
  1.3793795E-03   4.608752    
  1.3833838E-03   4.659253    
  1.3873874E-03   4.665173    
  1.3913916E-03   4.671290    
  1.3953957E-03   4.723355    
  1.3993995E-03   4.844661    
  1.4034036E-03   5.022848    
  1.4074073E-03   5.212376    
  1.4114114E-03   5.351504    
  1.4154156E-03   5.388296    
  1.4194197E-03   5.302376    
  1.4234238E-03   5.116146    
  1.4274279E-03   4.888119    
  1.4314313E-03   4.691916    
  1.4354354E-03   4.589316    
  1.4394395E-03   4.606582    
  1.4434436E-03   4.725711    
  1.4474478E-03   4.890485    
  1.4514514E-03   5.027847    
  1.4554557E-03   5.074141    
  1.4594593E-03   4.996950    
  1.4634635E-03   4.804001    
  1.4674676E-03   4.536593    
  1.4714717E-03   4.252231    
  1.4754755E-03   4.001323    
  1.4794796E-03   3.810493    
  1.4834837E-03   3.676967    
  1.4874878E-03   3.575445    
  1.4914916E-03   3.475125    
  1.4954957E-03   3.355405    
  1.4994994E-03   3.217974    
  1.5035035E-03   3.085005    
  1.5075076E-03   2.988217    
  1.5115119E-03   2.952250    
  1.5155160E-03   2.980277    
  1.5195193E-03   3.048328    
  1.5235234E-03   3.112554    
  1.5275275E-03   3.125983    
  1.5315317E-03   3.057182    
  1.5355358E-03   2.905272    
  1.5395399E-03   2.702520    
  1.5435437E-03   2.503760    
  1.5475478E-03   2.366715    
  1.5515515E-03   2.329802    
  1.5555556E-03   2.395772    
  1.5595597E-03   2.530620    
  1.5635638E-03   2.674239    
  1.5675676E-03   2.761272    
  1.5715717E-03   2.743330    
  1.5755758E-03   2.605616    
  1.5795800E-03   2.370064    
  1.5835837E-03   2.083323    
  1.5875874E-03   1.799662    
  1.5915915E-03   1.559833    
  1.5955957E-03   1.378834    
  1.5995998E-03   1.244266    
  1.6036039E-03   1.126712    
  1.6076081E-03  0.9983700    
  1.6116115E-03  0.8483218    
  1.6156156E-03  0.6928088    
  1.6196197E-03  0.5715877    
  1.6236238E-03  0.5344242    
  1.6276279E-03  0.6233099    
  1.6316320E-03  0.8543753    
  1.6356357E-03   1.210201    
  1.6396398E-03   1.643294    
  1.6436436E-03   2.088876    
  1.6476477E-03   2.484771    
  1.6516519E-03   2.785642    
  1.6556560E-03   2.973947    
  1.6596598E-03   3.057498    
  1.6636639E-03   3.061079    
  1.6676680E-03   3.013169    
  1.6716718E-03   2.934834    
  1.6756759E-03   2.835304    
  1.6796796E-03   2.713665    
  1.6836837E-03   2.566875    
  1.6876878E-03   2.397077    
  1.6916919E-03   2.215416    
  1.6956960E-03   2.040839    
  1.6997003E-03   1.892948    
  1.7037035E-03   1.782920    
  1.7077076E-03   1.707766    
  1.7117118E-03   1.650604    
  1.7157159E-03   1.586462    
  1.7197201E-03   1.494017    
  1.7237242E-03   1.365204    
  1.7277279E-03   1.211862    
  1.7317316E-03   1.062107    
  1.7357358E-03  0.9523591    
  1.7397399E-03  0.9135464    
  1.7437440E-03  0.9599883    
  1.7477478E-03   1.084717    
  1.7517519E-03   1.263179    
  1.7557560E-03   1.463589    
  1.7597601E-03   1.659798    
  1.7637638E-03   1.842105    
  1.7677679E-03   2.017193    
  1.7717717E-03   2.203002    
  1.7757758E-03   2.414491    
  1.7797799E-03   2.650882    
  1.7837841E-03   2.887440    
  1.7877882E-03   3.078732    
  1.7917923E-03   3.171065    
  1.7957956E-03   3.121616    
  1.7997999E-03   2.915533    
  1.8038040E-03   2.575346    
  1.8078081E-03   2.157750    
  1.8118122E-03   1.738098    
  1.8158159E-03   1.387189    
  1.8198200E-03   1.150033    
  1.8238238E-03   1.032755    
  1.8278279E-03   1.003432    
  1.8318320E-03   1.006248    
  1.8358361E-03  0.9837191    
  1.8398399E-03  0.8986512    
  1.8438440E-03  0.7474782    
  1.8478482E-03  0.5591491    
  1.8518523E-03  0.3845114    
  1.8558560E-03  0.2737341    
  1.8598601E-03  0.2570032    
  1.8638638E-03  0.3329567    
  1.8678680E-03  0.4690653    
  1.8718721E-03  0.6141675    
  1.8758762E-03  0.7182143    
  1.8798803E-03  0.7503374    
  1.8838837E-03  0.7094577    
  1.8878878E-03  0.6224943    
  1.8918919E-03  0.5326217    
  1.8958960E-03  0.4814292    
  1.8999001E-03  0.4938387    
  1.9039044E-03  0.5692478    
  1.9079080E-03  0.6849738    
  1.9119122E-03  0.8072771    
  1.9159159E-03  0.9065542    
  1.9199200E-03  0.9704876    
  1.9239242E-03   1.007272    
  1.9279283E-03   1.041611    
  1.9319321E-03   1.101441    
  1.9359362E-03   1.204913    
  1.9399403E-03   1.349991    
  1.9439440E-03   1.513614    
  1.9479481E-03   1.659532    
  1.9519522E-03   1.751193    
  1.9559560E-03   1.765150    
  1.9599602E-03   1.700617    
  1.9639642E-03   1.578064    
  1.9679684E-03   1.431380    
  1.9719724E-03   1.294661    
  1.9759759E-03   1.190549    
  1.9799799E-03   1.124276    
  1.9839841E-03   1.084358    
  1.9879881E-03   1.052131    
  1.9919924E-03   1.011835    
  1.9959963E-03  0.9588274    
  2.0000001E-03  0.9015422    
