 -2.0000001E-03  0.4440735    
 -1.9959963E-03  0.6168658    
 -1.9919921E-03  0.9182176    
 -1.9879881E-03   1.295852    
 -1.9839841E-03   1.672214    
 -1.9799802E-03   1.964986    
 -1.9759762E-03   2.109929    
 -1.9719722E-03   2.081990    
 -1.9679682E-03   1.903139    
 -1.9639642E-03   1.634289    
 -1.9599602E-03   1.356159    
 -1.9559562E-03   1.144979    
 -1.9519520E-03   1.045401    
 -1.9479481E-03   1.060428    
 -1.9439441E-03   1.152692    
 -1.9399400E-03   1.260005    
 -1.9359362E-03   1.319996    
 -1.9319321E-03   1.292865    
 -1.9279281E-03   1.176330    
 -1.9239242E-03   1.004649    
 -1.9199200E-03  0.8371423    
 -1.9159161E-03  0.7335343    
 -1.9119122E-03  0.7353883    
 -1.9079080E-03  0.8491774    
 -1.9039041E-03   1.044215    
 -1.8999000E-03   1.265244    
 -1.8958960E-03   1.450249    
 -1.8918922E-03   1.552256    
 -1.8878881E-03   1.552817    
 -1.8838841E-03   1.467996    
 -1.8798800E-03   1.339674    
 -1.8758760E-03   1.222302    
 -1.8718721E-03   1.162147    
 -1.8678680E-03   1.186037    
 -1.8638640E-03   1.292262    
 -1.8598601E-03   1.455876    
 -1.8558560E-03   1.635677    
 -1.8518521E-03   1.789226    
 -1.8478479E-03   1.881642    
 -1.8438440E-03   1.893840    
 -1.8398401E-03   1.822751    
 -1.8358360E-03   1.680200    
 -1.8318320E-03   1.487817    
 -1.8278279E-03   1.272104    
 -1.8238240E-03   1.062793    
 -1.8198200E-03  0.8895639    
 -1.8158159E-03  0.7806156    
 -1.8118119E-03  0.7593907    
 -1.8078081E-03  0.8401222    
 -1.8038040E-03   1.021656    
 -1.7998000E-03   1.287299    
 -1.7957959E-03   1.602439    
 -1.7917920E-03   1.923207    
 -1.7877880E-03   2.204040    
 -1.7837839E-03   2.408909    
 -1.7797799E-03   2.520100    
 -1.7757760E-03   2.541757    
 -1.7717719E-03   2.496868    
 -1.7677679E-03   2.418614    
 -1.7637638E-03   2.341218    
 -1.7597600E-03   2.288830    
 -1.7557560E-03   2.270039    
 -1.7517519E-03   2.280279    
 -1.7477479E-03   2.304488    
 -1.7437440E-03   2.327403    
 -1.7397399E-03   2.338027    
 -1.7357359E-03   2.333846    
 -1.7317318E-03   2.320094    
 -1.7277279E-03   2.303116    
 -1.7237237E-03   2.288285    
 -1.7197198E-03   2.273715    
 -1.7157159E-03   2.254566    
 -1.7117118E-03   2.224008    
 -1.7077079E-03   2.179885    
 -1.7037039E-03   2.128284    
 -1.6996998E-03   2.082542    
 -1.6956959E-03   2.058374    
 -1.6916919E-03   2.065788    
 -1.6876878E-03   2.101617    
 -1.6836839E-03   2.146630    
 -1.6796797E-03   2.168957    
 -1.6756759E-03   2.132853    
 -1.6716719E-03   2.011206    
 -1.6676678E-03   1.796834    
 -1.6636639E-03   1.506970    
 -1.6596598E-03   1.181880    
 -1.6556558E-03  0.8715634    
 -1.6516518E-03  0.6221203    
 -1.6476478E-03  0.4631592    
 -1.6436438E-03  0.3979184    
 -1.6396398E-03  0.4081614    
 -1.6356357E-03  0.4620076    
 -1.6316319E-03  0.5309644    
 -1.6276278E-03  0.6009518    
 -1.6236238E-03  0.6782094    
 -1.6196198E-03  0.7884495    
 -1.6156157E-03  0.9635257    
 -1.6116118E-03   1.226923    
 -1.6076078E-03   1.582015    
 -1.6036037E-03   2.009356    
 -1.5995997E-03   2.467864    
 -1.5955957E-03   2.911891    
 -1.5915917E-03   3.304277    
 -1.5875878E-03   3.629112    
 -1.5835837E-03   3.894638    
 -1.5795798E-03   4.126819    
 -1.5755757E-03   4.353037    
 -1.5715717E-03   4.587298    
 -1.5675678E-03   4.818866    
 -1.5635637E-03   5.010631    
 -1.5595597E-03   5.110667    
 -1.5555557E-03   5.068758    
 -1.5515516E-03   4.858922    
 -1.5475478E-03   4.490716    
 -1.5435437E-03   4.011498    
 -1.5395397E-03   3.496064    
 -1.5355357E-03   3.027781    
 -1.5315317E-03   2.675065    
 -1.5275277E-03   2.474643    
 -1.5235236E-03   2.424439    
 -1.5195196E-03   2.490447    
 -1.5155156E-03   2.620638    
 -1.5115116E-03   2.763862    
 -1.5075076E-03   2.884865    
 -1.5035035E-03   2.971825    
 -1.4994997E-03   3.032109    
 -1.4954957E-03   3.085940    
 -1.4914917E-03   3.151401    
 -1.4874877E-03   3.238479    
 -1.4834836E-03   3.345287    
 -1.4794796E-03   3.462375    
 -1.4754756E-03   3.580106    
 -1.4714716E-03   3.694273    
 -1.4674676E-03   3.809184    
 -1.4634635E-03   3.935007    
 -1.4594595E-03   4.078379    
 -1.4554557E-03   4.236988    
 -1.4514516E-03   4.395186    
 -1.4474476E-03   4.526667    
 -1.4434436E-03   4.602270    
 -1.4394395E-03   4.602945    
 -1.4354356E-03   4.526550    
 -1.4314316E-03   4.391304    
 -1.4274275E-03   4.231068    
 -1.4234236E-03   4.081795    
 -1.4194195E-03   3.968535    
 -1.4154156E-03   3.896503    
 -1.4114116E-03   3.847499    
 -1.4074075E-03   3.790178    
 -1.4034036E-03   3.693345    
 -1.3993995E-03   3.541202    
 -1.3953955E-03   3.342764    
 -1.3913916E-03   3.132275    
 -1.3873874E-03   2.957295    
 -1.3833835E-03   2.863299    
 -1.3793795E-03   2.872557    
 -1.3753754E-03   2.979793    
 -1.3713716E-03   3.150522    
 -1.3673675E-03   3.334101    
 -1.3633635E-03   3.485802    
 -1.3593596E-03   3.582886    
 -1.3553554E-03   3.635575    
 -1.3513515E-03   3.682361    
 -1.3473475E-03   3.776277    
 -1.3433434E-03   3.962078    
 -1.3393395E-03   4.256001    
 -1.3353354E-03   4.635578    
 -1.3313314E-03   5.042888    
 -1.3273275E-03   5.402186    
 -1.3233233E-03   5.642931    
 -1.3193195E-03   5.723870    
 -1.3153154E-03   5.645613    
 -1.3113114E-03   5.453125    
 -1.3073074E-03   5.220667    
 -1.3033034E-03   5.033169    
 -1.2992994E-03   4.963764    
 -1.2952955E-03   5.058292    
 -1.2912914E-03   5.329609    
 -1.2872875E-03   5.758523    
 -1.2832835E-03   6.304951    
 -1.2792794E-03   6.913923    
 -1.2752755E-03   7.525321    
 -1.2712714E-03   8.075728    
 -1.2672674E-03   8.501990    
 -1.2632634E-03   8.746868    
 -1.2592594E-03   8.767557    
 -1.2552554E-03   8.550673    
 -1.2512513E-03   8.122395    
 -1.2472473E-03   7.553689    
 -1.2432433E-03   6.954286    
 -1.2392394E-03   6.448911    
 -1.2352354E-03   6.148098    
 -1.2312314E-03   6.113773    
 -1.2272274E-03   6.338789    
 -1.2232234E-03   6.745526    
 -1.2192193E-03   7.205457    
 -1.2152153E-03   7.578290    
 -1.2112113E-03   7.758584    
 -1.2072073E-03   7.709210    
 -1.2032033E-03   7.476008    
 -1.1991992E-03   7.172474    
 -1.1951954E-03   6.939368    
 -1.1911913E-03   6.897826    
 -1.1871873E-03   7.104370    
 -1.1831833E-03   7.533229    
 -1.1791792E-03   8.082663    
 -1.1751753E-03   8.616147    
 -1.1711712E-03   9.006680    
 -1.1671672E-03   9.184465    
 -1.1631633E-03   9.156445    
 -1.1591592E-03   9.000626    
 -1.1551552E-03   8.827428    
 -1.1511513E-03   8.737206    
 -1.1471473E-03   8.775590    
 -1.1431432E-03   8.916431    
 -1.1391392E-03   9.072501    
 -1.1351353E-03   9.135086    
 -1.1311313E-03   9.020782    
 -1.1271272E-03   8.711679    
 -1.1231232E-03   8.270139    
 -1.1191192E-03   7.822028    
 -1.1151151E-03   7.511760    
 -1.1111113E-03   7.450309    
 -1.1071071E-03   7.671960    
 -1.1031033E-03   8.120341    
 -1.0990992E-03   8.668142    
 -1.0950952E-03   9.162609    
 -1.0910912E-03   9.482569    
 -1.0870872E-03   9.581138    
 -1.0830831E-03   9.499751    
 -1.0790792E-03   9.346317    
 -1.0750751E-03   9.248884    
 -1.0710711E-03   9.300969    
 -1.0670673E-03   9.519833    
 -1.0630632E-03   9.839247    
 -1.0590592E-03   10.13322    
 -1.0550552E-03   10.26892    
 -1.0510512E-03   10.16570    
 -1.0470471E-03   9.830832    
 -1.0430432E-03   9.366361    
 -1.0390391E-03   8.938713    
 -1.0350351E-03   8.715185    
 -1.0310311E-03   8.806516    
 -1.0270271E-03   9.217363    
 -1.0230232E-03   9.844940    
 -1.0190191E-03   10.51060    
 -1.0150151E-03   11.02080    
 -1.0110112E-03   11.23650    
 -1.0070070E-03   11.12108    
 -1.0030031E-03   10.75416    
 -9.9899911E-04   10.30093    
 -9.9499500E-04   9.957565    
 -9.9099113E-04   9.882357    
 -9.8698703E-04   10.14803    
 -9.8298315E-04   10.72288    
 -9.7897905E-04   11.48778    
 -9.7497512E-04   12.28691    
 -9.7097107E-04   12.97851    
 -9.6696703E-04   13.47988    
 -9.6296304E-04   13.78307    
 -9.5895911E-04   13.94313    
 -9.5495506E-04   14.04327    
 -9.5095101E-04   14.15746    
 -9.4694702E-04   14.32459    
 -9.4294309E-04   14.54007    
 -9.3893893E-04   14.77277    
 -9.3493500E-04   14.98902    
 -9.3093107E-04   15.17552    
 -9.2692696E-04   15.34625    
 -9.2292303E-04   15.53133    
 -9.1891899E-04   15.75536    
 -9.1491506E-04   16.00902    
 -9.1091095E-04   16.24455    
 -9.0690702E-04   16.38336    
 -9.0290298E-04   16.34586    
 -8.9889899E-04   16.09502    
 -8.9489494E-04   15.66208    
 -8.9089101E-04   15.15603    
 -8.8688690E-04   14.73767    
 -8.8288297E-04   14.57318    
 -8.7887893E-04   14.77288    
 -8.7487500E-04   15.35211    
 -8.7087089E-04   16.21742    
 -8.6686696E-04   17.19031    
 -8.6286303E-04   18.06703    
 -8.5885887E-04   18.68070    
 -8.5485494E-04   18.95607    
 -8.5085095E-04   18.92495    
 -8.4684690E-04   18.70762    
 -8.4284286E-04   18.45694    
 -8.3883893E-04   18.29510    
 -8.3483494E-04   18.26941    
 -8.3083089E-04   18.33738    
 -8.2682684E-04   18.39458    
 -8.2282291E-04   18.33567    
 -8.1881881E-04   18.11282    
 -8.1481488E-04   17.77604    
 -8.1081083E-04   17.47344    
 -8.0680696E-04   17.40758    
 -8.0280280E-04   17.75682    
 -7.9879886E-04   18.60784    
 -7.9479493E-04   19.89955    
 -7.9079083E-04   21.43409    
 -7.8678690E-04   22.92292    
 -7.8278285E-04   24.07941    
 -7.7877886E-04   24.70671    
 -7.7477482E-04   24.76260    
 -7.7077089E-04   24.37107    
 -7.6676684E-04   23.77577    
 -7.6276285E-04   23.26084    
 -7.5875880E-04   23.05302    
 -7.5475487E-04   23.25814    
 -7.5075077E-04   23.83369    
 -7.4674684E-04   24.62345    
 -7.4274279E-04   25.42396    
 -7.3873874E-04   26.06524    
 -7.3473481E-04   26.47001    
 -7.3073083E-04   26.67573    
 -7.2672690E-04   26.80317    
 -7.2272273E-04   27.00884    
 -7.1871880E-04   27.41043    
 -7.1471481E-04   28.05543    
 -7.1071077E-04   28.90716    
 -7.0670672E-04   29.87776    
 -7.0270279E-04   30.88547    
 -6.9869880E-04   31.89537    
 -6.9469475E-04   32.95088    
 -6.9069071E-04   34.15270    
 -6.8668678E-04   35.61490    
 -6.8268267E-04   37.39777    
 -6.7867874E-04   39.45665    
 -6.7467469E-04   41.63174    
 -6.7067071E-04   43.67576    
 -6.6666678E-04   45.32278    
 -6.6266273E-04   46.37618    
 -6.5865880E-04   46.77257    
 -6.5465469E-04   46.61555    
 -6.5065076E-04   46.14961    
 -6.4664672E-04   45.69031    
 -6.4264267E-04   45.53562    
 -6.3863868E-04   45.88412    
 -6.3463475E-04   46.78217    
 -6.3063059E-04   48.13187    
 -6.2662666E-04   49.73408    
 -6.2262267E-04   51.36602    
 -6.1861874E-04   52.85755    
 -6.1461458E-04   54.14489    
 -6.1061064E-04   55.28162    
 -6.0660666E-04   56.41347    
 -6.0260261E-04   57.72675    
 -5.9859868E-04   59.38514    
 -5.9459469E-04   61.47849    
 -5.9059076E-04   63.99884    
 -5.8658660E-04   66.84074    
 -5.8258267E-04   69.82579    
 -5.7857868E-04   72.74246    
 -5.7457463E-04   75.38930    
 -5.7057058E-04   77.60674    
 -5.6656665E-04   79.30404    
 -5.6256255E-04   80.47714    
 -5.5855862E-04   81.20472    
 -5.5455457E-04   81.63658    
 -5.5055064E-04   81.96745    
 -5.4654654E-04   82.39419    
 -5.4254261E-04   83.07128    
 -5.3853856E-04   84.06833    
 -5.3453457E-04   85.34862    
 -5.3053064E-04   86.78024    
 -5.2652659E-04   88.18347    
 -5.2252255E-04   89.39845    
 -5.1851856E-04   90.36289    
 -5.1451463E-04   91.16323    
 -5.1051058E-04   92.04808    
 -5.0650653E-04   93.37215    
 -5.0250255E-04   95.50323    
 -4.9849862E-04   98.70362    
 -4.9449445E-04   103.0254    
 -4.9049052E-04   108.2722    
 -4.8648650E-04   114.0333    
 -4.8248249E-04   119.7951    
 -4.7847847E-04   125.0952    
 -4.7447454E-04   129.6776    
 -4.7047061E-04   133.5808    
 -4.6646647E-04   137.1449    
 -4.6246254E-04   140.9185    
 -4.5845853E-04   145.5039    
 -4.5445448E-04   151.3768    
 -4.5045046E-04   158.7627    
 -4.4644653E-04   167.5924    
 -4.4244251E-04   177.5634    
 -4.3843850E-04   188.2771    
 -4.3443445E-04   199.3994    
 -4.3043052E-04   210.8026    
 -4.2642641E-04   222.6241    
 -4.2242248E-04   235.2274    
 -4.1841844E-04   249.0829    
 -4.1441442E-04   264.6310    
 -4.1041040E-04   282.1479    
 -4.0640647E-04   301.6834    
 -4.0240254E-04   323.0846    
 -3.9839841E-04   346.0778    
 -3.9439448E-04   370.3789    
 -3.9039046E-04   395.8008    
 -3.8638641E-04   422.2968    
 -3.8238239E-04   449.9619    
 -3.7837846E-04   479.0020    
 -3.7437433E-04   509.6958    
 -3.7037040E-04   542.4052    
 -3.6636638E-04   577.6134    
 -3.6236245E-04   616.0032    
 -3.5835832E-04   658.5095    
 -3.5435439E-04   706.3007    
 -3.5035037E-04   760.6697    
 -3.4634635E-04   822.7987    
 -3.4234230E-04   893.4838    
 -3.3833840E-04   972.8363    
 -3.3433427E-04   1060.111    
 -3.3033034E-04   1153.622    
 -3.2632641E-04   1250.894    
 -3.2232248E-04   1348.875    
 -3.1831834E-04   1444.248    
 -3.1431441E-04   1533.689    
 -3.1031031E-04   1614.081    
 -3.0630638E-04   1682.567    
 -3.0230224E-04   1736.595    
 -2.9829831E-04   1773.926    
 -2.9429438E-04   1792.732    
 -2.9029025E-04   1791.788    
 -2.8628614E-04   1770.735    
 -2.8228239E-04   1730.408    
 -2.7827828E-04   1672.927    
 -2.7427435E-04   1601.703    
 -2.7027042E-04   1521.069    
 -2.6626629E-04   1435.701    
 -2.6226236E-04   1349.939    
 -2.5825822E-04   1267.127    
 -2.5425432E-04   1189.230    
 -2.5025039E-04   1116.764    
 -2.4624626E-04   1049.122    
 -2.4224212E-04   985.1808    
 -2.3823840E-04   923.9537    
 -2.3423426E-04   865.1130    
 -2.3023014E-04   809.2502    
 -2.2622621E-04   757.7354    
 -2.2222228E-04   712.2490    
 -2.1821816E-04   674.1950    
 -2.1421423E-04   644.1827    
 -2.1021010E-04   621.7258    
 -2.0620637E-04   605.3339    
 -2.0220225E-04   592.8979    
 -1.9819812E-04   582.3024    
 -1.9419439E-04   571.9976    
 -1.9019026E-04   561.3790    
 -1.8618614E-04   550.8492    
 -1.8218221E-04   541.5330    
 -1.7817828E-04   534.7971    
 -1.7417416E-04   531.7114    
 -1.7017023E-04   532.6840    
 -1.6616609E-04   537.3317    
 -1.6216218E-04   544.6817    
 -1.5815825E-04   553.5576    
 -1.5415411E-04   563.0207    
 -1.5014999E-04   572.7007    
 -1.4614625E-04   582.9206    
 -1.4214213E-04   594.5160    
 -1.3813801E-04   608.5231    
 -1.3413427E-04   625.7952    
 -1.3013015E-04   646.7302    
 -1.2612622E-04   671.1663    
 -1.2212209E-04   698.5670    
 -1.1811817E-04   728.2770    
 -1.1411423E-04   759.8835    
 -1.1011012E-04   793.4380    
 -1.0610599E-04   829.4863    
 -1.0210225E-04   868.9164    
 -9.8098128E-05   912.6783    
 -9.4094001E-05   961.4730    
 -9.0090070E-05   1015.562    
 -8.6086147E-05   1074.771    
 -8.2082021E-05   1138.675    
 -7.8078090E-05   1206.870    
 -7.4073963E-05   1279.317    
 -7.0070033E-05   1356.448    
 -6.6066110E-05   1439.134    
 -6.2061983E-05   1528.476    
 -5.8058249E-05   1625.267    
 -5.4054122E-05   1729.754    
 -5.0049995E-05   1841.166    
 -4.6046069E-05   1957.686    
 -4.2042138E-05   2076.604    
 -3.8038012E-05   2194.616    
 -3.4034085E-05   2308.244    
 -3.0029958E-05   2414.330    
 -2.6026029E-05   2510.213    
 -2.2022101E-05   2594.006    
 -1.8017976E-05   2664.499    
 -1.4013849E-05   2721.059    
 -1.0010118E-05   2763.450    
 -6.0059915E-06   2791.641    
 -2.0018651E-06   2805.778    
  2.0018651E-06   2805.779    
  6.0059915E-06   2791.643    
  1.0010118E-05   2763.450    
  1.4014046E-05   2721.054    
  1.8017976E-05   2664.503    
  2.2021904E-05   2594.021    
  2.6026029E-05   2510.213    
  3.0030156E-05   2414.317    
  3.4033888E-05   2308.250    
  3.8038012E-05   2194.617    
  4.2042138E-05   2076.606    
  4.6046069E-05   1957.687    
  5.0049995E-05   1841.167    
  5.4054122E-05   1729.754    
  5.8058053E-05   1625.273    
  6.2061983E-05   1528.473    
  6.6066110E-05   1439.139    
  7.0070033E-05   1356.447    
  7.4074160E-05   1279.312    
  7.8078090E-05   1206.868    
  8.2082021E-05   1138.673    
  8.6086147E-05   1074.772    
  9.0090070E-05   1015.562    
  9.4094001E-05   961.4733    
  9.8098128E-05   912.6782    
  1.0210206E-04   868.9199    
  1.0610618E-04   829.4860    
  1.1011012E-04   793.4387    
  1.1411404E-04   759.8851    
  1.1811817E-04   728.2767    
  1.2212229E-04   698.5637    
  1.2612602E-04   671.1669    
  1.3013015E-04   646.7289    
  1.3413427E-04   625.7957    
  1.3813801E-04   608.5231    
  1.4214213E-04   594.5162    
  1.4614625E-04   582.9210    
  1.5015018E-04   572.7011    
  1.5415411E-04   563.0188    
  1.5815825E-04   553.5577    
  1.6216218E-04   544.6825    
  1.6616630E-04   537.3314    
  1.7017002E-04   532.6836    
  1.7417416E-04   531.7109    
  1.7817828E-04   534.7972    
  1.8218221E-04   541.5333    
  1.8618614E-04   550.8500    
  1.9019026E-04   561.3793    
  1.9419419E-04   571.9982    
  1.9819812E-04   582.3027    
  2.0220225E-04   592.8969    
  2.0620618E-04   605.3324    
  2.1021030E-04   621.7284    
  2.1421423E-04   644.1828    
  2.1821816E-04   674.1945    
  2.2222228E-04   712.2482    
  2.2622642E-04   757.7384    
  2.3023014E-04   809.2513    
  2.3423426E-04   865.1126    
  2.3823819E-04   923.9524    
  2.4224233E-04   985.1844    
  2.4624626E-04   1049.122    
  2.5025019E-04   1116.758    
  2.5425432E-04   1189.229    
  2.5825843E-04   1267.131    
  2.6226215E-04   1349.936    
  2.6626629E-04   1435.701    
  2.7027042E-04   1521.070    
  2.7427415E-04   1601.700    
  2.7827828E-04   1672.928    
  2.8228239E-04   1730.409    
  2.8628632E-04   1770.739    
  2.9029025E-04   1791.788    
  2.9429438E-04   1792.733    
  2.9829831E-04   1773.927    
  3.0230245E-04   1736.593    
  3.0630638E-04   1682.567    
  3.1031031E-04   1614.082    
  3.1431441E-04   1533.690    
  3.1831834E-04   1444.249    
  3.2232227E-04   1348.881    
  3.2632641E-04   1250.894    
  3.3033034E-04   1153.621    
  3.3433427E-04   1060.111    
  3.3833840E-04   972.8368    
  3.4234230E-04   893.4837    
  3.4634644E-04   822.7970    
  3.5035037E-04   760.6696    
  3.5435430E-04   706.3015    
  3.5835843E-04   658.5090    
  3.6236257E-04   616.0020    
  3.6636629E-04   577.6138    
  3.7037040E-04   542.4056    
  3.7437453E-04   509.6955    
  3.7837846E-04   479.0018    
  3.8238239E-04   449.9617    
  3.8638632E-04   422.2967    
  3.9039046E-04   395.8005    
  3.9439456E-04   370.3780    
  3.9839832E-04   346.0777    
  4.0240242E-04   323.0839    
  4.0640656E-04   301.6815    
  4.1041028E-04   282.1475    
  4.1441442E-04   264.6307    
  4.1841855E-04   249.0831    
  4.2242248E-04   235.2273    
  4.2642641E-04   222.6240    
  4.3043052E-04   210.8019    
  4.3443445E-04   199.3986    
  4.3843858E-04   188.2759    
  4.4244251E-04   177.5638    
  4.4644644E-04   167.5924    
  4.5045058E-04   158.7620    
  4.5445448E-04   151.3767    
  4.5845841E-04   145.5042    
  4.6246254E-04   140.9192    
  4.6646647E-04   137.1451    
  4.7047040E-04   133.5801    
  4.7447454E-04   129.6774    
  4.7847847E-04   125.0951    
  4.8248257E-04   119.7938    
  4.8648650E-04   114.0333    
  4.9049046E-04   108.2722    
  4.9449457E-04   103.0252    
  4.9849867E-04   98.70364    
  5.0250243E-04   95.50448    
  5.0650653E-04   93.37282    
  5.1051070E-04   92.04821    
  5.1451463E-04   91.16350    
  5.1851856E-04   90.36254    
  5.2252266E-04   89.39912    
  5.2652659E-04   88.18356    
  5.3053052E-04   86.77964    
  5.3453445E-04   85.34789    
  5.3853856E-04   84.06782    
  5.4254272E-04   83.07149    
  5.4654642E-04   82.39517    
  5.5055058E-04   81.96754    
  5.5455469E-04   81.63652    
  5.5855862E-04   81.20452    
  5.6256255E-04   80.47694    
  5.6656665E-04   79.30421    
  5.7057058E-04   77.60685    
  5.7457475E-04   75.38925    
  5.7857868E-04   72.74241    
  5.8258261E-04   69.82545    
  5.8658671E-04   66.84032    
  5.9059082E-04   63.99896    
  5.9459457E-04   61.47826    
  5.9859868E-04   59.38511    
  6.0260261E-04   57.72683    
  6.0660654E-04   56.41305    
  6.1061064E-04   55.28144    
  6.1461458E-04   54.14477    
  6.1861874E-04   52.85764    
  6.2262267E-04   51.36599    
  6.2662660E-04   49.73404    
  6.3063070E-04   48.13166    
  6.3463481E-04   46.78275    
  6.3863856E-04   45.88430    
  6.4264267E-04   45.53568    
  6.4664683E-04   45.69015    
  6.5065076E-04   46.14935    
  6.5465469E-04   46.61535    
  6.5865880E-04   46.77280    
  6.6266273E-04   46.37598    
  6.6666666E-04   45.32323    
  6.7067076E-04   43.67556    
  6.7467469E-04   41.63183    
  6.7867886E-04   39.45692    
  6.8268256E-04   37.39774    
  6.8668672E-04   35.61523    
  6.9069082E-04   34.15305    
  6.9469475E-04   32.95070    
  6.9869868E-04   31.89498    
  7.0270279E-04   30.88533    
  7.0670672E-04   29.87771    
  7.1071088E-04   28.90658    
  7.1471481E-04   28.05566    
  7.1871874E-04   27.41074    
  7.2272285E-04   27.00837    
  7.2672695E-04   26.80375    
  7.3073071E-04   26.67541    
  7.3473481E-04   26.46969    
  7.3873898E-04   26.06570    
  7.4274268E-04   25.42391    
  7.4674684E-04   24.62343    
  7.5075077E-04   23.83364    
  7.5475487E-04   23.25802    
  7.5875880E-04   23.05322    
  7.6276273E-04   23.26077    
  7.6676684E-04   23.77590    
  7.7077100E-04   24.37091    
  7.7477470E-04   24.76237    
  7.7877886E-04   24.70689    
  7.8278297E-04   24.07909    
  7.8678690E-04   22.92296    
  7.9079083E-04   21.43405    
  7.9479493E-04   19.89980    
  7.9879886E-04   18.60798    
  8.0280280E-04   17.75691    
  8.0680696E-04   17.40742    
  8.1081083E-04   17.47335    
  8.1481499E-04   17.77577    
  8.1881869E-04   18.11272    
  8.2282285E-04   18.33587    
  8.2682696E-04   18.39469    
  8.3083089E-04   18.33716    
  8.3483482E-04   18.26958    
  8.3883893E-04   18.29517    
  8.4284286E-04   18.45716    
  8.4684702E-04   18.70736    
  8.5085095E-04   18.92487    
  8.5485488E-04   18.95570    
  8.5885898E-04   18.68116    
  8.6286291E-04   18.06701    
  8.6686685E-04   17.19047    
  8.7087095E-04   16.21729    
  8.7487511E-04   15.35226    
  8.7887881E-04   14.77263    
  8.8288297E-04   14.57318    
  8.8688708E-04   14.73818    
  8.9089101E-04   15.15600    
  8.9489494E-04   15.66207    
  8.9889887E-04   16.09489    
  9.0290298E-04   16.34596    
  9.0690714E-04   16.38313    
  9.1091084E-04   16.24512    
  9.1491500E-04   16.00916    
  9.1891910E-04   15.75493    
  9.2292303E-04   15.53161    
  9.2692696E-04   15.34645    
  9.3093107E-04   15.17578    
  9.3493500E-04   14.98909    
  9.3893893E-04   14.77259    
  9.4294309E-04   14.53996    
  9.4694702E-04   14.32448    
  9.5095113E-04   14.15751    
  9.5495506E-04   14.04307    
  9.5895899E-04   13.94295    
  9.6296309E-04   13.78323    
  9.6696703E-04   13.47986    
  9.7097096E-04   12.97850    
  9.7497512E-04   12.28685    
  9.7897905E-04   11.48807    
  9.8298315E-04   10.72284    
  9.8698703E-04   10.14800    
  9.9099101E-04   9.882221    
  9.9499512E-04   9.957670    
  9.9899911E-04   10.30120    
  1.0030030E-03   10.75385    
  1.0070071E-03   11.12108    
  1.0110112E-03   11.23640    
  1.0150149E-03   11.02044    
  1.0190191E-03   10.51061    
  1.0230233E-03   9.844878    
  1.0270271E-03   9.217348    
  1.0310311E-03   8.806608    
  1.0350352E-03   8.715446    
  1.0390391E-03   8.938685    
  1.0430432E-03   9.366424    
  1.0470470E-03   9.830450    
  1.0510511E-03   10.16582    
  1.0550553E-03   10.26916    
  1.0590589E-03   10.13332    
  1.0630632E-03   9.839550    
  1.0670673E-03   9.519857    
  1.0710711E-03   9.300905    
  1.0750751E-03   9.248881    
  1.0790792E-03   9.346302    
  1.0830831E-03   9.499728    
  1.0870873E-03   9.581446    
  1.0910912E-03   9.482322    
  1.0950951E-03   9.162511    
  1.0990993E-03   8.667688    
  1.1031034E-03   8.120368    
  1.1071071E-03   7.671890    
  1.1111113E-03   7.450178    
  1.1151151E-03   7.511803    
  1.1191192E-03   7.821955    
  1.1231232E-03   8.270029    
  1.1271271E-03   8.711599    
  1.1311313E-03   9.020949    
  1.1351352E-03   9.135130    
  1.1391392E-03   9.072656    
  1.1431433E-03   8.916152    
  1.1471474E-03   8.775664    
  1.1511511E-03   8.737172    
  1.1551552E-03   8.827372    
  1.1591594E-03   9.000293    
  1.1631633E-03   9.156499    
  1.1671672E-03   9.184316    
  1.1711713E-03   9.006831    
  1.1751753E-03   8.616030    
  1.1791794E-03   8.082957    
  1.1831833E-03   7.533178    
  1.1871873E-03   7.104297    
  1.1911914E-03   6.897676    
  1.1951951E-03   6.939374    
  1.1991992E-03   7.172173    
  1.2032033E-03   7.476055    
  1.2072073E-03   7.709257    
  1.2112112E-03   7.758718    
  1.2152153E-03   7.578208    
  1.2192193E-03   7.205687    
  1.2232234E-03   6.745758    
  1.2272274E-03   6.338855    
  1.2312313E-03   6.113574    
  1.2352354E-03   6.148257    
  1.2392395E-03   6.449043    
  1.2432432E-03   6.954132    
  1.2472473E-03   7.553582    
  1.2512516E-03   8.122061    
  1.2552554E-03   8.550653    
  1.2592594E-03   8.767558    
  1.2632633E-03   8.746722    
  1.2672674E-03   8.501981    
  1.2712714E-03   8.075744    
  1.2752753E-03   7.525386    
  1.2792794E-03   6.913982    
  1.2832836E-03   6.304667    
  1.2872872E-03   5.758587    
  1.2912914E-03   5.329531    
  1.2952955E-03   5.058385    
  1.2992994E-03   4.963883    
  1.3033034E-03   5.033238    
  1.3073075E-03   5.220774    
  1.3113114E-03   5.453268    
  1.3153156E-03   5.645661    
  1.3193195E-03   5.723860    
  1.3233233E-03   5.642926    
  1.3273276E-03   5.402349    
  1.3313317E-03   5.043163    
  1.3353354E-03   4.635628    
  1.3393395E-03   4.256028    
  1.3433433E-03   3.962116    
  1.3473474E-03   3.776286    
  1.3513515E-03   3.682406    
  1.3553553E-03   3.635360    
  1.3593594E-03   3.583035    
  1.3633635E-03   3.485865    
  1.3673676E-03   3.334415    
  1.3713713E-03   3.150670    
  1.3753754E-03   2.979796    
  1.3793795E-03   2.872487    
  1.3833838E-03   2.862831    
  1.3873874E-03   2.957356    
  1.3913916E-03   3.132116    
  1.3953957E-03   3.342713    
  1.3993995E-03   3.541088    
  1.4034036E-03   3.693314    
  1.4074073E-03   3.790371    
  1.4114114E-03   3.847653    
  1.4154156E-03   3.896458    
  1.4194197E-03   3.968636    
  1.4234238E-03   4.081751    
  1.4274279E-03   4.231184    
  1.4314313E-03   4.391440    
  1.4354354E-03   4.526590    
  1.4394395E-03   4.602988    
  1.4434436E-03   4.602552    
  1.4474478E-03   4.526523    
  1.4514514E-03   4.395465    
  1.4554557E-03   4.236963    
  1.4594593E-03   4.078270    
  1.4634635E-03   3.935154    
  1.4674676E-03   3.809335    
  1.4714717E-03   3.694187    
  1.4754755E-03   3.580220    
  1.4794796E-03   3.462474    
  1.4834837E-03   3.345350    
  1.4874878E-03   3.238281    
  1.4914916E-03   3.151117    
  1.4954957E-03   3.085934    
  1.4994994E-03   3.032177    
  1.5035035E-03   2.971889    
  1.5075076E-03   2.884900    
  1.5115119E-03   2.763787    
  1.5155160E-03   2.620636    
  1.5195193E-03   2.490339    
  1.5235234E-03   2.424508    
  1.5275275E-03   2.474517    
  1.5315317E-03   2.675047    
  1.5355358E-03   3.027950    
  1.5395399E-03   3.496027    
  1.5435437E-03   4.011541    
  1.5475478E-03   4.490811    
  1.5515515E-03   4.859024    
  1.5555556E-03   5.068795    
  1.5595597E-03   5.110602    
  1.5635638E-03   5.010659    
  1.5675676E-03   4.818739    
  1.5715717E-03   4.587169    
  1.5755758E-03   4.352918    
  1.5795800E-03   4.126601    
  1.5835837E-03   3.894732    
  1.5875874E-03   3.629138    
  1.5915915E-03   3.304133    
  1.5955957E-03   2.911910    
  1.5995998E-03   2.468162    
  1.6036039E-03   2.009472    
  1.6076081E-03   1.582139    
  1.6116115E-03   1.226599    
  1.6156156E-03  0.9631773    
  1.6196197E-03  0.7887889    
  1.6236238E-03  0.6783243    
  1.6276279E-03  0.6008295    
  1.6316320E-03  0.5310819    
  1.6356357E-03  0.4620236    
  1.6396398E-03  0.4079660    
  1.6436436E-03  0.3980117    
  1.6476477E-03  0.4630734    
  1.6516519E-03  0.6223154    
  1.6556560E-03  0.8712737    
  1.6596598E-03   1.181930    
  1.6636639E-03   1.507039    
  1.6676680E-03   1.796796    
  1.6716718E-03   2.011507    
  1.6756759E-03   2.132917    
  1.6796796E-03   2.169065    
  1.6836837E-03   2.146665    
  1.6876878E-03   2.101612    
  1.6916919E-03   2.065794    
  1.6956960E-03   2.058728    
  1.6997003E-03   2.082735    
  1.7037035E-03   2.128340    
  1.7077076E-03   2.179817    
  1.7117118E-03   2.223972    
  1.7157159E-03   2.254580    
  1.7197201E-03   2.274175    
  1.7237242E-03   2.288162    
  1.7277279E-03   2.303151    
  1.7317316E-03   2.319904    
  1.7357358E-03   2.333854    
  1.7397399E-03   2.338028    
  1.7437440E-03   2.327473    
  1.7477478E-03   2.304672    
  1.7517519E-03   2.280310    
  1.7557560E-03   2.270108    
  1.7597601E-03   2.288593    
  1.7637638E-03   2.341163    
  1.7677679E-03   2.418559    
  1.7717717E-03   2.496691    
  1.7757758E-03   2.541754    
  1.7797799E-03   2.520108    
  1.7837841E-03   2.408685    
  1.7877882E-03   2.203793    
  1.7917923E-03   1.923087    
  1.7957956E-03   1.602374    
  1.7997999E-03   1.287171    
  1.8038040E-03   1.021609    
  1.8078081E-03  0.8400050    
  1.8118122E-03  0.7595478    
  1.8158159E-03  0.7804777    
  1.8198200E-03  0.8895506    
  1.8238238E-03   1.062753    
  1.8278279E-03   1.272099    
  1.8318320E-03   1.487661    
  1.8358361E-03   1.680174    
  1.8398399E-03   1.822272    
  1.8438440E-03   1.893775    
  1.8478482E-03   1.881515    
  1.8518523E-03   1.789232    
  1.8558560E-03   1.635760    
  1.8598601E-03   1.455857    
  1.8638638E-03   1.292330    
  1.8678680E-03   1.186008    
  1.8718721E-03   1.162243    
  1.8758762E-03   1.222119    
  1.8798803E-03   1.339734    
  1.8838837E-03   1.467743    
  1.8878878E-03   1.552666    
  1.8918919E-03   1.552157    
  1.8958960E-03   1.450314    
  1.8999001E-03   1.265338    
  1.9039044E-03   1.043983    
  1.9079080E-03  0.8491805    
  1.9119122E-03  0.7354178    
  1.9159159E-03  0.7336119    
  1.9199200E-03  0.8370821    
  1.9239242E-03   1.004750    
  1.9279283E-03   1.176192    
  1.9319321E-03   1.292785    
  1.9359362E-03   1.319983    
  1.9399403E-03   1.259917    
  1.9439440E-03   1.152775    
  1.9479481E-03   1.060555    
  1.9519522E-03   1.045243    
  1.9559560E-03   1.145084    
  1.9599602E-03   1.356212    
  1.9639642E-03   1.634273    
  1.9679684E-03   1.902956    
  1.9719724E-03   2.082115    
  1.9759759E-03   2.109967    
  1.9799799E-03   1.964844    
  1.9839841E-03   1.672279    
  1.9879881E-03   1.295779    
  1.9919924E-03  0.9180998    
  1.9959963E-03  0.6170080    
  2.0000001E-03  0.4440879    
