 -3.0000000E-03   1.545077    
 -2.9939942E-03   1.552918    
 -2.9879881E-03   1.556551    
 -2.9819822E-03   1.576464    
 -2.9759761E-03   1.621177    
 -2.9699702E-03   1.681039    
 -2.9639641E-03   1.731621    
 -2.9579580E-03   1.742973    
 -2.9519519E-03   1.693379    
 -2.9459461E-03   1.579189    
 -2.9399400E-03   1.418715    
 -2.9339339E-03   1.246451    
 -2.9279280E-03   1.101075    
 -2.9219219E-03   1.010765    
 -2.9159160E-03  0.9837162    
 -2.9099099E-03   1.006064    
 -2.9039041E-03   1.049012    
 -2.8978980E-03   1.082283    
 -2.8918921E-03   1.087346    
 -2.8858860E-03   1.065476    
 -2.8798801E-03   1.036697    
 -2.8738738E-03   1.029856    
 -2.8678679E-03   1.068295    
 -2.8618618E-03   1.157749    
 -2.8558560E-03   1.280440    
 -2.8498499E-03   1.399891    
 -2.8438440E-03   1.474402    
 -2.8378379E-03   1.473488    
 -2.8318318E-03   1.390832    
 -2.8258259E-03   1.249527    
 -2.8198198E-03   1.095150    
 -2.8138140E-03  0.9808068    
 -2.8078079E-03  0.9493014    
 -2.8018020E-03   1.019194    
 -2.7957957E-03   1.179179    
 -2.7897898E-03   1.393413    
 -2.7837837E-03   1.615359    
 -2.7777778E-03   1.803696    
 -2.7717717E-03   1.933362    
 -2.7657659E-03   2.002055    
 -2.7597598E-03   2.023935    
 -2.7537539E-03   2.021145    
 -2.7477478E-03   2.012569    
 -2.7417419E-03   2.006629    
 -2.7357358E-03   2.000808    
 -2.7297297E-03   1.987392    
 -2.7237239E-03   1.961097    
 -2.7177178E-03   1.924289    
 -2.7117119E-03   1.888506    
 -2.7057056E-03   1.868750    
 -2.6996997E-03   1.875559    
 -2.6936936E-03   1.907712    
 -2.6876878E-03   1.949938    
 -2.6816817E-03   1.977575    
 -2.6756758E-03   1.967035    
 -2.6696697E-03   1.906680    
 -2.6636638E-03   1.804723    
 -2.6576577E-03   1.688615    
 -2.6516519E-03   1.595296    
 -2.6456458E-03   1.558004    
 -2.6396399E-03   1.591107    
 -2.6336338E-03   1.683190    
 -2.6276277E-03   1.799106    
 -2.6216216E-03   1.892556    
 -2.6156157E-03   1.923914    
 -2.6096096E-03   1.874879    
 -2.6036035E-03   1.757602    
 -2.5975977E-03   1.609751    
 -2.5915916E-03   1.480422    
 -2.5855857E-03   1.410662    
 -2.5795796E-03   1.417923    
 -2.5735737E-03   1.488368    
 -2.5675676E-03   1.583276    
 -2.5615618E-03   1.654277    
 -2.5555557E-03   1.663740    
 -2.5495496E-03   1.600455    
 -2.5435437E-03   1.485634    
 -2.5375376E-03   1.364974    
 -2.5315315E-03   1.292429    
 -2.5255256E-03   1.309639    
 -2.5195195E-03   1.430511    
 -2.5135137E-03   1.636404    
 -2.5075076E-03   1.882680    
 -2.5015015E-03   2.115628    
 -2.4954956E-03   2.289913    
 -2.4894895E-03   2.382203    
 -2.4834836E-03   2.395736    
 -2.4774775E-03   2.352996    
 -2.4714714E-03   2.284837    
 -2.4654656E-03   2.216318    
 -2.4594595E-03   2.160051    
 -2.4534536E-03   2.114910    
 -2.4474475E-03   2.074717    
 -2.4414414E-03   2.036255    
 -2.4354355E-03   2.006744    
 -2.4294294E-03   2.003502    
 -2.4234236E-03   2.046496    
 -2.4174175E-03   2.147525    
 -2.4114116E-03   2.300274    
 -2.4054055E-03   2.477152    
 -2.3993994E-03   2.636181    
 -2.3933935E-03   2.734685    
 -2.3873874E-03   2.744961    
 -2.3813813E-03   2.667147    
 -2.3753752E-03   2.530781    
 -2.3693694E-03   2.386178    
 -2.3633633E-03   2.286949    
 -2.3573574E-03   2.271392    
 -2.3513513E-03   2.349551    
 -2.3453454E-03   2.500526    
 -2.3393393E-03   2.682235    
 -2.3333335E-03   2.848527    
 -2.3273274E-03   2.966340    
 -2.3213215E-03   3.027222    
 -2.3153152E-03   3.047353    
 -2.3093096E-03   3.057405    
 -2.3033035E-03   3.086985    
 -2.2972974E-03   3.149802    
 -2.2912913E-03   3.237450    
 -2.2852854E-03   3.322569    
 -2.2792793E-03   3.371855    
 -2.2732732E-03   3.361066    
 -2.2672673E-03   3.286762    
 -2.2612612E-03   3.168336    
 -2.2552554E-03   3.040679    
 -2.2492493E-03   2.940182    
 -2.2432434E-03   2.889813    
 -2.2372373E-03   2.891539    
 -2.2312314E-03   2.927409    
 -2.2252251E-03   2.970389    
 -2.2192195E-03   2.997721    
 -2.2132131E-03   3.003292    
 -2.2072073E-03   2.998635    
 -2.2012012E-03   3.006805    
 -2.1951953E-03   3.048168    
 -2.1891892E-03   3.127211    
 -2.1831833E-03   3.225330    
 -2.1771772E-03   3.306709    
 -2.1711711E-03   3.332434    
 -2.1651653E-03   3.280286    
 -2.1591592E-03   3.158290    
 -2.1531533E-03   3.007478    
 -2.1471470E-03   2.888911    
 -2.1411413E-03   2.860757    
 -2.1351350E-03   2.952712    
 -2.1291291E-03   3.150033    
 -2.1231230E-03   3.394587    
 -2.1171174E-03   3.603642    
 -2.1111111E-03   3.700666    
 -2.1051054E-03   3.647300    
 -2.0990991E-03   3.461444    
 -2.0930932E-03   3.213762    
 -2.0870871E-03   3.004123    
 -2.0810813E-03   2.924045    
 -2.0750752E-03   3.019964    
 -2.0690691E-03   3.273021    
 -2.0630632E-03   3.602695    
 -2.0570571E-03   3.895167    
 -2.0510512E-03   4.044904    
 -2.0450449E-03   3.994755    
 -2.0390390E-03   3.758924    
 -2.0330329E-03   3.419052    
 -2.0270271E-03   3.094696    
 -2.0210210E-03   2.900767    
 -2.0150151E-03   2.906052    
 -2.0090090E-03   3.110573    
 -2.0030031E-03   3.448537    
 -1.9969970E-03   3.816929    
 -1.9909912E-03   4.116041    
 -1.9849851E-03   4.285601    
 -1.9789790E-03   4.325062    
 -1.9729731E-03   4.285914    
 -1.9669670E-03   4.244702    
 -1.9609611E-03   4.266089    
 -1.9549550E-03   4.372846    
 -1.9489489E-03   4.534342    
 -1.9429430E-03   4.681173    
 -1.9369370E-03   4.735906    
 -1.9309310E-03   4.650364    
 -1.9249248E-03   4.430393    
 -1.9189190E-03   4.140472    
 -1.9129131E-03   3.882025    
 -1.9069071E-03   3.757058    
 -1.9009010E-03   3.829576    
 -1.8948950E-03   4.100847    
 -1.8888889E-03   4.509106    
 -1.8828830E-03   4.952209    
 -1.8768768E-03   5.326576    
 -1.8708711E-03   5.562984    
 -1.8648648E-03   5.650712    
 -1.8588589E-03   5.634473    
 -1.8528529E-03   5.591720    
 -1.8468469E-03   5.596660    
 -1.8408409E-03   5.688769    
 -1.8348347E-03   5.856085    
 -1.8288289E-03   6.041787    
 -1.8228227E-03   6.169458    
 -1.8168170E-03   6.176507    
 -1.8108108E-03   6.041716    
 -1.8048050E-03   5.794787    
 -1.7987988E-03   5.506068    
 -1.7927929E-03   5.258965    
 -1.7867868E-03   5.118869    
 -1.7807808E-03   5.110395    
 -1.7747747E-03   5.211393    
 -1.7687688E-03   5.366261    
 -1.7627628E-03   5.511208    
 -1.7567568E-03   5.600167    
 -1.7507508E-03   5.620574    
 -1.7447446E-03   5.593645    
 -1.7387389E-03   5.558322    
 -1.7327326E-03   5.549949    
 -1.7267269E-03   5.581731    
 -1.7207207E-03   5.639171    
 -1.7147149E-03   5.688450    
 -1.7087087E-03   5.696888    
 -1.7027030E-03   5.651620    
 -1.6966967E-03   5.571786    
 -1.6906908E-03   5.502378    
 -1.6846848E-03   5.496872    
 -1.6786788E-03   5.591352    
 -1.6726727E-03   5.785120    
 -1.6666667E-03   6.035819    
 -1.6606606E-03   6.272694    
 -1.6546546E-03   6.424219    
 -1.6486486E-03   6.448002    
 -1.6426427E-03   6.351428    
 -1.6366367E-03   6.191396    
 -1.6306306E-03   6.055109    
 -1.6246246E-03   6.024662    
 -1.6186186E-03   6.143775    
 -1.6126127E-03   6.397049    
 -1.6066068E-03   6.712884    
 -1.6006007E-03   6.987406    
 -1.5945947E-03   7.125414    
 -1.5885887E-03   7.074606    
 -1.5825827E-03   6.848968    
 -1.5765766E-03   6.522550    
 -1.5705706E-03   6.205056    
 -1.5645646E-03   6.000962    
 -1.5585585E-03   5.975223    
 -1.5525526E-03   6.132996    
 -1.5465465E-03   6.424308    
 -1.5405405E-03   6.769394    
 -1.5345345E-03   7.092405    
 -1.5285285E-03   7.351381    
 -1.5225225E-03   7.549007    
 -1.5165164E-03   7.725826    
 -1.5105106E-03   7.933684    
 -1.5045046E-03   8.207372    
 -1.4984986E-03   8.544913    
 -1.4924926E-03   8.904909    
 -1.4864865E-03   9.223676    
 -1.4804805E-03   9.443483    
 -1.4744746E-03   9.537463    
 -1.4684686E-03   9.523501    
 -1.4624626E-03   9.456190    
 -1.4564565E-03   9.403956    
 -1.4504505E-03   9.417685    
 -1.4444444E-03   9.509741    
 -1.4384384E-03   9.647858    
 -1.4324324E-03   9.772655    
 -1.4264263E-03   9.827143    
 -1.4204204E-03   9.788333    
 -1.4144144E-03   9.686023    
 -1.4084085E-03   9.595775    
 -1.4024025E-03   9.612367    
 -1.3963964E-03   9.807926    
 -1.3903904E-03   10.19637    
 -1.3843845E-03   10.71485    
 -1.3783785E-03   11.23656    
 -1.3723725E-03   11.60792    
 -1.3663664E-03   11.70008    
 -1.3603604E-03   11.45616    
 -1.3543544E-03   10.91477    
 -1.3483485E-03   10.20165    
 -1.3423424E-03   9.492838    
 -1.3363364E-03   8.961383    
 -1.3303304E-03   8.726112    
 -1.3243243E-03   8.822212    
 -1.3183182E-03   9.199552    
 -1.3123122E-03   9.748377    
 -1.3063065E-03   10.34177    
 -1.3003005E-03   10.87621    
 -1.2942943E-03   11.29725    
 -1.2882883E-03   11.60268    
 -1.2822823E-03   11.82757    
 -1.2762763E-03   12.01635    
 -1.2702703E-03   12.20233    
 -1.2642643E-03   12.39593    
 -1.2582581E-03   12.59036    
 -1.2522524E-03   12.77654    
 -1.2462464E-03   12.95823    
 -1.2402404E-03   13.15886    
 -1.2342343E-03   13.41377    
 -1.2282282E-03   13.75203    
 -1.2222223E-03   14.17483    
 -1.2162162E-03   14.64396    
 -1.2102104E-03   15.08330    
 -1.2042042E-03   15.40054    
 -1.1981982E-03   15.51799    
 -1.1921922E-03   15.40111    
 -1.1861862E-03   15.07671    
 -1.1801800E-03   14.62672    
 -1.1741742E-03   14.16643    
 -1.1681680E-03   13.80738    
 -1.1621623E-03   13.62517    
 -1.1561561E-03   13.63974    
 -1.1501501E-03   13.81629    
 -1.1441443E-03   14.08346    
 -1.1381381E-03   14.36216    
 -1.1321323E-03   14.59157    
 -1.1261262E-03   14.74152    
 -1.1201202E-03   14.81363    
 -1.1141142E-03   14.82589    
 -1.1081081E-03   14.79739    
 -1.1021021E-03   14.73890    
 -1.0960961E-03   14.65427    
 -1.0900900E-03   14.55265    
 -1.0840842E-03   14.46310    
 -1.0780779E-03   14.44260    
 -1.0720722E-03   14.56861    
 -1.0660660E-03   14.91693    
 -1.0600600E-03   15.53261    
 -1.0540540E-03   16.40163    
 -1.0480480E-03   17.44062    
 -1.0420423E-03   18.51032    
 -1.0360361E-03   19.45115    
 -1.0300301E-03   20.12729    
 -1.0240241E-03   20.46878    
 -1.0180181E-03   20.49224    
 -1.0120121E-03   20.29678    
 -1.0060060E-03   20.03013    
 -9.9999993E-04   19.84530    
 -9.9399406E-04   19.85841    
 -9.8798797E-04   20.12381    
 -9.8198210E-04   20.63175    
 -9.7597594E-04   21.32904    
 -9.6996996E-04   22.14801    
 -9.6396392E-04   23.03307    
 -9.5795793E-04   23.94990    
 -9.5195195E-04   24.88083    
 -9.4594597E-04   25.80840    
 -9.3993999E-04   26.69818    
 -9.3393400E-04   27.49513    
 -9.2792802E-04   28.13611    
 -9.2192198E-04   28.57357    
 -9.1591600E-04   28.80169    
 -9.0990984E-04   28.87078    
 -9.0390403E-04   28.87544    
 -8.9789781E-04   28.92701    
 -8.9189206E-04   29.10925    
 -8.8588585E-04   29.44345    
 -8.7987987E-04   29.87522    
 -8.7387388E-04   30.29343    
 -8.6786790E-04   30.57489    
 -8.6186186E-04   30.63971    
 -8.5585588E-04   30.49322    
 -8.4984972E-04   30.23792    
 -8.4384391E-04   30.04336    
 -8.3783793E-04   30.08881    
 -8.3183195E-04   30.49353    
 -8.2582596E-04   31.26955    
 -8.1981975E-04   32.31097    
 -8.1381394E-04   33.43302    
 -8.0780778E-04   34.44138    
 -8.0180197E-04   35.20784    
 -7.9579576E-04   35.72495    
 -7.8978977E-04   36.11239    
 -7.8378379E-04   36.56912    
 -7.7777781E-04   37.29860    
 -7.7177183E-04   38.42268    
 -7.6576584E-04   39.93264    
 -7.5975963E-04   41.68650    
 -7.5375382E-04   43.46557    
 -7.4774766E-04   45.05931    
 -7.4174185E-04   46.35213    
 -7.3573587E-04   47.37449    
 -7.2972965E-04   48.29377    
 -7.2372390E-04   49.35023    
 -7.1771769E-04   50.75982    
 -7.1171188E-04   52.62556    
 -7.0570572E-04   54.88802    
 -6.9969974E-04   57.33987    
 -6.9369370E-04   59.70147    
 -6.8768772E-04   61.72412    
 -6.8168156E-04   63.28694    
 -6.7567575E-04   64.44670    
 -6.6966953E-04   65.42212    
 -6.6366378E-04   66.51942    
 -6.5765757E-04   68.02609    
 -6.5165159E-04   70.11054    
 -6.4564560E-04   72.77521    
 -6.3963962E-04   75.86059    
 -6.3363381E-04   79.11547    
 -6.2762760E-04   82.28788    
 -6.2162161E-04   85.21302    
 -6.1561563E-04   87.85781    
 -6.0960965E-04   90.31718    
 -6.0360366E-04   92.76311    
 -5.9759768E-04   95.37772    
 -5.9159147E-04   98.29111    
 -5.8558566E-04   101.5555    
 -5.7957950E-04   105.1533    
 -5.7357369E-04   109.0265    
 -5.6756748E-04   113.1131    
 -5.6156149E-04   117.3615    
 -5.5555551E-04   121.7234    
 -5.4954953E-04   126.1303    
 -5.4354355E-04   130.4769    
 -5.3753756E-04   134.6284    
 -5.3153158E-04   138.4665    
 -5.2552554E-04   141.9609    
 -5.1951956E-04   145.2324    
 -5.1351357E-04   148.5839    
 -5.0750759E-04   152.4592    
 -5.0150137E-04   157.3394    
 -4.9549562E-04   163.5957    
 -4.8948941E-04   171.3477    
 -4.8348363E-04   180.3968    
 -4.7747744E-04   190.2589    
 -4.7147143E-04   200.3035    
 -4.6546545E-04   209.9607    
 -4.5945946E-04   218.9271    
 -4.5345345E-04   227.2923    
 -4.4744747E-04   235.5329    
 -4.4144128E-04   244.3580    
 -4.3543548E-04   254.4673    
 -4.2942949E-04   266.2910    
 -4.2342351E-04   279.8162    
 -4.1741750E-04   294.5636    
 -4.1141131E-04   309.7407    
 -4.0540553E-04   324.5018    
 -3.9939935E-04   338.2651    
 -3.9339354E-04   350.9172    
 -3.8738735E-04   362.8782    
 -3.8138137E-04   374.9661    
 -3.7537538E-04   388.1214    
 -3.6936937E-04   403.0816    
 -3.6336339E-04   420.1454    
 -3.5735741E-04   439.0844    
 -3.5135122E-04   459.2734    
 -3.4534541E-04   479.9592    
 -3.3933923E-04   500.6027    
 -3.3333342E-04   521.1152    
 -3.2732743E-04   541.9417    
 -3.2132125E-04   563.9196    
 -3.1531547E-04   587.9597    
 -3.0930925E-04   614.7008    
 -3.0330347E-04   644.2145    
 -2.9729729E-04   675.9352    
 -2.9129130E-04   708.8102    
 -2.8528529E-04   741.6726    
 -2.7927931E-04   773.6664    
 -2.7327333E-04   804.6059    
 -2.6726731E-04   835.1167    
 -2.6126113E-04   866.4960    
 -2.5525535E-04   900.3282    
 -2.4924916E-04   937.9978    
 -2.4324335E-04   980.1961    
 -2.3723717E-04   1026.689    
 -2.3123117E-04   1076.315    
 -2.2522538E-04   1127.313    
 -2.1921919E-04   1177.812    
 -2.1321340E-04   1226.324    
 -2.0720721E-04   1272.118    
 -2.0120121E-04   1315.300    
 -1.9519523E-04   1356.597    
 -1.8918923E-04   1396.941    
 -1.8318305E-04   1436.963    
 -1.7717725E-04   1476.586    
 -1.7117106E-04   1514.886    
 -1.6516527E-04   1550.169    
 -1.5915907E-04   1580.391    
 -1.5315309E-04   1603.632    
 -1.4714709E-04   1618.599    
 -1.4114111E-04   1624.917    
 -1.3513511E-04   1623.191    
 -1.2912911E-04   1614.784    
 -1.2312313E-04   1601.441    
 -1.1711713E-04   1584.846    
 -1.1111114E-04   1566.239    
 -1.0510515E-04   1546.271    
 -9.9099161E-05   1525.018    
 -9.3092967E-05   1502.194    
 -8.7087174E-05   1477.486    
 -8.1080987E-05   1450.803    
 -7.5075193E-05   1422.500    
 -6.9069007E-05   1393.380    
 -6.3063009E-05   1364.584    
 -5.7057019E-05   1337.364    
 -5.1051029E-05   1312.845    
 -4.5045035E-05   1291.829    
 -3.9039045E-05   1274.690    
 -3.3032855E-05   1261.381    
 -2.7027061E-05   1251.547    
 -2.1021069E-05   1244.640    
 -1.5015078E-05   1240.077    
 -9.0090862E-06   1237.342    
 -3.0028968E-06   1236.042    
  3.0028968E-06   1236.042    
  9.0090862E-06   1237.343    
  1.5014880E-05   1240.075    
  2.1021069E-05   1244.640    
  2.7027061E-05   1251.548    
  3.3033055E-05   1261.381    
  3.9039045E-05   1274.690    
  4.5045035E-05   1291.829    
  5.1051029E-05   1312.845    
  5.7057219E-05   1337.366    
  6.3063009E-05   1364.583    
  6.9069203E-05   1393.383    
  7.5074997E-05   1422.499    
  8.1080987E-05   1450.802    
  8.7087174E-05   1477.488    
  9.3092967E-05   1502.194    
  9.9099161E-05   1525.018    
  1.0510495E-04   1546.271    
  1.1111114E-04   1566.240    
  1.1711713E-04   1584.845    
  1.2312313E-04   1601.442    
  1.2912911E-04   1614.784    
  1.3513511E-04   1623.191    
  1.4114111E-04   1624.917    
  1.4714729E-04   1618.601    
  1.5315309E-04   1603.632    
  1.5915927E-04   1580.392    
  1.6516507E-04   1550.172    
  1.7117125E-04   1514.885    
  1.7717725E-04   1476.586    
  1.8318305E-04   1436.962    
  1.8918923E-04   1396.941    
  1.9519503E-04   1356.599    
  2.0120121E-04   1315.299    
  2.0720721E-04   1272.117    
  2.1321321E-04   1226.325    
  2.1921919E-04   1177.812    
  2.2522519E-04   1127.316    
  2.3123117E-04   1076.315    
  2.3723737E-04   1026.688    
  2.4324316E-04   980.1983    
  2.4924934E-04   937.9961    
  2.5525515E-04   900.3300    
  2.6126133E-04   866.4948    
  2.6726731E-04   835.1169    
  2.7327333E-04   804.6061    
  2.7927931E-04   773.6666    
  2.8528509E-04   741.6736    
  2.9129130E-04   708.8101    
  2.9729729E-04   675.9346    
  3.0330327E-04   644.2150    
  3.0930925E-04   614.7010    
  3.1531547E-04   587.9591    
  3.2132125E-04   563.9195    
  3.2732723E-04   541.9418    
  3.3333342E-04   521.1154    
  3.3933923E-04   500.6031    
  3.4534541E-04   479.9595    
  3.5135160E-04   459.2716    
  3.5735741E-04   439.0847    
  3.6336359E-04   420.1447    
  3.6936937E-04   403.0818    
  3.7537556E-04   388.1201    
  3.8138137E-04   374.9666    
  3.8738715E-04   362.8793    
  3.9339333E-04   350.9179    
  3.9939914E-04   338.2656    
  4.0540533E-04   324.5025    
  4.1141151E-04   309.7399    
  4.1741732E-04   294.5645    
  4.2342351E-04   279.8162    
  4.2942929E-04   266.2910    
  4.3543548E-04   254.4676    
  4.4144166E-04   244.3577    
  4.4744747E-04   235.5330    
  4.5345325E-04   227.2926    
  4.5945946E-04   218.9270    
  4.6546565E-04   209.9602    
  4.7147143E-04   200.3038    
  4.7747724E-04   190.2601    
  4.8348380E-04   180.3961    
  4.8948958E-04   171.3470    
  4.9549539E-04   163.5958    
  5.0150161E-04   157.3403    
  5.0750742E-04   152.4594    
  5.1351357E-04   148.5840    
  5.1951938E-04   145.2329    
  5.2552554E-04   141.9609    
  5.3153135E-04   138.4667    
  5.3753756E-04   134.6287    
  5.4354372E-04   130.4766    
  5.4954953E-04   126.1304    
  5.5555534E-04   121.7237    
  5.6156190E-04   117.3615    
  5.6756771E-04   113.1132    
  5.7357352E-04   109.0267    
  5.7957927E-04   105.1534    
  5.8558589E-04   101.5551    
  5.9159164E-04   98.29105    
  5.9759745E-04   95.37782    
  6.0360366E-04   92.76324    
  6.0960941E-04   90.31699    
  6.1561563E-04   87.85799    
  6.2162185E-04   85.21306    
  6.2762760E-04   82.28788    
  6.3363340E-04   79.11565    
  6.3963997E-04   75.86025    
  6.4564578E-04   72.77485    
  6.5165159E-04   70.11065    
  6.5765739E-04   68.02582    
  6.6366396E-04   66.51959    
  6.6966977E-04   65.42236    
  6.7567558E-04   64.44681    
  6.8168173E-04   63.28718    
  6.8768795E-04   61.72453    
  6.9369370E-04   59.70155    
  6.9969991E-04   57.34008    
  7.0570572E-04   54.88808    
  7.1171147E-04   52.62569    
  7.1771769E-04   50.75982    
  7.2372390E-04   49.35011    
  7.2972965E-04   48.29364    
  7.3573546E-04   47.37453    
  7.4174203E-04   46.35215    
  7.4774784E-04   45.05931    
  7.5375364E-04   43.46560    
  7.5975980E-04   41.68690    
  7.6576602E-04   39.93262    
  7.7177183E-04   38.42274    
  7.7777763E-04   37.29872    
  7.8378379E-04   36.56916    
  7.8979001E-04   36.11249    
  7.9579576E-04   35.72504    
  8.0180197E-04   35.20789    
  8.0780778E-04   34.44147    
  8.1381353E-04   33.43328    
  8.1982015E-04   32.31105    
  8.2582596E-04   31.26958    
  8.3183171E-04   30.49370    
  8.3783752E-04   30.08935    
  8.4384409E-04   30.04346    
  8.4984989E-04   30.23770    
  8.5585570E-04   30.49305    
  8.6186186E-04   30.63964    
  8.6786808E-04   30.57495    
  8.7387388E-04   30.29354    
  8.7988004E-04   29.87520    
  8.8588585E-04   29.44336    
  8.9189206E-04   29.10926    
  8.9789781E-04   28.92715    
  9.0390403E-04   28.87547    
  9.0990984E-04   28.87060    
  9.1591559E-04   28.80185    
  9.2192221E-04   28.57322    
  9.2792802E-04   28.13613    
  9.3393377E-04   27.49504    
  9.3993999E-04   26.69808    
  9.4594614E-04   25.80833    
  9.5195195E-04   24.88074    
  9.5795776E-04   23.94981    
  9.6396392E-04   23.03302    
  9.6997013E-04   22.14808    
  9.7597594E-04   21.32894    
  9.8198210E-04   20.63176    
  9.8798797E-04   20.12381    
  9.9399406E-04   19.85833    
  1.0000003E-03   19.84529    
  1.0060060E-03   20.03011    
  1.0120119E-03   20.29684    
  1.0180176E-03   20.49230    
  1.0240242E-03   20.46854    
  1.0300301E-03   20.12728    
  1.0360358E-03   19.45135    
  1.0420420E-03   18.51030    
  1.0480483E-03   17.44042    
  1.0540540E-03   16.40170    
  1.0600602E-03   15.53291    
  1.0660660E-03   14.91700    
  1.0720722E-03   14.56866    
  1.0780784E-03   14.44282    
  1.0840842E-03   14.46326    
  1.0900900E-03   14.55266    
  1.0960961E-03   14.65428    
  1.1021023E-03   14.73888    
  1.1081081E-03   14.79737    
  1.1141140E-03   14.82600    
  1.1201202E-03   14.81362    
  1.1261263E-03   14.74168    
  1.1321321E-03   14.59152    
  1.1381384E-03   14.36233    
  1.1441441E-03   14.08337    
  1.1501503E-03   13.81631    
  1.1561561E-03   13.63983    
  1.1621623E-03   13.62519    
  1.1681680E-03   13.80744    
  1.1741742E-03   14.16647    
  1.1801805E-03   14.62682    
  1.1861862E-03   15.07680    
  1.1921921E-03   15.40129    
  1.1981986E-03   15.51777    
  1.2042044E-03   15.40061    
  1.2102101E-03   15.08331    
  1.2162160E-03   14.64395    
  1.2222222E-03   14.17506    
  1.2282283E-03   13.75198    
  1.2342342E-03   13.41359    
  1.2402404E-03   13.15885    
  1.2462462E-03   12.95815    
  1.2522524E-03   12.77646    
  1.2582585E-03   12.59034    
  1.2642643E-03   12.39591    
  1.2702701E-03   12.20244    
  1.2762763E-03   12.01642    
  1.2822825E-03   11.82751    
  1.2882883E-03   11.60269    
  1.2942940E-03   11.29709    
  1.3003007E-03   10.87629    
  1.3063065E-03   10.34176    
  1.3123122E-03   9.748415    
  1.3183184E-03   9.199493    
  1.3243243E-03   8.822242    
  1.3303304E-03   8.726141    
  1.3363363E-03   8.961378    
  1.3423424E-03   9.492894    
  1.3483482E-03   10.20163    
  1.3543544E-03   10.91476    
  1.3603605E-03   11.45611    
  1.3663664E-03   11.70001    
  1.3723721E-03   11.60783    
  1.3783787E-03   11.23652    
  1.3843846E-03   10.71497    
  1.3903903E-03   10.19628    
  1.3963961E-03   9.807860    
  1.4024028E-03   9.612297    
  1.4084085E-03   9.595719    
  1.4144143E-03   9.685909    
  1.4204205E-03   9.788244    
  1.4264263E-03   9.827114    
  1.4324324E-03   9.772678    
  1.4384387E-03   9.647825    
  1.4444444E-03   9.509673    
  1.4504503E-03   9.417626    
  1.4564565E-03   9.403876    
  1.4624626E-03   9.456221    
  1.4684685E-03   9.523462    
  1.4744742E-03   9.537467    
  1.4804808E-03   9.443583    
  1.4864866E-03   9.223804    
  1.4924924E-03   8.904958    
  1.4984986E-03   8.544921    
  1.5045048E-03   8.207358    
  1.5105106E-03   7.933664    
  1.5165163E-03   7.725805    
  1.5225225E-03   7.548952    
  1.5285284E-03   7.351240    
  1.5345345E-03   7.092369    
  1.5405407E-03   6.769379    
  1.5465465E-03   6.424277    
  1.5525523E-03   6.132939    
  1.5585589E-03   5.975306    
  1.5645646E-03   6.001067    
  1.5705705E-03   6.205138    
  1.5765763E-03   6.522679    
  1.5825828E-03   6.849037    
  1.5885887E-03   7.074666    
  1.5945944E-03   7.125540    
  1.6006007E-03   6.987442    
  1.6066069E-03   6.712795    
  1.6126126E-03   6.397126    
  1.6186188E-03   6.143752    
  1.6246246E-03   6.024621    
  1.6306305E-03   6.055081    
  1.6366370E-03   6.191478    
  1.6426428E-03   6.351260    
  1.6486485E-03   6.447959    
  1.6546544E-03   6.424286    
  1.6606610E-03   6.272664    
  1.6666667E-03   6.035760    
  1.6726726E-03   5.785104    
  1.6786788E-03   5.591272    
  1.6846849E-03   5.496850    
  1.6906908E-03   5.502348    
  1.6966969E-03   5.571693    
  1.7027027E-03   5.651711    
  1.7087089E-03   5.696815    
  1.7147147E-03   5.688415    
  1.7207209E-03   5.639053    
  1.7267267E-03   5.581788    
  1.7327325E-03   5.549982    
  1.7387391E-03   5.558406    
  1.7447448E-03   5.593668    
  1.7507506E-03   5.620596    
  1.7567568E-03   5.600096    
  1.7627630E-03   5.511171    
  1.7687688E-03   5.366263    
  1.7747746E-03   5.211409    
  1.7807808E-03   5.110379    
  1.7867869E-03   5.118816    
  1.7927928E-03   5.258987    
  1.7987989E-03   5.506038    
  1.8048048E-03   5.794759    
  1.8108110E-03   6.041684    
  1.8168171E-03   6.176457    
  1.8228230E-03   6.169422    
  1.8288287E-03   6.041772    
  1.8348346E-03   5.856093    
  1.8408411E-03   5.688734    
  1.8468469E-03   5.596645    
  1.8528526E-03   5.591704    
  1.8588589E-03   5.634469    
  1.8648651E-03   5.650792    
  1.8708708E-03   5.562960    
  1.8768770E-03   5.326447    
  1.8828829E-03   4.952269    
  1.8888890E-03   4.509079    
  1.8948949E-03   4.100868    
  1.9009010E-03   3.829567    
  1.9069068E-03   3.757032    
  1.9129131E-03   3.882025    
  1.9189192E-03   4.140462    
  1.9249250E-03   4.430357    
  1.9309308E-03   4.650280    
  1.9369370E-03   4.735943    
  1.9429432E-03   4.681108    
  1.9489489E-03   4.534368    
  1.9549548E-03   4.372816    
  1.9609609E-03   4.266196    
  1.9669670E-03   4.244602    
  1.9729729E-03   4.285906    
  1.9789792E-03   4.325128    
  1.9849848E-03   4.285610    
  1.9909912E-03   4.116027    
  1.9969973E-03   3.816922    
  2.0030031E-03   3.448558    
  2.0090088E-03   3.110500    
  2.0150153E-03   2.906132    
  2.0210212E-03   2.900909    
  2.0270271E-03   3.094719    
  2.0330329E-03   3.419089    
  2.0390390E-03   3.758929    
  2.0450451E-03   3.994798    
  2.0510510E-03   4.044938    
  2.0570571E-03   3.895305    
  2.0630630E-03   3.602682    
  2.0690691E-03   3.273035    
  2.0750754E-03   3.019944    
  2.0810813E-03   2.924028    
  2.0870869E-03   3.004104    
  2.0930932E-03   3.213727    
  2.0990993E-03   3.461471    
  2.1051052E-03   3.647347    
  2.1111108E-03   3.700767    
  2.1171174E-03   3.603566    
  2.1231233E-03   3.394499    
  2.1291291E-03   3.150043    
  2.1351352E-03   2.952605    
  2.1411411E-03   2.860649    
  2.1471472E-03   2.888880    
  2.1531531E-03   3.007510    
  2.1591592E-03   3.158396    
  2.1651650E-03   3.280352    
  2.1711711E-03   3.332414    
  2.1771775E-03   3.306701    
  2.1831833E-03   3.225338    
  2.1891890E-03   3.127258    
  2.1951955E-03   3.048196    
  2.2012014E-03   3.006851    
  2.2072073E-03   2.998624    
  2.2132129E-03   3.003344    
  2.2192195E-03   2.997885    
  2.2252253E-03   2.970358    
  2.2312312E-03   2.927498    
  2.2372373E-03   2.891530    
  2.2432432E-03   2.889827    
  2.2492493E-03   2.940157    
  2.2552556E-03   3.040740    
  2.2612612E-03   3.168315    
  2.2672671E-03   3.286818    
  2.2732732E-03   3.361035    
  2.2792795E-03   3.371764    
  2.2852854E-03   3.322548    
  2.2912910E-03   3.237406    
  2.2972976E-03   3.149773    
  2.3033035E-03   3.086967    
  2.3093093E-03   3.057323    
  2.3153154E-03   3.047297    
  2.3213215E-03   3.027286    
  2.3273274E-03   2.966373    
  2.3333333E-03   2.848556    
  2.3393393E-03   2.682227    
  2.3453452E-03   2.500501    
  2.3513513E-03   2.349523    
  2.3573576E-03   2.271402    
  2.3633633E-03   2.286917    
  2.3693691E-03   2.386158    
  2.3753757E-03   2.530753    
  2.3813816E-03   2.667072    
  2.3873874E-03   2.744832    
  2.3933931E-03   2.734613    
  2.3993996E-03   2.636233    
  2.4054055E-03   2.477143    
  2.4114114E-03   2.300204    
  2.4174175E-03   2.147528    
  2.4234236E-03   2.046478    
  2.4294294E-03   2.003487    
  2.4354358E-03   2.006850    
  2.4414414E-03   2.036252    
  2.4474473E-03   2.074678    
  2.4534534E-03   2.114960    
  2.4594597E-03   2.159940    
  2.4654653E-03   2.216289    
  2.4714712E-03   2.284791    
  2.4774778E-03   2.352991    
  2.4834836E-03   2.395700    
  2.4894895E-03   2.382277    
  2.4954956E-03   2.289910    
  2.5015017E-03   2.115688    
  2.5075076E-03   1.882660    
  2.5135134E-03   1.636296    
  2.5195195E-03   1.430486    
  2.5255256E-03   1.309641    
  2.5315315E-03   1.292413    
  2.5375378E-03   1.364948    
  2.5435435E-03   1.485509    
  2.5495493E-03   1.600492    
  2.5555559E-03   1.663708    
  2.5615618E-03   1.654278    
  2.5675674E-03   1.583227    
  2.5735733E-03   1.488366    
  2.5795798E-03   1.417820    
  2.5855857E-03   1.410644    
  2.5915916E-03   1.480358    
  2.5975977E-03   1.609721    
  2.6036038E-03   1.757576    
  2.6096096E-03   1.874834    
  2.6156157E-03   1.923947    
  2.6216216E-03   1.892559    
  2.6276277E-03   1.799105    
  2.6336340E-03   1.683163    
  2.6396399E-03   1.591132    
  2.6456455E-03   1.557996    
  2.6516514E-03   1.595351    
  2.6576580E-03   1.688595    
  2.6636638E-03   1.804736    
  2.6696695E-03   1.906687    
  2.6756758E-03   1.967055    
  2.6816819E-03   1.977622    
  2.6876878E-03   1.949929    
  2.6936939E-03   1.907735    
  2.6996997E-03   1.875536    
  2.7057058E-03   1.868776    
  2.7117117E-03   1.888429    
  2.7177178E-03   1.924300    
  2.7237236E-03   1.961082    
  2.7297297E-03   1.987419    
  2.7357361E-03   2.000818    
  2.7417419E-03   2.006647    
  2.7477476E-03   2.012660    
  2.7537539E-03   2.021182    
  2.7597600E-03   2.024013    
  2.7657659E-03   2.002064    
  2.7717715E-03   1.933491    
  2.7777778E-03   1.803741    
  2.7837839E-03   1.615428    
  2.7897898E-03   1.393440    
  2.7957959E-03   1.179155    
  2.8018018E-03   1.019154    
  2.8078079E-03  0.9493030    
  2.8138142E-03  0.9807999    
  2.8198198E-03   1.095146    
  2.8258257E-03   1.249507    
  2.8318318E-03   1.390796    
  2.8378381E-03   1.473383    
  2.8438440E-03   1.474373    
  2.8498496E-03   1.399772    
  2.8558560E-03   1.280394    
  2.8618621E-03   1.157719    
  2.8678679E-03   1.068240    
  2.8738740E-03   1.029790    
  2.8798799E-03   1.036672    
  2.8858860E-03   1.065452    
  2.8918919E-03   1.087378    
  2.8978980E-03   1.082258    
  2.9039038E-03   1.048991    
  2.9099099E-03   1.006079    
  2.9159163E-03  0.9836928    
  2.9219219E-03   1.010758    
  2.9279278E-03   1.101000    
  2.9339343E-03   1.246472    
  2.9399402E-03   1.418723    
  2.9459461E-03   1.579177    
  2.9519517E-03   1.693411    
  2.9579580E-03   1.742984    
  2.9639641E-03   1.731622    
  2.9699700E-03   1.680982    
  2.9759761E-03   1.621162    
  2.9819820E-03   1.576498    
  2.9879881E-03   1.556538    
  2.9939944E-03   1.552885    
  3.0000000E-03   1.545073    
