 -3.0000000E-03   2.069347    
 -2.9939942E-03   2.066169    
 -2.9879881E-03   2.055422    
 -2.9819822E-03   2.037944    
 -2.9759761E-03   2.014668    
 -2.9699702E-03   1.986201    
 -2.9639641E-03   1.953016    
 -2.9579580E-03   1.915901    
 -2.9519519E-03   1.876128    
 -2.9459461E-03   1.835861    
 -2.9399400E-03   1.798110    
 -2.9339339E-03   1.765891    
 -2.9279280E-03   1.741670    
 -2.9219219E-03   1.726283    
 -2.9159160E-03   1.719443    
 -2.9099099E-03   1.719338    
 -2.9039041E-03   1.723751    
 -2.8978980E-03   1.730532    
 -2.8918921E-03   1.738791    
 -2.8858860E-03   1.748742    
 -2.8798801E-03   1.761057    
 -2.8738738E-03   1.776987    
 -2.8678679E-03   1.796424    
 -2.8618618E-03   1.818076    
 -2.8558560E-03   1.839710    
 -2.8498499E-03   1.858466    
 -2.8438440E-03   1.872425    
 -2.8378379E-03   1.881269    
 -2.8318318E-03   1.886828    
 -2.8258259E-03   1.892575    
 -2.8198198E-03   1.902715    
 -2.8138140E-03   1.920595    
 -2.8078079E-03   1.947039    
 -2.8018020E-03   1.980683    
 -2.7957957E-03   2.017360    
 -2.7897898E-03   2.052104    
 -2.7837837E-03   2.080322    
 -2.7777778E-03   2.099514    
 -2.7717717E-03   2.109657    
 -2.7657659E-03   2.112695    
 -2.7597598E-03   2.112103    
 -2.7537539E-03   2.111006    
 -2.7477478E-03   2.110853    
 -2.7417419E-03   2.111688    
 -2.7357358E-03   2.111969    
 -2.7297297E-03   2.110151    
 -2.7237239E-03   2.105293    
 -2.7177178E-03   2.098732    
 -2.7117119E-03   2.092849    
 -2.7057056E-03   2.091718    
 -2.6996997E-03   2.098405    
 -2.6936936E-03   2.114580    
 -2.6876878E-03   2.139565    
 -2.6816817E-03   2.170490    
 -2.6756758E-03   2.203517    
 -2.6696697E-03   2.235036    
 -2.6636638E-03   2.263188    
 -2.6576577E-03   2.288122    
 -2.6516519E-03   2.311442    
 -2.6456458E-03   2.335505    
 -2.6396399E-03   2.362026    
 -2.6336338E-03   2.390895    
 -2.6276277E-03   2.420638    
 -2.6216216E-03   2.449123    
 -2.6156157E-03   2.474993    
 -2.6096096E-03   2.498851    
 -2.6036035E-03   2.523723    
 -2.5975977E-03   2.554492    
 -2.5915916E-03   2.596282    
 -2.5855857E-03   2.651876    
 -2.5795796E-03   2.720920    
 -2.5735737E-03   2.798305    
 -2.5675676E-03   2.875798    
 -2.5615618E-03   2.944126    
 -2.5555557E-03   2.995843    
 -2.5495496E-03   3.026845    
 -2.5435437E-03   3.038948    
 -2.5375376E-03   3.038327    
 -2.5315315E-03   3.033546    
 -2.5255256E-03   3.033561    
 -2.5195195E-03   3.044233    
 -2.5135137E-03   3.067529    
 -2.5075076E-03   3.101097    
 -2.5015015E-03   3.139905    
 -2.4954956E-03   3.177992    
 -2.4894895E-03   3.211197    
 -2.4834836E-03   3.237472    
 -2.4774775E-03   3.257520    
 -2.4714714E-03   3.273684    
 -2.4654656E-03   3.287676    
 -2.4594595E-03   3.300588    
 -2.4534536E-03   3.311061    
 -2.4474475E-03   3.316586    
 -2.4414414E-03   3.314293    
 -2.4354355E-03   3.302506    
 -2.4294294E-03   3.281416    
 -2.4234236E-03   3.253529    
 -2.4174175E-03   3.223232    
 -2.4114116E-03   3.194343    
 -2.4054055E-03   3.170809    
 -2.3993994E-03   3.154081    
 -2.3933935E-03   3.144541    
 -2.3873874E-03   3.141143    
 -2.3813813E-03   3.142725    
 -2.3753752E-03   3.148187    
 -2.3693694E-03   3.157191    
 -2.3633633E-03   3.168685    
 -2.3573574E-03   3.181530    
 -2.3513513E-03   3.193166    
 -2.3453454E-03   3.200387    
 -2.3393393E-03   3.199908    
 -2.3333335E-03   3.190376    
 -2.3273274E-03   3.172635    
 -2.3213215E-03   3.150772    
 -2.3153152E-03   3.131907    
 -2.3093096E-03   3.123661    
 -2.3033035E-03   3.132679    
 -2.2972974E-03   3.162726    
 -2.2912913E-03   3.212829    
 -2.2852854E-03   3.278557    
 -2.2792793E-03   3.353016    
 -2.2732732E-03   3.429216    
 -2.2672673E-03   3.501954    
 -2.2612612E-03   3.569286    
 -2.2552554E-03   3.631889    
 -2.2492493E-03   3.692409    
 -2.2432434E-03   3.752775    
 -2.2372373E-03   3.813601    
 -2.2312314E-03   3.872904    
 -2.2252251E-03   3.927799    
 -2.2192195E-03   3.975108    
 -2.2132131E-03   4.013742    
 -2.2072073E-03   4.046011    
 -2.2012012E-03   4.076976    
 -2.1951953E-03   4.113096    
 -2.1891892E-03   4.160054    
 -2.1831833E-03   4.220287    
 -2.1771772E-03   4.291884    
 -2.1711711E-03   4.368538    
 -2.1651653E-03   4.442275    
 -2.1591592E-03   4.504969    
 -2.1531533E-03   4.551396    
 -2.1471470E-03   4.580629    
 -2.1411413E-03   4.594946    
 -2.1351350E-03   4.599402    
 -2.1291291E-03   4.597633    
 -2.1231230E-03   4.591444    
 -2.1171174E-03   4.579081    
 -2.1111111E-03   4.556784    
 -2.1051054E-03   4.521108    
 -2.0990991E-03   4.471045    
 -2.0930932E-03   4.410677    
 -2.0870871E-03   4.348561    
 -2.0810813E-03   4.295959    
 -2.0750752E-03   4.264151    
 -2.0690691E-03   4.259876    
 -2.0630632E-03   4.283716    
 -2.0570571E-03   4.330060    
 -2.0510512E-03   4.387998    
 -2.0450449E-03   4.445834    
 -2.0390390E-03   4.494434    
 -2.0330329E-03   4.530375    
 -2.0270271E-03   4.556439    
 -2.0210210E-03   4.579623    
 -2.0150151E-03   4.608979    
 -2.0090090E-03   4.650803    
 -2.0030031E-03   4.707112    
 -1.9969970E-03   4.774614    
 -1.9909912E-03   4.846045    
 -1.9849851E-03   4.913142    
 -1.9789790E-03   4.970699    
 -1.9729731E-03   5.017284    
 -1.9669670E-03   5.056945    
 -1.9609611E-03   5.096673    
 -1.9549550E-03   5.143512    
 -1.9489489E-03   5.202001    
 -1.9429430E-03   5.271227    
 -1.9369370E-03   5.346032    
 -1.9309310E-03   5.417561    
 -1.9249248E-03   5.477359    
 -1.9189190E-03   5.519540    
 -1.9129131E-03   5.543378    
 -1.9069071E-03   5.553679    
 -1.9009010E-03   5.558559    
 -1.8948950E-03   5.567750    
 -1.8888889E-03   5.589112    
 -1.8828830E-03   5.625581    
 -1.8768768E-03   5.675906    
 -1.8708711E-03   5.734178    
 -1.8648648E-03   5.792090    
 -1.8588589E-03   5.841155    
 -1.8528529E-03   5.874959    
 -1.8468469E-03   5.890226    
 -1.8408409E-03   5.887489    
 -1.8348347E-03   5.870422    
 -1.8288289E-03   5.844851    
 -1.8228227E-03   5.818075    
 -1.8168170E-03   5.797070    
 -1.8108108E-03   5.788297    
 -1.8048050E-03   5.796031    
 -1.7987988E-03   5.822231    
 -1.7927929E-03   5.865686    
 -1.7867868E-03   5.922241    
 -1.7807808E-03   5.985992    
 -1.7747747E-03   6.049925    
 -1.7687688E-03   6.108328    
 -1.7627628E-03   6.158186    
 -1.7567568E-03   6.199647    
 -1.7507508E-03   6.236487    
 -1.7447446E-03   6.274204    
 -1.7387389E-03   6.318032    
 -1.7327326E-03   6.371274    
 -1.7267269E-03   6.433513    
 -1.7207207E-03   6.501616    
 -1.7147149E-03   6.570566    
 -1.7087087E-03   6.636177    
 -1.7027030E-03   6.697918    
 -1.6966967E-03   6.759556    
 -1.6906908E-03   6.828926    
 -1.6846848E-03   6.916090    
 -1.6786788E-03   7.029198    
 -1.6726727E-03   7.172428    
 -1.6666667E-03   7.342752    
 -1.6606606E-03   7.531527    
 -1.6546546E-03   7.725617    
 -1.6486486E-03   7.911914    
 -1.6426427E-03   8.080132    
 -1.6366367E-03   8.226272    
 -1.6306306E-03   8.352094    
 -1.6246246E-03   8.463811    
 -1.6186186E-03   8.568673    
 -1.6126127E-03   8.671100    
 -1.6066068E-03   8.771540    
 -1.6006007E-03   8.866274    
 -1.5945947E-03   8.948735    
 -1.5885887E-03   9.014010    
 -1.5825827E-03   9.061556    
 -1.5765766E-03   9.095536    
 -1.5705706E-03   9.125943    
 -1.5645646E-03   9.164254    
 -1.5585585E-03   9.219213    
 -1.5525526E-03   9.293482    
 -1.5465465E-03   9.382587    
 -1.5405405E-03   9.475009    
 -1.5345345E-03   9.556930    
 -1.5285285E-03   9.616564    
 -1.5225225E-03   9.650249    
 -1.5165164E-03   9.663245    
 -1.5105106E-03   9.670154    
 -1.5045046E-03   9.690445    
 -1.4984986E-03   9.742583    
 -1.4924926E-03   9.837909    
 -1.4864865E-03   9.976626    
 -1.4804805E-03   10.14806    
 -1.4744746E-03   10.33273    
 -1.4684686E-03   10.50933    
 -1.4624626E-03   10.65960    
 -1.4564565E-03   10.77493    
 -1.4504505E-03   10.85734    
 -1.4444444E-03   10.91831    
 -1.4384384E-03   10.97430    
 -1.4324324E-03   11.04074    
 -1.4264263E-03   11.12659    
 -1.4204204E-03   11.23225    
 -1.4144144E-03   11.34912    
 -1.4084085E-03   11.46467    
 -1.4024025E-03   11.56702    
 -1.3963964E-03   11.65041    
 -1.3903904E-03   11.71819    
 -1.3843845E-03   11.78296    
 -1.3783785E-03   11.86371    
 -1.3723725E-03   11.97940    
 -1.3663664E-03   12.14334    
 -1.3603604E-03   12.35910    
 -1.3543544E-03   12.61840    
 -1.3483485E-03   12.90278    
 -1.3423424E-03   13.18907    
 -1.3363364E-03   13.45556    
 -1.3303304E-03   13.68738    
 -1.3243243E-03   13.88101    
 -1.3183182E-03   14.04284    
 -1.3123122E-03   14.18723    
 -1.3063065E-03   14.33061    
 -1.3003005E-03   14.48601    
 -1.2942943E-03   14.65941    
 -1.2882883E-03   14.84802    
 -1.2822823E-03   15.04243    
 -1.2762763E-03   15.23130    
 -1.2702703E-03   15.40726    
 -1.2642643E-03   15.56931    
 -1.2582581E-03   15.72583    
 -1.2522524E-03   15.89123    
 -1.2462464E-03   16.08158    
 -1.2402404E-03   16.30784    
 -1.2342343E-03   16.57255    
 -1.2282282E-03   16.86668    
 -1.2222223E-03   17.17152    
 -1.2162162E-03   17.46595    
 -1.2102104E-03   17.73132    
 -1.2042042E-03   17.95991    
 -1.1981982E-03   18.15637    
 -1.1921922E-03   18.33835    
 -1.1861862E-03   18.52881    
 -1.1801800E-03   18.75002    
 -1.1741742E-03   19.01389    
 -1.1681680E-03   19.31804    
 -1.1621623E-03   19.64462    
 -1.1561561E-03   19.96596    
 -1.1501501E-03   20.25181    
 -1.1441443E-03   20.47936    
 -1.1381381E-03   20.64083    
 -1.1321323E-03   20.74403    
 -1.1261262E-03   20.81327    
 -1.1201202E-03   20.87815    
 -1.1141142E-03   20.96861    
 -1.1081081E-03   21.10421    
 -1.1021021E-03   21.29158    
 -1.0960961E-03   21.52397    
 -1.0900900E-03   21.78589    
 -1.0840842E-03   22.06095    
 -1.0780779E-03   22.33681    
 -1.0720722E-03   22.60968    
 -1.0660660E-03   22.88433    
 -1.0600600E-03   23.17036    
 -1.0540540E-03   23.47477    
 -1.0480480E-03   23.79973    
 -1.0420423E-03   24.13827    
 -1.0360361E-03   24.47634    
 -1.0300301E-03   24.79673    
 -1.0240241E-03   25.08425    
 -1.0180181E-03   25.33214    
 -1.0120121E-03   25.54288    
 -1.0060060E-03   25.72858    
 -9.9999993E-04   25.90735    
 -9.9399406E-04   26.09738    
 -9.8798797E-04   26.31247    
 -9.8198210E-04   26.56015    
 -9.7597594E-04   26.84268    
 -9.6996996E-04   27.15831    
 -9.6396392E-04   27.50586    
 -9.5795793E-04   27.88717    
 -9.5195195E-04   28.30679    
 -9.4594597E-04   28.77240    
 -9.3993999E-04   29.28856    
 -9.3393400E-04   29.85504    
 -9.2792802E-04   30.46506    
 -9.2192198E-04   31.10429    
 -9.1591600E-04   31.75659    
 -9.0990984E-04   32.40711    
 -9.0390403E-04   33.04719    
 -8.9789781E-04   33.67808    
 -8.9189206E-04   34.30985    
 -8.8588585E-04   34.95784    
 -8.7987987E-04   35.63794    
 -8.7387388E-04   36.36124    
 -8.6786790E-04   37.12986    
 -8.6186186E-04   37.93532    
 -8.5585588E-04   38.76200    
 -8.4984972E-04   39.59074    
 -8.4384391E-04   40.40368    
 -8.3783793E-04   41.18952    
 -8.3183195E-04   41.94536    
 -8.2582596E-04   42.67607    
 -8.1981975E-04   43.39273    
 -8.1381394E-04   44.10635    
 -8.0780778E-04   44.82714    
 -8.0180197E-04   45.55956    
 -7.9579576E-04   46.30334    
 -7.8978977E-04   47.05475    
 -7.8378379E-04   47.80853    
 -7.7777781E-04   48.56093    
 -7.7177183E-04   49.31468    
 -7.6576584E-04   50.07809    
 -7.5975963E-04   50.86589    
 -7.5375382E-04   51.69818    
 -7.4774766E-04   52.59709    
 -7.4174185E-04   53.58190    
 -7.3573587E-04   54.66752    
 -7.2972965E-04   55.85694    
 -7.2372390E-04   57.14528    
 -7.1771769E-04   58.51607    
 -7.1171188E-04   59.94444    
 -7.0570572E-04   61.40422    
 -6.9969974E-04   62.86781    
 -6.9369370E-04   64.31625    
 -6.8768772E-04   65.73845    
 -6.8168156E-04   67.13222    
 -6.7567575E-04   68.50475    
 -6.6966953E-04   69.86681    
 -6.6366378E-04   71.23117    
 -6.5765757E-04   72.60794    
 -6.5165159E-04   74.00526    
 -6.4564560E-04   75.42912    
 -6.3963962E-04   76.88527    
 -6.3363381E-04   78.38207    
 -6.2762760E-04   79.93055    
 -6.2162161E-04   81.54557    
 -6.1561563E-04   83.24110    
 -6.0960965E-04   85.02874    
 -6.0360366E-04   86.91495    
 -5.9759768E-04   88.89893    
 -5.9159147E-04   90.97733    
 -5.8558566E-04   93.14279    
 -5.7957950E-04   95.38990    
 -5.7357369E-04   97.71844    
 -5.6756748E-04   100.1313    
 -5.6156149E-04   102.6312    
 -5.5555551E-04   105.2178    
 -5.4954953E-04   107.8821    
 -5.4354355E-04   110.6046    
 -5.3753756E-04   113.3586    
 -5.3153158E-04   116.1185    
 -5.2552554E-04   118.8682    
 -5.1951956E-04   121.6117    
 -5.1351357E-04   124.3789    
 -5.0750759E-04   127.2253    
 -5.0150137E-04   130.2213    
 -4.9549562E-04   133.4397    
 -4.8948941E-04   136.9405    
 -4.8348363E-04   140.7525    
 -4.7747744E-04   144.8773    
 -4.7147143E-04   149.2809    
 -4.6546545E-04   153.9167    
 -4.5945946E-04   158.7335    
 -4.5345345E-04   163.6996    
 -4.4744747E-04   168.8133    
 -4.4144128E-04   174.1073    
 -4.3543548E-04   179.6398    
 -4.2942949E-04   185.4899    
 -4.2342351E-04   191.7313    
 -4.1741750E-04   198.4272    
 -4.1141131E-04   205.6130    
 -4.0540553E-04   213.2979    
 -3.9939935E-04   221.4664    
 -3.9339354E-04   230.0900    
 -3.8738735E-04   239.1357    
 -3.8138137E-04   248.5754    
 -3.7537538E-04   258.3979    
 -3.6936937E-04   268.6071    
 -3.6336339E-04   279.2310    
 -3.5735741E-04   290.3202    
 -3.5135122E-04   301.9464    
 -3.4534541E-04   314.1977    
 -3.3933923E-04   327.1837    
 -3.3333342E-04   341.0097    
 -3.2732743E-04   355.7820    
 -3.2132125E-04   371.5821    
 -3.1531547E-04   388.4578    
 -3.0930925E-04   406.4254    
 -3.0330347E-04   425.4580    
 -2.9729729E-04   445.5135    
 -2.9129130E-04   466.5388    
 -2.8528529E-04   488.5063    
 -2.7927931E-04   511.4281    
 -2.7327333E-04   535.3721    
 -2.6726731E-04   560.4586    
 -2.6126113E-04   586.8477    
 -2.5525535E-04   614.7144    
 -2.4924916E-04   644.2182    
 -2.4324335E-04   675.4720    
 -2.3723717E-04   708.5398    
 -2.3123117E-04   743.4122    
 -2.2522538E-04   780.0394    
 -2.1921919E-04   818.3655    
 -2.1321340E-04   858.3333    
 -2.0720721E-04   899.9427    
 -2.0120121E-04   943.2418    
 -1.9519523E-04   988.3282    
 -1.8918923E-04   1035.328    
 -1.8318305E-04   1084.347    
 -1.7717725E-04   1135.415    
 -1.7117106E-04   1188.465    
 -1.6516527E-04   1243.277    
 -1.5915907E-04   1299.509    
 -1.5315309E-04   1356.672    
 -1.4714709E-04   1414.230    
 -1.4114111E-04   1471.611    
 -1.3513511E-04   1528.291    
 -1.2912911E-04   1583.789    
 -1.2312313E-04   1637.714    
 -1.1711713E-04   1689.717    
 -1.1111114E-04   1739.467    
 -1.0510515E-04   1786.588    
 -9.9099161E-05   1830.618    
 -9.3092967E-05   1871.004    
 -8.7087174E-05   1907.120    
 -8.1080987E-05   1938.338    
 -7.5075193E-05   1964.099    
 -6.9069007E-05   1984.036    
 -6.3063009E-05   1998.032    
 -5.7057019E-05   2006.328    
 -5.1051029E-05   2009.473    
 -4.5045035E-05   2008.328    
 -3.9039045E-05   2003.955    
 -3.3032855E-05   1997.520    
 -2.7027061E-05   1990.182    
 -2.1021069E-05   1982.991    
 -1.5015078E-05   1976.823    
 -9.0090862E-06   1972.343    
 -3.0028968E-06   1969.982    
  3.0028968E-06   1969.982    
  9.0090862E-06   1972.343    
  1.5014880E-05   1976.821    
  2.1021069E-05   1982.991    
  2.7027061E-05   1990.181    
  3.3033055E-05   1997.520    
  3.9039045E-05   2003.955    
  4.5045035E-05   2008.328    
  5.1051029E-05   2009.474    
  5.7057219E-05   2006.327    
  6.3063009E-05   1998.031    
  6.9069203E-05   1984.034    
  7.5074997E-05   1964.101    
  8.1080987E-05   1938.338    
  8.7087174E-05   1907.121    
  9.3092967E-05   1871.004    
  9.9099161E-05   1830.618    
  1.0510495E-04   1786.588    
  1.1111114E-04   1739.467    
  1.1711713E-04   1689.717    
  1.2312313E-04   1637.714    
  1.2912911E-04   1583.788    
  1.3513511E-04   1528.291    
  1.4114111E-04   1471.612    
  1.4714729E-04   1414.230    
  1.5315309E-04   1356.672    
  1.5915927E-04   1299.507    
  1.6516507E-04   1243.280    
  1.7117125E-04   1188.463    
  1.7717725E-04   1135.415    
  1.8318305E-04   1084.347    
  1.8918923E-04   1035.329    
  1.9519503E-04   988.3288    
  2.0120121E-04   943.2413    
  2.0720721E-04   899.9429    
  2.1321321E-04   858.3355    
  2.1921919E-04   818.3655    
  2.2522519E-04   780.0399    
  2.3123117E-04   743.4124    
  2.3723737E-04   708.5387    
  2.4324316E-04   675.4738    
  2.4924934E-04   644.2170    
  2.5525515E-04   614.7152    
  2.6126133E-04   586.8476    
  2.6726731E-04   560.4581    
  2.7327333E-04   535.3723    
  2.7927931E-04   511.4280    
  2.8528509E-04   488.5078    
  2.9129130E-04   466.5387    
  2.9729729E-04   445.5133    
  3.0330327E-04   425.4590    
  3.0930925E-04   406.4253    
  3.1531547E-04   388.4574    
  3.2132125E-04   371.5821    
  3.2732723E-04   355.7829    
  3.3333342E-04   341.0099    
  3.3933923E-04   327.1836    
  3.4534541E-04   314.1977    
  3.5135160E-04   301.9449    
  3.5735741E-04   290.3202    
  3.6336359E-04   279.2303    
  3.6936937E-04   268.6073    
  3.7537556E-04   258.3972    
  3.8138137E-04   248.5754    
  3.8738715E-04   239.1360    
  3.9339333E-04   230.0904    
  3.9939914E-04   221.4668    
  4.0540533E-04   213.2978    
  4.1141151E-04   205.6127    
  4.1741732E-04   198.4278    
  4.2342351E-04   191.7314    
  4.2942929E-04   185.4899    
  4.3543548E-04   179.6398    
  4.4144166E-04   174.1070    
  4.4744747E-04   168.8133    
  4.5345325E-04   163.6997    
  4.5945946E-04   158.7335    
  4.6546565E-04   153.9162    
  4.7147143E-04   149.2809    
  4.7747724E-04   144.8772    
  4.8348380E-04   140.7527    
  4.8948958E-04   136.9395    
  4.9549539E-04   133.4398    
  5.0150161E-04   130.2216    
  5.0750742E-04   127.2251    
  5.1351357E-04   124.3790    
  5.1951938E-04   121.6113    
  5.2552554E-04   118.8682    
  5.3153135E-04   116.1183    
  5.3753756E-04   113.3586    
  5.4354372E-04   110.6043    
  5.4954953E-04   107.8820    
  5.5555534E-04   105.2181    
  5.6156190E-04   102.6312    
  5.6756771E-04   100.1311    
  5.7357352E-04   97.71834    
  5.7957927E-04   95.39022    
  5.8558589E-04   93.14266    
  5.9159164E-04   90.97732    
  5.9759745E-04   88.89908    
  6.0360366E-04   86.91495    
  6.0960941E-04   85.02872    
  6.1561563E-04   83.24109    
  6.2162185E-04   81.54576    
  6.2762760E-04   79.93050    
  6.3363340E-04   78.38219    
  6.3963997E-04   76.88519    
  6.4564578E-04   75.42930    
  6.5165159E-04   74.00528    
  6.5765739E-04   72.60799    
  6.6366396E-04   71.23096    
  6.6966977E-04   69.86696    
  6.7567558E-04   68.50471    
  6.8168173E-04   67.13242    
  6.8768795E-04   65.73811    
  6.9369370E-04   64.31621    
  6.9969991E-04   62.86760    
  7.0570572E-04   61.40418    
  7.1171147E-04   59.94501    
  7.1771769E-04   58.51609    
  7.2372390E-04   57.14534    
  7.2972965E-04   55.85694    
  7.3573546E-04   54.66736    
  7.4174203E-04   53.58224    
  7.4774784E-04   52.59707    
  7.5375364E-04   51.69821    
  7.5975980E-04   50.86601    
  7.6576602E-04   50.07789    
  7.7177183E-04   49.31468    
  7.7777763E-04   48.56117    
  7.8378379E-04   47.80850    
  7.8979001E-04   47.05490    
  7.9579576E-04   46.30330    
  8.0180197E-04   45.55956    
  8.0780778E-04   44.82714    
  8.1381353E-04   44.10646    
  8.1982015E-04   43.39256    
  8.2582596E-04   42.67610    
  8.3183171E-04   41.94542    
  8.3783752E-04   41.18956    
  8.4384409E-04   40.40357    
  8.4984989E-04   39.59061    
  8.5585570E-04   38.76213    
  8.6186186E-04   37.93531    
  8.6786808E-04   37.12984    
  8.7387388E-04   36.36126    
  8.7988004E-04   35.63798    
  8.8588585E-04   34.95789    
  8.9189206E-04   34.30989    
  8.9789781E-04   33.67806    
  9.0390403E-04   33.04715    
  9.0990984E-04   32.40708    
  9.1591559E-04   31.75670    
  9.2192221E-04   31.10420    
  9.2792802E-04   30.46507    
  9.3393377E-04   29.85520    
  9.3993999E-04   29.28855    
  9.4594614E-04   28.77252    
  9.5195195E-04   28.30678    
  9.5795776E-04   27.88713    
  9.6396392E-04   27.50590    
  9.6997013E-04   27.15829    
  9.7597594E-04   26.84268    
  9.8198210E-04   26.56013    
  9.8798797E-04   26.31242    
  9.9399406E-04   26.09740    
  1.0000003E-03   25.90746    
  1.0060060E-03   25.72859    
  1.0120119E-03   25.54283    
  1.0180176E-03   25.33210    
  1.0240242E-03   25.08443    
  1.0300301E-03   24.79672    
  1.0360358E-03   24.47659    
  1.0420420E-03   24.13824    
  1.0480483E-03   23.79964    
  1.0540540E-03   23.47475    
  1.0600602E-03   23.17026    
  1.0660660E-03   22.88437    
  1.0720722E-03   22.60966    
  1.0780784E-03   22.33665    
  1.0840842E-03   22.06093    
  1.0900900E-03   21.78589    
  1.0960961E-03   21.52398    
  1.1021023E-03   21.29174    
  1.1081081E-03   21.10422    
  1.1141140E-03   20.96863    
  1.1201202E-03   20.87817    
  1.1261263E-03   20.81314    
  1.1321321E-03   20.74424    
  1.1381384E-03   20.64055    
  1.1441441E-03   20.47941    
  1.1501503E-03   20.25181    
  1.1561561E-03   19.96594    
  1.1621623E-03   19.64462    
  1.1681680E-03   19.31801    
  1.1741742E-03   19.01385    
  1.1801805E-03   18.74997    
  1.1861862E-03   18.52880    
  1.1921921E-03   18.33845    
  1.1981986E-03   18.15637    
  1.2042044E-03   17.95995    
  1.2102101E-03   17.73136    
  1.2162160E-03   17.46605    
  1.2222222E-03   17.17153    
  1.2282283E-03   16.86669    
  1.2342342E-03   16.57262    
  1.2402404E-03   16.30783    
  1.2462462E-03   16.08139    
  1.2522524E-03   15.89124    
  1.2582585E-03   15.72566    
  1.2642643E-03   15.56933    
  1.2702701E-03   15.40720    
  1.2762763E-03   15.23133    
  1.2822825E-03   15.04237    
  1.2882883E-03   14.84803    
  1.2942940E-03   14.65962    
  1.3003007E-03   14.48612    
  1.3063065E-03   14.33065    
  1.3123122E-03   14.18726    
  1.3183184E-03   14.04294    
  1.3243243E-03   13.88101    
  1.3303304E-03   13.68737    
  1.3363363E-03   13.45554    
  1.3423424E-03   13.18904    
  1.3483482E-03   12.90264    
  1.3543544E-03   12.61836    
  1.3603605E-03   12.35916    
  1.3663664E-03   12.14334    
  1.3723721E-03   11.97928    
  1.3783787E-03   11.86368    
  1.3843846E-03   11.78309    
  1.3903903E-03   11.71821    
  1.3963961E-03   11.65049    
  1.4024028E-03   11.56715    
  1.4084085E-03   11.46466    
  1.4144143E-03   11.34904    
  1.4204205E-03   11.23224    
  1.4264263E-03   11.12666    
  1.4324324E-03   11.04073    
  1.4384387E-03   10.97440    
  1.4444444E-03   10.91833    
  1.4504503E-03   10.85729    
  1.4564565E-03   10.77494    
  1.4624626E-03   10.65967    
  1.4684685E-03   10.50923    
  1.4744742E-03   10.33284    
  1.4804808E-03   10.14796    
  1.4864866E-03   9.976521    
  1.4924924E-03   9.837767    
  1.4984986E-03   9.742583    
  1.5045048E-03   9.690592    
  1.5105106E-03   9.670150    
  1.5165163E-03   9.663203    
  1.5225225E-03   9.650249    
  1.5285284E-03   9.616701    
  1.5345345E-03   9.556936    
  1.5405407E-03   9.475130    
  1.5465465E-03   9.382584    
  1.5525523E-03   9.293655    
  1.5585589E-03   9.219172    
  1.5645646E-03   9.164256    
  1.5705705E-03   9.125969    
  1.5765763E-03   9.095582    
  1.5825828E-03   9.061402    
  1.5885887E-03   9.014007    
  1.5945944E-03   8.948713    
  1.6006007E-03   8.866253    
  1.6066069E-03   8.771486    
  1.6126126E-03   8.671015    
  1.6186188E-03   8.568520    
  1.6246246E-03   8.463810    
  1.6306305E-03   8.352173    
  1.6366370E-03   8.226330    
  1.6426428E-03   8.080175    
  1.6486485E-03   7.911786    
  1.6546544E-03   7.725673    
  1.6606610E-03   7.531488    
  1.6666667E-03   7.342743    
  1.6726726E-03   7.172411    
  1.6786788E-03   7.029187    
  1.6846849E-03   6.916174    
  1.6906908E-03   6.828945    
  1.6966969E-03   6.759547    
  1.7027027E-03   6.697886    
  1.7087089E-03   6.636141    
  1.7147147E-03   6.570611    
  1.7207209E-03   6.501668    
  1.7267267E-03   6.433558    
  1.7327325E-03   6.371249    
  1.7387391E-03   6.318052    
  1.7447448E-03   6.274085    
  1.7507506E-03   6.236402    
  1.7567568E-03   6.199647    
  1.7627630E-03   6.158120    
  1.7687688E-03   6.108310    
  1.7747746E-03   6.049872    
  1.7807808E-03   5.985964    
  1.7867869E-03   5.922250    
  1.7927928E-03   5.865672    
  1.7987989E-03   5.822197    
  1.8048048E-03   5.796078    
  1.8108110E-03   5.788230    
  1.8168171E-03   5.797086    
  1.8228230E-03   5.818071    
  1.8288287E-03   5.844934    
  1.8348346E-03   5.870390    
  1.8408411E-03   5.887549    
  1.8468469E-03   5.890230    
  1.8528526E-03   5.874896    
  1.8588589E-03   5.841151    
  1.8648651E-03   5.792092    
  1.8708708E-03   5.734213    
  1.8768770E-03   5.675929    
  1.8828829E-03   5.625618    
  1.8888890E-03   5.589222    
  1.8948949E-03   5.567928    
  1.9009010E-03   5.558563    
  1.9069068E-03   5.553653    
  1.9129131E-03   5.543367    
  1.9189192E-03   5.519602    
  1.9249250E-03   5.477345    
  1.9309308E-03   5.417631    
  1.9369370E-03   5.346035    
  1.9429432E-03   5.271254    
  1.9489489E-03   5.202002    
  1.9549548E-03   5.143575    
  1.9609609E-03   5.096614    
  1.9669670E-03   5.056969    
  1.9729729E-03   5.017365    
  1.9789792E-03   4.970672    
  1.9849848E-03   4.913151    
  1.9909912E-03   4.846068    
  1.9969973E-03   4.774622    
  2.0030031E-03   4.707119    
  2.0090088E-03   4.650837    
  2.0150153E-03   4.608994    
  2.0210212E-03   4.579600    
  2.0270271E-03   4.556414    
  2.0330329E-03   4.530362    
  2.0390390E-03   4.494435    
  2.0450451E-03   4.445731    
  2.0510510E-03   4.387931    
  2.0570571E-03   4.330077    
  2.0630630E-03   4.283787    
  2.0690691E-03   4.259878    
  2.0750754E-03   4.264041    
  2.0810813E-03   4.295954    
  2.0870869E-03   4.348536    
  2.0930932E-03   4.410683    
  2.0990993E-03   4.471056    
  2.1051052E-03   4.521082    
  2.1111108E-03   4.556782    
  2.1171174E-03   4.579017    
  2.1231233E-03   4.591427    
  2.1291291E-03   4.597631    
  2.1351352E-03   4.599387    
  2.1411411E-03   4.595038    
  2.1471472E-03   4.580566    
  2.1531531E-03   4.551397    
  2.1591592E-03   4.504983    
  2.1651650E-03   4.442400    
  2.1711711E-03   4.368530    
  2.1771775E-03   4.291813    
  2.1831833E-03   4.220273    
  2.1891890E-03   4.160057    
  2.1951955E-03   4.113131    
  2.2012014E-03   4.076973    
  2.2072073E-03   4.046005    
  2.2132129E-03   4.013698    
  2.2192195E-03   3.975118    
  2.2252253E-03   3.927875    
  2.2312312E-03   3.872994    
  2.2372373E-03   3.813611    
  2.2432432E-03   3.752810    
  2.2492493E-03   3.692401    
  2.2552556E-03   3.631999    
  2.2612612E-03   3.569289    
  2.2672671E-03   3.502077    
  2.2732732E-03   3.429225    
  2.2792795E-03   3.353076    
  2.2852854E-03   3.278564    
  2.2912910E-03   3.212947    
  2.2972976E-03   3.162692    
  2.3033035E-03   3.132662    
  2.3093093E-03   3.123748    
  2.3153154E-03   3.131889    
  2.3213215E-03   3.150784    
  2.3273274E-03   3.172653    
  2.3333333E-03   3.190374    
  2.3393393E-03   3.199915    
  2.3453452E-03   3.200393    
  2.3513513E-03   3.193184    
  2.3573576E-03   3.181485    
  2.3633633E-03   3.168680    
  2.3693691E-03   3.157198    
  2.3753757E-03   3.148244    
  2.3813816E-03   3.142713    
  2.3873874E-03   3.141081    
  2.3933931E-03   3.144509    
  2.3993996E-03   3.154182    
  2.4054055E-03   3.170811    
  2.4114114E-03   3.194327    
  2.4174175E-03   3.223236    
  2.4234236E-03   3.253549    
  2.4294294E-03   3.281417    
  2.4354358E-03   3.302466    
  2.4414414E-03   3.314291    
  2.4474473E-03   3.316588    
  2.4534534E-03   3.311044    
  2.4594597E-03   3.300633    
  2.4654653E-03   3.287791    
  2.4714712E-03   3.273638    
  2.4774778E-03   3.257527    
  2.4834836E-03   3.237464    
  2.4894895E-03   3.211170    
  2.4954956E-03   3.177983    
  2.5015017E-03   3.139793    
  2.5075076E-03   3.101096    
  2.5135134E-03   3.067497    
  2.5195195E-03   3.044225    
  2.5255256E-03   3.033524    
  2.5315315E-03   3.033543    
  2.5375378E-03   3.038209    
  2.5435435E-03   3.038903    
  2.5495493E-03   3.026889    
  2.5555559E-03   2.995827    
  2.5615618E-03   2.944126    
  2.5675674E-03   2.875838    
  2.5735733E-03   2.798281    
  2.5795798E-03   2.720887    
  2.5855857E-03   2.651872    
  2.5915916E-03   2.596228    
  2.5975977E-03   2.554474    
  2.6036038E-03   2.523725    
  2.6096096E-03   2.498848    
  2.6156157E-03   2.475030    
  2.6216216E-03   2.449121    
  2.6276277E-03   2.420638    
  2.6336340E-03   2.390953    
  2.6396399E-03   2.362036    
  2.6456455E-03   2.335537    
  2.6516514E-03   2.311534    
  2.6576580E-03   2.288149    
  2.6636638E-03   2.263201    
  2.6696695E-03   2.235036    
  2.6756758E-03   2.203536    
  2.6816819E-03   2.170485    
  2.6876878E-03   2.139570    
  2.6936939E-03   2.114613    
  2.6996997E-03   2.098412    
  2.7057058E-03   2.091665    
  2.7117117E-03   2.092832    
  2.7177178E-03   2.098732    
  2.7237236E-03   2.105389    
  2.7297297E-03   2.110139    
  2.7357361E-03   2.111950    
  2.7417419E-03   2.111676    
  2.7477476E-03   2.110878    
  2.7537539E-03   2.111002    
  2.7597600E-03   2.112178    
  2.7657659E-03   2.112689    
  2.7717715E-03   2.109685    
  2.7777778E-03   2.099513    
  2.7837839E-03   2.080387    
  2.7897898E-03   2.052110    
  2.7957959E-03   2.017302    
  2.8018018E-03   1.980602    
  2.8078079E-03   1.947034    
  2.8138142E-03   1.920572    
  2.8198198E-03   1.902719    
  2.8258257E-03   1.892559    
  2.8318318E-03   1.886827    
  2.8378381E-03   1.881336    
  2.8438440E-03   1.872433    
  2.8498496E-03   1.858449    
  2.8558560E-03   1.839728    
  2.8618621E-03   1.818049    
  2.8678679E-03   1.796433    
  2.8738740E-03   1.777112    
  2.8798799E-03   1.761122    
  2.8858860E-03   1.748735    
  2.8918919E-03   1.738796    
  2.8978980E-03   1.730535    
  2.9039038E-03   1.723648    
  2.9099099E-03   1.719340    
  2.9159163E-03   1.719515    
  2.9219219E-03   1.726279    
  2.9279278E-03   1.741644    
  2.9339343E-03   1.765902    
  2.9399402E-03   1.798150    
  2.9459461E-03   1.835877    
  2.9519517E-03   1.876132    
  2.9579580E-03   1.915896    
  2.9639641E-03   1.953023    
  2.9699700E-03   1.986232    
  2.9759761E-03   2.014672    
  2.9819820E-03   2.037920    
  2.9879881E-03   2.055444    
  2.9939944E-03   2.066201    
  3.0000000E-03   2.069362    
