 -4.9999999E-03   1.162379    
 -4.9899900E-03   1.166735    
 -4.9799802E-03   1.166917    
 -4.9699699E-03   1.166276    
 -4.9599600E-03   1.168196    
 -4.9499501E-03   1.174190    
 -4.9399403E-03   1.183125    
 -4.9299300E-03   1.191630    
 -4.9199201E-03   1.195978    
 -4.9099098E-03   1.194125    
 -4.8998999E-03   1.186928    
 -4.8898896E-03   1.178055    
 -4.8798798E-03   1.171939    
 -4.8698699E-03   1.171429    
 -4.8598601E-03   1.176474    
 -4.8498502E-03   1.183908    
 -4.8398399E-03   1.189305    
 -4.8298300E-03   1.189225    
 -4.8198197E-03   1.183392    
 -4.8098098E-03   1.174808    
 -4.7997995E-03   1.168211    
 -4.7897897E-03   1.167633    
 -4.7797798E-03   1.174232    
 -4.7697700E-03   1.185339    
 -4.7597601E-03   1.195998    
 -4.7497498E-03   1.201440    
 -4.7397399E-03   1.199380    
 -4.7297296E-03   1.191530    
 -4.7197198E-03   1.182309    
 -4.7097094E-03   1.176266    
 -4.6996996E-03   1.175948    
 -4.6896897E-03   1.180102    
 -4.6796799E-03   1.184753    
 -4.6696700E-03   1.185417    
 -4.6596597E-03   1.180105    
 -4.6496498E-03   1.170859    
 -4.6396400E-03   1.163186    
 -4.6296297E-03   1.163643    
 -4.6196193E-03   1.176403    
 -4.6096095E-03   1.201072    
 -4.5995996E-03   1.232601    
 -4.5895898E-03   1.263977    
 -4.5795795E-03   1.289539    
 -4.5695696E-03   1.307897    
 -4.5595597E-03   1.322729    
 -4.5495499E-03   1.340643    
 -4.5395396E-03   1.367241    
 -4.5295293E-03   1.403943    
 -4.5195194E-03   1.446167    
 -4.5095095E-03   1.484942    
 -4.4994997E-03   1.510825    
 -4.4894894E-03   1.518188    
 -4.4794795E-03   1.507950    
 -4.4694697E-03   1.487459    
 -4.4594598E-03   1.467281    
 -4.4494495E-03   1.456927    
 -4.4394392E-03   1.460828    
 -4.4294293E-03   1.477209    
 -4.4194194E-03   1.499295    
 -4.4094096E-03   1.519066    
 -4.3993993E-03   1.530935    
 -4.3893894E-03   1.533702    
 -4.3793796E-03   1.530560    
 -4.3693697E-03   1.526535    
 -4.3593599E-03   1.526161    
 -4.3493495E-03   1.531140    
 -4.3393392E-03   1.540033    
 -4.3293294E-03   1.550229    
 -4.3193190E-03   1.559158    
 -4.3093092E-03   1.566079    
 -4.2992993E-03   1.572004    
 -4.2892895E-03   1.578287    
 -4.2792796E-03   1.585390    
 -4.2692693E-03   1.592227    
 -4.2592594E-03   1.596707    
 -4.2492491E-03   1.597443    
 -4.2392393E-03   1.595269    
 -4.2292294E-03   1.593821    
 -4.2192191E-03   1.598411    
 -4.2092092E-03   1.613800    
 -4.1991994E-03   1.641792    
 -4.1891895E-03   1.680455    
 -4.1791792E-03   1.724648    
 -4.1691693E-03   1.768923    
 -4.1591590E-03   1.809769    
 -4.1491492E-03   1.847626    
 -4.1391389E-03   1.885512    
 -4.1291290E-03   1.927130    
 -4.1191191E-03   1.973579    
 -4.1091093E-03   2.021507    
 -4.0990994E-03   2.063608    
 -4.0890891E-03   2.091768    
 -4.0790793E-03   2.100821    
 -4.0690694E-03   2.091889    
 -4.0590591E-03   2.072813    
 -4.0490492E-03   2.055547    
 -4.0390389E-03   2.051459    
 -4.0290290E-03   2.067047    
 -4.0190192E-03   2.100934    
 -4.0090089E-03   2.145223    
 -3.9989995E-03   2.188752    
 -3.9889892E-03   2.221984    
 -3.9789793E-03   2.240383    
 -3.9689690E-03   2.245922    
 -3.9589587E-03   2.244729    
 -3.9489488E-03   2.243996    
 -3.9389390E-03   2.248310    
 -3.9289291E-03   2.258198    
 -3.9189192E-03   2.270639    
 -3.9089089E-03   2.281688    
 -3.8988988E-03   2.288884    
 -3.8888890E-03   2.292688    
 -3.8788787E-03   2.295304    
 -3.8688693E-03   2.299445    
 -3.8588590E-03   2.305506    
 -3.8488489E-03   2.311066    
 -3.8388390E-03   2.311811    
 -3.8288287E-03   2.304145    
 -3.8188188E-03   2.287453    
 -3.8088090E-03   2.265695    
 -3.7987989E-03   2.246226    
 -3.7887890E-03   2.236942    
 -3.7787787E-03   2.243146    
 -3.7687689E-03   2.264569    
 -3.7587588E-03   2.295387    
 -3.7487489E-03   2.325872    
 -3.7387386E-03   2.345989    
 -3.7287287E-03   2.348462    
 -3.7187189E-03   2.330866    
 -3.7087088E-03   2.295900    
 -3.6986985E-03   2.249417    
 -3.6886886E-03   2.198656    
 -3.6786788E-03   2.150158    
 -3.6686689E-03   2.108618    
 -3.6586588E-03   2.076943    
 -3.6486485E-03   2.056767    
 -3.6386386E-03   2.048586    
 -3.6286288E-03   2.051864    
 -3.6186187E-03   2.065255    
 -3.6086084E-03   2.086481    
 -3.5985985E-03   2.112788    
 -3.5885887E-03   2.142287    
 -3.5785788E-03   2.173774    
 -3.5685685E-03   2.207386    
 -3.5585584E-03   2.243336    
 -3.5485486E-03   2.281101    
 -3.5385387E-03   2.318379    
 -3.5285288E-03   2.351252    
 -3.5185185E-03   2.375467    
 -3.5085084E-03   2.388509    
 -3.4984986E-03   2.391183    
 -3.4884887E-03   2.388038    
 -3.4784784E-03   2.385328    
 -3.4684683E-03   2.388743    
 -3.4584585E-03   2.400338    
 -3.4484486E-03   2.417095    
 -3.4384383E-03   2.432812    
 -3.4284284E-03   2.440601    
 -3.4184183E-03   2.437561    
 -3.4084085E-03   2.427167    
 -3.3983986E-03   2.419009    
 -3.3883883E-03   2.425287    
 -3.3783785E-03   2.455665    
 -3.3683684E-03   2.512394    
 -3.3583585E-03   2.588530    
 -3.3483487E-03   2.669353    
 -3.3383383E-03   2.737906    
 -3.3283283E-03   2.780869    
 -3.3183184E-03   2.793468    
 -3.3083083E-03   2.780580    
 -3.2982985E-03   2.753933    
 -3.2882884E-03   2.726908    
 -3.2782783E-03   2.709187    
 -3.2682684E-03   2.703429    
 -3.2582583E-03   2.705820    
 -3.2482482E-03   2.709139    
 -3.2382382E-03   2.707267    
 -3.2282281E-03   2.698711    
 -3.2182182E-03   2.686926    
 -3.2082084E-03   2.679059    
 -3.1981983E-03   2.681676    
 -3.1881882E-03   2.697831    
 -3.1781783E-03   2.725401    
 -3.1681682E-03   2.758160    
 -3.1581582E-03   2.788063    
 -3.1481483E-03   2.808711    
 -3.1381380E-03   2.817692    
 -3.1281281E-03   2.816923    
 -3.1181183E-03   2.811436    
 -3.1081082E-03   2.807545    
 -3.0980981E-03   2.810940    
 -3.0880882E-03   2.825613    
 -3.0780782E-03   2.853477    
 -3.0680681E-03   2.894686    
 -3.0580582E-03   2.947376    
 -3.0480481E-03   3.007949    
 -3.0380380E-03   3.070556    
 -3.0280282E-03   3.128353    
 -3.0180181E-03   3.174072    
 -3.0080082E-03   3.202497    
 -2.9979981E-03   3.212228    
 -2.9879878E-03   3.207147    
 -2.9779780E-03   3.195606    
 -2.9679681E-03   3.188369    
 -2.9579580E-03   3.195739    
 -2.9479479E-03   3.224464    
 -2.9379381E-03   3.276151    
 -2.9279280E-03   3.347310    
 -2.9179181E-03   3.431249    
 -2.9079081E-03   3.519892    
 -2.8978977E-03   3.606420    
 -2.8878879E-03   3.686238    
 -2.8778778E-03   3.757072    
 -2.8678679E-03   3.818542    
 -2.8578578E-03   3.870833    
 -2.8478478E-03   3.915013    
 -2.8378379E-03   3.951596    
 -2.8278281E-03   3.981182    
 -2.8178177E-03   4.004408    
 -2.8078076E-03   4.021065    
 -2.7977978E-03   4.030273    
 -2.7877877E-03   4.030583    
 -2.7777778E-03   4.020538    
 -2.7677678E-03   3.999933    
 -2.7577577E-03   3.970923    
 -2.7477478E-03   3.938368    
 -2.7377380E-03   3.908754    
 -2.7277276E-03   3.888633    
 -2.7177178E-03   3.882550    
 -2.7077077E-03   3.891420    
 -2.6976976E-03   3.912685    
 -2.6876878E-03   3.941694    
 -2.6776779E-03   3.973682    
 -2.6676676E-03   4.006072    
 -2.6576577E-03   4.039132    
 -2.6476476E-03   4.075685    
 -2.6376375E-03   4.119290    
 -2.6276277E-03   4.171916    
 -2.6176176E-03   4.233820    
 -2.6076075E-03   4.302959    
 -2.5975977E-03   4.376154    
 -2.5875878E-03   4.450953    
 -2.5775777E-03   4.525902    
 -2.5675676E-03   4.600917    
 -2.5575575E-03   4.676589    
 -2.5475475E-03   4.752717    
 -2.5375376E-03   4.828781    
 -2.5275275E-03   4.903265    
 -2.5175174E-03   4.974893    
 -2.5075076E-03   5.043015    
 -2.4974977E-03   5.106568    
 -2.4874876E-03   5.163436    
 -2.4774773E-03   5.208791    
 -2.4674674E-03   5.235123    
 -2.4574574E-03   5.235026    
 -2.4474475E-03   5.203301    
 -2.4374374E-03   5.141602    
 -2.4274273E-03   5.059399    
 -2.4174175E-03   4.973231    
 -2.4074076E-03   4.901617    
 -2.3973975E-03   4.858945    
 -2.3873874E-03   4.850120    
 -2.3773774E-03   4.869549    
 -2.3673673E-03   4.904123    
 -2.3573574E-03   4.940159    
 -2.3473476E-03   4.970392    
 -2.3373372E-03   4.998432    
 -2.3273274E-03   5.036878    
 -2.3173175E-03   5.102028    
 -2.3073072E-03   5.204447    
 -2.2972974E-03   5.342726    
 -2.2872873E-03   5.502067    
 -2.2772772E-03   5.659334    
 -2.2672673E-03   5.791427    
 -2.2572575E-03   5.885240    
 -2.2472474E-03   5.941936    
 -2.2372373E-03   5.975499    
 -2.2272274E-03   6.004792    
 -2.2172171E-03   6.044878    
 -2.2072073E-03   6.099918    
 -2.1971972E-03   6.162956    
 -2.1871871E-03   6.221074    
 -2.1771772E-03   6.264618    
 -2.1671674E-03   6.294063    
 -2.1571573E-03   6.321893    
 -2.1471472E-03   6.366921    
 -2.1371371E-03   6.445017    
 -2.1271270E-03   6.559700    
 -2.1171172E-03   6.698164    
 -2.1071073E-03   6.835471    
 -2.0970970E-03   6.944263    
 -2.0870871E-03   7.007396    
 -2.0770773E-03   7.025774    
 -2.0670672E-03   7.018865    
 -2.0570571E-03   7.017532    
 -2.0470468E-03   7.050252    
 -2.0370369E-03   7.133271    
 -2.0270271E-03   7.264000    
 -2.0170170E-03   7.423850    
 -2.0070069E-03   7.587706    
 -1.9969970E-03   7.735097    
 -1.9869870E-03   7.857350    
 -1.9769771E-03   7.959598    
 -1.9669670E-03   8.055848    
 -1.9569569E-03   8.160074    
 -1.9469468E-03   8.279887    
 -1.9369370E-03   8.413002    
 -1.9269269E-03   8.551031    
 -1.9169169E-03   8.683976    
 -1.9069071E-03   8.807394    
 -1.8968969E-03   8.923660    
 -1.8868870E-03   9.041348    
 -1.8768768E-03   9.169738    
 -1.8668667E-03   9.314576    
 -1.8568569E-03   9.475872    
 -1.8468469E-03   9.650058    
 -1.8368368E-03   9.833008    
 -1.8268268E-03   10.02458    
 -1.8168170E-03   10.22921    
 -1.8068068E-03   10.45289    
 -1.7967967E-03   10.69926    
 -1.7867868E-03   10.96464    
 -1.7767766E-03   11.23681    
 -1.7667668E-03   11.49825    
 -1.7567568E-03   11.73257    
 -1.7467467E-03   11.93098    
 -1.7367367E-03   12.09609    
 -1.7267269E-03   12.24088    
 -1.7167168E-03   12.38402    
 -1.7067066E-03   12.54231    
 -1.6966967E-03   12.72497    
 -1.6866866E-03   12.93179    
 -1.6766769E-03   13.15420    
 -1.6666666E-03   13.37977    
 -1.6566566E-03   13.59711    
 -1.6466468E-03   13.79735    
 -1.6366368E-03   13.97571    
 -1.6266268E-03   14.13021    
 -1.6166165E-03   14.26072    
 -1.6066066E-03   14.37006    
 -1.5965967E-03   14.46580    
 -1.5865864E-03   14.56199    
 -1.5765765E-03   14.67844    
 -1.5665665E-03   14.83677    
 -1.5565567E-03   15.05486    
 -1.5465467E-03   15.34009    
 -1.5365368E-03   15.68618    
 -1.5265265E-03   16.07494    
 -1.5165166E-03   16.48244    
 -1.5065067E-03   16.88735    
 -1.4964964E-03   17.27727    
 -1.4864864E-03   17.65300    
 -1.4764764E-03   18.02393    
 -1.4664661E-03   18.40283    
 -1.4564563E-03   18.79892    
 -1.4464463E-03   19.21391    
 -1.4364364E-03   19.64269    
 -1.4264265E-03   20.07849    
 -1.4164166E-03   20.51769    
 -1.4064063E-03   20.96483    
 -1.3963963E-03   21.43025    
 -1.3863865E-03   21.92652    
 -1.3763765E-03   22.46125    
 -1.3663666E-03   23.03167    
 -1.3563567E-03   23.62414    
 -1.3463463E-03   24.21769    
 -1.3363364E-03   24.78958    
 -1.3263260E-03   25.32399    
 -1.3163162E-03   25.81494    
 -1.3063062E-03   26.26789    
 -1.2962964E-03   26.69769    
 -1.2862860E-03   27.12331    
 -1.2762761E-03   27.56535    
 -1.2662662E-03   28.04183    
 -1.2562562E-03   28.56802    
 -1.2462464E-03   29.15425    
 -1.2362364E-03   29.80462    
 -1.2262261E-03   30.51589    
 -1.2162162E-03   31.27588    
 -1.2062063E-03   32.06638    
 -1.1961963E-03   32.86601    
 -1.1861864E-03   33.65667    
 -1.1761765E-03   34.42829    
 -1.1661662E-03   35.18239    
 -1.1561563E-03   35.93207    
 -1.1461460E-03   36.69770    
 -1.1361360E-03   37.50246    
 -1.1261262E-03   38.36655    
 -1.1161162E-03   39.30665    
 -1.1061059E-03   40.33115    
 -1.0960960E-03   41.44352    
 -1.0860860E-03   42.63785    
 -1.0760761E-03   43.89875    
 -1.0660662E-03   45.19834    
 -1.0560562E-03   46.50117    
 -1.0460459E-03   47.77146    
 -1.0360361E-03   48.98437    
 -1.0260261E-03   50.14125    
 -1.0160162E-03   51.27528    
 -1.0060063E-03   52.44798    
 -9.9599641E-04   53.73296    
 -9.8598609E-04   55.19054    
 -9.7597571E-04   56.84191    
 -9.6596580E-04   58.65800    
 -9.5595588E-04   60.56410    
 -9.4594597E-04   62.46552    
 -9.3593606E-04   64.28264    
 -9.2592573E-04   65.98504    
 -9.1591582E-04   67.60613    
 -9.0590591E-04   69.23603    
 -8.9589600E-04   70.99059    
 -8.8588602E-04   72.96855    
 -8.7587611E-04   75.21589    
 -8.6586579E-04   77.70837    
 -8.5585588E-04   80.36253    
 -8.4584596E-04   83.06590    
 -8.3583605E-04   85.72184    
 -8.2582614E-04   88.28165    
 -8.1581622E-04   90.76126    
 -8.0580550E-04   93.23335    
 -7.9579558E-04   95.80064    
 -7.8578567E-04   98.56615    
 -7.7577576E-04   101.6016    
 -7.6576584E-04   104.9371    
 -7.5575552E-04   108.5612    
 -7.4574561E-04   112.4321    
 -7.3573564E-04   116.4965    
 -7.2572572E-04   120.7041    
 -7.1571581E-04   125.0197    
 -7.0570590E-04   129.4319    
 -6.9569558E-04   133.9561    
 -6.8568566E-04   138.6366    
 -6.7567575E-04   143.5437    
 -6.6566584E-04   148.7593    
 -6.5565592E-04   154.3598    
 -6.4564601E-04   160.3956    
 -6.3563528E-04   166.8728    
 -6.2562537E-04   173.7534    
 -6.1561546E-04   180.9713    
 -6.0560554E-04   188.4620    
 -5.9559557E-04   196.1904    
 -5.8558566E-04   204.1789    
 -5.7557534E-04   212.5004    
 -5.6556542E-04   221.2574    
 -5.5555551E-04   230.5393    
 -5.4554560E-04   240.3882    
 -5.3553568E-04   250.7811    
 -5.2552577E-04   261.6471    
 -5.1551545E-04   272.9113    
 -5.0550554E-04   284.5457    
 -4.9549562E-04   296.6136    
 -4.8548568E-04   309.2744    
 -4.7547577E-04   322.7480    
 -4.6546545E-04   337.2533    
 -4.5545513E-04   352.9310    
 -4.4544521E-04   369.7964    
 -4.3543530E-04   387.7244    
 -4.2542536E-04   406.4851    
 -4.1541544E-04   425.8080    
 -4.0540553E-04   445.4553    
 -3.9539521E-04   465.2740    
 -3.8538530E-04   485.2104    
 -3.7537538E-04   505.2941    
 -3.6536544E-04   525.5995    
 -3.5535553E-04   546.1934    
 -3.4534562E-04   567.1228    
 -3.3533529E-04   588.4076    
 -3.2532538E-04   610.0632    
 -3.1531547E-04   632.1288    
 -3.0530553E-04   654.6837    
 -2.9529521E-04   677.8354    
 -2.8528529E-04   701.6928    
 -2.7527497E-04   726.3326    
 -2.6526506E-04   751.7587    
 -2.5525515E-04   777.8831    
 -2.4524523E-04   804.5376    
 -2.3523530E-04   831.4922    
 -2.2522538E-04   858.4937    
 -2.1521507E-04   885.3057    
 -2.0520514E-04   911.7181    
 -1.9519523E-04   937.5885    
 -1.8518530E-04   962.8246    
 -1.7517539E-04   987.4016    
 -1.6516546E-04   1011.348    
 -1.5515515E-04   1034.738    
 -1.4514523E-04   1057.676    
 -1.3513531E-04   1080.266    
 -1.2512499E-04   1102.581    
 -1.1511507E-04   1124.614    
 -1.0510515E-04   1146.252    
 -9.5094838E-05   1167.277    
 -8.5084917E-05   1187.364    
 -7.5074997E-05   1206.129    
 -6.5065076E-05   1223.173    
 -5.5055156E-05   1238.150    
 -4.5045235E-05   1250.789    
 -3.5034918E-05   1260.927    
 -2.5024998E-05   1268.507    
 -1.5015078E-05   1273.527    
 -5.0051581E-06   1276.022    
  5.0047620E-06   1276.021    
  1.5014683E-05   1273.529    
  2.5024998E-05   1268.506    
  3.5034918E-05   1260.927    
  4.5045235E-05   1250.789    
  5.5055156E-05   1238.149    
  6.5065076E-05   1223.173    
  7.5075390E-05   1206.128    
  8.5085310E-05   1187.364    
  9.5095231E-05   1167.277    
  1.0510515E-04   1146.252    
  1.1511507E-04   1124.613    
  1.2512499E-04   1102.581    
  1.3513531E-04   1080.267    
  1.4514523E-04   1057.676    
  1.5515515E-04   1034.738    
  1.6516507E-04   1011.349    
  1.7517500E-04   987.4023    
  1.8518491E-04   962.8260    
  1.9519523E-04   937.5883    
  2.0520514E-04   911.7181    
  2.1521546E-04   885.3050    
  2.2522538E-04   858.4938    
  2.3523530E-04   831.4921    
  2.4524523E-04   804.5372    
  2.5525552E-04   777.8822    
  2.6526547E-04   751.7576    
  2.7527538E-04   726.3320    
  2.8528529E-04   701.6926    
  2.9529521E-04   677.8354    
  3.0530515E-04   654.6844    
  3.1531547E-04   632.1287    
  3.2532538E-04   610.0630    
  3.3533529E-04   588.4077    
  3.4534521E-04   567.1237    
  3.5535512E-04   546.1942    
  3.6536506E-04   525.6003    
  3.7537538E-04   505.2945    
  3.8538568E-04   485.2092    
  3.9539562E-04   465.2732    
  4.0540553E-04   445.4553    
  4.1541544E-04   425.8083    
  4.2542536E-04   406.4852    
  4.3543568E-04   387.7234    
  4.4544559E-04   369.7958    
  4.5545553E-04   352.9302    
  4.6546545E-04   337.2532    
  4.7547536E-04   322.7482    
  4.8548527E-04   309.2751    
  4.9549562E-04   296.6137    
  5.0550554E-04   284.5459    
  5.1551545E-04   272.9114    
  5.2552536E-04   261.6475    
  5.3553528E-04   250.7813    
  5.4554519E-04   240.3885    
  5.5555592E-04   230.5391    
  5.6556583E-04   221.2569    
  5.7557574E-04   212.4999    
  5.8558566E-04   204.1788    
  5.9559557E-04   196.1904    
  6.0560554E-04   188.4619    
  6.1561581E-04   180.9716    
  6.2562578E-04   173.7530    
  6.3563569E-04   166.8721    
  6.4564560E-04   160.3955    
  6.5565552E-04   154.3600    
  6.6566543E-04   148.7594    
  6.7567575E-04   143.5437    
  6.8568566E-04   138.6366    
  6.9569558E-04   133.9561    
  7.0570549E-04   129.4320    
  7.1571540E-04   125.0199    
  7.2572572E-04   120.7041    
  7.3573604E-04   116.4964    
  7.4574596E-04   112.4319    
  7.5575593E-04   108.5612    
  7.6576584E-04   104.9373    
  7.7577576E-04   101.6016    
  7.8578567E-04   98.56611    
  7.9579599E-04   95.80051    
  8.0580590E-04   93.23301    
  8.1581582E-04   90.76109    
  8.2582573E-04   88.28161    
  8.3583564E-04   85.72193    
  8.4584556E-04   83.06609    
  8.5585588E-04   80.36259    
  8.6586579E-04   77.70839    
  8.7587576E-04   75.21604    
  8.8588567E-04   72.96891    
  8.9589600E-04   70.99057    
  9.0590632E-04   69.23584    
  9.1591623E-04   67.60608    
  9.2592614E-04   65.98515    
  9.3593606E-04   64.28267    
  9.4594597E-04   62.46560    
  9.5595588E-04   60.56409    
  9.6596620E-04   58.65761    
  9.7597612E-04   56.84183    
  9.8598609E-04   55.19061    
  9.9599594E-04   53.73293    
  1.0060059E-03   52.44792    
  1.0160158E-03   51.27504    
  1.0260261E-03   50.14113    
  1.0360361E-03   48.98436    
  1.0460459E-03   47.77144    
  1.0560559E-03   46.50142    
  1.0660662E-03   45.19835    
  1.0760761E-03   43.89874    
  1.0860864E-03   42.63816    
  1.0960964E-03   41.44345    
  1.1061063E-03   40.33107    
  1.1161162E-03   39.30663    
  1.1261262E-03   38.36654    
  1.1361360E-03   37.50252    
  1.1461463E-03   36.69768    
  1.1561563E-03   35.93206    
  1.1661662E-03   35.18240    
  1.1761761E-03   34.42824    
  1.1861860E-03   33.65662    
  1.1961960E-03   32.86620    
  1.2062063E-03   32.06639    
  1.2162162E-03   31.27598    
  1.2262261E-03   30.51592    
  1.2362364E-03   29.80462    
  1.2462464E-03   29.15427    
  1.2562562E-03   28.56803    
  1.2662666E-03   28.04178    
  1.2762765E-03   27.56531    
  1.2862864E-03   27.12337    
  1.2962964E-03   26.69768    
  1.3063062E-03   26.26781    
  1.3163162E-03   25.81488    
  1.3263265E-03   25.32391    
  1.3363364E-03   24.78952    
  1.3463463E-03   24.21767    
  1.3563563E-03   23.62421    
  1.3663662E-03   23.03163    
  1.3763761E-03   22.46123    
  1.3863865E-03   21.92654    
  1.3963963E-03   21.43031    
  1.4064066E-03   20.96480    
  1.4164166E-03   20.51771    
  1.4264265E-03   20.07851    
  1.4364364E-03   19.64267    
  1.4464468E-03   19.21390    
  1.4564566E-03   18.79881    
  1.4664666E-03   18.40279    
  1.4764764E-03   18.02390    
  1.4864864E-03   17.65298    
  1.4964964E-03   17.27723    
  1.5065067E-03   16.88734    
  1.5165166E-03   16.48245    
  1.5265265E-03   16.07493    
  1.5365364E-03   15.68614    
  1.5465464E-03   15.34008    
  1.5565562E-03   15.05480    
  1.5665665E-03   14.83675    
  1.5765765E-03   14.67844    
  1.5865868E-03   14.56184    
  1.5965967E-03   14.46579    
  1.6066066E-03   14.37008    
  1.6166165E-03   14.26072    
  1.6266268E-03   14.13024    
  1.6366368E-03   13.97575    
  1.6466463E-03   13.79733    
  1.6566566E-03   13.59711    
  1.6666669E-03   13.37983    
  1.6766764E-03   13.15413    
  1.6866868E-03   12.93173    
  1.6966963E-03   12.72498    
  1.7067066E-03   12.54229    
  1.7167169E-03   12.38400    
  1.7267264E-03   12.24086    
  1.7367367E-03   12.09610    
  1.7467464E-03   11.93102    
  1.7567567E-03   11.73253    
  1.7667669E-03   11.49819    
  1.7767772E-03   11.23669    
  1.7867868E-03   10.96465    
  1.7967972E-03   10.69938    
  1.8068067E-03   10.45291    
  1.8168170E-03   10.22923    
  1.8268273E-03   10.02468    
  1.8368368E-03   9.833015    
  1.8468471E-03   9.649951    
  1.8568566E-03   9.475865    
  1.8668670E-03   9.314515    
  1.8768765E-03   9.169736    
  1.8868868E-03   9.041348    
  1.8968971E-03   8.923655    
  1.9069066E-03   8.807325    
  1.9169169E-03   8.683997    
  1.9269264E-03   8.550976    
  1.9369368E-03   8.413046    
  1.9469471E-03   8.279852    
  1.9569567E-03   8.160041    
  1.9669670E-03   8.055854    
  1.9769764E-03   7.959585    
  1.9869867E-03   7.857329    
  1.9969963E-03   7.735085    
  2.0070074E-03   7.587732    
  2.0170177E-03   7.423884    
  2.0270273E-03   7.264002    
  2.0370376E-03   7.133357    
  2.0470470E-03   7.050319    
  2.0570573E-03   7.017535    
  2.0670677E-03   7.018965    
  2.0770773E-03   7.025777    
  2.0870876E-03   7.007412    
  2.0970970E-03   6.944265    
  2.1071073E-03   6.835438    
  2.1171169E-03   6.698199    
  2.1271273E-03   6.559701    
  2.1371376E-03   6.444949    
  2.1471470E-03   6.366879    
  2.1571573E-03   6.321784    
  2.1671669E-03   6.294023    
  2.1771772E-03   6.264644    
  2.1871876E-03   6.221051    
  2.1971972E-03   6.162897    
  2.2072075E-03   6.099937    
  2.2172169E-03   6.044940    
  2.2272272E-03   6.004757    
  2.2372368E-03   5.975459    
  2.2472471E-03   5.941974    
  2.2572575E-03   5.885232    
  2.2672669E-03   5.791416    
  2.2772772E-03   5.659351    
  2.2872868E-03   5.502136    
  2.2972971E-03   5.342737    
  2.3073074E-03   5.204471    
  2.3173168E-03   5.102052    
  2.3273272E-03   5.036895    
  2.3373368E-03   4.998356    
  2.3473478E-03   4.970366    
  2.3573574E-03   4.940145    
  2.3673677E-03   4.904095    
  2.3773781E-03   4.869525    
  2.3873874E-03   4.850127    
  2.3973978E-03   4.858967    
  2.4074074E-03   4.901617    
  2.4174177E-03   4.973228    
  2.4274280E-03   5.059384    
  2.4374374E-03   5.141560    
  2.4474477E-03   5.203374    
  2.4574574E-03   5.235055    
  2.4674677E-03   5.235201    
  2.4774773E-03   5.208733    
  2.4874876E-03   5.163456    
  2.4974979E-03   5.106666    
  2.5075073E-03   5.043055    
  2.5175177E-03   4.974947    
  2.5275273E-03   4.903370    
  2.5375376E-03   4.828763    
  2.5475479E-03   4.752759    
  2.5575573E-03   4.676584    
  2.5675676E-03   4.600908    
  2.5775773E-03   4.525736    
  2.5875876E-03   4.450891    
  2.5975970E-03   4.376189    
  2.6076073E-03   4.302975    
  2.6176176E-03   4.233859    
  2.6276272E-03   4.171956    
  2.6376375E-03   4.119285    
  2.6476469E-03   4.075716    
  2.6576573E-03   4.039137    
  2.6676676E-03   4.006086    
  2.6776772E-03   3.973600    
  2.6876875E-03   3.941640    
  2.6976978E-03   3.912703    
  2.7077082E-03   3.891352    
  2.7177185E-03   3.882529    
  2.7277281E-03   3.888623    
  2.7377382E-03   3.908709    
  2.7477478E-03   3.938375    
  2.7577581E-03   3.970912    
  2.7677678E-03   3.999873    
  2.7777781E-03   4.020490    
  2.7877884E-03   4.030606    
  2.7977978E-03   4.030303    
  2.8078081E-03   4.021081    
  2.8178177E-03   4.004402    
  2.8278281E-03   3.981176    
  2.8378384E-03   3.951524    
  2.8478478E-03   3.915010    
  2.8578581E-03   3.870855    
  2.8678677E-03   3.818517    
  2.8778780E-03   3.757122    
  2.8878874E-03   3.686252    
  2.8978977E-03   3.606417    
  2.9079081E-03   3.519887    
  2.9179177E-03   3.431337    
  2.9279280E-03   3.347326    
  2.9379374E-03   3.276170    
  2.9479477E-03   3.224415    
  2.9579580E-03   3.195771    
  2.9679677E-03   3.188401    
  2.9779780E-03   3.195597    
  2.9879876E-03   3.207198    
  2.9979979E-03   3.212232    
  3.0080073E-03   3.202419    
  3.0180176E-03   3.174027    
  3.0280279E-03   3.128377    
  3.0380383E-03   3.070620    
  3.0480486E-03   3.007901    
  3.0580582E-03   2.947373    
  3.0680685E-03   2.894698    
  3.0780789E-03   2.853532    
  3.0880882E-03   2.825628    
  3.0980986E-03   2.810861    
  3.1081082E-03   2.807552    
  3.1181185E-03   2.811446    
  3.1281279E-03   2.816902    
  3.1381382E-03   2.817703    
  3.1481485E-03   2.808729    
  3.1581582E-03   2.788046    
  3.1681685E-03   2.758128    
  3.1781779E-03   2.725466    
  3.1881882E-03   2.697810    
  3.1981985E-03   2.681647    
  3.2082081E-03   2.679041    
  3.2182185E-03   2.686933    
  3.2282281E-03   2.698700    
  3.2382382E-03   2.707266    
  3.2482478E-03   2.709144    
  3.2582581E-03   2.705837    
  3.2682684E-03   2.703431    
  3.2782780E-03   2.709246    
  3.2882884E-03   2.726912    
  3.2982978E-03   2.753924    
  3.3083081E-03   2.780545    
  3.3183184E-03   2.793464    
  3.3283280E-03   2.780842    
  3.3383383E-03   2.737916    
  3.3483477E-03   2.669409    
  3.3583581E-03   2.588598    
  3.3683677E-03   2.512458    
  3.3783787E-03   2.455677    
  3.3883890E-03   2.425270    
  3.3983986E-03   2.419028    
  3.4084090E-03   2.427132    
  3.4184183E-03   2.437564    
  3.4284287E-03   2.440602    
  3.4384390E-03   2.432826    
  3.4484486E-03   2.417101    
  3.4584589E-03   2.400287    
  3.4684683E-03   2.388753    
  3.4784786E-03   2.385315    
  3.4884890E-03   2.387984    
  3.4984986E-03   2.391177    
  3.5085089E-03   2.388515    
  3.5185185E-03   2.375477    
  3.5285288E-03   2.351263    
  3.5385382E-03   2.318434    
  3.5485486E-03   2.281109    
  3.5585589E-03   2.243344    
  3.5685685E-03   2.207393    
  3.5785788E-03   2.173783    
  3.5885882E-03   2.142338    
  3.5985985E-03   2.112792    
  3.6086089E-03   2.086458    
  3.6186185E-03   2.065228    
  3.6286288E-03   2.051851    
  3.6386382E-03   2.048601    
  3.6486485E-03   2.056771    
  3.6586581E-03   2.076985    
  3.6686684E-03   2.108551    
  3.6786788E-03   2.150151    
  3.6886882E-03   2.198724    
  3.6986985E-03   2.249414    
  3.7087081E-03   2.295860    
  3.7187191E-03   2.330853    
  3.7287294E-03   2.348517    
  3.7387391E-03   2.346047    
  3.7487494E-03   2.325911    
  3.7587588E-03   2.295382    
  3.7687691E-03   2.264571    
  3.7787787E-03   2.243144    
  3.7887890E-03   2.236946    
  3.7987994E-03   2.246201    
  3.8088090E-03   2.265687    
  3.8188193E-03   2.287418    
  3.8288287E-03   2.304167    
  3.8388390E-03   2.311810    
  3.8488493E-03   2.311090    
  3.8588590E-03   2.305514    
  3.8688693E-03   2.299444    
  3.8788787E-03   2.295297    
  3.8888890E-03   2.292689    
  3.8988986E-03   2.288922    
  3.9089089E-03   2.281686    
  3.9189192E-03   2.270646    
  3.9289286E-03   2.258209    
  3.9389390E-03   2.248322    
  3.9489483E-03   2.244008    
  3.9589587E-03   2.244728    
  3.9689690E-03   2.245942    
  3.9789788E-03   2.240338    
  3.9889892E-03   2.221997    
  3.9989986E-03   2.188793    
  4.0090089E-03   2.145233    
  4.0190183E-03   2.100964    
  4.0290286E-03   2.067023    
  4.0390389E-03   2.051462    
  4.0490488E-03   2.055611    
  4.0590595E-03   2.072838    
  4.0690694E-03   2.091882    
  4.0790793E-03   2.100772    
  4.0890896E-03   2.091741    
  4.0990994E-03   2.063600    
  4.1091098E-03   2.021451    
  4.1191191E-03   1.973575    
  4.1291295E-03   1.927100    
  4.1391389E-03   1.885515    
  4.1491492E-03   1.847618    
  4.1591595E-03   1.809816    
  4.1691693E-03   1.768907    
  4.1791797E-03   1.724683    
  4.1891891E-03   1.680408    
  4.1991994E-03   1.641790    
  4.2092097E-03   1.613828    
  4.2192191E-03   1.598409    
  4.2292294E-03   1.593834    
  4.2392388E-03   1.595268    
  4.2492491E-03   1.597451    
  4.2592590E-03   1.596736    
  4.2692693E-03   1.592249    
  4.2792796E-03   1.585413    
  4.2892890E-03   1.578318    
  4.2992993E-03   1.571991    
  4.3093087E-03   1.566112    
  4.3193190E-03   1.559134    
  4.3293294E-03   1.550227    
  4.3393392E-03   1.540045    
  4.3493495E-03   1.531137    
  4.3593589E-03   1.526196    
  4.3693692E-03   1.526584    
  4.3793786E-03   1.530547    
  4.3893890E-03   1.533687    
  4.3994002E-03   1.530921    
  4.4094096E-03   1.519062    
  4.4194199E-03   1.499278    
  4.4294293E-03   1.477200    
  4.4394396E-03   1.460837    
  4.4494499E-03   1.456919    
  4.4594598E-03   1.467276    
  4.4694701E-03   1.487465    
  4.4794795E-03   1.507950    
  4.4894898E-03   1.518230    
  4.4995002E-03   1.510827    
  4.5095095E-03   1.484958    
  4.5195199E-03   1.446176    
  4.5295293E-03   1.403957    
  4.5395396E-03   1.367241    
  4.5495494E-03   1.340598    
  4.5595597E-03   1.322737    
  4.5695701E-03   1.307919    
  4.5795795E-03   1.289533    
  4.5895898E-03   1.263976    
  4.5995992E-03   1.232602    
  4.6096095E-03   1.201075    
  4.6196198E-03   1.176442    
  4.6296297E-03   1.163685    
  4.6396400E-03   1.163207    
  4.6496494E-03   1.170886    
  4.6596597E-03   1.180102    
  4.6696691E-03   1.185394    
  4.6796794E-03   1.184733    
  4.6896897E-03   1.180113    
  4.6996991E-03   1.175907    
  4.7097094E-03   1.176287    
  4.7197193E-03   1.182299    
  4.7297296E-03   1.191589    
  4.7397404E-03   1.199413    
  4.7497503E-03   1.201429    
  4.7597606E-03   1.196019    
  4.7697700E-03   1.185343    
  4.7797803E-03   1.174233    
  4.7897897E-03   1.167633    
  4.7998000E-03   1.168189    
  4.8098103E-03   1.174820    
  4.8198197E-03   1.183391    
  4.8298300E-03   1.189225    
  4.8398399E-03   1.189295    
  4.8498502E-03   1.183901    
  4.8598605E-03   1.176488    
  4.8698699E-03   1.171424    
  4.8798802E-03   1.171944    
  4.8898896E-03   1.178061    
  4.8998999E-03   1.186937    
  4.9099098E-03   1.194098    
  4.9199201E-03   1.195948    
  4.9299304E-03   1.191650    
  4.9399398E-03   1.183089    
  4.9499501E-03   1.174183    
  4.9599595E-03   1.168158    
  4.9699699E-03   1.166256    
  4.9799802E-03   1.166909    
  4.9899896E-03   1.166704    
  4.9999999E-03   1.162371    
