 -2.0000000E-02  0.1705110    
 -1.9959960E-02  0.1712419    
 -1.9919921E-02  0.1705614    
 -1.9879879E-02  0.1675784    
 -1.9839840E-02  0.1626404    
 -1.9799801E-02  0.1572297    
 -1.9759761E-02  0.1532469    
 -1.9719720E-02  0.1520565    
 -1.9679680E-02  0.1537864    
 -1.9639639E-02  0.1572278    
 -1.9599600E-02  0.1603554    
 -1.9559558E-02  0.1613479    
 -1.9519519E-02  0.1595192    
 -1.9479480E-02  0.1557018    
 -1.9439440E-02  0.1519192    
 -1.9399401E-02  0.1504854    
 -1.9359360E-02  0.1528375    
 -1.9319320E-02  0.1588356    
 -1.9279279E-02  0.1666828    
 -1.9239239E-02  0.1737013    
 -1.9199198E-02  0.1775226    
 -1.9159159E-02  0.1772396    
 -1.9119119E-02  0.1738030    
 -1.9079080E-02  0.1697435    
 -1.9039040E-02  0.1680586    
 -1.8998999E-02  0.1709247    
 -1.8958960E-02  0.1787486    
 -1.8918918E-02  0.1899786    
 -1.8878879E-02  0.2018092    
 -1.8838838E-02  0.2112957    
 -1.8798798E-02  0.2166491    
 -1.8758759E-02  0.2177725    
 -1.8718719E-02  0.2161191    
 -1.8678680E-02  0.2138164    
 -1.8638639E-02  0.2125719    
 -1.8598599E-02  0.2128893    
 -1.8558560E-02  0.2138713    
 -1.8518519E-02  0.2138882    
 -1.8478477E-02  0.2115287    
 -1.8438438E-02  0.2064642    
 -1.8398399E-02  0.1998219    
 -1.8358359E-02  0.1936865    
 -1.8318318E-02  0.1901435    
 -1.8278278E-02  0.1902019    
 -1.8238239E-02  0.1932381    
 -1.8198200E-02  0.1970936    
 -1.8158158E-02  0.1990569    
 -1.8118117E-02  0.1970536    
 -1.8078078E-02  0.1906648    
 -1.8038038E-02  0.1813847    
 -1.7997999E-02  0.1720576    
 -1.7957957E-02  0.1656542    
 -1.7917918E-02  0.1640452    
 -1.7877879E-02  0.1672346    
 -1.7837839E-02  0.1734782    
 -1.7797798E-02  0.1801694    
 -1.7757757E-02  0.1850905    
 -1.7717717E-02  0.1874212    
 -1.7677678E-02  0.1880316    
 -1.7637638E-02  0.1889473    
 -1.7597597E-02  0.1921872    
 -1.7557558E-02  0.1986786    
 -1.7517518E-02  0.2076591    
 -1.7477479E-02  0.2169568    
 -1.7437439E-02  0.2240052    
 -1.7397398E-02  0.2271181    
 -1.7357357E-02  0.2264170    
 -1.7317317E-02  0.2239328    
 -1.7277276E-02  0.2227256    
 -1.7237237E-02  0.2255821    
 -1.7197197E-02  0.2336217    
 -1.7157158E-02  0.2457134    
 -1.7117118E-02  0.2588077    
 -1.7077077E-02  0.2691278    
 -1.7037038E-02  0.2737358    
 -1.6996996E-02  0.2716745    
 -1.6956957E-02  0.2643111    
 -1.6916918E-02  0.2546328    
 -1.6876876E-02  0.2459242    
 -1.6836837E-02  0.2403731    
 -1.6796798E-02  0.2383338    
 -1.6756758E-02  0.2383842    
 -1.6716717E-02  0.2383384    
 -1.6676677E-02  0.2364227    
 -1.6636636E-02  0.2322478    
 -1.6596597E-02  0.2269787    
 -1.6556555E-02  0.2226875    
 -1.6516516E-02  0.2212075    
 -1.6476477E-02  0.2230807    
 -1.6436437E-02  0.2271870    
 -1.6396398E-02  0.2311895    
 -1.6356356E-02  0.2326811    
 -1.6316317E-02  0.2304586    
 -1.6276278E-02  0.2251410    
 -1.6236236E-02  0.2191447    
 -1.6196197E-02  0.2155788    
 -1.6156156E-02  0.2167875    
 -1.6116116E-02  0.2231997    
 -1.6076077E-02  0.2331092    
 -1.6036035E-02  0.2432798    
 -1.5995998E-02  0.2504127    
 -1.5955957E-02  0.2527689    
 -1.5915917E-02  0.2508932    
 -1.5875876E-02  0.2475516    
 -1.5835835E-02  0.2464687    
 -1.5795795E-02  0.2506059    
 -1.5755756E-02  0.2608564    
 -1.5715716E-02  0.2754128    
 -1.5675677E-02  0.2906077    
 -1.5635636E-02  0.3023295    
 -1.5595595E-02  0.3077838    
 -1.5555556E-02  0.3066729    
 -1.5515515E-02  0.3011592    
 -1.5475477E-02  0.2948388    
 -1.5435436E-02  0.2911463    
 -1.5395395E-02  0.2918628    
 -1.5355356E-02  0.2964932    
 -1.5315315E-02  0.3026995    
 -1.5275275E-02  0.3075517    
 -1.5235236E-02  0.3090807    
 -1.5195196E-02  0.3071362    
 -1.5155156E-02  0.3034656    
 -1.5115115E-02  0.3007527    
 -1.5075075E-02  0.3011731    
 -1.5035035E-02  0.3052790    
 -1.4994996E-02  0.3116116    
 -1.4954954E-02  0.3173372    
 -1.4914915E-02  0.3195936    
 -1.4874876E-02  0.3168086    
 -1.4834835E-02  0.3094697    
 -1.4794794E-02  0.2999436    
 -1.4754754E-02  0.2912965    
 -1.4714715E-02  0.2859601    
 -1.4674676E-02  0.2845778    
 -1.4634635E-02  0.2859059    
 -1.4594594E-02  0.2875911    
 -1.4554555E-02  0.2876053    
 -1.4514515E-02  0.2855040    
 -1.4474475E-02  0.2829365    
 -1.4434434E-02  0.2830249    
 -1.4394394E-02  0.2889669    
 -1.4354355E-02  0.3023465    
 -1.4314315E-02  0.3220733    
 -1.4274274E-02  0.3444370    
 -1.4234234E-02  0.3643504    
 -1.4194194E-02  0.3772613    
 -1.4154155E-02  0.3809149    
 -1.4114115E-02  0.3762119    
 -1.4074074E-02  0.3667692    
 -1.4034034E-02  0.3573685    
 -1.3993994E-02  0.3520995    
 -1.3953955E-02  0.3528650    
 -1.3913914E-02  0.3589149    
 -1.3873873E-02  0.3677250    
 -1.3833834E-02  0.3763790    
 -1.3793794E-02  0.3831597    
 -1.3753753E-02  0.3882420    
 -1.3713714E-02  0.3933744    
 -1.3673673E-02  0.4006482    
 -1.3633634E-02  0.4110936    
 -1.3593595E-02  0.4237472    
 -1.3553553E-02  0.4358403    
 -1.3513514E-02  0.4439598    
 -1.3473473E-02  0.4457240    
 -1.3433434E-02  0.4411580    
 -1.3393395E-02  0.4330627    
 -1.3353353E-02  0.4261249    
 -1.3313313E-02  0.4250987    
 -1.3273274E-02  0.4328397    
 -1.3233233E-02  0.4491559    
 -1.3193194E-02  0.4706901    
 -1.3153153E-02  0.4924836    
 -1.3113113E-02  0.5097974    
 -1.3073074E-02  0.5199769    
 -1.3033033E-02  0.5232372    
 -1.2992993E-02  0.5221884    
 -1.2952953E-02  0.5202910    
 -1.2912912E-02  0.5201747    
 -1.2872873E-02  0.5223549    
 -1.2832833E-02  0.5253097    
 -1.2792793E-02  0.5264685    
 -1.2752753E-02  0.5238132    
 -1.2712713E-02  0.5172483    
 -1.2672673E-02  0.5088894    
 -1.2632633E-02  0.5022861    
 -1.2592593E-02  0.5006390    
 -1.2552552E-02  0.5051846    
 -1.2512513E-02  0.5143733    
 -1.2472473E-02  0.5241696    
 -1.2432433E-02  0.5297286    
 -1.2392392E-02  0.5274324    
 -1.2352353E-02  0.5164834    
 -1.2312313E-02  0.4993397    
 -1.2272272E-02  0.4806846    
 -1.2232233E-02  0.4655093    
 -1.2192192E-02  0.4570113    
 -1.2152152E-02  0.4554465    
 -1.2112113E-02  0.4582783    
 -1.2072072E-02  0.4615833    
 -1.2032033E-02  0.4621358    
 -1.1991993E-02  0.4590839    
 -1.1951951E-02  0.4543530    
 -1.1911912E-02  0.4519027    
 -1.1871872E-02  0.4558099    
 -1.1831832E-02  0.4682571    
 -1.1791792E-02  0.4883987    
 -1.1751752E-02  0.5124956    
 -1.1711712E-02  0.5353424    
 -1.1671673E-02  0.5522851    
 -1.1631632E-02  0.5611367    
 -1.1591591E-02  0.5627119    
 -1.1551552E-02  0.5603837    
 -1.1511511E-02  0.5584517    
 -1.1471472E-02  0.5603113    
 -1.1431431E-02  0.5672245    
 -1.1391391E-02  0.5782781    
 -1.1351352E-02  0.5911289    
 -1.1311312E-02  0.6035278    
 -1.1271271E-02  0.6143968    
 -1.1231231E-02  0.6242239    
 -1.1191191E-02  0.6345342    
 -1.1151151E-02  0.6466445    
 -1.1111111E-02  0.6607577    
 -1.1071071E-02  0.6754805    
 -1.1031031E-02  0.6884255    
 -1.0990991E-02  0.6973110    
 -1.0950952E-02  0.7011179    
 -1.0910911E-02  0.7006323    
 -1.0870871E-02  0.6980405    
 -1.0830831E-02  0.6957186    
 -1.0790790E-02  0.6948089    
 -1.0750751E-02  0.6945786    
 -1.0710712E-02  0.6926084    
 -1.0670670E-02  0.6861116    
 -1.0630631E-02  0.6737586    
 -1.0590591E-02  0.6568781    
 -1.0550550E-02  0.6396514    
 -1.0510511E-02  0.6275732    
 -1.0470470E-02  0.6253226    
 -1.0430430E-02  0.6345149    
 -1.0390391E-02  0.6524757    
 -1.0350351E-02  0.6730458    
 -1.0310311E-02  0.6888915    
 -1.0270271E-02  0.6945486    
 -1.0230230E-02  0.6889610    
 -1.0190190E-02  0.6762420    
 -1.0150150E-02  0.6642411    
 -1.0110110E-02  0.6615450    
 -1.0070070E-02  0.6739550    
 -1.0030030E-02  0.7020258    
 -9.9899909E-03  0.7408600    
 -9.9499505E-03  0.7819445    
 -9.9099092E-03  0.8166423    
 -9.8698698E-03  0.8395385    
 -9.8298294E-03  0.8503884    
 -9.7897900E-03  0.8538193    
 -9.7497497E-03  0.8568913    
 -9.7097093E-03  0.8658044    
 -9.6696699E-03  0.8829893    
 -9.6296305E-03  0.9061939    
 -9.5895901E-03  0.9295716    
 -9.5495498E-03  0.9464497    
 -9.5095094E-03  0.9525000    
 -9.4694691E-03  0.9477167    
 -9.4294297E-03  0.9364494    
 -9.3893902E-03  0.9256389    
 -9.3493490E-03  0.9216797    
 -9.3093095E-03  0.9279066    
 -9.2692701E-03  0.9433329    
 -9.2292288E-03  0.9634489    
 -9.1891894E-03  0.9824613    
 -9.1491491E-03  0.9960119    
 -9.1091087E-03   1.002918    
 -9.0690693E-03   1.005335    
 -9.0290299E-03   1.007337    
 -8.9889895E-03   1.012349    
 -8.9489492E-03   1.021351    
 -8.9089097E-03   1.032004    
 -8.8688685E-03   1.039823    
 -8.8288290E-03   1.040197    
 -8.7887887E-03   1.031011    
 -8.7487483E-03   1.013817    
 -8.7087089E-03  0.9936746    
 -8.6686695E-03  0.9773529    
 -8.6286291E-03  0.9707558    
 -8.5885888E-03  0.9767365    
 -8.5485484E-03  0.9942682    
 -8.5085081E-03   1.019256    
 -8.4684687E-03   1.046382    
 -8.4284293E-03   1.071216    
 -8.3883880E-03   1.091541    
 -8.3483486E-03   1.107400    
 -8.3083091E-03   1.120103    
 -8.2682688E-03   1.130734    
 -8.2282284E-03   1.139404    
 -8.1881871E-03   1.145481    
 -8.1481477E-03   1.148680    
 -8.1081083E-03   1.150554    
 -8.0680680E-03   1.155181    
 -8.0280276E-03   1.168380    
 -7.9879882E-03   1.195568    
 -7.9479478E-03   1.239052    
 -7.9079084E-03   1.295907    
 -7.8678681E-03   1.357820    
 -7.8278277E-03   1.413090    
 -7.7877874E-03   1.450600    
 -7.7477479E-03   1.463862    
 -7.7077076E-03   1.453944    
 -7.6676677E-03   1.429465    
 -7.6276283E-03   1.403937    
 -7.5875875E-03   1.390997    
 -7.5475480E-03   1.399563    
 -7.5075072E-03   1.430809    
 -7.4674669E-03   1.477980    
 -7.4274275E-03   1.529282    
 -7.3873876E-03   1.572415    
 -7.3473472E-03   1.599077    
 -7.3073073E-03   1.607518    
 -7.2672679E-03   1.602282    
 -7.2272271E-03   1.591679    
 -7.1871867E-03   1.583943    
 -7.1471473E-03   1.583902    
 -7.1071065E-03   1.591806    
 -7.0670671E-03   1.604081    
 -7.0270272E-03   1.615952    
 -6.9869868E-03   1.624224    
 -6.9469470E-03   1.628960    
 -6.9069075E-03   1.633465    
 -6.8668672E-03   1.642348    
 -6.8268264E-03   1.659321    
 -6.7867870E-03   1.685107    
 -6.7467466E-03   1.716974    
 -6.7067076E-03   1.750201    
 -6.6666664E-03   1.779894    
 -6.6266265E-03   1.803340    
 -6.5865871E-03   1.820909    
 -6.5465472E-03   1.835430    
 -6.5065073E-03   1.850759    
 -6.4664660E-03   1.869667    
 -6.4264266E-03   1.892862    
 -6.3863867E-03   1.919036    
 -6.3463454E-03   1.945848    
 -6.3063060E-03   1.971724    
 -6.2662661E-03   1.996663    
 -6.2262267E-03   2.022045    
 -6.1861868E-03   2.049443    
 -6.1461474E-03   2.079201    
 -6.1061061E-03   2.109698    
 -6.0660662E-03   2.138049    
 -6.0260268E-03   2.162076    
 -5.9859855E-03   2.182882    
 -5.9459456E-03   2.206076    
 -5.9059057E-03   2.241283    
 -5.8658645E-03   2.299040    
 -5.8258250E-03   2.386499    
 -5.7857851E-03   2.503237    
 -5.7457457E-03   2.639781    
 -5.7057058E-03   2.779230    
 -5.6656664E-03   2.902354    
 -5.6256251E-03   2.994418    
 -5.5855853E-03   3.050529    
 -5.5455458E-03   3.078293    
 -5.5055059E-03   3.095151    
 -5.4654665E-03   3.122398    
 -5.4254266E-03   3.177197    
 -5.3853854E-03   3.266217    
 -5.3453455E-03   3.382953    
 -5.3053042E-03   3.510092    
 -5.2652648E-03   3.626130    
 -5.2252249E-03   3.713137    
 -5.1851855E-03   3.763246    
 -5.1451442E-03   3.780909    
 -5.1051043E-03   3.781016    
 -5.0650649E-03   3.782873    
 -5.0250250E-03   3.803604    
 -4.9849856E-03   3.852962    
 -4.9449457E-03   3.931378    
 -4.9049044E-03   4.031772    
 -4.8648650E-03   4.143488    
 -4.8248251E-03   4.256720    
 -4.7847852E-03   4.365360    
 -4.7447458E-03   4.467537    
 -4.7047059E-03   4.564280    
 -4.6646646E-03   4.657615    
 -4.6246252E-03   4.749463    
 -4.5845839E-03   4.841599    
 -4.5445440E-03   4.937093    
 -4.5045046E-03   5.041183    
 -4.4644647E-03   5.161177    
 -4.4244234E-03   5.303993    
 -4.3843840E-03   5.472556    
 -4.3443441E-03   5.662573    
 -4.3043043E-03   5.861510    
 -4.2642648E-03   6.050682    
 -4.2242249E-03   6.211102    
 -4.1841837E-03   6.330178    
 -4.1441442E-03   6.407363    
 -4.1041044E-03   6.456066    
 -4.0640649E-03   6.500225    
 -4.0240251E-03   6.567095    
 -3.9839856E-03   6.678164    
 -3.9439443E-03   6.842309    
 -3.9039028E-03   7.053128    
 -3.8638632E-03   7.292339    
 -3.8238235E-03   7.537097    
 -3.7837839E-03   7.768888    
 -3.7437442E-03   7.980087    
 -3.7037029E-03   8.176062    
 -3.6636633E-03   8.371808    
 -3.6236236E-03   8.585513    
 -3.5835840E-03   8.831281    
 -3.5435441E-03   9.114319    
 -3.5035044E-03   9.430579    
 -3.4634632E-03   9.769904    
 -3.4234235E-03   10.12121    
 -3.3833839E-03   10.47706    
 -3.3433442E-03   10.83529    
 -3.3033045E-03   11.19715    
 -3.2632649E-03   11.56411    
 -3.2232220E-03   11.93438    
 -3.1831823E-03   12.30231    
 -3.1431427E-03   12.66134    
 -3.1031030E-03   13.00905    
 -3.0630634E-03   13.35272    
 -3.0230221E-03   13.71137    
 -2.9829824E-03   14.11340    
 -2.9429425E-03   14.58951    
 -2.9029029E-03   15.16353    
 -2.8628632E-03   15.84387    
 -2.8228236E-03   16.62016    
 -2.7827823E-03   17.46581    
 -2.7427427E-03   18.34626    
 -2.7027030E-03   19.23024    
 -2.6626633E-03   20.09925    
 -2.6226237E-03   20.95288    
 -2.5825840E-03   21.80738    
 -2.5425411E-03   22.68933    
 -2.5025015E-03   23.62627    
 -2.4624618E-03   24.63899    
 -2.4224222E-03   25.73757    
 -2.3823823E-03   26.92265    
 -2.3423426E-03   28.19036    
 -2.3023013E-03   29.53916    
 -2.2622617E-03   30.97429    
 -2.2222220E-03   32.50943    
 -2.1821824E-03   34.16310    
 -2.1421427E-03   35.95324    
 -2.1021031E-03   37.89067    
 -2.0620618E-03   39.97506    
 -2.0220221E-03   42.19407    
 -1.9819825E-03   44.52783    
 -1.9419427E-03   46.95478    
 -1.9019031E-03   49.46018    
 -1.8618618E-03   52.04358    
 -1.8218205E-03   54.72233    
 -1.7817809E-03   57.53309    
 -1.7417412E-03   60.52805    
 -1.7017014E-03   63.76796    
 -1.6616618E-03   67.31258    
 -1.6216221E-03   71.21066    
 -1.5815808E-03   75.49305    
 -1.5415412E-03   80.16821    
 -1.5015015E-03   85.22720    
 -1.4614618E-03   90.65157    
 -1.4214221E-03   96.42690    
 -1.3813825E-03   102.5571    
 -1.3413412E-03   109.0721    
 -1.3013015E-03   116.0286    
 -1.2612619E-03   123.5020    
 -1.2212221E-03   131.5695    
 -1.1811808E-03   140.2933    
 -1.1411412E-03   149.7058    
 -1.1010999E-03   159.8105    
 -1.0610602E-03   170.5896    
 -1.0210206E-03   182.0252    
 -9.8098093E-04   194.1198    
 -9.4094122E-04   206.9092    
 -9.0090150E-04   220.4590    
 -8.6086028E-04   234.8429    
 -8.2082057E-04   250.1066    
 -7.8078092E-04   266.2280    
 -7.4074120E-04   283.0847    
 -7.0070155E-04   300.4407    
 -6.6066184E-04   317.9586    
 -6.2062062E-04   335.2303    
 -5.8058091E-04   351.8192    
 -5.4054125E-04   367.3101    
 -5.0049997E-04   381.3329    
 -4.6046029E-04   393.5872    
 -4.2042061E-04   403.8444    
 -3.8037935E-04   411.9510    
 -3.4033967E-04   417.8320    
 -3.0029999E-04   421.5126    
 -2.6026031E-04   423.1367    
 -2.2022062E-04   422.9919    
 -1.8018094E-04   421.5108    
 -1.4013967E-04   419.2469    
 -1.0009999E-04   416.8128    
 -6.0060313E-05   414.7960    
 -2.0020632E-05   413.6648    
  2.0019048E-05   413.6581    
  6.0058730E-05   414.7957    
  1.0009999E-04   416.8129    
  1.4013967E-04   419.2470    
  1.8018094E-04   421.5108    
  2.2022062E-04   422.9919    
  2.6026031E-04   423.1367    
  3.0030156E-04   421.5123    
  3.4034124E-04   417.8319    
  3.8038092E-04   411.9505    
  4.2042061E-04   403.8444    
  4.6046029E-04   393.5872    
  5.0049997E-04   381.3329    
  5.4054125E-04   367.3100    
  5.8058091E-04   351.8193    
  6.2062062E-04   335.2303    
  6.6066027E-04   317.9591    
  7.0069998E-04   300.4416    
  7.4073963E-04   283.0853    
  7.8078092E-04   266.2280    
  8.2082057E-04   250.1066    
  8.6086185E-04   234.8423    
  9.0090150E-04   220.4589    
  9.4094122E-04   206.9092    
  9.8098093E-04   194.1198    
  1.0210221E-03   182.0247    
  1.0610619E-03   170.5892    
  1.1011015E-03   159.8101    
  1.1411412E-03   149.7058    
  1.1811808E-03   140.2933    
  1.2212206E-03   131.5699    
  1.2612619E-03   123.5020    
  1.3013015E-03   116.0286    
  1.3413412E-03   109.0721    
  1.3813808E-03   102.5573    
  1.4214205E-03   96.42728    
  1.4614603E-03   90.65177    
  1.5015015E-03   85.22717    
  1.5415427E-03   80.16805    
  1.5815825E-03   75.49280    
  1.6216221E-03   71.21065    
  1.6616618E-03   67.31257    
  1.7017014E-03   63.76796    
  1.7417427E-03   60.52790    
  1.7817824E-03   57.53299    
  1.8218221E-03   54.72229    
  1.8618618E-03   52.04358    
  1.9019014E-03   49.46035    
  1.9419411E-03   46.95485    
  1.9819825E-03   44.52785    
  2.0220221E-03   42.19408    
  2.0620618E-03   39.97507    
  2.1021015E-03   37.89076    
  2.1421411E-03   35.95333    
  2.1821808E-03   34.16315    
  2.2222237E-03   32.50930    
  2.2622633E-03   30.97422    
  2.3023030E-03   29.53913    
  2.3423426E-03   28.19037    
  2.3823823E-03   26.92265    
  2.4224222E-03   25.73757    
  2.4624632E-03   24.63898    
  2.5025031E-03   23.62624    
  2.5425428E-03   22.68934    
  2.5825824E-03   21.80748    
  2.6226221E-03   20.95294    
  2.6626617E-03   20.09930    
  2.7027030E-03   19.23024    
  2.7427427E-03   18.34625    
  2.7827823E-03   17.46581    
  2.8228220E-03   16.62017    
  2.8628616E-03   15.84393    
  2.9029029E-03   15.16353    
  2.9429442E-03   14.58950    
  2.9829838E-03   14.11336    
  3.0230237E-03   13.71138    
  3.0630634E-03   13.35271    
  3.1031030E-03   13.00905    
  3.1431427E-03   12.66135    
  3.1831840E-03   12.30234    
  3.2232236E-03   11.93440    
  3.2632633E-03   11.56414    
  3.3033029E-03   11.19713    
  3.3433426E-03   10.83531    
  3.3833822E-03   10.47712    
  3.4234235E-03   10.12121    
  3.4634632E-03   9.769901    
  3.5035030E-03   9.430622    
  3.5435427E-03   9.114323    
  3.5835840E-03   8.831281    
  3.6236253E-03   8.585526    
  3.6636649E-03   8.371798    
  3.7037046E-03   8.176044    
  3.7437442E-03   7.980097    
  3.7837839E-03   7.768887    
  3.8238235E-03   7.537098    
  3.8638648E-03   7.292327    
  3.9039045E-03   7.053119    
  3.9439443E-03   6.842312    
  3.9839838E-03   6.678181    
  4.0240237E-03   6.567083    
  4.0640631E-03   6.500232    
  4.1041044E-03   6.456061    
  4.1441442E-03   6.407362    
  4.1841837E-03   6.330173    
  4.2242236E-03   6.211129    
  4.2642648E-03   6.050682    
  4.3043043E-03   5.861513    
  4.3443455E-03   5.662580    
  4.3843854E-03   5.472547    
  4.4244253E-03   5.303958    
  4.4644647E-03   5.161176    
  4.5045046E-03   5.041186    
  4.5445440E-03   4.937093    
  4.5845853E-03   4.841598    
  4.6246252E-03   4.749464    
  4.6646646E-03   4.657612    
  4.7047045E-03   4.564290    
  4.7447439E-03   4.467525    
  4.7847838E-03   4.365368    
  4.8248251E-03   4.256721    
  4.8648650E-03   4.143496    
  4.9049044E-03   4.031773    
  4.9449457E-03   3.931378    
  4.9849856E-03   3.852963    
  5.0250250E-03   3.803605    
  5.0650663E-03   3.782866    
  5.1051062E-03   3.781012    
  5.1451456E-03   3.780911    
  5.1851855E-03   3.763243    
  5.2252249E-03   3.713137    
  5.2652648E-03   3.626130    
  5.3053061E-03   3.510090    
  5.3453455E-03   3.382954    
  5.3853854E-03   3.266218    
  5.4254252E-03   3.177201    
  5.4654647E-03   3.122374    
  5.5055046E-03   3.095139    
  5.5455458E-03   3.078294    
  5.5855853E-03   3.050528    
  5.6256265E-03   2.994405    
  5.6656664E-03   2.902355    
  5.7057058E-03   2.779228    
  5.7457457E-03   2.639780    
  5.7857870E-03   2.503244    
  5.8258264E-03   2.386482    
  5.8658663E-03   2.299050    
  5.9059057E-03   2.241284    
  5.9459456E-03   2.206077    
  5.9859855E-03   2.182881    
  6.0260268E-03   2.162075    
  6.0660662E-03   2.138050    
  6.1061061E-03   2.109699    
  6.1461455E-03   2.079182    
  6.1861854E-03   2.049449    
  6.2262248E-03   2.022053    
  6.2662661E-03   1.996668    
  6.3063060E-03   1.971724    
  6.3463473E-03   1.945826    
  6.3863867E-03   1.919037    
  6.4264266E-03   1.892864    
  6.4664660E-03   1.869670    
  6.5065073E-03   1.850762    
  6.5465472E-03   1.835429    
  6.5865852E-03   1.820886    
  6.6266265E-03   1.803344    
  6.6666678E-03   1.779885    
  6.7067058E-03   1.750184    
  6.7467471E-03   1.716981    
  6.7867851E-03   1.685096    
  6.8268264E-03   1.659319    
  6.8668677E-03   1.642367    
  6.9069057E-03   1.633452    
  6.9469470E-03   1.628962    
  6.9869854E-03   1.624208    
  7.0270267E-03   1.615942    
  7.0670675E-03   1.604082    
  7.1071088E-03   1.591788    
  7.1471473E-03   1.583901    
  7.1871886E-03   1.583943    
  7.2272266E-03   1.591691    
  7.2672679E-03   1.602281    
  7.3073092E-03   1.607512    
  7.3473472E-03   1.599078    
  7.3873885E-03   1.572397    
  7.4274265E-03   1.529284    
  7.4674678E-03   1.477974    
  7.5075058E-03   1.430808    
  7.5475471E-03   1.399569    
  7.5875884E-03   1.390993    
  7.6276264E-03   1.403946    
  7.6676677E-03   1.429466    
  7.7077057E-03   1.453926    
  7.7477470E-03   1.463865    
  7.7877883E-03   1.450588    
  7.8278268E-03   1.413094    
  7.8678681E-03   1.357820    
  7.9079056E-03   1.295928    
  7.9479469E-03   1.239053    
  7.9879854E-03   1.195574    
  8.0280295E-03   1.168378    
  8.0680707E-03   1.155183    
  8.1081092E-03   1.150554    
  8.1481505E-03   1.148680    
  8.1881881E-03   1.145477    
  8.2282294E-03   1.139409    
  8.2682706E-03   1.130719    
  8.3083091E-03   1.120101    
  8.3483504E-03   1.107419    
  8.3883880E-03   1.091540    
  8.4284293E-03   1.071217    
  8.4684677E-03   1.046382    
  8.5085090E-03   1.019251    
  8.5485503E-03  0.9942648    
  8.5885879E-03  0.9767323    
  8.6286291E-03  0.9707513    
  8.6686676E-03  0.9773585    
  8.7087089E-03  0.9936759    
  8.7487502E-03   1.013814    
  8.7887887E-03   1.031024    
  8.8288300E-03   1.040209    
  8.8688675E-03   1.039811    
  8.9089088E-03   1.032013    
  8.9489473E-03   1.021346    
  8.9889886E-03   1.012342    
  9.0290299E-03   1.007340    
  9.0690674E-03   1.005358    
  9.1091087E-03   1.002921    
  9.1491472E-03  0.9960134    
  9.1891885E-03  0.9824654    
  9.2292298E-03  0.9634415    
  9.2692673E-03  0.9433358    
  9.3093086E-03  0.9279027    
  9.3493471E-03  0.9216871    
  9.3893912E-03  0.9256387    
  9.4294297E-03  0.9364497    
  9.4694709E-03  0.9477060    
  9.5095122E-03  0.9525070    
  9.5495498E-03  0.9464464    
  9.5895911E-03  0.9295691    
  9.6296296E-03  0.9061956    
  9.6696708E-03  0.8829669    
  9.7097121E-03  0.8657927    
  9.7497497E-03  0.8568898    
  9.7897910E-03  0.8538299    
  9.8298294E-03  0.8503881    
  9.8698707E-03  0.8395442    
  9.9099092E-03  0.8166441    
  9.9499505E-03  0.7819448    
  9.9899918E-03  0.7408619    
  1.0030029E-02  0.7020293    
  1.0070071E-02  0.6739529    
  1.0110109E-02  0.6615536    
  1.0150150E-02  0.6642429    
  1.0190192E-02  0.6762483    
  1.0230229E-02  0.6889628    
  1.0270271E-02  0.6945507    
  1.0310309E-02  0.6888952    
  1.0350350E-02  0.6730517    
  1.0390388E-02  0.6524780    
  1.0430429E-02  0.6345117    
  1.0470470E-02  0.6253225    
  1.0510509E-02  0.6275695    
  1.0550550E-02  0.6396524    
  1.0590588E-02  0.6568860    
  1.0630629E-02  0.6737570    
  1.0670670E-02  0.6861120    
  1.0710709E-02  0.6925983    
  1.0750750E-02  0.6945787    
  1.0790791E-02  0.6948085    
  1.0830833E-02  0.6957002    
  1.0870874E-02  0.6980420    
  1.0910912E-02  0.7006399    
  1.0950953E-02  0.7011159    
  1.0990991E-02  0.6973104    
  1.1031033E-02  0.6884240    
  1.1071071E-02  0.6754722    
  1.1111112E-02  0.6607494    
  1.1151154E-02  0.6466434    
  1.1191191E-02  0.6345348    
  1.1231232E-02  0.6242294    
  1.1271271E-02  0.6143961    
  1.1311312E-02  0.6035257    
  1.1351353E-02  0.5911289    
  1.1391391E-02  0.5782776    
  1.1431432E-02  0.5672308    
  1.1471471E-02  0.5603105    
  1.1511512E-02  0.5584476    
  1.1551550E-02  0.5603799    
  1.1591591E-02  0.5627108    
  1.1631632E-02  0.5611354    
  1.1671671E-02  0.5522878    
  1.1711712E-02  0.5353420    
  1.1751750E-02  0.5125021    
  1.1791791E-02  0.4884101    
  1.1831832E-02  0.4682556    
  1.1871871E-02  0.4558074    
  1.1911912E-02  0.4519029    
  1.1951950E-02  0.4543624    
  1.1991992E-02  0.4590774    
  1.2032029E-02  0.4621597    
  1.2072071E-02  0.4615784    
  1.2112112E-02  0.4582696    
  1.2152153E-02  0.4554419    
  1.2192194E-02  0.4570161    
  1.2232233E-02  0.4655088    
  1.2272274E-02  0.4806951    
  1.2312315E-02  0.4993412    
  1.2352353E-02  0.5164844    
  1.2392394E-02  0.5274359    
  1.2432433E-02  0.5297295    
  1.2472474E-02  0.5241725    
  1.2512512E-02  0.5143704    
  1.2552553E-02  0.5051932    
  1.2592594E-02  0.5006352    
  1.2632633E-02  0.5022872    
  1.2672674E-02  0.5088981    
  1.2712711E-02  0.5172508    
  1.2752753E-02  0.5238128    
  1.2792794E-02  0.5264740    
  1.2832833E-02  0.5253229    
  1.2872874E-02  0.5223587    
  1.2912912E-02  0.5201668    
  1.2952953E-02  0.5202903    
  1.2992991E-02  0.5221792    
  1.3033032E-02  0.5232355    
  1.3073074E-02  0.5199760    
  1.3113112E-02  0.5097965    
  1.3153153E-02  0.4924829    
  1.3193191E-02  0.4706940    
  1.3233232E-02  0.4491419    
  1.3273274E-02  0.4328404    
  1.3313312E-02  0.4251009    
  1.3353353E-02  0.4261245    
  1.3393391E-02  0.4330635    
  1.3433432E-02  0.4411533    
  1.3473471E-02  0.4457241    
  1.3513515E-02  0.4439624    
  1.3553556E-02  0.4358433    
  1.3593595E-02  0.4237464    
  1.3633636E-02  0.4110960    
  1.3673673E-02  0.4006476    
  1.3713715E-02  0.3933718    
  1.3753756E-02  0.3882445    
  1.3793794E-02  0.3831596    
  1.3833836E-02  0.3763721    
  1.3873873E-02  0.3677253    
  1.3913915E-02  0.3589266    
  1.3953956E-02  0.3528615    
  1.3993994E-02  0.3521003    
  1.4034036E-02  0.3573648    
  1.4074074E-02  0.3667701    
  1.4114115E-02  0.3762125    
  1.4154153E-02  0.3809159    
  1.4194194E-02  0.3772624    
  1.4234236E-02  0.3643540    
  1.4274274E-02  0.3444380    
  1.4314315E-02  0.3220738    
  1.4354353E-02  0.3023473    
  1.4394394E-02  0.2889677    
  1.4434435E-02  0.2830266    
  1.4474474E-02  0.2829370    
  1.4514515E-02  0.2855046    
  1.4554553E-02  0.2876057    
  1.4594594E-02  0.2875917    
  1.4634633E-02  0.2859038    
  1.4674674E-02  0.2845822    
  1.4714715E-02  0.2859600    
  1.4754753E-02  0.2912970    
  1.4794794E-02  0.2999429    
  1.4834832E-02  0.3094701    
  1.4874876E-02  0.3168069    
  1.4914918E-02  0.3195946    
  1.4954956E-02  0.3173454    
  1.4994998E-02  0.3116122    
  1.5035035E-02  0.3052782    
  1.5075076E-02  0.3011740    
  1.5115115E-02  0.3007533    
  1.5155156E-02  0.3034646    
  1.5195197E-02  0.3071401    
  1.5235236E-02  0.3090802    
  1.5275277E-02  0.3075693    
  1.5315315E-02  0.3026994    
  1.5355356E-02  0.2964929    
  1.5395397E-02  0.2918818    
  1.5435436E-02  0.2911459    
  1.5475477E-02  0.2948380    
  1.5515515E-02  0.3011588    
  1.5555556E-02  0.3066717    
  1.5595594E-02  0.3077890    
  1.5635636E-02  0.3023294    
  1.5675677E-02  0.2906076    
  1.5715715E-02  0.2754280    
  1.5755756E-02  0.2608569    
  1.5795793E-02  0.2506138    
  1.5835835E-02  0.2464692    
  1.5875876E-02  0.2475521    
  1.5915915E-02  0.2508836    
  1.5955957E-02  0.2527690    
  1.5995994E-02  0.2504111    
  1.6036035E-02  0.2432789    
  1.6076073E-02  0.2331108    
  1.6116114E-02  0.2232073    
  1.6156156E-02  0.2167878    
  1.6196195E-02  0.2155845    
  1.6236238E-02  0.2191506    
  1.6276278E-02  0.2251433    
  1.6316317E-02  0.2304482    
  1.6356358E-02  0.2326928    
  1.6396398E-02  0.2311904    
  1.6436439E-02  0.2271838    
  1.6476477E-02  0.2230809    
  1.6516518E-02  0.2212082    
  1.6556555E-02  0.2226875    
  1.6596597E-02  0.2269793    
  1.6636638E-02  0.2322436    
  1.6676677E-02  0.2364230    
  1.6716719E-02  0.2383339    
  1.6756756E-02  0.2383834    
  1.6796798E-02  0.2383341    
  1.6836839E-02  0.2403728    
  1.6876876E-02  0.2459248    
  1.6916918E-02  0.2546334    
  1.6956955E-02  0.2643072    
  1.6996996E-02  0.2716745    
  1.7037036E-02  0.2737375    
  1.7077077E-02  0.2691280    
  1.7117118E-02  0.2588074    
  1.7157156E-02  0.2457182    
  1.7197197E-02  0.2336214    
  1.7237235E-02  0.2255734    
  1.7277276E-02  0.2227259    
  1.7317317E-02  0.2239332    
  1.7357357E-02  0.2264179    
  1.7397398E-02  0.2271183    
  1.7437436E-02  0.2240076    
  1.7477477E-02  0.2169592    
  1.7517515E-02  0.2076650    
  1.7557556E-02  0.1986816    
  1.7597601E-02  0.1921838    
  1.7637638E-02  0.1889468    
  1.7677680E-02  0.1880328    
  1.7717717E-02  0.1874203    
  1.7757758E-02  0.1850896    
  1.7797800E-02  0.1801695    
  1.7837839E-02  0.1734781    
  1.7877880E-02  0.1672342    
  1.7917918E-02  0.1640450    
  1.7957959E-02  0.1656544    
  1.7998001E-02  0.1720572    
  1.8038038E-02  0.1813854    
  1.8078079E-02  0.1906639    
  1.8118117E-02  0.1970532    
  1.8158158E-02  0.1990562    
  1.8198198E-02  0.1970958    
  1.8238239E-02  0.1932380    
  1.8278280E-02  0.1902075    
  1.8318318E-02  0.1901434    
  1.8358359E-02  0.1936866    
  1.8398397E-02  0.1998252    
  1.8438438E-02  0.2064645    
  1.8478479E-02  0.2115196    
  1.8518519E-02  0.2138821    
  1.8558560E-02  0.2138710    
  1.8598597E-02  0.2128878    
  1.8638639E-02  0.2125719    
  1.8678676E-02  0.2138071    
  1.8718718E-02  0.2161148    
  1.8758759E-02  0.2177731    
  1.8798796E-02  0.2166565    
  1.8838838E-02  0.2112963    
  1.8878877E-02  0.2018052    
  1.8918918E-02  0.1899815    
  1.8958962E-02  0.1787487    
  1.8999001E-02  0.1709225    
  1.9039042E-02  0.1680570    
  1.9079080E-02  0.1697435    
  1.9119121E-02  0.1737989    
  1.9159159E-02  0.1772406    
  1.9199200E-02  0.1775291    
  1.9239241E-02  0.1736983    
  1.9279279E-02  0.1666830    
  1.9319320E-02  0.1588437    
  1.9359360E-02  0.1528375    
  1.9399401E-02  0.1504864    
  1.9439442E-02  0.1519199    
  1.9479480E-02  0.1557032    
  1.9519521E-02  0.1595257    
  1.9559558E-02  0.1613478    
  1.9599600E-02  0.1603563    
  1.9639639E-02  0.1572282    
  1.9679680E-02  0.1537860    
  1.9719722E-02  0.1520531    
  1.9759759E-02  0.1532472    
  1.9799801E-02  0.1572293    
  1.9839838E-02  0.1626475    
  1.9879879E-02  0.1675787    
  1.9919921E-02  0.1705617    
  1.9959958E-02  0.1712391    
  2.0000000E-02  0.1705107    
