 -2.9999999E-02  0.1481888    
 -2.9939940E-02  0.1484348    
 -2.9879877E-02  0.1475547    
 -2.9819820E-02  0.1473718    
 -2.9759757E-02  0.1493099    
 -2.9699698E-02  0.1536412    
 -2.9639637E-02  0.1593281    
 -2.9579578E-02  0.1644763    
 -2.9519519E-02  0.1672479    
 -2.9459458E-02  0.1667337    
 -2.9399399E-02  0.1634197    
 -2.9339338E-02  0.1590121    
 -2.9279279E-02  0.1556257    
 -2.9219219E-02  0.1548509    
 -2.9159158E-02  0.1570598    
 -2.9099099E-02  0.1612963    
 -2.9039036E-02  0.1658320    
 -2.8978977E-02  0.1690069    
 -2.8918916E-02  0.1701046    
 -2.8858857E-02  0.1696364    
 -2.8798798E-02  0.1690405    
 -2.8738737E-02  0.1698986    
 -2.8678678E-02  0.1730552    
 -2.8618617E-02  0.1781516    
 -2.8558558E-02  0.1836839    
 -2.8498499E-02  0.1877257    
 -2.8438438E-02  0.1888102    
 -2.8378379E-02  0.1866683    
 -2.8318316E-02  0.1823431    
 -2.8258258E-02  0.1776947    
 -2.8198196E-02  0.1745472    
 -2.8138136E-02  0.1738051    
 -2.8078077E-02  0.1751130    
 -2.8018016E-02  0.1770566    
 -2.7957957E-02  0.1779591    
 -2.7897896E-02  0.1767518    
 -2.7837837E-02  0.1735758    
 -2.7777778E-02  0.1697137    
 -2.7717717E-02  0.1670296    
 -2.7657658E-02  0.1670073    
 -2.7597595E-02  0.1700905    
 -2.7537538E-02  0.1754288    
 -2.7477475E-02  0.1813221    
 -2.7417416E-02  0.1860722    
 -2.7357358E-02  0.1887974    
 -2.7297296E-02  0.1898448    
 -2.7237236E-02  0.1905683    
 -2.7177176E-02  0.1925968    
 -2.7117116E-02  0.1969037    
 -2.7057055E-02  0.2032518    
 -2.6996996E-02  0.2101987    
 -2.6936937E-02  0.2157238    
 -2.6876874E-02  0.2181955    
 -2.6816817E-02  0.2171390    
 -2.6756754E-02  0.2134989    
 -2.6696695E-02  0.2092198    
 -2.6636634E-02  0.2063296    
 -2.6576575E-02  0.2060261    
 -2.6516516E-02  0.2081535    
 -2.6456455E-02  0.2113461    
 -2.6396396E-02  0.2137722    
 -2.6336335E-02  0.2140985    
 -2.6276276E-02  0.2121875    
 -2.6216215E-02  0.2092045    
 -2.6156155E-02  0.2070565    
 -2.6096096E-02  0.2074561    
 -2.6036033E-02  0.2110646    
 -2.5975976E-02  0.2171417    
 -2.5915915E-02  0.2238785    
 -2.5855854E-02  0.2292424    
 -2.5795795E-02  0.2319236    
 -2.5735734E-02  0.2319082    
 -2.5675675E-02  0.2304072    
 -2.5615616E-02  0.2291749    
 -2.5555555E-02  0.2295467    
 -2.5495494E-02  0.2317252    
 -2.5435435E-02  0.2346293    
 -2.5375376E-02  0.2364215    
 -2.5315313E-02  0.2354707    
 -2.5255255E-02  0.2311958    
 -2.5195194E-02  0.2244902    
 -2.5135133E-02  0.2173679    
 -2.5075074E-02  0.2120986    
 -2.5015013E-02  0.2101782    
 -2.4954954E-02  0.2116588    
 -2.4894895E-02  0.2151941    
 -2.4834834E-02  0.2187113    
 -2.4774773E-02  0.2204746    
 -2.4714714E-02  0.2199234    
 -2.4654653E-02  0.2179728    
 -2.4594592E-02  0.2165332    
 -2.4534535E-02  0.2175511    
 -2.4474474E-02  0.2220504    
 -2.4414413E-02  0.2295627    
 -2.4354354E-02  0.2383047    
 -2.4294293E-02  0.2460162    
 -2.4234233E-02  0.2509815    
 -2.4174174E-02  0.2527694    
 -2.4114113E-02  0.2524001    
 -2.4054052E-02  0.2516933    
 -2.3993993E-02  0.2523420    
 -2.3933932E-02  0.2549982    
 -2.3873873E-02  0.2589060    
 -2.3813814E-02  0.2623242    
 -2.3753753E-02  0.2633795    
 -2.3693692E-02  0.2610872    
 -2.3633633E-02  0.2559181    
 -2.3573572E-02  0.2496790    
 -2.3513513E-02  0.2447461    
 -2.3453454E-02  0.2430111    
 -2.3393393E-02  0.2450471    
 -2.3333333E-02  0.2499085    
 -2.3273272E-02  0.2556283    
 -2.3213211E-02  0.2601872    
 -2.3153152E-02  0.2624330    
 -2.3093093E-02  0.2625463    
 -2.3033030E-02  0.2617904    
 -2.2972973E-02  0.2617573    
 -2.2912912E-02  0.2634285    
 -2.2852851E-02  0.2665724    
 -2.2792792E-02  0.2698498    
 -2.2732731E-02  0.2714534    
 -2.2672672E-02  0.2700667    
 -2.2612613E-02  0.2655664    
 -2.2552552E-02  0.2591467    
 -2.2492493E-02  0.2528223    
 -2.2432432E-02  0.2484110    
 -2.2372372E-02  0.2467113    
 -2.2312310E-02  0.2471419    
 -2.2252252E-02  0.2481104    
 -2.2192191E-02  0.2478801    
 -2.2132130E-02  0.2455950    
 -2.2072071E-02  0.2418245    
 -2.2012010E-02  0.2383914    
 -2.1951951E-02  0.2375465    
 -2.1891892E-02  0.2408204    
 -2.1831831E-02  0.2482054    
 -2.1771770E-02  0.2579899    
 -2.1711711E-02  0.2674707    
 -2.1651652E-02  0.2741164    
 -2.1591591E-02  0.2767214    
 -2.1531532E-02  0.2759642    
 -2.1471471E-02  0.2740608    
 -2.1411410E-02  0.2737383    
 -2.1351350E-02  0.2769166    
 -2.1291289E-02  0.2838297    
 -2.1231230E-02  0.2928799    
 -2.1171171E-02  0.3014049    
 -2.1111110E-02  0.3069078    
 -2.1051051E-02  0.3082098    
 -2.0990990E-02  0.3060074    
 -2.0930931E-02  0.3024775    
 -2.0870870E-02  0.3002813    
 -2.0810811E-02  0.3013608    
 -2.0750750E-02  0.3061671    
 -2.0690691E-02  0.3135567    
 -2.0630630E-02  0.3215344    
 -2.0570569E-02  0.3282973    
 -2.0510510E-02  0.3331025    
 -2.0450450E-02  0.3365175    
 -2.0390389E-02  0.3399667    
 -2.0330330E-02  0.3448514    
 -2.0270269E-02  0.3516719    
 -2.0210210E-02  0.3596898    
 -2.0150149E-02  0.3672745    
 -2.0090090E-02  0.3727194    
 -2.0030027E-02  0.3751789    
 -1.9969970E-02  0.3750996    
 -1.9909909E-02  0.3739805    
 -1.9849848E-02  0.3734741    
 -1.9789791E-02  0.3743900    
 -1.9729730E-02  0.3761162    
 -1.9669669E-02  0.3767022    
 -1.9609608E-02  0.3738794    
 -1.9549549E-02  0.3662376    
 -1.9489488E-02  0.3542730    
 -1.9429429E-02  0.3405209    
 -1.9369369E-02  0.3287240    
 -1.9309307E-02  0.3223548    
 -1.9249249E-02  0.3231177    
 -1.9189188E-02  0.3301344    
 -1.9129127E-02  0.3402751    
 -1.9069070E-02  0.3494833    
 -1.9009007E-02  0.3545366    
 -1.8948948E-02  0.3544061    
 -1.8888887E-02  0.3506706    
 -1.8828828E-02  0.3466724    
 -1.8768767E-02  0.3459121    
 -1.8708708E-02  0.3503895    
 -1.8648649E-02  0.3595977    
 -1.8588588E-02  0.3708067    
 -1.8528529E-02  0.3803174    
 -1.8468468E-02  0.3852073    
 -1.8408408E-02  0.3847398    
 -1.8348349E-02  0.3807024    
 -1.8288286E-02  0.3766143    
 -1.8228227E-02  0.3761234    
 -1.8168166E-02  0.3813645    
 -1.8108107E-02  0.3920695    
 -1.8048048E-02  0.4057561    
 -1.7987987E-02  0.4189237    
 -1.7927926E-02  0.4286856    
 -1.7867867E-02  0.4339746    
 -1.7807808E-02  0.4358749    
 -1.7747747E-02  0.4368913    
 -1.7687688E-02  0.4396065    
 -1.7627629E-02  0.4453634    
 -1.7567566E-02  0.4536716    
 -1.7507508E-02  0.4624994    
 -1.7447446E-02  0.4694162    
 -1.7387386E-02  0.4728152    
 -1.7327327E-02  0.4727099    
 -1.7267266E-02  0.4707205    
 -1.7207205E-02  0.4692293    
 -1.7147146E-02  0.4701502    
 -1.7087087E-02  0.4740467    
 -1.7027026E-02  0.4799393    
 -1.6966967E-02  0.4859806    
 -1.6906908E-02  0.4905121    
 -1.6846845E-02  0.4930725    
 -1.6786788E-02  0.4946800    
 -1.6726725E-02  0.4973576    
 -1.6666666E-02  0.5029958    
 -1.6606607E-02  0.5122578    
 -1.6546546E-02  0.5240140    
 -1.6486485E-02  0.5357157    
 -1.6426425E-02  0.5444758    
 -1.6366364E-02  0.5484260    
 -1.6306305E-02  0.5475540    
 -1.6246246E-02  0.5438100    
 -1.6186185E-02  0.5401220    
 -1.6126124E-02  0.5390375    
 -1.6066065E-02  0.5415266    
 -1.6006006E-02  0.5466673    
 -1.5945945E-02  0.5521137    
 -1.5885886E-02  0.5555444    
 -1.5825825E-02  0.5559435    
 -1.5765766E-02  0.5543045    
 -1.5705707E-02  0.5534002    
 -1.5645644E-02  0.5564968    
 -1.5585584E-02  0.5658208    
 -1.5525525E-02  0.5814294    
 -1.5465464E-02  0.6010349    
 -1.5405404E-02  0.6209229    
 -1.5345344E-02  0.6375557    
 -1.5285285E-02  0.6489903    
 -1.5225225E-02  0.6556653    
 -1.5165165E-02  0.6599723    
 -1.5105105E-02  0.6649246    
 -1.5045046E-02  0.6727047    
 -1.4984986E-02  0.6835825    
 -1.4924924E-02  0.6959177    
 -1.4864863E-02  0.7070763    
 -1.4804805E-02  0.7148999    
 -1.4744745E-02  0.7188540    
 -1.4684684E-02  0.7203595    
 -1.4624624E-02  0.7221043    
 -1.4564564E-02  0.7267064    
 -1.4504504E-02  0.7353805    
 -1.4444444E-02  0.7472975    
 -1.4384384E-02  0.7600151    
 -1.4324325E-02  0.7706350    
 -1.4264263E-02  0.7773064    
 -1.4204203E-02  0.7800150    
 -1.4144143E-02  0.7805511    
 -1.4084082E-02  0.7814341    
 -1.4024024E-02  0.7844800    
 -1.3963963E-02  0.7896346    
 -1.3903903E-02  0.7949510    
 -1.3843843E-02  0.7974364    
 -1.3783784E-02  0.7947233    
 -1.3723724E-02  0.7865025    
 -1.3663664E-02  0.7751794    
 -1.3603603E-02  0.7651126    
 -1.3543542E-02  0.7610606    
 -1.3483482E-02  0.7662702    
 -1.3423422E-02  0.7811761    
 -1.3363361E-02  0.8034275    
 -1.3303303E-02  0.8289894    
 -1.3243243E-02  0.8540418    
 -1.3183182E-02  0.8765254    
 -1.3123122E-02  0.8968049    
 -1.3063064E-02  0.9168667    
 -1.3003003E-02  0.9389063    
 -1.2942943E-02  0.9636600    
 -1.2882883E-02  0.9896472    
 -1.2822822E-02   1.013569    
 -1.2762762E-02   1.031918    
 -1.2702702E-02   1.042764    
 -1.2642642E-02   1.046957    
 -1.2582582E-02   1.048125    
 -1.2522522E-02   1.051158    
 -1.2462462E-02   1.060114    
 -1.2402401E-02   1.076351    
 -1.2342343E-02   1.097828    
 -1.2282282E-02   1.119962    
 -1.2222222E-02   1.137728    
 -1.2162160E-02   1.147837    
 -1.2102102E-02   1.150291    
 -1.2042041E-02   1.148232    
 -1.1981981E-02   1.146408    
 -1.1921921E-02   1.148962    
 -1.1861862E-02   1.157397    
 -1.1801802E-02   1.169987    
 -1.1741742E-02   1.182652    
 -1.1681681E-02   1.191014    
 -1.1621622E-02   1.192539    
 -1.1561562E-02   1.187792    
 -1.1501501E-02   1.180317    
 -1.1441439E-02   1.174976    
 -1.1381381E-02   1.175771    
 -1.1321321E-02   1.184196    
 -1.1261260E-02   1.198733    
 -1.1201200E-02   1.215790    
 -1.1141141E-02   1.231609    
 -1.1081081E-02   1.244044    
 -1.1021021E-02   1.253417    
 -1.0960961E-02   1.262182    
 -1.0900902E-02   1.273416    
 -1.0840842E-02   1.289224    
 -1.0780780E-02   1.309637    
 -1.0720720E-02   1.332756    
 -1.0660660E-02   1.355934    
 -1.0600600E-02   1.377258    
 -1.0540539E-02   1.396655    
 -1.0480479E-02   1.415818    
 -1.0420421E-02   1.437116    
 -1.0360360E-02   1.461993    
 -1.0300300E-02   1.489911    
 -1.0240240E-02   1.518177    
 -1.0180181E-02   1.543329    
 -1.0120121E-02   1.562981    
 -1.0060059E-02   1.577453    
 -9.9999988E-03   1.590133    
 -9.9399397E-03   1.606278    
 -9.8798797E-03   1.630643    
 -9.8198196E-03   1.665095    
 -9.7597586E-03   1.707458    
 -9.6997004E-03   1.752049    
 -9.6396394E-03   1.792127    
 -9.5795793E-03   1.822930    
 -9.5195193E-03   1.844059    
 -9.4594602E-03   1.859984    
 -9.3994001E-03   1.878199    
 -9.3393382E-03   1.906080    
 -9.2792781E-03   1.947477    
 -9.2192180E-03   2.000929    
 -9.1591589E-03   2.060048    
 -9.0990989E-03   2.116276    
 -9.0390379E-03   2.162412    
 -8.9789778E-03   2.195618    
 -8.9189196E-03   2.218367    
 -8.8588586E-03   2.237103    
 -8.7987985E-03   2.259026    
 -8.7387385E-03   2.288996    
 -8.6786784E-03   2.327538    
 -8.6186174E-03   2.371230    
 -8.5585574E-03   2.414886    
 -8.4984973E-03   2.454617    
 -8.4384382E-03   2.490123    
 -8.3783781E-03   2.524916    
 -8.3183181E-03   2.564524    
 -8.2582571E-03   2.613583    
 -8.1981989E-03   2.673108    
 -8.1381388E-03   2.739507    
 -8.0780778E-03   2.805864    
 -8.0180177E-03   2.864776    
 -7.9579577E-03   2.911687    
 -7.8978967E-03   2.946664    
 -7.8378366E-03   2.974284    
 -7.7777766E-03   3.001181    
 -7.7177179E-03   3.033064    
 -7.6576574E-03   3.072007    
 -7.5975973E-03   3.116048    
 -7.5375368E-03   3.160873    
 -7.4774781E-03   3.202626    
 -7.4174176E-03   3.240784    
 -7.3573575E-03   3.279118    
 -7.2972970E-03   3.324281    
 -7.2372369E-03   3.382910    
 -7.1771764E-03   3.458162    
 -7.1171164E-03   3.547954    
 -7.0570558E-03   3.645600    
 -6.9969972E-03   3.742873    
 -6.9369366E-03   3.833847    
 -6.8768766E-03   3.918169    
 -6.8168161E-03   4.001327    
 -6.7567574E-03   4.092626    
 -6.6966973E-03   4.200729    
 -6.6366368E-03   4.329459    
 -6.5765749E-03   4.475540    
 -6.5165162E-03   4.629397    
 -6.4564561E-03   4.778683    
 -6.3963956E-03   4.913134    
 -6.3363351E-03   5.028380    
 -6.2762764E-03   5.127310    
 -6.2162164E-03   5.218271    
 -6.1561558E-03   5.311364    
 -6.0960958E-03   5.414394    
 -6.0360371E-03   5.530487    
 -5.9759766E-03   5.658270    
 -5.9159161E-03   5.794322    
 -5.8558546E-03   5.936167    
 -5.7957955E-03   6.084875    
 -5.7357354E-03   6.244977    
 -5.6756749E-03   6.422778    
 -5.6156148E-03   6.623476    
 -5.5555562E-03   6.849061    
 -5.4954956E-03   7.097904    
 -5.4354356E-03   7.366192    
 -5.3753750E-03   7.650539    
 -5.3153164E-03   7.949685    
 -5.2552558E-03   8.264452    
 -5.1951958E-03   8.595696    
 -5.1351339E-03   8.941109    
 -5.0750752E-03   9.293227    
 -5.0150147E-03   9.639820    
 -4.9549546E-03   9.967471    
 -4.8948941E-03   10.26718    
 -4.8348354E-03   10.53936    
 -4.7747749E-03   10.79610    
 -4.7147148E-03   11.05861    
 -4.6546543E-03   11.35099    
 -4.5945956E-03   11.69214    
 -4.5345356E-03   12.08951    
 -4.4744737E-03   12.53735    
 -4.4144131E-03   13.02014    
 -4.3543545E-03   13.52022    
 -4.2942939E-03   14.02579    
 -4.2342339E-03   14.53592    
 -4.1741733E-03   15.06042    
 -4.1141147E-03   15.61468    
 -4.0540546E-03   16.21210    
 -3.9939941E-03   16.85768    
 -3.9339340E-03   17.54619    
 -3.8738735E-03   18.26562    
 -3.8138148E-03   19.00447    
 -3.7537529E-03   19.75930    
 -3.6936926E-03   20.53866    
 -3.6336323E-03   21.36164    
 -3.5735737E-03   22.25133    
 -3.5135134E-03   23.22687    
 -3.4534528E-03   24.29704    
 -3.3933925E-03   25.45964    
 -3.3333339E-03   26.70565    
 -3.2732720E-03   28.02771    
 -3.2132133E-03   29.42583    
 -3.1531546E-03   30.91023    
 -3.0930927E-03   32.49724    
 -3.0330308E-03   34.20049    
 -2.9729721E-03   36.02316    
 -2.9129132E-03   37.95490    
 -2.8528513E-03   39.97552    
 -2.7927926E-03   42.06523    
 -2.7327307E-03   44.21777    
 -2.6726720E-03   46.44788    
 -2.6126101E-03   48.79206    
 -2.5525515E-03   51.29710    
 -2.4924928E-03   54.00475    
 -2.4324339E-03   56.93584    
 -2.3723720E-03   60.08332    
 -2.3123133E-03   63.41714    
 -2.2522514E-03   66.90196    
 -2.1921927E-03   70.51761    
 -2.1321308E-03   74.27828    
 -2.0720721E-03   78.23638    
 -2.0120135E-03   82.47413    
 -1.9519514E-03   87.08199    
 -1.8918928E-03   92.13172    
 -1.8318308E-03   97.65967    
 -1.7717720E-03   103.6595    
 -1.7117102E-03   110.0952    
 -1.6516515E-03   116.9189    
 -1.5915895E-03   124.0946    
 -1.5315340E-03   131.6057    
 -1.4714721E-03   139.4567    
 -1.4114134E-03   147.6483    
 -1.3513515E-03   156.1593    
 -1.2912896E-03   164.9220    
 -1.2312309E-03   173.8169    
 -1.1711690E-03   182.6830    
 -1.1111102E-03   191.3382    
 -1.0510515E-03   199.6090    
 -9.9099276E-04   207.3498    
 -9.3093090E-04   214.4511    
 -8.7087217E-04   220.8332    
 -8.1081025E-04   226.4339    
 -7.5075153E-04   231.1925    
 -6.9068966E-04   235.0494    
 -6.3062774E-04   237.9528    
 -5.7057216E-04   239.8807    
 -5.1051029E-04   240.8623    
 -4.5045157E-04   240.9932    
 -3.9038967E-04   240.4346    
 -3.3033092E-04   239.3980    
 -2.7026903E-04   238.1159    
 -2.1021030E-04   236.8112    
 -1.5014841E-04   235.6721    
 -9.0092843E-05   234.8386    
 -3.0030948E-05   234.4005    
  3.0027781E-05   234.4006    
  9.0089678E-05   234.8391    
  1.5015158E-04   235.6721    
  2.1021030E-04   236.8112    
  2.7027220E-04   238.1159    
  3.3033092E-04   239.3980    
  3.9038967E-04   240.4346    
  4.5044839E-04   240.9930    
  5.1051029E-04   240.8623    
  5.7056901E-04   239.8807    
  6.3063094E-04   237.9527    
  6.9068966E-04   235.0494    
  7.5075153E-04   231.1925    
  8.1081345E-04   226.4335    
  8.7086897E-04   220.8335    
  9.3093090E-04   214.4511    
  9.9098962E-04   207.3502    
  1.0510515E-03   199.6090    
  1.1111102E-03   191.3382    
  1.1711721E-03   182.6825    
  1.2312309E-03   173.8169    
  1.2912927E-03   164.9215    
  1.3513484E-03   156.1597    
  1.4114103E-03   147.6488    
  1.4714721E-03   139.4567    
  1.5315309E-03   131.6062    
  1.5915928E-03   124.0942    
  1.6516515E-03   116.9189    
  1.7117134E-03   110.0948    
  1.7717720E-03   103.6595    
  1.8318340E-03   97.65928    
  1.8918896E-03   92.13202    
  1.9519514E-03   87.08199    
  2.0120102E-03   82.47444    
  2.0720721E-03   78.23637    
  2.1321308E-03   74.27829    
  2.1921927E-03   70.51761    
  2.2522546E-03   66.90181    
  2.3123133E-03   63.41715    
  2.3723720E-03   60.08332    
  2.4324309E-03   56.93605    
  2.4924928E-03   54.00475    
  2.5525515E-03   51.29710    
  2.6126134E-03   48.79190    
  2.6726720E-03   46.44788    
  2.7327340E-03   44.21763    
  2.7927926E-03   42.06522    
  2.8528513E-03   39.97552    
  2.9129132E-03   37.95490    
  2.9729721E-03   36.02316    
  3.0330338E-03   34.20036    
  3.0930927E-03   32.49724    
  3.1531546E-03   30.91023    
  3.2132133E-03   29.42583    
  3.2732752E-03   28.02762    
  3.3333306E-03   26.70576    
  3.3933925E-03   25.45965    
  3.4534514E-03   24.29709    
  3.5135134E-03   23.22686    
  3.5735751E-03   22.25130    
  3.6336340E-03   21.36163    
  3.6936959E-03   20.53865    
  3.7537545E-03   19.75930    
  3.8138132E-03   19.00449    
  3.8738719E-03   18.26563    
  3.9339340E-03   17.54619    
  3.9939927E-03   16.85768    
  4.0540546E-03   16.21210    
  4.1141133E-03   15.61469    
  4.1741752E-03   15.06041    
  4.2342339E-03   14.53591    
  4.2942925E-03   14.02582    
  4.3543545E-03   13.52022    
  4.4144131E-03   13.02014    
  4.4744750E-03   12.53735    
  4.5345337E-03   12.08953    
  4.5945956E-03   11.69214    
  4.6546543E-03   11.35098    
  4.7147162E-03   11.05860    
  4.7747721E-03   10.79612    
  4.8348340E-03   10.53936    
  4.8948927E-03   10.26717    
  4.9549546E-03   9.967473    
  5.0150165E-03   9.639804    
  5.0750752E-03   9.293224    
  5.1351371E-03   8.941097    
  5.1951958E-03   8.595695    
  5.2552545E-03   8.264465    
  5.3153131E-03   7.949717    
  5.3753750E-03   7.650542    
  5.4354337E-03   7.366199    
  5.4954956E-03   7.097902    
  5.5555543E-03   6.849067    
  5.6156162E-03   6.623483    
  5.6756781E-03   6.422764    
  5.7357335E-03   6.244977    
  5.7957955E-03   6.084877    
  5.8558546E-03   5.936168    
  5.9159161E-03   5.794323    
  5.9759752E-03   5.658274    
  6.0360371E-03   5.530487    
  6.0960958E-03   5.414393    
  6.1561577E-03   5.311362    
  6.2162131E-03   5.218280    
  6.2762750E-03   5.127301    
  6.3363337E-03   5.028384    
  6.3963956E-03   4.913135    
  6.4564575E-03   4.778679    
  6.5165162E-03   4.629399    
  6.5765781E-03   4.475541    
  6.6366368E-03   4.329459    
  6.6966987E-03   4.200716    
  6.7567541E-03   4.092614    
  6.8168161E-03   4.001326    
  6.8768747E-03   3.918167    
  6.9369366E-03   3.833847    
  6.9969958E-03   3.742867    
  7.0570577E-03   3.645610    
  7.1171192E-03   3.547945    
  7.1771783E-03   3.458138    
  7.2372369E-03   3.382910    
  7.2972956E-03   3.324280    
  7.3573575E-03   3.279118    
  7.4174162E-03   3.240783    
  7.4774781E-03   3.202628    
  7.5375368E-03   3.160875    
  7.5975987E-03   3.116048    
  7.6576574E-03   3.072009    
  7.7177160E-03   3.033065    
  7.7777780E-03   3.001186    
  7.8378366E-03   2.974285    
  7.8978986E-03   2.946668    
  7.9579577E-03   2.911689    
  8.0180196E-03   2.864792    
  8.0780778E-03   2.805863    
  8.1381397E-03   2.739523    
  8.1981951E-03   2.673110    
  8.2582571E-03   2.613581    
  8.3183162E-03   2.564523    
  8.3783781E-03   2.524915    
  8.4384400E-03   2.490119    
  8.4984982E-03   2.454611    
  8.5585602E-03   2.414870    
  8.6186193E-03   2.371230    
  8.6786784E-03   2.327537    
  8.7387366E-03   2.289003    
  8.7987985E-03   2.259026    
  8.8588577E-03   2.237090    
  8.9189196E-03   2.218369    
  8.9789778E-03   2.195617    
  9.0390397E-03   2.162415    
  9.0990989E-03   2.116277    
  9.1591571E-03   2.060061    
  9.2192190E-03   2.000934    
  9.2792781E-03   1.947478    
  9.3393400E-03   1.906070    
  9.3993982E-03   1.878197    
  9.4594602E-03   1.859985    
  9.5195193E-03   1.844059    
  9.5795812E-03   1.822914    
  9.6396366E-03   1.792129    
  9.6996985E-03   1.752047    
  9.7597577E-03   1.707456    
  9.8198196E-03   1.665095    
  9.8798815E-03   1.630649    
  9.9399397E-03   1.606276    
  1.0000002E-02   1.590138    
  1.0060061E-02   1.577454    
  1.0120119E-02   1.562976    
  1.0180178E-02   1.543327    
  1.0240240E-02   1.518175    
  1.0300298E-02   1.489898    
  1.0360360E-02   1.461993    
  1.0420419E-02   1.437112    
  1.0480481E-02   1.415812    
  1.0540543E-02   1.396659    
  1.0600599E-02   1.377256    
  1.0660660E-02   1.355935    
  1.0720720E-02   1.332756    
  1.0780781E-02   1.309627    
  1.0840840E-02   1.289226    
  1.0900902E-02   1.273417    
  1.0960961E-02   1.262183    
  1.1021023E-02   1.253409    
  1.1081078E-02   1.244048    
  1.1141140E-02   1.231616    
  1.1201198E-02   1.215795    
  1.1261260E-02   1.198733    
  1.1321322E-02   1.184206    
  1.1381381E-02   1.175770    
  1.1441443E-02   1.174981    
  1.1501501E-02   1.180316    
  1.1561563E-02   1.187793    
  1.1621619E-02   1.192526    
  1.1681681E-02   1.191014    
  1.1741740E-02   1.182657    
  1.1801802E-02   1.169986    
  1.1861861E-02   1.157396    
  1.1921923E-02   1.148955    
  1.1981984E-02   1.146413    
  1.2042043E-02   1.148234    
  1.2102102E-02   1.150291    
  1.2162160E-02   1.147838    
  1.2222222E-02   1.137728    
  1.2282281E-02   1.119969    
  1.2342343E-02   1.097827    
  1.2402401E-02   1.076350    
  1.2462463E-02   1.060109    
  1.2522522E-02   1.051157    
  1.2582581E-02   1.048118    
  1.2642642E-02   1.046956    
  1.2702702E-02   1.042765    
  1.2762764E-02   1.031915    
  1.2822822E-02   1.013569    
  1.2882884E-02  0.9896438    
  1.2942943E-02  0.9636596    
  1.3003005E-02  0.9389024    
  1.3063060E-02  0.9168709    
  1.3123122E-02  0.8968045    
  1.3183181E-02  0.8765349    
  1.3243243E-02  0.8540419    
  1.3303301E-02  0.8289870    
  1.3363363E-02  0.8034274    
  1.3423425E-02  0.7811813    
  1.3483484E-02  0.7662703    
  1.3543542E-02  0.7610612    
  1.3603602E-02  0.7651142    
  1.3663664E-02  0.7751799    
  1.3723722E-02  0.7865013    
  1.3783784E-02  0.7947233    
  1.3843843E-02  0.7974370    
  1.3903905E-02  0.7949455    
  1.3963963E-02  0.7896348    
  1.4024022E-02  0.7844803    
  1.4084084E-02  0.7814391    
  1.4144143E-02  0.7805515    
  1.4204205E-02  0.7800156    
  1.4264263E-02  0.7773059    
  1.4324325E-02  0.7706349    
  1.4384384E-02  0.7600150    
  1.4444446E-02  0.7473007    
  1.4504502E-02  0.7353842    
  1.4564564E-02  0.7267054    
  1.4624622E-02  0.7220998    
  1.4684684E-02  0.7203596    
  1.4744746E-02  0.7188568    
  1.4804805E-02  0.7149004    
  1.4864867E-02  0.7070808    
  1.4924925E-02  0.6959170    
  1.4984984E-02  0.6835791    
  1.5045043E-02  0.6727056    
  1.5105105E-02  0.6649244    
  1.5165163E-02  0.6599734    
  1.5225225E-02  0.6556651    
  1.5285284E-02  0.6489904    
  1.5345346E-02  0.6375535    
  1.5405404E-02  0.6209228    
  1.5465464E-02  0.6010370    
  1.5525525E-02  0.5814288    
  1.5585584E-02  0.5658208    
  1.5645646E-02  0.5564994    
  1.5705705E-02  0.5534024    
  1.5765766E-02  0.5543044    
  1.5825825E-02  0.5559436    
  1.5885888E-02  0.5555469    
  1.5945943E-02  0.5521204    
  1.6006004E-02  0.5466623    
  1.6066063E-02  0.5415242    
  1.6126124E-02  0.5390375    
  1.6186187E-02  0.5401142    
  1.6246246E-02  0.5438099    
  1.6306307E-02  0.5475586    
  1.6366366E-02  0.5484232    
  1.6426429E-02  0.5444775    
  1.6486485E-02  0.5357165    
  1.6546546E-02  0.5240141    
  1.6606605E-02  0.5122563    
  1.6666666E-02  0.5029954    
  1.6726725E-02  0.4973577    
  1.6786788E-02  0.4946802    
  1.6846849E-02  0.4930693    
  1.6906908E-02  0.4905123    
  1.6966967E-02  0.4859810    
  1.7027024E-02  0.4799412    
  1.7087087E-02  0.4740467    
  1.7147146E-02  0.4701501    
  1.7207207E-02  0.4692311    
  1.7267266E-02  0.4707206    
  1.7327327E-02  0.4727099    
  1.7387386E-02  0.4728154    
  1.7447446E-02  0.4694159    
  1.7507505E-02  0.4625070    
  1.7567566E-02  0.4536718    
  1.7627629E-02  0.4453638    
  1.7687688E-02  0.4396067    
  1.7747749E-02  0.4368889    
  1.7807808E-02  0.4358747    
  1.7867869E-02  0.4339764    
  1.7927924E-02  0.4286850    
  1.7987987E-02  0.4189241    
  1.8048046E-02  0.4057547    
  1.8108107E-02  0.3920695    
  1.8168166E-02  0.3813644    
  1.8228227E-02  0.3761233    
  1.8288290E-02  0.3766093    
  1.8348349E-02  0.3807027    
  1.8408408E-02  0.3847397    
  1.8468466E-02  0.3852116    
  1.8528529E-02  0.3803172    
  1.8588588E-02  0.3708069    
  1.8648649E-02  0.3595973    
  1.8708708E-02  0.3503897    
  1.8768769E-02  0.3459175    
  1.8828828E-02  0.3466723    
  1.8888887E-02  0.3506705    
  1.8948948E-02  0.3544061    
  1.9009007E-02  0.3545361    
  1.9069070E-02  0.3494831    
  1.9129127E-02  0.3402749    
  1.9189190E-02  0.3301374    
  1.9249249E-02  0.3231173    
  1.9309310E-02  0.3223557    
  1.9369366E-02  0.3287221    
  1.9429429E-02  0.3405198    
  1.9489488E-02  0.3542666    
  1.9549549E-02  0.3662375    
  1.9609608E-02  0.3738789    
  1.9669669E-02  0.3767026    
  1.9729732E-02  0.3761107    
  1.9789791E-02  0.3743896    
  1.9849848E-02  0.3734743    
  1.9909907E-02  0.3739855    
  1.9969970E-02  0.3751000    
  2.0030027E-02  0.3751788    
  2.0090090E-02  0.3727193    
  2.0150149E-02  0.3672746    
  2.0210210E-02  0.3596899    
  2.0270269E-02  0.3516723    
  2.0330328E-02  0.3448497    
  2.0390389E-02  0.3399673    
  2.0450449E-02  0.3365114    
  2.0510510E-02  0.3331037    
  2.0570569E-02  0.3282975    
  2.0630632E-02  0.3215337    
  2.0690691E-02  0.3135570    
  2.0750752E-02  0.3061646    
  2.0810807E-02  0.3013657    
  2.0870870E-02  0.3002817    
  2.0930927E-02  0.3024781    
  2.0990990E-02  0.3060075    
  2.1051051E-02  0.3082118    
  2.1111110E-02  0.3069085    
  2.1171173E-02  0.3014061    
  2.1231230E-02  0.2928801    
  2.1291289E-02  0.2838298    
  2.1351349E-02  0.2769142    
  2.1411410E-02  0.2737384    
  2.1471469E-02  0.2740632    
  2.1531532E-02  0.2759645    
  2.1591591E-02  0.2767216    
  2.1651652E-02  0.2741161    
  2.1711711E-02  0.2674703    
  2.1771770E-02  0.2579864    
  2.1831831E-02  0.2482056    
  2.1891890E-02  0.2408186    
  2.1951951E-02  0.2375460    
  2.2012010E-02  0.2383914    
  2.2072073E-02  0.2418277    
  2.2132130E-02  0.2455950    
  2.2192193E-02  0.2478864    
  2.2252252E-02  0.2481103    
  2.2312310E-02  0.2471415    
  2.2372369E-02  0.2467123    
  2.2432432E-02  0.2484111    
  2.2492493E-02  0.2528225    
  2.2552552E-02  0.2591466    
  2.2612613E-02  0.2655657    
  2.2672672E-02  0.2700664    
  2.2732735E-02  0.2714553    
  2.2792790E-02  0.2698463    
  2.2852851E-02  0.2665722    
  2.2912910E-02  0.2634276    
  2.2972973E-02  0.2617576    
  2.3033030E-02  0.2617904    
  2.3093093E-02  0.2625462    
  2.3153152E-02  0.2624324    
  2.3213213E-02  0.2601877    
  2.3273276E-02  0.2556292    
  2.3333332E-02  0.2499080    
  2.3393393E-02  0.2450473    
  2.3453455E-02  0.2430118    
  2.3513511E-02  0.2447448    
  2.3573572E-02  0.2496789    
  2.3633635E-02  0.2559183    
  2.3693690E-02  0.2610914    
  2.3753751E-02  0.2633791    
  2.3813814E-02  0.2623246    
  2.3873875E-02  0.2589038    
  2.3933938E-02  0.2549933    
  2.3993993E-02  0.2523424    
  2.4054054E-02  0.2516959    
  2.4114110E-02  0.2524014    
  2.4174172E-02  0.2527766    
  2.4234233E-02  0.2509817    
  2.4294296E-02  0.2460228    
  2.4354352E-02  0.2383078    
  2.4414413E-02  0.2295630    
  2.4474468E-02  0.2220514    
  2.4534537E-02  0.2175466    
  2.4594592E-02  0.2165332    
  2.4654655E-02  0.2179735    
  2.4714710E-02  0.2199273    
  2.4774779E-02  0.2204747    
  2.4834834E-02  0.2187113    
  2.4894895E-02  0.2151963    
  2.4954952E-02  0.2116624    
  2.5015013E-02  0.2101780    
  2.5075076E-02  0.2120979    
  2.5135132E-02  0.2173651    
  2.5195193E-02  0.2244899    
  2.5255255E-02  0.2311958    
  2.5315316E-02  0.2354684    
  2.5375372E-02  0.2364279    
  2.5435435E-02  0.2346291    
  2.5495496E-02  0.2317215    
  2.5555551E-02  0.2295456    
  2.5615614E-02  0.2291759    
  2.5675675E-02  0.2304076    
  2.5735738E-02  0.2319081    
  2.5795793E-02  0.2319230    
  2.5855854E-02  0.2292423    
  2.5915917E-02  0.2238780    
  2.5975972E-02  0.2171414    
  2.6036033E-02  0.2110644    
  2.6096096E-02  0.2074555    
  2.6156157E-02  0.2070564    
  2.6216213E-02  0.2092043    
  2.6276276E-02  0.2121877    
  2.6336337E-02  0.2140981    
  2.6396392E-02  0.2137723    
  2.6456455E-02  0.2113459    
  2.6516510E-02  0.2081532    
  2.6576579E-02  0.2060259    
  2.6636634E-02  0.2063296    
  2.6696695E-02  0.2092197    
  2.6756758E-02  0.2134998    
  2.6816819E-02  0.2171372    
  2.6876874E-02  0.2181951    
  2.6936932E-02  0.2157257    
  2.6996998E-02  0.2101964    
  2.7057055E-02  0.2032521    
  2.7117116E-02  0.1969037    
  2.7177172E-02  0.1925950    
  2.7237240E-02  0.1905661    
  2.7297296E-02  0.1898447    
  2.7357351E-02  0.1888002    
  2.7417419E-02  0.1860743    
  2.7477475E-02  0.1813219    
  2.7537538E-02  0.1754288    
  2.7597593E-02  0.1700902    
  2.7657662E-02  0.1670088    
  2.7717717E-02  0.1670295    
  2.7777778E-02  0.1697137    
  2.7837833E-02  0.1735761    
  2.7897896E-02  0.1767520    
  2.7957957E-02  0.1779590    
  2.8018013E-02  0.1770537    
  2.8078081E-02  0.1751140    
  2.8138136E-02  0.1738054    
  2.8198199E-02  0.1745443    
  2.8258255E-02  0.1776916    
  2.8318323E-02  0.1823419    
  2.8378379E-02  0.1866687    
  2.8438434E-02  0.1888099    
  2.8498495E-02  0.1877213    
  2.8558558E-02  0.1836837    
  2.8618619E-02  0.1781521    
  2.8678674E-02  0.1730585    
  2.8738743E-02  0.1698959    
  2.8798798E-02  0.1690401    
  2.8858854E-02  0.1696331    
  2.8918916E-02  0.1701042    
  2.8978977E-02  0.1690068    
  2.9039040E-02  0.1658280    
  2.9099096E-02  0.1613002    
  2.9159158E-02  0.1570599    
  2.9219219E-02  0.1548511    
  2.9279280E-02  0.1556237    
  2.9339338E-02  0.1590121    
  2.9399393E-02  0.1634254    
  2.9459462E-02  0.1667304    
  2.9519517E-02  0.1672469    
  2.9579578E-02  0.1644764    
  2.9639641E-02  0.1593271    
  2.9699702E-02  0.1536422    
  2.9759757E-02  0.1493101    
  2.9819813E-02  0.1473747    
  2.9879881E-02  0.1475517    
  2.9939936E-02  0.1484341    
  2.9999999E-02  0.1481889    
