 -2.9999999E-02  0.4880694    
 -2.9939940E-02  0.4895819    
 -2.9879877E-02  0.4910713    
 -2.9819820E-02  0.4925474    
 -2.9759757E-02  0.4940305    
 -2.9699698E-02  0.4955304    
 -2.9639637E-02  0.4970358    
 -2.9579578E-02  0.4985418    
 -2.9519519E-02  0.5000480    
 -2.9459458E-02  0.5015522    
 -2.9399399E-02  0.5030543    
 -2.9339338E-02  0.5045699    
 -2.9279279E-02  0.5061119    
 -2.9219219E-02  0.5077015    
 -2.9159158E-02  0.5093645    
 -2.9099099E-02  0.5110986    
 -2.9039036E-02  0.5129158    
 -2.8978977E-02  0.5148039    
 -2.8918916E-02  0.5167453    
 -2.8858857E-02  0.5187083    
 -2.8798798E-02  0.5206640    
 -2.8738737E-02  0.5225931    
 -2.8678678E-02  0.5244682    
 -2.8618617E-02  0.5262922    
 -2.8558558E-02  0.5280502    
 -2.8498499E-02  0.5297658    
 -2.8438438E-02  0.5314630    
 -2.8378379E-02  0.5331541    
 -2.8318316E-02  0.5348568    
 -2.8258258E-02  0.5365862    
 -2.8198196E-02  0.5383469    
 -2.8138136E-02  0.5401265    
 -2.8078077E-02  0.5419217    
 -2.8018016E-02  0.5437291    
 -2.7957957E-02  0.5455408    
 -2.7897896E-02  0.5473744    
 -2.7837837E-02  0.5492458    
 -2.7777778E-02  0.5511756    
 -2.7717717E-02  0.5532179    
 -2.7657658E-02  0.5553996    
 -2.7597595E-02  0.5577618    
 -2.7537538E-02  0.5603282    
 -2.7477475E-02  0.5631083    
 -2.7417416E-02  0.5661020    
 -2.7357358E-02  0.5692897    
 -2.7297296E-02  0.5726426    
 -2.7237236E-02  0.5761358    
 -2.7177176E-02  0.5797349    
 -2.7117116E-02  0.5834220    
 -2.7057055E-02  0.5871825    
 -2.6996996E-02  0.5910166    
 -2.6936937E-02  0.5949210    
 -2.6876874E-02  0.5989085    
 -2.6816817E-02  0.6029850    
 -2.6756754E-02  0.6071316    
 -2.6696695E-02  0.6113430    
 -2.6636634E-02  0.6155928    
 -2.6576575E-02  0.6198369    
 -2.6516516E-02  0.6240479    
 -2.6456455E-02  0.6281766    
 -2.6396396E-02  0.6321966    
 -2.6336335E-02  0.6360893    
 -2.6276276E-02  0.6398482    
 -2.6216215E-02  0.6434832    
 -2.6156155E-02  0.6470081    
 -2.6096096E-02  0.6504409    
 -2.6036033E-02  0.6538155    
 -2.5975976E-02  0.6571411    
 -2.5915915E-02  0.6604269    
 -2.5855854E-02  0.6636729    
 -2.5795795E-02  0.6668721    
 -2.5735734E-02  0.6700215    
 -2.5675675E-02  0.6731120    
 -2.5615616E-02  0.6761531    
 -2.5555555E-02  0.6791664    
 -2.5495494E-02  0.6821753    
 -2.5435435E-02  0.6852250    
 -2.5375376E-02  0.6883510    
 -2.5315313E-02  0.6915971    
 -2.5255255E-02  0.6949984    
 -2.5195194E-02  0.6985719    
 -2.5135133E-02  0.7023214    
 -2.5075074E-02  0.7062367    
 -2.5015013E-02  0.7102821    
 -2.4954954E-02  0.7144411    
 -2.4894895E-02  0.7186762    
 -2.4834834E-02  0.7229667    
 -2.4774773E-02  0.7273016    
 -2.4714714E-02  0.7316858    
 -2.4654653E-02  0.7361252    
 -2.4594592E-02  0.7406402    
 -2.4534535E-02  0.7452480    
 -2.4474474E-02  0.7499595    
 -2.4414413E-02  0.7547677    
 -2.4354354E-02  0.7596577    
 -2.4294293E-02  0.7645929    
 -2.4234233E-02  0.7695417    
 -2.4174174E-02  0.7744623    
 -2.4114113E-02  0.7793183    
 -2.4054052E-02  0.7840770    
 -2.3993993E-02  0.7887437    
 -2.3933932E-02  0.7933231    
 -2.3873873E-02  0.7978336    
 -2.3813814E-02  0.8023115    
 -2.3753753E-02  0.8068011    
 -2.3693692E-02  0.8113182    
 -2.3633633E-02  0.8158898    
 -2.3573572E-02  0.8205192    
 -2.3513513E-02  0.8252023    
 -2.3453454E-02  0.8299167    
 -2.3393393E-02  0.8346448    
 -2.3333333E-02  0.8393662    
 -2.3273272E-02  0.8440631    
 -2.3213211E-02  0.8487414    
 -2.3153152E-02  0.8534041    
 -2.3093093E-02  0.8580662    
 -2.3033030E-02  0.8627595    
 -2.2972973E-02  0.8675029    
 -2.2912912E-02  0.8723087    
 -2.2852851E-02  0.8771784    
 -2.2792792E-02  0.8820937    
 -2.2732731E-02  0.8870274    
 -2.2672672E-02  0.8919573    
 -2.2612613E-02  0.8968411    
 -2.2552552E-02  0.9016492    
 -2.2492493E-02  0.9063624    
 -2.2432432E-02  0.9109807    
 -2.2372372E-02  0.9155168    
 -2.2312310E-02  0.9199892    
 -2.2252252E-02  0.9244346    
 -2.2192191E-02  0.9288892    
 -2.2132130E-02  0.9333748    
 -2.2072071E-02  0.9379407    
 -2.2012010E-02  0.9426013    
 -2.1951951E-02  0.9473776    
 -2.1891892E-02  0.9522809    
 -2.1831831E-02  0.9573379    
 -2.1771770E-02  0.9625764    
 -2.1711711E-02  0.9680299    
 -2.1651652E-02  0.9737380    
 -2.1591591E-02  0.9797353    
 -2.1531532E-02  0.9860620    
 -2.1471471E-02  0.9927444    
 -2.1411410E-02  0.9997734    
 -2.1351350E-02   1.007136    
 -2.1291289E-02   1.014781    
 -2.1231230E-02   1.022639    
 -2.1171171E-02   1.030630    
 -2.1111110E-02   1.038666    
 -2.1051051E-02   1.046681    
 -2.0990990E-02   1.054611    
 -2.0930931E-02   1.062422    
 -2.0870870E-02   1.070114    
 -2.0810811E-02   1.077715    
 -2.0750750E-02   1.085255    
 -2.0690691E-02   1.092791    
 -2.0630630E-02   1.100369    
 -2.0570569E-02   1.108025    
 -2.0510510E-02   1.115777    
 -2.0450450E-02   1.123612    
 -2.0390389E-02   1.131519    
 -2.0330330E-02   1.139458    
 -2.0270269E-02   1.147397    
 -2.0210210E-02   1.155307    
 -2.0150149E-02   1.163166    
 -2.0090090E-02   1.170963    
 -2.0030027E-02   1.178728    
 -1.9969970E-02   1.186475    
 -1.9909909E-02   1.194238    
 -1.9849848E-02   1.202042    
 -1.9789791E-02   1.209916    
 -1.9729730E-02   1.217878    
 -1.9669669E-02   1.225933    
 -1.9609608E-02   1.234068    
 -1.9549549E-02   1.242291    
 -1.9489488E-02   1.250596    
 -1.9429429E-02   1.258999    
 -1.9369369E-02   1.267498    
 -1.9309307E-02   1.276136    
 -1.9249249E-02   1.284933    
 -1.9189188E-02   1.293924    
 -1.9129127E-02   1.303126    
 -1.9069070E-02   1.312543    
 -1.9009007E-02   1.322160    
 -1.8948948E-02   1.331945    
 -1.8888887E-02   1.341865    
 -1.8828828E-02   1.351839    
 -1.8768767E-02   1.361836    
 -1.8708708E-02   1.371808    
 -1.8648649E-02   1.381738    
 -1.8588588E-02   1.391622    
 -1.8528529E-02   1.401485    
 -1.8468468E-02   1.411357    
 -1.8408408E-02   1.421279    
 -1.8348349E-02   1.431292    
 -1.8288286E-02   1.441414    
 -1.8228227E-02   1.451650    
 -1.8168166E-02   1.461964    
 -1.8108107E-02   1.472323    
 -1.8048048E-02   1.482663    
 -1.7987987E-02   1.492935    
 -1.7927926E-02   1.503093    
 -1.7867867E-02   1.513100    
 -1.7807808E-02   1.522939    
 -1.7747747E-02   1.532645    
 -1.7687688E-02   1.542244    
 -1.7627629E-02   1.551776    
 -1.7567566E-02   1.561300    
 -1.7507508E-02   1.570857    
 -1.7447446E-02   1.580471    
 -1.7387386E-02   1.590155    
 -1.7327327E-02   1.599919    
 -1.7267266E-02   1.609735    
 -1.7207205E-02   1.619601    
 -1.7147146E-02   1.629506    
 -1.7087087E-02   1.639462    
 -1.7027026E-02   1.649491    
 -1.6966967E-02   1.659641    
 -1.6906908E-02   1.669962    
 -1.6846845E-02   1.680526    
 -1.6786788E-02   1.691387    
 -1.6726725E-02   1.702591    
 -1.6666666E-02   1.714178    
 -1.6606607E-02   1.726154    
 -1.6546546E-02   1.738513    
 -1.6486485E-02   1.751264    
 -1.6426425E-02   1.764380    
 -1.6366364E-02   1.777868    
 -1.6306305E-02   1.791746    
 -1.6246246E-02   1.806028    
 -1.6186185E-02   1.820768    
 -1.6126124E-02   1.836005    
 -1.6066065E-02   1.851789    
 -1.6006006E-02   1.868146    
 -1.5945945E-02   1.885091    
 -1.5885886E-02   1.902602    
 -1.5825825E-02   1.920646    
 -1.5765766E-02   1.939147    
 -1.5705707E-02   1.958032    
 -1.5645644E-02   1.977207    
 -1.5585584E-02   1.996583    
 -1.5525525E-02   2.016087    
 -1.5465464E-02   2.035646    
 -1.5405404E-02   2.055225    
 -1.5345344E-02   2.074768    
 -1.5285285E-02   2.094251    
 -1.5225225E-02   2.113639    
 -1.5165165E-02   2.132886    
 -1.5105105E-02   2.151958    
 -1.5045046E-02   2.170816    
 -1.4984986E-02   2.189418    
 -1.4924924E-02   2.207752    
 -1.4864863E-02   2.225791    
 -1.4804805E-02   2.243583    
 -1.4744745E-02   2.261176    
 -1.4684684E-02   2.278635    
 -1.4624624E-02   2.296071    
 -1.4564564E-02   2.313594    
 -1.4504504E-02   2.331309    
 -1.4444444E-02   2.349314    
 -1.4384384E-02   2.367685    
 -1.4324325E-02   2.386472    
 -1.4264263E-02   2.405703    
 -1.4204203E-02   2.425410    
 -1.4144143E-02   2.445578    
 -1.4084082E-02   2.466223    
 -1.4024024E-02   2.487363    
 -1.3963963E-02   2.509012    
 -1.3903903E-02   2.531205    
 -1.3843843E-02   2.553994    
 -1.3783784E-02   2.577401    
 -1.3723724E-02   2.601469    
 -1.3663664E-02   2.626201    
 -1.3603603E-02   2.651590    
 -1.3543542E-02   2.677609    
 -1.3483482E-02   2.704217    
 -1.3423422E-02   2.731359    
 -1.3363361E-02   2.758974    
 -1.3303303E-02   2.787030    
 -1.3243243E-02   2.815524    
 -1.3183182E-02   2.844449    
 -1.3123122E-02   2.873816    
 -1.3063064E-02   2.903666    
 -1.3003003E-02   2.934025    
 -1.2942943E-02   2.964916    
 -1.2882883E-02   2.996347    
 -1.2822822E-02   3.028292    
 -1.2762762E-02   3.060737    
 -1.2702702E-02   3.093628    
 -1.2642642E-02   3.126914    
 -1.2582582E-02   3.160565    
 -1.2522522E-02   3.194561    
 -1.2462462E-02   3.228895    
 -1.2402401E-02   3.263599    
 -1.2342343E-02   3.298694    
 -1.2282282E-02   3.334220    
 -1.2222222E-02   3.370202    
 -1.2162160E-02   3.406661    
 -1.2102102E-02   3.443573    
 -1.2042041E-02   3.480936    
 -1.1981981E-02   3.518684    
 -1.1921921E-02   3.556784    
 -1.1861862E-02   3.595204    
 -1.1801802E-02   3.633947    
 -1.1741742E-02   3.673062    
 -1.1681681E-02   3.712627    
 -1.1621622E-02   3.752777    
 -1.1561562E-02   3.793668    
 -1.1501501E-02   3.835474    
 -1.1441439E-02   3.878352    
 -1.1381381E-02   3.922427    
 -1.1321321E-02   3.967756    
 -1.1261260E-02   4.014396    
 -1.1201200E-02   4.062274    
 -1.1141141E-02   4.111321    
 -1.1081081E-02   4.161432    
 -1.1021021E-02   4.212485    
 -1.0960961E-02   4.264370    
 -1.0900902E-02   4.316999    
 -1.0840842E-02   4.370306    
 -1.0780780E-02   4.424284    
 -1.0720720E-02   4.478925    
 -1.0660660E-02   4.534226    
 -1.0600600E-02   4.590192    
 -1.0540539E-02   4.646822    
 -1.0480479E-02   4.704103    
 -1.0420421E-02   4.761993    
 -1.0360360E-02   4.820489    
 -1.0300300E-02   4.879533    
 -1.0240240E-02   4.939140    
 -1.0180181E-02   4.999343    
 -1.0120121E-02   5.060218    
 -1.0060059E-02   5.121858    
 -9.9999988E-03   5.184411    
 -9.9399397E-03   5.248025    
 -9.8798797E-03   5.312840    
 -9.8198196E-03   5.379003    
 -9.7597586E-03   5.446609    
 -9.6997004E-03   5.515742    
 -9.6396394E-03   5.586439    
 -9.5795793E-03   5.658755    
 -9.5195193E-03   5.732689    
 -9.4594602E-03   5.808296    
 -9.3994001E-03   5.885630    
 -9.3393382E-03   5.964760    
 -9.2792781E-03   6.045783    
 -9.2192180E-03   6.128816    
 -9.1591589E-03   6.213978    
 -9.0990989E-03   6.301367    
 -9.0390379E-03   6.391042    
 -8.9789778E-03   6.483077    
 -8.9189196E-03   6.577484    
 -8.8588586E-03   6.674266    
 -8.7987985E-03   6.773430    
 -8.7387385E-03   6.874988    
 -8.6786784E-03   6.978978    
 -8.6186174E-03   7.085443    
 -8.5585574E-03   7.194494    
 -8.4984973E-03   7.306212    
 -8.4384382E-03   7.420698    
 -8.3783781E-03   7.538047    
 -8.3183181E-03   7.658312    
 -8.2582571E-03   7.781483    
 -8.1981989E-03   7.907536    
 -8.1381388E-03   8.036414    
 -8.0780778E-03   8.168040    
 -8.0180177E-03   8.302360    
 -7.9579577E-03   8.439329    
 -7.8978967E-03   8.579019    
 -7.8378366E-03   8.721525    
 -7.7777766E-03   8.867007    
 -7.7177179E-03   9.015718    
 -7.6576574E-03   9.167874    
 -7.5975973E-03   9.323739    
 -7.5375368E-03   9.483473    
 -7.4774781E-03   9.647239    
 -7.4174176E-03   9.815065    
 -7.3573575E-03   9.986961    
 -7.2972970E-03   10.16290    
 -7.2372369E-03   10.34276    
 -7.1771764E-03   10.52651    
 -7.1171164E-03   10.71414    
 -7.0570558E-03   10.90570    
 -6.9969972E-03   11.10131    
 -6.9369366E-03   11.30118    
 -6.8768766E-03   11.50560    
 -6.8168161E-03   11.71486    
 -6.7567574E-03   11.92922    
 -6.6966973E-03   12.14904    
 -6.6366368E-03   12.37455    
 -6.5765749E-03   12.60600    
 -6.5165162E-03   12.84357    
 -6.4564561E-03   13.08751    
 -6.3963956E-03   13.33807    
 -6.3363351E-03   13.59555    
 -6.2762764E-03   13.86026    
 -6.2162164E-03   14.13264    
 -6.1561558E-03   14.41313    
 -6.0960958E-03   14.70216    
 -6.0360371E-03   15.00017    
 -5.9759766E-03   15.30759    
 -5.9159161E-03   15.62471    
 -5.8558546E-03   15.95183    
 -5.7957955E-03   16.28914    
 -5.7357354E-03   16.63680    
 -5.6756749E-03   16.99495    
 -5.6156148E-03   17.36378    
 -5.5555562E-03   17.74349    
 -5.4954956E-03   18.13439    
 -5.4354356E-03   18.53692    
 -5.3753750E-03   18.95148    
 -5.3153164E-03   19.37866    
 -5.2552558E-03   19.81895    
 -5.1951958E-03   20.27306    
 -5.1351339E-03   20.74147    
 -5.0750752E-03   21.22475    
 -5.0150147E-03   21.72350    
 -4.9549546E-03   22.23819    
 -4.8948941E-03   22.76946    
 -4.8348354E-03   23.31785    
 -4.7747749E-03   23.88411    
 -4.7147148E-03   24.46892    
 -4.6546543E-03   25.07316    
 -4.5945956E-03   25.69764    
 -4.5345356E-03   26.34340    
 -4.4744737E-03   27.01135    
 -4.4144131E-03   27.70255    
 -4.3543545E-03   28.41795    
 -4.2942939E-03   29.15868    
 -4.2342339E-03   29.92579    
 -4.1741733E-03   30.72042    
 -4.1141147E-03   31.54383    
 -4.0540546E-03   32.39743    
 -3.9939941E-03   33.28258    
 -3.9339340E-03   34.20079    
 -3.8738735E-03   35.15375    
 -3.8138148E-03   36.14291    
 -3.7537529E-03   37.17001    
 -3.6936926E-03   38.23655    
 -3.6336323E-03   39.34399    
 -3.5735737E-03   40.49383    
 -3.5135134E-03   41.68753    
 -3.4534528E-03   42.92657    
 -3.3933925E-03   44.21254    
 -3.3333339E-03   45.54712    
 -3.2732720E-03   46.93231    
 -3.2132133E-03   48.37006    
 -3.1531546E-03   49.86270    
 -3.0930927E-03   51.41265    
 -3.0330308E-03   53.02225    
 -2.9729721E-03   54.69388    
 -2.9129132E-03   56.42992    
 -2.8528513E-03   58.23270    
 -2.7927926E-03   60.10406    
 -2.7327307E-03   62.04613    
 -2.6726720E-03   64.06058    
 -2.6126101E-03   66.14924    
 -2.5525515E-03   68.31357    
 -2.4924928E-03   70.55531    
 -2.4324339E-03   72.87579    
 -2.3723720E-03   75.27637    
 -2.3123133E-03   77.75761    
 -2.2522514E-03   80.32002    
 -2.1921927E-03   82.96299    
 -2.1321308E-03   85.68558    
 -2.0720721E-03   88.48520    
 -2.0120135E-03   91.35890    
 -1.9519514E-03   94.30235    
 -1.8918928E-03   97.30937    
 -1.8318308E-03   100.3732    
 -1.7717720E-03   103.4847    
 -1.7117102E-03   106.6336    
 -1.6516515E-03   109.8066    
 -1.5915895E-03   112.9883    
 -1.5315340E-03   116.1594    
 -1.4714721E-03   119.2985    
 -1.4114134E-03   122.3791    
 -1.3513515E-03   125.3720    
 -1.2912896E-03   128.2444    
 -1.2312309E-03   130.9610    
 -1.1711690E-03   133.4859    
 -1.1111102E-03   135.7830    
 -1.0510515E-03   137.8191    
 -9.9099276E-04   139.5654    
 -9.3093090E-04   140.9995    
 -8.7087217E-04   142.1074    
 -8.1081025E-04   142.8855    
 -7.5075153E-04   143.3406    
 -6.9068966E-04   143.4915    
 -6.3062774E-04   143.3668    
 -5.7057216E-04   143.0064    
 -5.1051029E-04   142.4571    
 -4.5045157E-04   141.7723    
 -3.9038967E-04   141.0084    
 -3.3033092E-04   140.2227    
 -2.7026903E-04   139.4701    
 -2.1021030E-04   138.8011    
 -1.5014841E-04   138.2586    
 -9.0092843E-05   137.8774    
 -3.0030948E-05   137.6797    
  3.0027781E-05   137.6740    
  9.0089678E-05   137.8776    
  1.5015158E-04   138.2588    
  2.1021030E-04   138.8011    
  2.7027220E-04   139.4702    
  3.3033092E-04   140.2227    
  3.9038967E-04   141.0084    
  4.5044839E-04   141.7722    
  5.1051029E-04   142.4571    
  5.7056901E-04   143.0063    
  6.3063094E-04   143.3668    
  6.9068966E-04   143.4915    
  7.5075153E-04   143.3406    
  8.1081345E-04   142.8855    
  8.7086897E-04   142.1075    
  9.3093090E-04   140.9995    
  9.9098962E-04   139.5655    
  1.0510515E-03   137.8191    
  1.1111102E-03   135.7830    
  1.1711721E-03   133.4858    
  1.2312309E-03   130.9610    
  1.2912927E-03   128.2443    
  1.3513484E-03   125.3722    
  1.4114103E-03   122.3793    
  1.4714721E-03   119.2985    
  1.5315309E-03   116.1596    
  1.5915928E-03   112.9881    
  1.6516515E-03   109.8066    
  1.7117134E-03   106.6335    
  1.7717720E-03   103.4847    
  1.8318340E-03   100.3731    
  1.8918896E-03   97.30955    
  1.9519514E-03   94.30235    
  2.0120102E-03   91.35913    
  2.0720721E-03   88.48520    
  2.1321308E-03   85.68557    
  2.1921927E-03   82.96297    
  2.2522546E-03   80.31992    
  2.3123133E-03   77.75761    
  2.3723720E-03   75.27637    
  2.4324309E-03   72.87591    
  2.4924928E-03   70.55531    
  2.5525515E-03   68.31356    
  2.6126134E-03   66.14916    
  2.6726720E-03   64.06056    
  2.7327340E-03   62.04605    
  2.7927926E-03   60.10406    
  2.8528513E-03   58.23270    
  2.9129132E-03   56.42991    
  2.9729721E-03   54.69388    
  3.0330338E-03   53.02221    
  3.0930927E-03   51.41265    
  3.1531546E-03   49.86270    
  3.2132133E-03   48.37006    
  3.2732752E-03   46.93223    
  3.3333306E-03   45.54722    
  3.3933925E-03   44.21254    
  3.4534514E-03   42.92660    
  3.5135134E-03   41.68753    
  3.5735751E-03   40.49379    
  3.6336340E-03   39.34399    
  3.6936959E-03   38.23651    
  3.7537545E-03   37.16998    
  3.8138132E-03   36.14294    
  3.8738719E-03   35.15375    
  3.9339340E-03   34.20079    
  3.9939927E-03   33.28258    
  4.0540546E-03   32.39743    
  4.1141133E-03   31.54387    
  4.1741752E-03   30.72040    
  4.2342339E-03   29.92579    
  4.2942925E-03   29.15866    
  4.3543545E-03   28.41795    
  4.4144131E-03   27.70255    
  4.4744750E-03   27.01135    
  4.5345337E-03   26.34341    
  4.5945956E-03   25.69763    
  4.6546543E-03   25.07316    
  4.7147162E-03   24.46891    
  4.7747721E-03   23.88412    
  4.8348340E-03   23.31787    
  4.8948927E-03   22.76947    
  4.9549546E-03   22.23819    
  5.0150165E-03   21.72348    
  5.0750752E-03   21.22475    
  5.1351371E-03   20.74147    
  5.1951958E-03   20.27306    
  5.2552545E-03   19.81897    
  5.3153131E-03   19.37865    
  5.3753750E-03   18.95148    
  5.4354337E-03   18.53694    
  5.4954956E-03   18.13439    
  5.5555543E-03   17.74349    
  5.6156162E-03   17.36376    
  5.6756781E-03   16.99494    
  5.7357335E-03   16.63681    
  5.7957955E-03   16.28914    
  5.8558546E-03   15.95183    
  5.9159161E-03   15.62471    
  5.9759752E-03   15.30760    
  6.0360371E-03   15.00017    
  6.0960958E-03   14.70216    
  6.1561577E-03   14.41312    
  6.2162131E-03   14.13265    
  6.2762750E-03   13.86029    
  6.3363337E-03   13.59557    
  6.3963956E-03   13.33807    
  6.4564575E-03   13.08750    
  6.5165162E-03   12.84357    
  6.5765781E-03   12.60599    
  6.6366368E-03   12.37455    
  6.6966987E-03   12.14903    
  6.7567541E-03   11.92925    
  6.8168161E-03   11.71486    
  6.8768747E-03   11.50562    
  6.9369366E-03   11.30118    
  6.9969958E-03   11.10132    
  7.0570577E-03   10.90569    
  7.1171192E-03   10.71412    
  7.1771783E-03   10.52651    
  7.2372369E-03   10.34276    
  7.2972956E-03   10.16289    
  7.3573575E-03   9.986960    
  7.4174162E-03   9.815070    
  7.4774781E-03   9.647239    
  7.5375368E-03   9.483472    
  7.5975987E-03   9.323729    
  7.6576574E-03   9.167878    
  7.7177160E-03   9.015724    
  7.7777780E-03   8.867002    
  7.8378366E-03   8.721524    
  7.8978986E-03   8.579016    
  7.9579577E-03   8.439328    
  8.0180196E-03   8.302350    
  8.0780778E-03   8.168040    
  8.1381397E-03   8.036417    
  8.1981951E-03   7.907542    
  8.2582571E-03   7.781482    
  8.3183162E-03   7.658312    
  8.3783781E-03   7.538048    
  8.4384400E-03   7.420687    
  8.4984982E-03   7.306206    
  8.5585602E-03   7.194491    
  8.6186193E-03   7.085445    
  8.6786784E-03   6.978978    
  8.7387366E-03   6.875003    
  8.7987985E-03   6.773431    
  8.8588577E-03   6.674263    
  8.9189196E-03   6.577483    
  8.9789778E-03   6.483076    
  9.0390397E-03   6.391053    
  9.0990989E-03   6.301366    
  9.1591571E-03   6.213982    
  9.2192190E-03   6.128812    
  9.2792781E-03   6.045783    
  9.3393400E-03   5.964754    
  9.3993982E-03   5.885624    
  9.4594602E-03   5.808298    
  9.5195193E-03   5.732689    
  9.5795812E-03   5.658755    
  9.6396366E-03   5.586440    
  9.6996985E-03   5.515738    
  9.7597577E-03   5.446617    
  9.8198196E-03   5.379001    
  9.8798815E-03   5.312844    
  9.9399397E-03   5.248028    
  1.0000002E-02   5.184412    
  1.0060061E-02   5.121855    
  1.0120119E-02   5.060214    
  1.0180178E-02   4.999356    
  1.0240240E-02   4.939139    
  1.0300298E-02   4.879527    
  1.0360360E-02   4.820489    
  1.0420419E-02   4.761999    
  1.0480481E-02   4.704103    
  1.0540543E-02   4.646825    
  1.0600599E-02   4.590181    
  1.0660660E-02   4.534225    
  1.0720720E-02   4.478924    
  1.0780781E-02   4.424290    
  1.0840840E-02   4.370306    
  1.0900902E-02   4.316999    
  1.0960961E-02   4.264371    
  1.1021023E-02   4.212485    
  1.1081078E-02   4.161432    
  1.1141140E-02   4.111320    
  1.1201198E-02   4.062274    
  1.1261260E-02   4.014396    
  1.1321322E-02   3.967762    
  1.1381381E-02   3.922426    
  1.1441443E-02   3.878353    
  1.1501501E-02   3.835474    
  1.1561563E-02   3.793670    
  1.1621619E-02   3.752784    
  1.1681681E-02   3.712627    
  1.1741740E-02   3.673059    
  1.1801802E-02   3.633947    
  1.1861861E-02   3.595207    
  1.1921923E-02   3.556783    
  1.1981984E-02   3.518685    
  1.2042043E-02   3.480933    
  1.2102102E-02   3.443572    
  1.2162160E-02   3.406661    
  1.2222222E-02   3.370201    
  1.2282281E-02   3.334217    
  1.2342343E-02   3.298695    
  1.2402401E-02   3.263599    
  1.2462463E-02   3.228896    
  1.2522522E-02   3.194561    
  1.2582581E-02   3.160569    
  1.2642642E-02   3.126921    
  1.2702702E-02   3.093627    
  1.2762764E-02   3.060733    
  1.2822822E-02   3.028290    
  1.2882884E-02   2.996351    
  1.2942943E-02   2.964916    
  1.3003005E-02   2.934023    
  1.3063060E-02   2.903667    
  1.3123122E-02   2.873816    
  1.3183181E-02   2.844441    
  1.3243243E-02   2.815524    
  1.3303301E-02   2.787038    
  1.3363363E-02   2.758967    
  1.3423425E-02   2.731354    
  1.3483484E-02   2.704216    
  1.3543542E-02   2.677609    
  1.3603602E-02   2.651592    
  1.3663664E-02   2.626202    
  1.3723722E-02   2.601472    
  1.3783784E-02   2.577400    
  1.3843843E-02   2.553994    
  1.3903905E-02   2.531202    
  1.3963963E-02   2.509012    
  1.4024022E-02   2.487364    
  1.4084084E-02   2.466228    
  1.4144143E-02   2.445577    
  1.4204205E-02   2.425408    
  1.4264263E-02   2.405703    
  1.4324325E-02   2.386471    
  1.4384384E-02   2.367685    
  1.4444446E-02   2.349316    
  1.4504502E-02   2.331308    
  1.4564564E-02   2.313585    
  1.4624622E-02   2.296067    
  1.4684684E-02   2.278634    
  1.4744746E-02   2.261170    
  1.4804805E-02   2.243582    
  1.4864867E-02   2.225791    
  1.4924925E-02   2.207753    
  1.4984984E-02   2.189424    
  1.5045043E-02   2.170818    
  1.5105105E-02   2.151957    
  1.5165163E-02   2.132881    
  1.5225225E-02   2.113639    
  1.5285284E-02   2.094253    
  1.5345346E-02   2.074766    
  1.5405404E-02   2.055225    
  1.5465464E-02   2.035648    
  1.5525525E-02   2.016087    
  1.5585584E-02   1.996582    
  1.5645646E-02   1.977211    
  1.5705705E-02   1.958030    
  1.5765766E-02   1.939146    
  1.5825825E-02   1.920645    
  1.5885888E-02   1.902605    
  1.5945943E-02   1.885086    
  1.6006004E-02   1.868146    
  1.6066063E-02   1.851785    
  1.6126124E-02   1.836005    
  1.6186187E-02   1.820764    
  1.6246246E-02   1.806028    
  1.6306307E-02   1.791742    
  1.6366366E-02   1.777870    
  1.6426429E-02   1.764378    
  1.6486485E-02   1.751266    
  1.6546546E-02   1.738512    
  1.6606605E-02   1.726148    
  1.6666666E-02   1.714178    
  1.6726725E-02   1.702591    
  1.6786788E-02   1.691387    
  1.6846849E-02   1.680530    
  1.6906908E-02   1.669963    
  1.6966967E-02   1.659641    
  1.7027024E-02   1.649487    
  1.7087087E-02   1.639462    
  1.7147146E-02   1.629506    
  1.7207207E-02   1.619599    
  1.7267266E-02   1.609735    
  1.7327327E-02   1.599920    
  1.7387386E-02   1.590156    
  1.7447446E-02   1.580471    
  1.7507505E-02   1.570850    
  1.7567566E-02   1.561300    
  1.7627629E-02   1.551776    
  1.7687688E-02   1.542245    
  1.7747749E-02   1.532649    
  1.7807808E-02   1.522940    
  1.7867869E-02   1.513103    
  1.7927924E-02   1.503091    
  1.7987987E-02   1.492935    
  1.8048046E-02   1.482663    
  1.8108107E-02   1.472322    
  1.8168166E-02   1.461964    
  1.8228227E-02   1.451650    
  1.8288290E-02   1.441416    
  1.8348349E-02   1.431292    
  1.8408408E-02   1.421279    
  1.8468466E-02   1.411356    
  1.8528529E-02   1.401485    
  1.8588588E-02   1.391622    
  1.8648649E-02   1.381738    
  1.8708708E-02   1.371809    
  1.8768769E-02   1.361835    
  1.8828828E-02   1.351839    
  1.8888887E-02   1.341864    
  1.8948948E-02   1.331945    
  1.9009007E-02   1.322160    
  1.9069070E-02   1.312544    
  1.9129127E-02   1.303126    
  1.9189190E-02   1.293923    
  1.9249249E-02   1.284933    
  1.9309310E-02   1.276137    
  1.9369366E-02   1.267499    
  1.9429429E-02   1.258998    
  1.9489488E-02   1.250595    
  1.9549549E-02   1.242291    
  1.9609608E-02   1.234068    
  1.9669669E-02   1.225933    
  1.9729732E-02   1.217876    
  1.9789791E-02   1.209916    
  1.9849848E-02   1.202042    
  1.9909907E-02   1.194236    
  1.9969970E-02   1.186475    
  2.0030027E-02   1.178728    
  2.0090090E-02   1.170963    
  2.0150149E-02   1.163166    
  2.0210210E-02   1.155307    
  2.0270269E-02   1.147397    
  2.0330328E-02   1.139459    
  2.0390389E-02   1.131519    
  2.0450449E-02   1.123610    
  2.0510510E-02   1.115778    
  2.0570569E-02   1.108024    
  2.0630632E-02   1.100369    
  2.0690691E-02   1.092791    
  2.0750752E-02   1.085256    
  2.0810807E-02   1.077712    
  2.0870870E-02   1.070114    
  2.0930927E-02   1.062420    
  2.0990990E-02   1.054611    
  2.1051051E-02   1.046684    
  2.1111110E-02   1.038666    
  2.1171173E-02   1.030631    
  2.1231230E-02   1.022639    
  2.1291289E-02   1.014781    
  2.1351349E-02   1.007139    
  2.1411410E-02  0.9997733    
  2.1471469E-02  0.9927415    
  2.1531532E-02  0.9860623    
  2.1591591E-02  0.9797354    
  2.1651652E-02  0.9737383    
  2.1711711E-02  0.9680303    
  2.1771770E-02  0.9625810    
  2.1831831E-02  0.9573382    
  2.1891890E-02  0.9522820    
  2.1951951E-02  0.9473776    
  2.2012010E-02  0.9426014    
  2.2072073E-02  0.9379418    
  2.2132130E-02  0.9333746    
  2.2192193E-02  0.9288861    
  2.2252252E-02  0.9244348    
  2.2312310E-02  0.9199895    
  2.2372369E-02  0.9155191    
  2.2432432E-02  0.9109802    
  2.2492493E-02  0.9063627    
  2.2552552E-02  0.9016488    
  2.2612613E-02  0.8968372    
  2.2672672E-02  0.8919575    
  2.2732735E-02  0.8870296    
  2.2792790E-02  0.8820966    
  2.2852851E-02  0.8771785    
  2.2912910E-02  0.8723114    
  2.2972973E-02  0.8675029    
  2.3033030E-02  0.8627597    
  2.3093093E-02  0.8580666    
  2.3153152E-02  0.8534040    
  2.3213213E-02  0.8487399    
  2.3273276E-02  0.8440607    
  2.3333332E-02  0.8393660    
  2.3393393E-02  0.8346450    
  2.3453455E-02  0.8299176    
  2.3513511E-02  0.8251995    
  2.3573572E-02  0.8205210    
  2.3633635E-02  0.8158857    
  2.3693690E-02  0.8113156    
  2.3753751E-02  0.8068015    
  2.3813814E-02  0.8023118    
  2.3873875E-02  0.7978350    
  2.3933938E-02  0.7933232    
  2.3993993E-02  0.7887436    
  2.4054054E-02  0.7840797    
  2.4114110E-02  0.7793172    
  2.4174172E-02  0.7744645    
  2.4234233E-02  0.7695418    
  2.4294296E-02  0.7645934    
  2.4354352E-02  0.7596570    
  2.4414413E-02  0.7547675    
  2.4474468E-02  0.7499568    
  2.4534537E-02  0.7452497    
  2.4594592E-02  0.7406404    
  2.4654655E-02  0.7361239    
  2.4714710E-02  0.7316858    
  2.4774779E-02  0.7273025    
  2.4834834E-02  0.7229666    
  2.4894895E-02  0.7186726    
  2.4954952E-02  0.7144408    
  2.5015013E-02  0.7102823    
  2.5075076E-02  0.7062284    
  2.5135132E-02  0.7023264    
  2.5195193E-02  0.6985685    
  2.5255255E-02  0.6949984    
  2.5315316E-02  0.6915969    
  2.5375372E-02  0.6883485    
  2.5435435E-02  0.6852246    
  2.5495496E-02  0.6821769    
  2.5555551E-02  0.6791648    
  2.5615614E-02  0.6761540    
  2.5675675E-02  0.6731120    
  2.5735738E-02  0.6700193    
  2.5795793E-02  0.6668702    
  2.5855854E-02  0.6636729    
  2.5915917E-02  0.6604282    
  2.5975972E-02  0.6571419    
  2.6036033E-02  0.6538153    
  2.6096096E-02  0.6504405    
  2.6156157E-02  0.6470048    
  2.6216213E-02  0.6434834    
  2.6276276E-02  0.6398482    
  2.6336337E-02  0.6360899    
  2.6396392E-02  0.6321990    
  2.6456455E-02  0.6281765    
  2.6516510E-02  0.6240497    
  2.6576579E-02  0.6198375    
  2.6636634E-02  0.6155927    
  2.6696695E-02  0.6113427    
  2.6756758E-02  0.6071302    
  2.6816819E-02  0.6029804    
  2.6876874E-02  0.5989085    
  2.6936932E-02  0.5949259    
  2.6996998E-02  0.5910141    
  2.7057055E-02  0.5871825    
  2.7117116E-02  0.5834221    
  2.7177172E-02  0.5797317    
  2.7237240E-02  0.5761359    
  2.7297296E-02  0.5726426    
  2.7357351E-02  0.5692911    
  2.7417419E-02  0.5660996    
  2.7477475E-02  0.5631086    
  2.7537538E-02  0.5603285    
  2.7597593E-02  0.5577628    
  2.7657662E-02  0.5554004    
  2.7717717E-02  0.5532176    
  2.7777778E-02  0.5511755    
  2.7837833E-02  0.5492412    
  2.7897896E-02  0.5473752    
  2.7957957E-02  0.5455409    
  2.8018013E-02  0.5437314    
  2.8078081E-02  0.5419238    
  2.8138136E-02  0.5401265    
  2.8198199E-02  0.5383461    
  2.8258255E-02  0.5365907    
  2.8318323E-02  0.5348564    
  2.8378379E-02  0.5331544    
  2.8438434E-02  0.5314632    
  2.8498495E-02  0.5297645    
  2.8558558E-02  0.5280502    
  2.8618619E-02  0.5262902    
  2.8678674E-02  0.5244696    
  2.8738743E-02  0.5225943    
  2.8798798E-02  0.5206640    
  2.8858854E-02  0.5187045    
  2.8918916E-02  0.5167450    
  2.8978977E-02  0.5148038    
  2.9039040E-02  0.5129125    
  2.9099096E-02  0.5110996    
  2.9159158E-02  0.5093648    
  2.9219219E-02  0.5077013    
  2.9279280E-02  0.5061117    
  2.9339338E-02  0.5045692    
  2.9399393E-02  0.5030539    
  2.9459462E-02  0.5015557    
  2.9519517E-02  0.5000476    
  2.9579578E-02  0.4985417    
  2.9639641E-02  0.4970339    
  2.9699702E-02  0.4955294    
  2.9759757E-02  0.4940305    
  2.9819813E-02  0.4925470    
  2.9879881E-02  0.4910715    
  2.9939936E-02  0.4895853    
  2.9999999E-02  0.4880693    
